done,episodes_total,config,node_ip,episodes_this_iter,episode_len_mean,time_this_iter_s,info,episode_reward_mean,date,hostname,pid,timesteps_total,num_metric_batches_dropped,time_since_restore,policy_reward_mean,timesteps_since_restore,training_iteration,iterations_since_restore,time_total_s,episode_reward_max,timesteps_this_iter,timestamp,custom_metrics,experiment_id,episode_reward_min
False,1,"{'input': 'sampler', 'callbacks': {'on_train_result': None, 'on_sample_end': None, 'on_episode_step': None, 'on_episode_start': None, 'on_episode_end': None}, 'sample_batch_size': 200, 'clip_actions': False, 'clip_rewards': None, 'tf_session_args': {'inter_op_parallelism_threads': 2, 'intra_op_parallelism_threads': 2, 'device_count': {'CPU': 1}, 'log_device_placement': False, 'allow_soft_placement': True, 'gpu_options': {'allow_growth': True}}, 'kl_target': 0.01, 'horizon': 1500, 'lr': 0.0005, 'sample_async': False, 'simple_optimizer': False, 'compress_observations': False, 'num_envs_per_worker': 1, 'gamma': 0.99, 'sgd_minibatch_size': 128, 'observation_filter': 'NoFilter', 'entropy_coeff': 0.0, 'batch_mode': 'truncate_episodes', 'straggler_mitigation': False, 'vf_share_layers': False, 'num_gpus': 0, 'synchronize_filters': True, 'num_sgd_iter': 10, 'train_batch_size': 1500, 'optimizer': {}, 'num_gpus_per_worker': 0, 'preprocessor_pref': 'deepmind', 'num_cpus_for_driver': 1, 'lr_schedule': None, 'use_gae': True, 'lambda': 0.97, 'vf_loss_coeff': 1.0, 'vf_clip_param': 1000000.0, 'log_level': 'INFO', 'env_config': {'run': 'PPO', 'flow_params': '{\n    ""env"": {\n        ""additional_params"": {\n            ""max_accel"": 3,\n            ""max_decel"": 3,\n            ""sort_vehicles"": false,\n            ""target_velocity"": 20\n        },\n        ""evaluate"": false,\n        ""horizon"": 1500,\n        ""sims_per_step"": 1,\n        ""warmup_steps"": 0\n    },\n    ""env_name"": ""AccelEnv"",\n    ""exp_tag"": ""figure_eight_0"",\n    ""initial"": {\n        ""additional_params"": {},\n        ""bunching"": 0,\n        ""edges_distribution"": ""all"",\n        ""lanes_distribution"": Infinity,\n        ""min_gap"": 0,\n        ""perturbation"": 0.0,\n        ""shuffle"": false,\n        ""spacing"": ""uniform"",\n        ""x0"": 0\n    },\n    ""net"": {\n        ""additional_params"": {\n            ""lanes"": 1,\n            ""radius_ring"": 30,\n            ""resolution"": 40,\n            ""speed_limit"": 30\n        },\n        ""inflows"": {\n            ""_InFlows__flows"": [],\n            ""num_flows"": 0\n        },\n        ""netfile"": null,\n        ""no_internal_links"": false,\n        ""osm_path"": null\n    },\n    ""scenario"": ""Figure8Scenario"",\n    ""sim"": {\n        ""emission_path"": null,\n        ""lateral_resolution"": null,\n        ""no_step_log"": true,\n        ""num_clients"": 1,\n        ""overtake_right"": false,\n        ""port"": null,\n        ""print_warnings"": true,\n        ""pxpm"": 2,\n        ""render"": false,\n        ""restart_instance"": false,\n        ""save_render"": false,\n        ""seed"": null,\n        ""show_radius"": false,\n        ""sight_radius"": 25,\n        ""sim_step"": 0.1,\n        ""teleport_time"": -1\n    },\n    ""simulator"": ""traci"",\n    ""veh"": [\n        {\n            ""acceleration_controller"": [\n                ""IDMController"",\n                {\n                    ""noise"": 0.2\n                }\n            ],\n            ""car_following_params"": {\n                ""controller_params"": {\n                    ""accel"": 1.0,\n                    ""carFollowModel"": ""IDM"",\n                    ""decel"": 1.5,\n                    ""impatience"": 0.5,\n                    ""maxSpeed"": 30,\n                    ""minGap"": 2.5,\n                    ""sigma"": 0.5,\n                    ""speedDev"": 0.1,\n                    ""speedFactor"": 1.0,\n                    ""tau"": 1.0\n                },\n                ""speed_mode"": 1\n            },\n            ""initial_speed"": 0,\n            ""lane_change_controller"": [\n                ""SimLaneChangeController"",\n                {}\n            ],\n            ""lane_change_params"": {\n                ""controller_params"": {\n                    ""laneChangeModel"": ""LC2013"",\n                    ""lcCooperative"": ""1.0"",\n                    ""lcKeepRight"": ""1.0"",\n                    ""lcSpeedGain"": ""1.0"",\n                    ""lcStrategic"": ""1.0""\n                },\n                ""lane_change_mode"": 512\n            },\n            ""num_vehicles"": 13,\n            ""routing_controller"": [\n                ""ContinuousRouter"",\n                {}\n            ],\n            ""veh_id"": ""human""\n        },\n        {\n            ""acceleration_controller"": [\n                ""RLController"",\n                {}\n            ],\n            ""car_following_params"": {\n                ""controller_params"": {\n                    ""accel"": 1.0,\n                    ""carFollowModel"": ""IDM"",\n                    ""decel"": 1.5,\n                    ""impatience"": 0.5,\n                    ""maxSpeed"": 30,\n                    ""minGap"": 2.5,\n                    ""sigma"": 0.5,\n                    ""speedDev"": 0.1,\n                    ""speedFactor"": 1.0,\n                    ""tau"": 1.0\n                },\n                ""speed_mode"": 1\n            },\n            ""initial_speed"": 0,\n            ""lane_change_controller"": [\n                ""SimLaneChangeController"",\n                {}\n            ],\n            ""lane_change_params"": {\n                ""controller_params"": {\n                    ""laneChangeModel"": ""LC2013"",\n                    ""lcCooperative"": ""1.0"",\n                    ""lcKeepRight"": ""1.0"",\n                    ""lcSpeedGain"": ""1.0"",\n                    ""lcStrategic"": ""1.0""\n                },\n                ""lane_change_mode"": 512\n            },\n            ""num_vehicles"": 1,\n            ""routing_controller"": [\n                ""ContinuousRouter"",\n                {}\n            ],\n            ""veh_id"": ""rl""\n        }\n    ]\n}'}, 'env': 'AccelEnv-v0', 'local_evaluator_tf_session_args': {'inter_op_parallelism_threads': 8, 'intra_op_parallelism_threads': 8}, 'model': {'free_log_std': False, 'custom_options': {}, 'framestack': True, 'channel_major': False, 'max_seq_len': 20, 'lstm_use_prev_action_reward': False, 'squash_to_range': False, 'dim': 84, 'grayscale': False, 'fcnet_hiddens': [100, 50, 25], 'use_lstm': False, 'custom_model': None, 'fcnet_activation': 'tanh', 'conv_filters': None, 'conv_activation': 'relu', 'lstm_cell_size': 256, 'zero_mean': True, 'custom_preprocessor': None}, 'output_compress_columns': ['obs', 'new_obs'], 'monitor': False, 'custom_resources_per_worker': {}, 'output_max_file_size': 67108864, 'num_workers': 1, 'clip_param': 0.3, 'kl_coeff': 0.2, 'multiagent': {'policy_graphs': {}, 'policy_mapping_fn': None, 'policies_to_train': None}, 'input_evaluation': None, 'output': None, 'collect_metrics_timeout': 180, 'num_cpus_per_worker': 1}",169.237.32.118,1,1500.0,22.25463843345642,"{'num_steps_sampled': 1600, 'load_time_ms': 100.36, 'default': {'kl': 0.0004821431648451835, 'cur_lr': 0.0005000000237487257, 'total_loss': 4.605709552764893, 'policy_loss': -0.011869951151311398, 'vf_explained_var': 0.003956963773816824, 'entropy': 1.4275774955749512, 'cur_kl_coeff': 0.20000000298023224, 'vf_loss': 4.617483615875244}, 'sample_time_ms': 20222.109, 'grad_time_ms': 1271.309, 'update_time_ms': 600.171, 'num_steps_trained': 1600}",86.44306618622002,2019-04-02_07-37-09,kronos,71,1600,0,22.25463843345642,{},1600,1,1,22.25463843345642,86.44306618622002,1600,1554190629,{},0b32d2eec3344b1fbde4822793b2e447,86.44306618622002
False,2,"{'input': 'sampler', 'callbacks': {'on_train_result': None, 'on_sample_end': None, 'on_episode_step': None, 'on_episode_start': None, 'on_episode_end': None}, 'sample_batch_size': 200, 'clip_actions': False, 'clip_rewards': None, 'tf_session_args': {'inter_op_parallelism_threads': 2, 'intra_op_parallelism_threads': 2, 'device_count': {'CPU': 1}, 'log_device_placement': False, 'allow_soft_placement': True, 'gpu_options': {'allow_growth': True}}, 'kl_target': 0.01, 'horizon': 1500, 'lr': 0.0005, 'sample_async': False, 'simple_optimizer': False, 'compress_observations': False, 'num_envs_per_worker': 1, 'gamma': 0.99, 'sgd_minibatch_size': 128, 'observation_filter': 'NoFilter', 'entropy_coeff': 0.0, 'batch_mode': 'truncate_episodes', 'straggler_mitigation': False, 'vf_share_layers': False, 'num_gpus': 0, 'synchronize_filters': True, 'num_sgd_iter': 10, 'train_batch_size': 1500, 'optimizer': {}, 'num_gpus_per_worker': 0, 'preprocessor_pref': 'deepmind', 'num_cpus_for_driver': 1, 'lr_schedule': None, 'use_gae': True, 'lambda': 0.97, 'vf_loss_coeff': 1.0, 'vf_clip_param': 1000000.0, 'log_level': 'INFO', 'env_config': {'run': 'PPO', 'flow_params': '{\n    ""env"": {\n        ""additional_params"": {\n            ""max_accel"": 3,\n            ""max_decel"": 3,\n            ""sort_vehicles"": false,\n            ""target_velocity"": 20\n        },\n        ""evaluate"": false,\n        ""horizon"": 1500,\n        ""sims_per_step"": 1,\n        ""warmup_steps"": 0\n    },\n    ""env_name"": ""AccelEnv"",\n    ""exp_tag"": ""figure_eight_0"",\n    ""initial"": {\n        ""additional_params"": {},\n        ""bunching"": 0,\n        ""edges_distribution"": ""all"",\n        ""lanes_distribution"": Infinity,\n        ""min_gap"": 0,\n        ""perturbation"": 0.0,\n        ""shuffle"": false,\n        ""spacing"": ""uniform"",\n        ""x0"": 0\n    },\n    ""net"": {\n        ""additional_params"": {\n            ""lanes"": 1,\n            ""radius_ring"": 30,\n            ""resolution"": 40,\n            ""speed_limit"": 30\n        },\n        ""inflows"": {\n            ""_InFlows__flows"": [],\n            ""num_flows"": 0\n        },\n        ""netfile"": null,\n        ""no_internal_links"": false,\n        ""osm_path"": null\n    },\n    ""scenario"": ""Figure8Scenario"",\n    ""sim"": {\n        ""emission_path"": null,\n        ""lateral_resolution"": null,\n        ""no_step_log"": true,\n        ""num_clients"": 1,\n        ""overtake_right"": false,\n        ""port"": null,\n        ""print_warnings"": true,\n        ""pxpm"": 2,\n        ""render"": false,\n        ""restart_instance"": false,\n        ""save_render"": false,\n        ""seed"": null,\n        ""show_radius"": false,\n        ""sight_radius"": 25,\n        ""sim_step"": 0.1,\n        ""teleport_time"": -1\n    },\n    ""simulator"": ""traci"",\n    ""veh"": [\n        {\n            ""acceleration_controller"": [\n                ""IDMController"",\n                {\n                    ""noise"": 0.2\n                }\n            ],\n            ""car_following_params"": {\n                ""controller_params"": {\n                    ""accel"": 1.0,\n                    ""carFollowModel"": ""IDM"",\n                    ""decel"": 1.5,\n                    ""impatience"": 0.5,\n                    ""maxSpeed"": 30,\n                    ""minGap"": 2.5,\n                    ""sigma"": 0.5,\n                    ""speedDev"": 0.1,\n                    ""speedFactor"": 1.0,\n                    ""tau"": 1.0\n                },\n                ""speed_mode"": 1\n            },\n            ""initial_speed"": 0,\n            ""lane_change_controller"": [\n                ""SimLaneChangeController"",\n                {}\n            ],\n            ""lane_change_params"": {\n                ""controller_params"": {\n                    ""laneChangeModel"": ""LC2013"",\n                    ""lcCooperative"": ""1.0"",\n                    ""lcKeepRight"": ""1.0"",\n                    ""lcSpeedGain"": ""1.0"",\n                    ""lcStrategic"": ""1.0""\n                },\n                ""lane_change_mode"": 512\n            },\n            ""num_vehicles"": 13,\n            ""routing_controller"": [\n                ""ContinuousRouter"",\n                {}\n            ],\n            ""veh_id"": ""human""\n        },\n        {\n            ""acceleration_controller"": [\n                ""RLController"",\n                {}\n            ],\n            ""car_following_params"": {\n                ""controller_params"": {\n                    ""accel"": 1.0,\n                    ""carFollowModel"": ""IDM"",\n                    ""decel"": 1.5,\n                    ""impatience"": 0.5,\n                    ""maxSpeed"": 30,\n                    ""minGap"": 2.5,\n                    ""sigma"": 0.5,\n                    ""speedDev"": 0.1,\n                    ""speedFactor"": 1.0,\n                    ""tau"": 1.0\n                },\n                ""speed_mode"": 1\n            },\n            ""initial_speed"": 0,\n            ""lane_change_controller"": [\n                ""SimLaneChangeController"",\n                {}\n            ],\n            ""lane_change_params"": {\n                ""controller_params"": {\n                    ""laneChangeModel"": ""LC2013"",\n                    ""lcCooperative"": ""1.0"",\n                    ""lcKeepRight"": ""1.0"",\n                    ""lcSpeedGain"": ""1.0"",\n                    ""lcStrategic"": ""1.0""\n                },\n                ""lane_change_mode"": 512\n            },\n            ""num_vehicles"": 1,\n            ""routing_controller"": [\n                ""ContinuousRouter"",\n                {}\n            ],\n            ""veh_id"": ""rl""\n        }\n    ]\n}'}, 'env': 'AccelEnv-v0', 'local_evaluator_tf_session_args': {'inter_op_parallelism_threads': 8, 'intra_op_parallelism_threads': 8}, 'model': {'free_log_std': False, 'custom_options': {}, 'framestack': True, 'channel_major': False, 'max_seq_len': 20, 'lstm_use_prev_action_reward': False, 'squash_to_range': False, 'dim': 84, 'grayscale': False, 'fcnet_hiddens': [100, 50, 25], 'use_lstm': False, 'custom_model': None, 'fcnet_activation': 'tanh', 'conv_filters': None, 'conv_activation': 'relu', 'lstm_cell_size': 256, 'zero_mean': True, 'custom_preprocessor': None}, 'output_compress_columns': ['obs', 'new_obs'], 'monitor': False, 'custom_resources_per_worker': {}, 'output_max_file_size': 67108864, 'num_workers': 1, 'clip_param': 0.3, 'kl_coeff': 0.2, 'multiagent': {'policy_graphs': {}, 'policy_mapping_fn': None, 'policies_to_train': None}, 'input_evaluation': None, 'output': None, 'collect_metrics_timeout': 180, 'num_cpus_per_worker': 1}",169.237.32.118,1,1500.0,9.565179586410522,"{'num_steps_sampled': 3200, 'load_time_ms': 50.683, 'default': {'kl': 0.0022341355215758085, 'cur_lr': 0.0005000000237487257, 'total_loss': 3.362309455871582, 'policy_loss': 0.0016406252980232239, 'vf_explained_var': 0.4863013029098511, 'entropy': 1.407886028289795, 'cur_kl_coeff': 0.10000000149011612, 'vf_loss': 3.360445737838745}, 'sample_time_ms': 14747.385, 'grad_time_ms': 777.032, 'update_time_ms': 302.145, 'num_steps_trained': 3200}",84.900545303565,2019-04-02_07-37-19,kronos,71,3200,0,31.819818019866943,{},3200,2,2,31.819818019866943,86.44306618622002,1600,1554190639,{},0b32d2eec3344b1fbde4822793b2e447,83.35802442090997
False,3,"{'input': 'sampler', 'callbacks': {'on_train_result': None, 'on_sample_end': None, 'on_episode_step': None, 'on_episode_start': None, 'on_episode_end': None}, 'sample_batch_size': 200, 'clip_actions': False, 'clip_rewards': None, 'tf_session_args': {'inter_op_parallelism_threads': 2, 'intra_op_parallelism_threads': 2, 'device_count': {'CPU': 1}, 'log_device_placement': False, 'allow_soft_placement': True, 'gpu_options': {'allow_growth': True}}, 'kl_target': 0.01, 'horizon': 1500, 'lr': 0.0005, 'sample_async': False, 'simple_optimizer': False, 'compress_observations': False, 'num_envs_per_worker': 1, 'gamma': 0.99, 'sgd_minibatch_size': 128, 'observation_filter': 'NoFilter', 'entropy_coeff': 0.0, 'batch_mode': 'truncate_episodes', 'straggler_mitigation': False, 'vf_share_layers': False, 'num_gpus': 0, 'synchronize_filters': True, 'num_sgd_iter': 10, 'train_batch_size': 1500, 'optimizer': {}, 'num_gpus_per_worker': 0, 'preprocessor_pref': 'deepmind', 'num_cpus_for_driver': 1, 'lr_schedule': None, 'use_gae': True, 'lambda': 0.97, 'vf_loss_coeff': 1.0, 'vf_clip_param': 1000000.0, 'log_level': 'INFO', 'env_config': {'run': 'PPO', 'flow_params': '{\n    ""env"": {\n        ""additional_params"": {\n            ""max_accel"": 3,\n            ""max_decel"": 3,\n            ""sort_vehicles"": false,\n            ""target_velocity"": 20\n        },\n        ""evaluate"": false,\n        ""horizon"": 1500,\n        ""sims_per_step"": 1,\n        ""warmup_steps"": 0\n    },\n    ""env_name"": ""AccelEnv"",\n    ""exp_tag"": ""figure_eight_0"",\n    ""initial"": {\n        ""additional_params"": {},\n        ""bunching"": 0,\n        ""edges_distribution"": ""all"",\n        ""lanes_distribution"": Infinity,\n        ""min_gap"": 0,\n        ""perturbation"": 0.0,\n        ""shuffle"": false,\n        ""spacing"": ""uniform"",\n        ""x0"": 0\n    },\n    ""net"": {\n        ""additional_params"": {\n            ""lanes"": 1,\n            ""radius_ring"": 30,\n            ""resolution"": 40,\n            ""speed_limit"": 30\n        },\n        ""inflows"": {\n            ""_InFlows__flows"": [],\n            ""num_flows"": 0\n        },\n        ""netfile"": null,\n        ""no_internal_links"": false,\n        ""osm_path"": null\n    },\n    ""scenario"": ""Figure8Scenario"",\n    ""sim"": {\n        ""emission_path"": null,\n        ""lateral_resolution"": null,\n        ""no_step_log"": true,\n        ""num_clients"": 1,\n        ""overtake_right"": false,\n        ""port"": null,\n        ""print_warnings"": true,\n        ""pxpm"": 2,\n        ""render"": false,\n        ""restart_instance"": false,\n        ""save_render"": false,\n        ""seed"": null,\n        ""show_radius"": false,\n        ""sight_radius"": 25,\n        ""sim_step"": 0.1,\n        ""teleport_time"": -1\n    },\n    ""simulator"": ""traci"",\n    ""veh"": [\n        {\n            ""acceleration_controller"": [\n                ""IDMController"",\n                {\n                    ""noise"": 0.2\n                }\n            ],\n            ""car_following_params"": {\n                ""controller_params"": {\n                    ""accel"": 1.0,\n                    ""carFollowModel"": ""IDM"",\n                    ""decel"": 1.5,\n                    ""impatience"": 0.5,\n                    ""maxSpeed"": 30,\n                    ""minGap"": 2.5,\n                    ""sigma"": 0.5,\n                    ""speedDev"": 0.1,\n                    ""speedFactor"": 1.0,\n                    ""tau"": 1.0\n                },\n                ""speed_mode"": 1\n            },\n            ""initial_speed"": 0,\n            ""lane_change_controller"": [\n                ""SimLaneChangeController"",\n                {}\n            ],\n            ""lane_change_params"": {\n                ""controller_params"": {\n                    ""laneChangeModel"": ""LC2013"",\n                    ""lcCooperative"": ""1.0"",\n                    ""lcKeepRight"": ""1.0"",\n                    ""lcSpeedGain"": ""1.0"",\n                    ""lcStrategic"": ""1.0""\n                },\n                ""lane_change_mode"": 512\n            },\n            ""num_vehicles"": 13,\n            ""routing_controller"": [\n                ""ContinuousRouter"",\n                {}\n            ],\n            ""veh_id"": ""human""\n        },\n        {\n            ""acceleration_controller"": [\n                ""RLController"",\n                {}\n            ],\n            ""car_following_params"": {\n                ""controller_params"": {\n                    ""accel"": 1.0,\n                    ""carFollowModel"": ""IDM"",\n                    ""decel"": 1.5,\n                    ""impatience"": 0.5,\n                    ""maxSpeed"": 30,\n                    ""minGap"": 2.5,\n                    ""sigma"": 0.5,\n                    ""speedDev"": 0.1,\n                    ""speedFactor"": 1.0,\n                    ""tau"": 1.0\n                },\n                ""speed_mode"": 1\n            },\n            ""initial_speed"": 0,\n            ""lane_change_controller"": [\n                ""SimLaneChangeController"",\n                {}\n            ],\n            ""lane_change_params"": {\n                ""controller_params"": {\n                    ""laneChangeModel"": ""LC2013"",\n                    ""lcCooperative"": ""1.0"",\n                    ""lcKeepRight"": ""1.0"",\n                    ""lcSpeedGain"": ""1.0"",\n                    ""lcStrategic"": ""1.0""\n                },\n                ""lane_change_mode"": 512\n            },\n            ""num_vehicles"": 1,\n            ""routing_controller"": [\n                ""ContinuousRouter"",\n                {}\n            ],\n            ""veh_id"": ""rl""\n        }\n    ]\n}'}, 'env': 'AccelEnv-v0', 'local_evaluator_tf_session_args': {'inter_op_parallelism_threads': 8, 'intra_op_parallelism_threads': 8}, 'model': {'free_log_std': False, 'custom_options': {}, 'framestack': True, 'channel_major': False, 'max_seq_len': 20, 'lstm_use_prev_action_reward': False, 'squash_to_range': False, 'dim': 84, 'grayscale': False, 'fcnet_hiddens': [100, 50, 25], 'use_lstm': False, 'custom_model': None, 'fcnet_activation': 'tanh', 'conv_filters': None, 'conv_activation': 'relu', 'lstm_cell_size': 256, 'zero_mean': True, 'custom_preprocessor': None}, 'output_compress_columns': ['obs', 'new_obs'], 'monitor': False, 'custom_resources_per_worker': {}, 'output_max_file_size': 67108864, 'num_workers': 1, 'clip_param': 0.3, 'kl_coeff': 0.2, 'multiagent': {'policy_graphs': {}, 'policy_mapping_fn': None, 'policies_to_train': None}, 'input_evaluation': None, 'output': None, 'collect_metrics_timeout': 180, 'num_cpus_per_worker': 1}",169.237.32.118,1,1500.0,9.606850862503052,"{'num_steps_sampled': 4800, 'load_time_ms': 34.105, 'default': {'kl': 0.09097477048635483, 'cur_lr': 0.0005000000237487257, 'total_loss': 2.165196180343628, 'policy_loss': -0.0323282890021801, 'vf_explained_var': 0.719660758972168, 'entropy': 1.4803835153579712, 'cur_kl_coeff': 0.05000000074505806, 'vf_loss': 2.1929757595062256}, 'sample_time_ms': 12944.176, 'grad_time_ms': 604.402, 'update_time_ms': 202.62, 'num_steps_trained': 4800}",86.40387795657462,2019-04-02_07-37-28,kronos,71,4800,0,41.426668882369995,{},4800,3,3,41.426668882369995,89.41054326259386,1600,1554190648,{},0b32d2eec3344b1fbde4822793b2e447,83.35802442090997
False,4,"{'input': 'sampler', 'callbacks': {'on_train_result': None, 'on_sample_end': None, 'on_episode_step': None, 'on_episode_start': None, 'on_episode_end': None}, 'sample_batch_size': 200, 'clip_actions': False, 'clip_rewards': None, 'tf_session_args': {'inter_op_parallelism_threads': 2, 'intra_op_parallelism_threads': 2, 'device_count': {'CPU': 1}, 'log_device_placement': False, 'allow_soft_placement': True, 'gpu_options': {'allow_growth': True}}, 'kl_target': 0.01, 'horizon': 1500, 'lr': 0.0005, 'sample_async': False, 'simple_optimizer': False, 'compress_observations': False, 'num_envs_per_worker': 1, 'gamma': 0.99, 'sgd_minibatch_size': 128, 'observation_filter': 'NoFilter', 'entropy_coeff': 0.0, 'batch_mode': 'truncate_episodes', 'straggler_mitigation': False, 'vf_share_layers': False, 'num_gpus': 0, 'synchronize_filters': True, 'num_sgd_iter': 10, 'train_batch_size': 1500, 'optimizer': {}, 'num_gpus_per_worker': 0, 'preprocessor_pref': 'deepmind', 'num_cpus_for_driver': 1, 'lr_schedule': None, 'use_gae': True, 'lambda': 0.97, 'vf_loss_coeff': 1.0, 'vf_clip_param': 1000000.0, 'log_level': 'INFO', 'env_config': {'run': 'PPO', 'flow_params': '{\n    ""env"": {\n        ""additional_params"": {\n            ""max_accel"": 3,\n            ""max_decel"": 3,\n            ""sort_vehicles"": false,\n            ""target_velocity"": 20\n        },\n        ""evaluate"": false,\n        ""horizon"": 1500,\n        ""sims_per_step"": 1,\n        ""warmup_steps"": 0\n    },\n    ""env_name"": ""AccelEnv"",\n    ""exp_tag"": ""figure_eight_0"",\n    ""initial"": {\n        ""additional_params"": {},\n        ""bunching"": 0,\n        ""edges_distribution"": ""all"",\n        ""lanes_distribution"": Infinity,\n        ""min_gap"": 0,\n        ""perturbation"": 0.0,\n        ""shuffle"": false,\n        ""spacing"": ""uniform"",\n        ""x0"": 0\n    },\n    ""net"": {\n        ""additional_params"": {\n            ""lanes"": 1,\n            ""radius_ring"": 30,\n            ""resolution"": 40,\n            ""speed_limit"": 30\n        },\n        ""inflows"": {\n            ""_InFlows__flows"": [],\n            ""num_flows"": 0\n        },\n        ""netfile"": null,\n        ""no_internal_links"": false,\n        ""osm_path"": null\n    },\n    ""scenario"": ""Figure8Scenario"",\n    ""sim"": {\n        ""emission_path"": null,\n        ""lateral_resolution"": null,\n        ""no_step_log"": true,\n        ""num_clients"": 1,\n        ""overtake_right"": false,\n        ""port"": null,\n        ""print_warnings"": true,\n        ""pxpm"": 2,\n        ""render"": false,\n        ""restart_instance"": false,\n        ""save_render"": false,\n        ""seed"": null,\n        ""show_radius"": false,\n        ""sight_radius"": 25,\n        ""sim_step"": 0.1,\n        ""teleport_time"": -1\n    },\n    ""simulator"": ""traci"",\n    ""veh"": [\n        {\n            ""acceleration_controller"": [\n                ""IDMController"",\n                {\n                    ""noise"": 0.2\n                }\n            ],\n            ""car_following_params"": {\n                ""controller_params"": {\n                    ""accel"": 1.0,\n                    ""carFollowModel"": ""IDM"",\n                    ""decel"": 1.5,\n                    ""impatience"": 0.5,\n                    ""maxSpeed"": 30,\n                    ""minGap"": 2.5,\n                    ""sigma"": 0.5,\n                    ""speedDev"": 0.1,\n                    ""speedFactor"": 1.0,\n                    ""tau"": 1.0\n                },\n                ""speed_mode"": 1\n            },\n            ""initial_speed"": 0,\n            ""lane_change_controller"": [\n                ""SimLaneChangeController"",\n                {}\n            ],\n            ""lane_change_params"": {\n                ""controller_params"": {\n                    ""laneChangeModel"": ""LC2013"",\n                    ""lcCooperative"": ""1.0"",\n                    ""lcKeepRight"": ""1.0"",\n                    ""lcSpeedGain"": ""1.0"",\n                    ""lcStrategic"": ""1.0""\n                },\n                ""lane_change_mode"": 512\n            },\n            ""num_vehicles"": 13,\n            ""routing_controller"": [\n                ""ContinuousRouter"",\n                {}\n            ],\n            ""veh_id"": ""human""\n        },\n        {\n            ""acceleration_controller"": [\n                ""RLController"",\n                {}\n            ],\n            ""car_following_params"": {\n                ""controller_params"": {\n                    ""accel"": 1.0,\n                    ""carFollowModel"": ""IDM"",\n                    ""decel"": 1.5,\n                    ""impatience"": 0.5,\n                    ""maxSpeed"": 30,\n                    ""minGap"": 2.5,\n                    ""sigma"": 0.5,\n                    ""speedDev"": 0.1,\n                    ""speedFactor"": 1.0,\n                    ""tau"": 1.0\n                },\n                ""speed_mode"": 1\n            },\n            ""initial_speed"": 0,\n            ""lane_change_controller"": [\n                ""SimLaneChangeController"",\n                {}\n            ],\n            ""lane_change_params"": {\n                ""controller_params"": {\n                    ""laneChangeModel"": ""LC2013"",\n                    ""lcCooperative"": ""1.0"",\n                    ""lcKeepRight"": ""1.0"",\n                    ""lcSpeedGain"": ""1.0"",\n                    ""lcStrategic"": ""1.0""\n                },\n                ""lane_change_mode"": 512\n            },\n            ""num_vehicles"": 1,\n            ""routing_controller"": [\n                ""ContinuousRouter"",\n                {}\n            ],\n            ""veh_id"": ""rl""\n        }\n    ]\n}'}, 'env': 'AccelEnv-v0', 'local_evaluator_tf_session_args': {'inter_op_parallelism_threads': 8, 'intra_op_parallelism_threads': 8}, 'model': {'free_log_std': False, 'custom_options': {}, 'framestack': True, 'channel_major': False, 'max_seq_len': 20, 'lstm_use_prev_action_reward': False, 'squash_to_range': False, 'dim': 84, 'grayscale': False, 'fcnet_hiddens': [100, 50, 25], 'use_lstm': False, 'custom_model': None, 'fcnet_activation': 'tanh', 'conv_filters': None, 'conv_activation': 'relu', 'lstm_cell_size': 256, 'zero_mean': True, 'custom_preprocessor': None}, 'output_compress_columns': ['obs', 'new_obs'], 'monitor': False, 'custom_resources_per_worker': {}, 'output_max_file_size': 67108864, 'num_workers': 1, 'clip_param': 0.3, 'kl_coeff': 0.2, 'multiagent': {'policy_graphs': {}, 'policy_mapping_fn': None, 'policies_to_train': None}, 'input_evaluation': None, 'output': None, 'collect_metrics_timeout': 180, 'num_cpus_per_worker': 1}",169.237.32.118,1,1500.0,9.67151689529419,"{'num_steps_sampled': 6400, 'load_time_ms': 25.844, 'default': {'kl': 0.024387063458561897, 'cur_lr': 0.0005000000237487257, 'total_loss': 2.967616081237793, 'policy_loss': -0.015634680166840553, 'vf_explained_var': 0.53760826587677, 'entropy': 1.4722728729248047, 'cur_kl_coeff': 0.07499999552965164, 'vf_loss': 2.98142147064209}, 'sample_time_ms': 12055.222, 'grad_time_ms': 521.312, 'update_time_ms': 153.144, 'num_steps_trained': 6400}",119.97842512488741,2019-04-02_07-37-38,kronos,71,6400,0,51.098185777664185,{},6400,4,4,51.098185777664185,220.70206662982574,1600,1554190658,{},0b32d2eec3344b1fbde4822793b2e447,83.35802442090997
False,5,"{'input': 'sampler', 'callbacks': {'on_train_result': None, 'on_sample_end': None, 'on_episode_step': None, 'on_episode_start': None, 'on_episode_end': None}, 'sample_batch_size': 200, 'clip_actions': False, 'clip_rewards': None, 'tf_session_args': {'inter_op_parallelism_threads': 2, 'intra_op_parallelism_threads': 2, 'device_count': {'CPU': 1}, 'log_device_placement': False, 'allow_soft_placement': True, 'gpu_options': {'allow_growth': True}}, 'kl_target': 0.01, 'horizon': 1500, 'lr': 0.0005, 'sample_async': False, 'simple_optimizer': False, 'compress_observations': False, 'num_envs_per_worker': 1, 'gamma': 0.99, 'sgd_minibatch_size': 128, 'observation_filter': 'NoFilter', 'entropy_coeff': 0.0, 'batch_mode': 'truncate_episodes', 'straggler_mitigation': False, 'vf_share_layers': False, 'num_gpus': 0, 'synchronize_filters': True, 'num_sgd_iter': 10, 'train_batch_size': 1500, 'optimizer': {}, 'num_gpus_per_worker': 0, 'preprocessor_pref': 'deepmind', 'num_cpus_for_driver': 1, 'lr_schedule': None, 'use_gae': True, 'lambda': 0.97, 'vf_loss_coeff': 1.0, 'vf_clip_param': 1000000.0, 'log_level': 'INFO', 'env_config': {'run': 'PPO', 'flow_params': '{\n    ""env"": {\n        ""additional_params"": {\n            ""max_accel"": 3,\n            ""max_decel"": 3,\n            ""sort_vehicles"": false,\n            ""target_velocity"": 20\n        },\n        ""evaluate"": false,\n        ""horizon"": 1500,\n        ""sims_per_step"": 1,\n        ""warmup_steps"": 0\n    },\n    ""env_name"": ""AccelEnv"",\n    ""exp_tag"": ""figure_eight_0"",\n    ""initial"": {\n        ""additional_params"": {},\n        ""bunching"": 0,\n        ""edges_distribution"": ""all"",\n        ""lanes_distribution"": Infinity,\n        ""min_gap"": 0,\n        ""perturbation"": 0.0,\n        ""shuffle"": false,\n        ""spacing"": ""uniform"",\n        ""x0"": 0\n    },\n    ""net"": {\n        ""additional_params"": {\n            ""lanes"": 1,\n            ""radius_ring"": 30,\n            ""resolution"": 40,\n            ""speed_limit"": 30\n        },\n        ""inflows"": {\n            ""_InFlows__flows"": [],\n            ""num_flows"": 0\n        },\n        ""netfile"": null,\n        ""no_internal_links"": false,\n        ""osm_path"": null\n    },\n    ""scenario"": ""Figure8Scenario"",\n    ""sim"": {\n        ""emission_path"": null,\n        ""lateral_resolution"": null,\n        ""no_step_log"": true,\n        ""num_clients"": 1,\n        ""overtake_right"": false,\n        ""port"": null,\n        ""print_warnings"": true,\n        ""pxpm"": 2,\n        ""render"": false,\n        ""restart_instance"": false,\n        ""save_render"": false,\n        ""seed"": null,\n        ""show_radius"": false,\n        ""sight_radius"": 25,\n        ""sim_step"": 0.1,\n        ""teleport_time"": -1\n    },\n    ""simulator"": ""traci"",\n    ""veh"": [\n        {\n            ""acceleration_controller"": [\n                ""IDMController"",\n                {\n                    ""noise"": 0.2\n                }\n            ],\n            ""car_following_params"": {\n                ""controller_params"": {\n                    ""accel"": 1.0,\n                    ""carFollowModel"": ""IDM"",\n                    ""decel"": 1.5,\n                    ""impatience"": 0.5,\n                    ""maxSpeed"": 30,\n                    ""minGap"": 2.5,\n                    ""sigma"": 0.5,\n                    ""speedDev"": 0.1,\n                    ""speedFactor"": 1.0,\n                    ""tau"": 1.0\n                },\n                ""speed_mode"": 1\n            },\n            ""initial_speed"": 0,\n            ""lane_change_controller"": [\n                ""SimLaneChangeController"",\n                {}\n            ],\n            ""lane_change_params"": {\n                ""controller_params"": {\n                    ""laneChangeModel"": ""LC2013"",\n                    ""lcCooperative"": ""1.0"",\n                    ""lcKeepRight"": ""1.0"",\n                    ""lcSpeedGain"": ""1.0"",\n                    ""lcStrategic"": ""1.0""\n                },\n                ""lane_change_mode"": 512\n            },\n            ""num_vehicles"": 13,\n            ""routing_controller"": [\n                ""ContinuousRouter"",\n                {}\n            ],\n            ""veh_id"": ""human""\n        },\n        {\n            ""acceleration_controller"": [\n                ""RLController"",\n                {}\n            ],\n            ""car_following_params"": {\n                ""controller_params"": {\n                    ""accel"": 1.0,\n                    ""carFollowModel"": ""IDM"",\n                    ""decel"": 1.5,\n                    ""impatience"": 0.5,\n                    ""maxSpeed"": 30,\n                    ""minGap"": 2.5,\n                    ""sigma"": 0.5,\n                    ""speedDev"": 0.1,\n                    ""speedFactor"": 1.0,\n                    ""tau"": 1.0\n                },\n                ""speed_mode"": 1\n            },\n            ""initial_speed"": 0,\n            ""lane_change_controller"": [\n                ""SimLaneChangeController"",\n                {}\n            ],\n            ""lane_change_params"": {\n                ""controller_params"": {\n                    ""laneChangeModel"": ""LC2013"",\n                    ""lcCooperative"": ""1.0"",\n                    ""lcKeepRight"": ""1.0"",\n                    ""lcSpeedGain"": ""1.0"",\n                    ""lcStrategic"": ""1.0""\n                },\n                ""lane_change_mode"": 512\n            },\n            ""num_vehicles"": 1,\n            ""routing_controller"": [\n                ""ContinuousRouter"",\n                {}\n            ],\n            ""veh_id"": ""rl""\n        }\n    ]\n}'}, 'env': 'AccelEnv-v0', 'local_evaluator_tf_session_args': {'inter_op_parallelism_threads': 8, 'intra_op_parallelism_threads': 8}, 'model': {'free_log_std': False, 'custom_options': {}, 'framestack': True, 'channel_major': False, 'max_seq_len': 20, 'lstm_use_prev_action_reward': False, 'squash_to_range': False, 'dim': 84, 'grayscale': False, 'fcnet_hiddens': [100, 50, 25], 'use_lstm': False, 'custom_model': None, 'fcnet_activation': 'tanh', 'conv_filters': None, 'conv_activation': 'relu', 'lstm_cell_size': 256, 'zero_mean': True, 'custom_preprocessor': None}, 'output_compress_columns': ['obs', 'new_obs'], 'monitor': False, 'custom_resources_per_worker': {}, 'output_max_file_size': 67108864, 'num_workers': 1, 'clip_param': 0.3, 'kl_coeff': 0.2, 'multiagent': {'policy_graphs': {}, 'policy_mapping_fn': None, 'policies_to_train': None}, 'input_evaluation': None, 'output': None, 'collect_metrics_timeout': 180, 'num_cpus_per_worker': 1}",169.237.32.118,1,1500.0,9.570299625396729,"{'num_steps_sampled': 8000, 'load_time_ms': 20.93, 'default': {'kl': 0.02300742268562317, 'cur_lr': 0.0005000000237487257, 'total_loss': 2.3272457122802734, 'policy_loss': -0.022983690723776817, 'vf_explained_var': 0.7057695984840393, 'entropy': 1.445006012916565, 'cur_kl_coeff': 0.11249998211860657, 'vf_loss': 2.3476407527923584}, 'sample_time_ms': 11501.871, 'grad_time_ms': 471.311, 'update_time_ms': 123.306, 'num_steps_trained': 8000}",138.94090216726173,2019-04-02_07-37-48,kronos,71,8000,0,60.66848540306091,{},8000,5,5,60.66848540306091,220.70206662982574,1600,1554190668,{},0b32d2eec3344b1fbde4822793b2e447,83.35802442090997
False,6,"{'input': 'sampler', 'callbacks': {'on_train_result': None, 'on_sample_end': None, 'on_episode_step': None, 'on_episode_start': None, 'on_episode_end': None}, 'sample_batch_size': 200, 'clip_actions': False, 'clip_rewards': None, 'tf_session_args': {'inter_op_parallelism_threads': 2, 'intra_op_parallelism_threads': 2, 'device_count': {'CPU': 1}, 'log_device_placement': False, 'allow_soft_placement': True, 'gpu_options': {'allow_growth': True}}, 'kl_target': 0.01, 'horizon': 1500, 'lr': 0.0005, 'sample_async': False, 'simple_optimizer': False, 'compress_observations': False, 'num_envs_per_worker': 1, 'gamma': 0.99, 'sgd_minibatch_size': 128, 'observation_filter': 'NoFilter', 'entropy_coeff': 0.0, 'batch_mode': 'truncate_episodes', 'straggler_mitigation': False, 'vf_share_layers': False, 'num_gpus': 0, 'synchronize_filters': True, 'num_sgd_iter': 10, 'train_batch_size': 1500, 'optimizer': {}, 'num_gpus_per_worker': 0, 'preprocessor_pref': 'deepmind', 'num_cpus_for_driver': 1, 'lr_schedule': None, 'use_gae': True, 'lambda': 0.97, 'vf_loss_coeff': 1.0, 'vf_clip_param': 1000000.0, 'log_level': 'INFO', 'env_config': {'run': 'PPO', 'flow_params': '{\n    ""env"": {\n        ""additional_params"": {\n            ""max_accel"": 3,\n            ""max_decel"": 3,\n            ""sort_vehicles"": false,\n            ""target_velocity"": 20\n        },\n        ""evaluate"": false,\n        ""horizon"": 1500,\n        ""sims_per_step"": 1,\n        ""warmup_steps"": 0\n    },\n    ""env_name"": ""AccelEnv"",\n    ""exp_tag"": ""figure_eight_0"",\n    ""initial"": {\n        ""additional_params"": {},\n        ""bunching"": 0,\n        ""edges_distribution"": ""all"",\n        ""lanes_distribution"": Infinity,\n        ""min_gap"": 0,\n        ""perturbation"": 0.0,\n        ""shuffle"": false,\n        ""spacing"": ""uniform"",\n        ""x0"": 0\n    },\n    ""net"": {\n        ""additional_params"": {\n            ""lanes"": 1,\n            ""radius_ring"": 30,\n            ""resolution"": 40,\n            ""speed_limit"": 30\n        },\n        ""inflows"": {\n            ""_InFlows__flows"": [],\n            ""num_flows"": 0\n        },\n        ""netfile"": null,\n        ""no_internal_links"": false,\n        ""osm_path"": null\n    },\n    ""scenario"": ""Figure8Scenario"",\n    ""sim"": {\n        ""emission_path"": null,\n        ""lateral_resolution"": null,\n        ""no_step_log"": true,\n        ""num_clients"": 1,\n        ""overtake_right"": false,\n        ""port"": null,\n        ""print_warnings"": true,\n        ""pxpm"": 2,\n        ""render"": false,\n        ""restart_instance"": false,\n        ""save_render"": false,\n        ""seed"": null,\n        ""show_radius"": false,\n        ""sight_radius"": 25,\n        ""sim_step"": 0.1,\n        ""teleport_time"": -1\n    },\n    ""simulator"": ""traci"",\n    ""veh"": [\n        {\n            ""acceleration_controller"": [\n                ""IDMController"",\n                {\n                    ""noise"": 0.2\n                }\n            ],\n            ""car_following_params"": {\n                ""controller_params"": {\n                    ""accel"": 1.0,\n                    ""carFollowModel"": ""IDM"",\n                    ""decel"": 1.5,\n                    ""impatience"": 0.5,\n                    ""maxSpeed"": 30,\n                    ""minGap"": 2.5,\n                    ""sigma"": 0.5,\n                    ""speedDev"": 0.1,\n                    ""speedFactor"": 1.0,\n                    ""tau"": 1.0\n                },\n                ""speed_mode"": 1\n            },\n            ""initial_speed"": 0,\n            ""lane_change_controller"": [\n                ""SimLaneChangeController"",\n                {}\n            ],\n            ""lane_change_params"": {\n                ""controller_params"": {\n                    ""laneChangeModel"": ""LC2013"",\n                    ""lcCooperative"": ""1.0"",\n                    ""lcKeepRight"": ""1.0"",\n                    ""lcSpeedGain"": ""1.0"",\n                    ""lcStrategic"": ""1.0""\n                },\n                ""lane_change_mode"": 512\n            },\n            ""num_vehicles"": 13,\n            ""routing_controller"": [\n                ""ContinuousRouter"",\n                {}\n            ],\n            ""veh_id"": ""human""\n        },\n        {\n            ""acceleration_controller"": [\n                ""RLController"",\n                {}\n            ],\n            ""car_following_params"": {\n                ""controller_params"": {\n                    ""accel"": 1.0,\n                    ""carFollowModel"": ""IDM"",\n                    ""decel"": 1.5,\n                    ""impatience"": 0.5,\n                    ""maxSpeed"": 30,\n                    ""minGap"": 2.5,\n                    ""sigma"": 0.5,\n                    ""speedDev"": 0.1,\n                    ""speedFactor"": 1.0,\n                    ""tau"": 1.0\n                },\n                ""speed_mode"": 1\n            },\n            ""initial_speed"": 0,\n            ""lane_change_controller"": [\n                ""SimLaneChangeController"",\n                {}\n            ],\n            ""lane_change_params"": {\n                ""controller_params"": {\n                    ""laneChangeModel"": ""LC2013"",\n                    ""lcCooperative"": ""1.0"",\n                    ""lcKeepRight"": ""1.0"",\n                    ""lcSpeedGain"": ""1.0"",\n                    ""lcStrategic"": ""1.0""\n                },\n                ""lane_change_mode"": 512\n            },\n            ""num_vehicles"": 1,\n            ""routing_controller"": [\n                ""ContinuousRouter"",\n                {}\n            ],\n            ""veh_id"": ""rl""\n        }\n    ]\n}'}, 'env': 'AccelEnv-v0', 'local_evaluator_tf_session_args': {'inter_op_parallelism_threads': 8, 'intra_op_parallelism_threads': 8}, 'model': {'free_log_std': False, 'custom_options': {}, 'framestack': True, 'channel_major': False, 'max_seq_len': 20, 'lstm_use_prev_action_reward': False, 'squash_to_range': False, 'dim': 84, 'grayscale': False, 'fcnet_hiddens': [100, 50, 25], 'use_lstm': False, 'custom_model': None, 'fcnet_activation': 'tanh', 'conv_filters': None, 'conv_activation': 'relu', 'lstm_cell_size': 256, 'zero_mean': True, 'custom_preprocessor': None}, 'output_compress_columns': ['obs', 'new_obs'], 'monitor': False, 'custom_resources_per_worker': {}, 'output_max_file_size': 67108864, 'num_workers': 1, 'clip_param': 0.3, 'kl_coeff': 0.2, 'multiagent': {'policy_graphs': {}, 'policy_mapping_fn': None, 'policies_to_train': None}, 'input_evaluation': None, 'output': None, 'collect_metrics_timeout': 180, 'num_cpus_per_worker': 1}",169.237.32.118,1,1500.0,9.595131158828735,"{'num_steps_sampled': 9600, 'load_time_ms': 17.663, 'default': {'kl': 0.015738585963845253, 'cur_lr': 0.0005000000237487257, 'total_loss': 2.496026039123535, 'policy_loss': -0.0035506237763911486, 'vf_explained_var': 0.5012499690055847, 'entropy': 1.4186877012252808, 'cur_kl_coeff': 0.16875000298023224, 'vf_loss': 2.4969208240509033}, 'sample_time_ms': 11137.183, 'grad_time_ms': 437.816, 'update_time_ms': 103.512, 'num_steps_trained': 9600}",150.0692204499574,2019-04-02_07-37-57,kronos,71,9600,0,70.26361656188965,{},9600,6,6,70.26361656188965,220.70206662982574,1600,1554190677,{},0b32d2eec3344b1fbde4822793b2e447,83.35802442090997
False,7,"{'input': 'sampler', 'callbacks': {'on_train_result': None, 'on_sample_end': None, 'on_episode_step': None, 'on_episode_start': None, 'on_episode_end': None}, 'sample_batch_size': 200, 'clip_actions': False, 'clip_rewards': None, 'tf_session_args': {'inter_op_parallelism_threads': 2, 'intra_op_parallelism_threads': 2, 'device_count': {'CPU': 1}, 'log_device_placement': False, 'allow_soft_placement': True, 'gpu_options': {'allow_growth': True}}, 'kl_target': 0.01, 'horizon': 1500, 'lr': 0.0005, 'sample_async': False, 'simple_optimizer': False, 'compress_observations': False, 'num_envs_per_worker': 1, 'gamma': 0.99, 'sgd_minibatch_size': 128, 'observation_filter': 'NoFilter', 'entropy_coeff': 0.0, 'batch_mode': 'truncate_episodes', 'straggler_mitigation': False, 'vf_share_layers': False, 'num_gpus': 0, 'synchronize_filters': True, 'num_sgd_iter': 10, 'train_batch_size': 1500, 'optimizer': {}, 'num_gpus_per_worker': 0, 'preprocessor_pref': 'deepmind', 'num_cpus_for_driver': 1, 'lr_schedule': None, 'use_gae': True, 'lambda': 0.97, 'vf_loss_coeff': 1.0, 'vf_clip_param': 1000000.0, 'log_level': 'INFO', 'env_config': {'run': 'PPO', 'flow_params': '{\n    ""env"": {\n        ""additional_params"": {\n            ""max_accel"": 3,\n            ""max_decel"": 3,\n            ""sort_vehicles"": false,\n            ""target_velocity"": 20\n        },\n        ""evaluate"": false,\n        ""horizon"": 1500,\n        ""sims_per_step"": 1,\n        ""warmup_steps"": 0\n    },\n    ""env_name"": ""AccelEnv"",\n    ""exp_tag"": ""figure_eight_0"",\n    ""initial"": {\n        ""additional_params"": {},\n        ""bunching"": 0,\n        ""edges_distribution"": ""all"",\n        ""lanes_distribution"": Infinity,\n        ""min_gap"": 0,\n        ""perturbation"": 0.0,\n        ""shuffle"": false,\n        ""spacing"": ""uniform"",\n        ""x0"": 0\n    },\n    ""net"": {\n        ""additional_params"": {\n            ""lanes"": 1,\n            ""radius_ring"": 30,\n            ""resolution"": 40,\n            ""speed_limit"": 30\n        },\n        ""inflows"": {\n            ""_InFlows__flows"": [],\n            ""num_flows"": 0\n        },\n        ""netfile"": null,\n        ""no_internal_links"": false,\n        ""osm_path"": null\n    },\n    ""scenario"": ""Figure8Scenario"",\n    ""sim"": {\n        ""emission_path"": null,\n        ""lateral_resolution"": null,\n        ""no_step_log"": true,\n        ""num_clients"": 1,\n        ""overtake_right"": false,\n        ""port"": null,\n        ""print_warnings"": true,\n        ""pxpm"": 2,\n        ""render"": false,\n        ""restart_instance"": false,\n        ""save_render"": false,\n        ""seed"": null,\n        ""show_radius"": false,\n        ""sight_radius"": 25,\n        ""sim_step"": 0.1,\n        ""teleport_time"": -1\n    },\n    ""simulator"": ""traci"",\n    ""veh"": [\n        {\n            ""acceleration_controller"": [\n                ""IDMController"",\n                {\n                    ""noise"": 0.2\n                }\n            ],\n            ""car_following_params"": {\n                ""controller_params"": {\n                    ""accel"": 1.0,\n                    ""carFollowModel"": ""IDM"",\n                    ""decel"": 1.5,\n                    ""impatience"": 0.5,\n                    ""maxSpeed"": 30,\n                    ""minGap"": 2.5,\n                    ""sigma"": 0.5,\n                    ""speedDev"": 0.1,\n                    ""speedFactor"": 1.0,\n                    ""tau"": 1.0\n                },\n                ""speed_mode"": 1\n            },\n            ""initial_speed"": 0,\n            ""lane_change_controller"": [\n                ""SimLaneChangeController"",\n                {}\n            ],\n            ""lane_change_params"": {\n                ""controller_params"": {\n                    ""laneChangeModel"": ""LC2013"",\n                    ""lcCooperative"": ""1.0"",\n                    ""lcKeepRight"": ""1.0"",\n                    ""lcSpeedGain"": ""1.0"",\n                    ""lcStrategic"": ""1.0""\n                },\n                ""lane_change_mode"": 512\n            },\n            ""num_vehicles"": 13,\n            ""routing_controller"": [\n                ""ContinuousRouter"",\n                {}\n            ],\n            ""veh_id"": ""human""\n        },\n        {\n            ""acceleration_controller"": [\n                ""RLController"",\n                {}\n            ],\n            ""car_following_params"": {\n                ""controller_params"": {\n                    ""accel"": 1.0,\n                    ""carFollowModel"": ""IDM"",\n                    ""decel"": 1.5,\n                    ""impatience"": 0.5,\n                    ""maxSpeed"": 30,\n                    ""minGap"": 2.5,\n                    ""sigma"": 0.5,\n                    ""speedDev"": 0.1,\n                    ""speedFactor"": 1.0,\n                    ""tau"": 1.0\n                },\n                ""speed_mode"": 1\n            },\n            ""initial_speed"": 0,\n            ""lane_change_controller"": [\n                ""SimLaneChangeController"",\n                {}\n            ],\n            ""lane_change_params"": {\n                ""controller_params"": {\n                    ""laneChangeModel"": ""LC2013"",\n                    ""lcCooperative"": ""1.0"",\n                    ""lcKeepRight"": ""1.0"",\n                    ""lcSpeedGain"": ""1.0"",\n                    ""lcStrategic"": ""1.0""\n                },\n                ""lane_change_mode"": 512\n            },\n            ""num_vehicles"": 1,\n            ""routing_controller"": [\n                ""ContinuousRouter"",\n                {}\n            ],\n            ""veh_id"": ""rl""\n        }\n    ]\n}'}, 'env': 'AccelEnv-v0', 'local_evaluator_tf_session_args': {'inter_op_parallelism_threads': 8, 'intra_op_parallelism_threads': 8}, 'model': {'free_log_std': False, 'custom_options': {}, 'framestack': True, 'channel_major': False, 'max_seq_len': 20, 'lstm_use_prev_action_reward': False, 'squash_to_range': False, 'dim': 84, 'grayscale': False, 'fcnet_hiddens': [100, 50, 25], 'use_lstm': False, 'custom_model': None, 'fcnet_activation': 'tanh', 'conv_filters': None, 'conv_activation': 'relu', 'lstm_cell_size': 256, 'zero_mean': True, 'custom_preprocessor': None}, 'output_compress_columns': ['obs', 'new_obs'], 'monitor': False, 'custom_resources_per_worker': {}, 'output_max_file_size': 67108864, 'num_workers': 1, 'clip_param': 0.3, 'kl_coeff': 0.2, 'multiagent': {'policy_graphs': {}, 'policy_mapping_fn': None, 'policies_to_train': None}, 'input_evaluation': None, 'output': None, 'collect_metrics_timeout': 180, 'num_cpus_per_worker': 1}",169.237.32.118,1,1500.0,9.741628170013428,"{'num_steps_sampled': 11200, 'load_time_ms': 15.332, 'default': {'kl': 0.016781700775027275, 'cur_lr': 0.0005000000237487257, 'total_loss': 5.907808303833008, 'policy_loss': -0.011747396551072598, 'vf_explained_var': 0.5666894316673279, 'entropy': 1.3229902982711792, 'cur_kl_coeff': 0.16875000298023224, 'vf_loss': 5.916723251342773}, 'sample_time_ms': 10895.463, 'grad_time_ms': 416.03, 'update_time_ms': 89.398, 'num_steps_trained': 11200}",180.4795955173052,2019-04-02_07-38-07,kronos,71,11200,0,80.00524473190308,{},11200,7,7,80.00524473190308,362.9418459213923,1600,1554190687,{},0b32d2eec3344b1fbde4822793b2e447,83.35802442090997
False,8,"{'input': 'sampler', 'callbacks': {'on_train_result': None, 'on_sample_end': None, 'on_episode_step': None, 'on_episode_start': None, 'on_episode_end': None}, 'sample_batch_size': 200, 'clip_actions': False, 'clip_rewards': None, 'tf_session_args': {'inter_op_parallelism_threads': 2, 'intra_op_parallelism_threads': 2, 'device_count': {'CPU': 1}, 'log_device_placement': False, 'allow_soft_placement': True, 'gpu_options': {'allow_growth': True}}, 'kl_target': 0.01, 'horizon': 1500, 'lr': 0.0005, 'sample_async': False, 'simple_optimizer': False, 'compress_observations': False, 'num_envs_per_worker': 1, 'gamma': 0.99, 'sgd_minibatch_size': 128, 'observation_filter': 'NoFilter', 'entropy_coeff': 0.0, 'batch_mode': 'truncate_episodes', 'straggler_mitigation': False, 'vf_share_layers': False, 'num_gpus': 0, 'synchronize_filters': True, 'num_sgd_iter': 10, 'train_batch_size': 1500, 'optimizer': {}, 'num_gpus_per_worker': 0, 'preprocessor_pref': 'deepmind', 'num_cpus_for_driver': 1, 'lr_schedule': None, 'use_gae': True, 'lambda': 0.97, 'vf_loss_coeff': 1.0, 'vf_clip_param': 1000000.0, 'log_level': 'INFO', 'env_config': {'run': 'PPO', 'flow_params': '{\n    ""env"": {\n        ""additional_params"": {\n            ""max_accel"": 3,\n            ""max_decel"": 3,\n            ""sort_vehicles"": false,\n            ""target_velocity"": 20\n        },\n        ""evaluate"": false,\n        ""horizon"": 1500,\n        ""sims_per_step"": 1,\n        ""warmup_steps"": 0\n    },\n    ""env_name"": ""AccelEnv"",\n    ""exp_tag"": ""figure_eight_0"",\n    ""initial"": {\n        ""additional_params"": {},\n        ""bunching"": 0,\n        ""edges_distribution"": ""all"",\n        ""lanes_distribution"": Infinity,\n        ""min_gap"": 0,\n        ""perturbation"": 0.0,\n        ""shuffle"": false,\n        ""spacing"": ""uniform"",\n        ""x0"": 0\n    },\n    ""net"": {\n        ""additional_params"": {\n            ""lanes"": 1,\n            ""radius_ring"": 30,\n            ""resolution"": 40,\n            ""speed_limit"": 30\n        },\n        ""inflows"": {\n            ""_InFlows__flows"": [],\n            ""num_flows"": 0\n        },\n        ""netfile"": null,\n        ""no_internal_links"": false,\n        ""osm_path"": null\n    },\n    ""scenario"": ""Figure8Scenario"",\n    ""sim"": {\n        ""emission_path"": null,\n        ""lateral_resolution"": null,\n        ""no_step_log"": true,\n        ""num_clients"": 1,\n        ""overtake_right"": false,\n        ""port"": null,\n        ""print_warnings"": true,\n        ""pxpm"": 2,\n        ""render"": false,\n        ""restart_instance"": false,\n        ""save_render"": false,\n        ""seed"": null,\n        ""show_radius"": false,\n        ""sight_radius"": 25,\n        ""sim_step"": 0.1,\n        ""teleport_time"": -1\n    },\n    ""simulator"": ""traci"",\n    ""veh"": [\n        {\n            ""acceleration_controller"": [\n                ""IDMController"",\n                {\n                    ""noise"": 0.2\n                }\n            ],\n            ""car_following_params"": {\n                ""controller_params"": {\n                    ""accel"": 1.0,\n                    ""carFollowModel"": ""IDM"",\n                    ""decel"": 1.5,\n                    ""impatience"": 0.5,\n                    ""maxSpeed"": 30,\n                    ""minGap"": 2.5,\n                    ""sigma"": 0.5,\n                    ""speedDev"": 0.1,\n                    ""speedFactor"": 1.0,\n                    ""tau"": 1.0\n                },\n                ""speed_mode"": 1\n            },\n            ""initial_speed"": 0,\n            ""lane_change_controller"": [\n                ""SimLaneChangeController"",\n                {}\n            ],\n            ""lane_change_params"": {\n                ""controller_params"": {\n                    ""laneChangeModel"": ""LC2013"",\n                    ""lcCooperative"": ""1.0"",\n                    ""lcKeepRight"": ""1.0"",\n                    ""lcSpeedGain"": ""1.0"",\n                    ""lcStrategic"": ""1.0""\n                },\n                ""lane_change_mode"": 512\n            },\n            ""num_vehicles"": 13,\n            ""routing_controller"": [\n                ""ContinuousRouter"",\n                {}\n            ],\n            ""veh_id"": ""human""\n        },\n        {\n            ""acceleration_controller"": [\n                ""RLController"",\n                {}\n            ],\n            ""car_following_params"": {\n                ""controller_params"": {\n                    ""accel"": 1.0,\n                    ""carFollowModel"": ""IDM"",\n                    ""decel"": 1.5,\n                    ""impatience"": 0.5,\n                    ""maxSpeed"": 30,\n                    ""minGap"": 2.5,\n                    ""sigma"": 0.5,\n                    ""speedDev"": 0.1,\n                    ""speedFactor"": 1.0,\n                    ""tau"": 1.0\n                },\n                ""speed_mode"": 1\n            },\n            ""initial_speed"": 0,\n            ""lane_change_controller"": [\n                ""SimLaneChangeController"",\n                {}\n            ],\n            ""lane_change_params"": {\n                ""controller_params"": {\n                    ""laneChangeModel"": ""LC2013"",\n                    ""lcCooperative"": ""1.0"",\n                    ""lcKeepRight"": ""1.0"",\n                    ""lcSpeedGain"": ""1.0"",\n                    ""lcStrategic"": ""1.0""\n                },\n                ""lane_change_mode"": 512\n            },\n            ""num_vehicles"": 1,\n            ""routing_controller"": [\n                ""ContinuousRouter"",\n                {}\n            ],\n            ""veh_id"": ""rl""\n        }\n    ]\n}'}, 'env': 'AccelEnv-v0', 'local_evaluator_tf_session_args': {'inter_op_parallelism_threads': 8, 'intra_op_parallelism_threads': 8}, 'model': {'free_log_std': False, 'custom_options': {}, 'framestack': True, 'channel_major': False, 'max_seq_len': 20, 'lstm_use_prev_action_reward': False, 'squash_to_range': False, 'dim': 84, 'grayscale': False, 'fcnet_hiddens': [100, 50, 25], 'use_lstm': False, 'custom_model': None, 'fcnet_activation': 'tanh', 'conv_filters': None, 'conv_activation': 'relu', 'lstm_cell_size': 256, 'zero_mean': True, 'custom_preprocessor': None}, 'output_compress_columns': ['obs', 'new_obs'], 'monitor': False, 'custom_resources_per_worker': {}, 'output_max_file_size': 67108864, 'num_workers': 1, 'clip_param': 0.3, 'kl_coeff': 0.2, 'multiagent': {'policy_graphs': {}, 'policy_mapping_fn': None, 'policies_to_train': None}, 'input_evaluation': None, 'output': None, 'collect_metrics_timeout': 180, 'num_cpus_per_worker': 1}",169.237.32.118,1,1500.0,9.737010717391968,"{'num_steps_sampled': 12800, 'load_time_ms': 13.545, 'default': {'kl': 0.009447143413126469, 'cur_lr': 0.0005000000237487257, 'total_loss': 8.243596076965332, 'policy_loss': -0.022335859015583992, 'vf_explained_var': 0.5343949198722839, 'entropy': 1.2951555252075195, 'cur_kl_coeff': 0.16875000298023224, 'vf_loss': 8.264336585998535}, 'sample_time_ms': 10715.741, 'grad_time_ms': 397.541, 'update_time_ms': 78.903, 'num_steps_trained': 12800}",206.23800074524365,2019-04-02_07-38-17,kronos,71,12800,0,89.74225544929504,{},12800,8,8,89.74225544929504,386.54683734081266,1600,1554190697,{},0b32d2eec3344b1fbde4822793b2e447,83.35802442090997
False,9,"{'input': 'sampler', 'callbacks': {'on_train_result': None, 'on_sample_end': None, 'on_episode_step': None, 'on_episode_start': None, 'on_episode_end': None}, 'sample_batch_size': 200, 'clip_actions': False, 'clip_rewards': None, 'tf_session_args': {'inter_op_parallelism_threads': 2, 'intra_op_parallelism_threads': 2, 'device_count': {'CPU': 1}, 'log_device_placement': False, 'allow_soft_placement': True, 'gpu_options': {'allow_growth': True}}, 'kl_target': 0.01, 'horizon': 1500, 'lr': 0.0005, 'sample_async': False, 'simple_optimizer': False, 'compress_observations': False, 'num_envs_per_worker': 1, 'gamma': 0.99, 'sgd_minibatch_size': 128, 'observation_filter': 'NoFilter', 'entropy_coeff': 0.0, 'batch_mode': 'truncate_episodes', 'straggler_mitigation': False, 'vf_share_layers': False, 'num_gpus': 0, 'synchronize_filters': True, 'num_sgd_iter': 10, 'train_batch_size': 1500, 'optimizer': {}, 'num_gpus_per_worker': 0, 'preprocessor_pref': 'deepmind', 'num_cpus_for_driver': 1, 'lr_schedule': None, 'use_gae': True, 'lambda': 0.97, 'vf_loss_coeff': 1.0, 'vf_clip_param': 1000000.0, 'log_level': 'INFO', 'env_config': {'run': 'PPO', 'flow_params': '{\n    ""env"": {\n        ""additional_params"": {\n            ""max_accel"": 3,\n            ""max_decel"": 3,\n            ""sort_vehicles"": false,\n            ""target_velocity"": 20\n        },\n        ""evaluate"": false,\n        ""horizon"": 1500,\n        ""sims_per_step"": 1,\n        ""warmup_steps"": 0\n    },\n    ""env_name"": ""AccelEnv"",\n    ""exp_tag"": ""figure_eight_0"",\n    ""initial"": {\n        ""additional_params"": {},\n        ""bunching"": 0,\n        ""edges_distribution"": ""all"",\n        ""lanes_distribution"": Infinity,\n        ""min_gap"": 0,\n        ""perturbation"": 0.0,\n        ""shuffle"": false,\n        ""spacing"": ""uniform"",\n        ""x0"": 0\n    },\n    ""net"": {\n        ""additional_params"": {\n            ""lanes"": 1,\n            ""radius_ring"": 30,\n            ""resolution"": 40,\n            ""speed_limit"": 30\n        },\n        ""inflows"": {\n            ""_InFlows__flows"": [],\n            ""num_flows"": 0\n        },\n        ""netfile"": null,\n        ""no_internal_links"": false,\n        ""osm_path"": null\n    },\n    ""scenario"": ""Figure8Scenario"",\n    ""sim"": {\n        ""emission_path"": null,\n        ""lateral_resolution"": null,\n        ""no_step_log"": true,\n        ""num_clients"": 1,\n        ""overtake_right"": false,\n        ""port"": null,\n        ""print_warnings"": true,\n        ""pxpm"": 2,\n        ""render"": false,\n        ""restart_instance"": false,\n        ""save_render"": false,\n        ""seed"": null,\n        ""show_radius"": false,\n        ""sight_radius"": 25,\n        ""sim_step"": 0.1,\n        ""teleport_time"": -1\n    },\n    ""simulator"": ""traci"",\n    ""veh"": [\n        {\n            ""acceleration_controller"": [\n                ""IDMController"",\n                {\n                    ""noise"": 0.2\n                }\n            ],\n            ""car_following_params"": {\n                ""controller_params"": {\n                    ""accel"": 1.0,\n                    ""carFollowModel"": ""IDM"",\n                    ""decel"": 1.5,\n                    ""impatience"": 0.5,\n                    ""maxSpeed"": 30,\n                    ""minGap"": 2.5,\n                    ""sigma"": 0.5,\n                    ""speedDev"": 0.1,\n                    ""speedFactor"": 1.0,\n                    ""tau"": 1.0\n                },\n                ""speed_mode"": 1\n            },\n            ""initial_speed"": 0,\n            ""lane_change_controller"": [\n                ""SimLaneChangeController"",\n                {}\n            ],\n            ""lane_change_params"": {\n                ""controller_params"": {\n                    ""laneChangeModel"": ""LC2013"",\n                    ""lcCooperative"": ""1.0"",\n                    ""lcKeepRight"": ""1.0"",\n                    ""lcSpeedGain"": ""1.0"",\n                    ""lcStrategic"": ""1.0""\n                },\n                ""lane_change_mode"": 512\n            },\n            ""num_vehicles"": 13,\n            ""routing_controller"": [\n                ""ContinuousRouter"",\n                {}\n            ],\n            ""veh_id"": ""human""\n        },\n        {\n            ""acceleration_controller"": [\n                ""RLController"",\n                {}\n            ],\n            ""car_following_params"": {\n                ""controller_params"": {\n                    ""accel"": 1.0,\n                    ""carFollowModel"": ""IDM"",\n                    ""decel"": 1.5,\n                    ""impatience"": 0.5,\n                    ""maxSpeed"": 30,\n                    ""minGap"": 2.5,\n                    ""sigma"": 0.5,\n                    ""speedDev"": 0.1,\n                    ""speedFactor"": 1.0,\n                    ""tau"": 1.0\n                },\n                ""speed_mode"": 1\n            },\n            ""initial_speed"": 0,\n            ""lane_change_controller"": [\n                ""SimLaneChangeController"",\n                {}\n            ],\n            ""lane_change_params"": {\n                ""controller_params"": {\n                    ""laneChangeModel"": ""LC2013"",\n                    ""lcCooperative"": ""1.0"",\n                    ""lcKeepRight"": ""1.0"",\n                    ""lcSpeedGain"": ""1.0"",\n                    ""lcStrategic"": ""1.0""\n                },\n                ""lane_change_mode"": 512\n            },\n            ""num_vehicles"": 1,\n            ""routing_controller"": [\n                ""ContinuousRouter"",\n                {}\n            ],\n            ""veh_id"": ""rl""\n        }\n    ]\n}'}, 'env': 'AccelEnv-v0', 'local_evaluator_tf_session_args': {'inter_op_parallelism_threads': 8, 'intra_op_parallelism_threads': 8}, 'model': {'free_log_std': False, 'custom_options': {}, 'framestack': True, 'channel_major': False, 'max_seq_len': 20, 'lstm_use_prev_action_reward': False, 'squash_to_range': False, 'dim': 84, 'grayscale': False, 'fcnet_hiddens': [100, 50, 25], 'use_lstm': False, 'custom_model': None, 'fcnet_activation': 'tanh', 'conv_filters': None, 'conv_activation': 'relu', 'lstm_cell_size': 256, 'zero_mean': True, 'custom_preprocessor': None}, 'output_compress_columns': ['obs', 'new_obs'], 'monitor': False, 'custom_resources_per_worker': {}, 'output_max_file_size': 67108864, 'num_workers': 1, 'clip_param': 0.3, 'kl_coeff': 0.2, 'multiagent': {'policy_graphs': {}, 'policy_mapping_fn': None, 'policies_to_train': None}, 'input_evaluation': None, 'output': None, 'collect_metrics_timeout': 180, 'num_cpus_per_worker': 1}",169.237.32.118,1,1500.0,9.847286462783813,"{'num_steps_sampled': 14400, 'load_time_ms': 12.186, 'default': {'kl': 0.03457988053560257, 'cur_lr': 0.0005000000237487257, 'total_loss': 4.294527530670166, 'policy_loss': -0.03016766346991062, 'vf_explained_var': 0.7484490275382996, 'entropy': 1.375441074371338, 'cur_kl_coeff': 0.16875000298023224, 'vf_loss': 4.318859100341797}, 'sample_time_ms': 10588.356, 'grad_time_ms': 383.056, 'update_time_ms': 70.64, 'num_steps_trained': 14400}",227.22022533184028,2019-04-02_07-38-27,kronos,71,14400,0,99.58954191207886,{},14400,9,9,99.58954191207886,395.0780220246135,1600,1554190707,{},0b32d2eec3344b1fbde4822793b2e447,83.35802442090997
False,10,"{'input': 'sampler', 'callbacks': {'on_train_result': None, 'on_sample_end': None, 'on_episode_step': None, 'on_episode_start': None, 'on_episode_end': None}, 'sample_batch_size': 200, 'clip_actions': False, 'clip_rewards': None, 'tf_session_args': {'inter_op_parallelism_threads': 2, 'intra_op_parallelism_threads': 2, 'device_count': {'CPU': 1}, 'log_device_placement': False, 'allow_soft_placement': True, 'gpu_options': {'allow_growth': True}}, 'kl_target': 0.01, 'horizon': 1500, 'lr': 0.0005, 'sample_async': False, 'simple_optimizer': False, 'compress_observations': False, 'num_envs_per_worker': 1, 'gamma': 0.99, 'sgd_minibatch_size': 128, 'observation_filter': 'NoFilter', 'entropy_coeff': 0.0, 'batch_mode': 'truncate_episodes', 'straggler_mitigation': False, 'vf_share_layers': False, 'num_gpus': 0, 'synchronize_filters': True, 'num_sgd_iter': 10, 'train_batch_size': 1500, 'optimizer': {}, 'num_gpus_per_worker': 0, 'preprocessor_pref': 'deepmind', 'num_cpus_for_driver': 1, 'lr_schedule': None, 'use_gae': True, 'lambda': 0.97, 'vf_loss_coeff': 1.0, 'vf_clip_param': 1000000.0, 'log_level': 'INFO', 'env_config': {'run': 'PPO', 'flow_params': '{\n    ""env"": {\n        ""additional_params"": {\n            ""max_accel"": 3,\n            ""max_decel"": 3,\n            ""sort_vehicles"": false,\n            ""target_velocity"": 20\n        },\n        ""evaluate"": false,\n        ""horizon"": 1500,\n        ""sims_per_step"": 1,\n        ""warmup_steps"": 0\n    },\n    ""env_name"": ""AccelEnv"",\n    ""exp_tag"": ""figure_eight_0"",\n    ""initial"": {\n        ""additional_params"": {},\n        ""bunching"": 0,\n        ""edges_distribution"": ""all"",\n        ""lanes_distribution"": Infinity,\n        ""min_gap"": 0,\n        ""perturbation"": 0.0,\n        ""shuffle"": false,\n        ""spacing"": ""uniform"",\n        ""x0"": 0\n    },\n    ""net"": {\n        ""additional_params"": {\n            ""lanes"": 1,\n            ""radius_ring"": 30,\n            ""resolution"": 40,\n            ""speed_limit"": 30\n        },\n        ""inflows"": {\n            ""_InFlows__flows"": [],\n            ""num_flows"": 0\n        },\n        ""netfile"": null,\n        ""no_internal_links"": false,\n        ""osm_path"": null\n    },\n    ""scenario"": ""Figure8Scenario"",\n    ""sim"": {\n        ""emission_path"": null,\n        ""lateral_resolution"": null,\n        ""no_step_log"": true,\n        ""num_clients"": 1,\n        ""overtake_right"": false,\n        ""port"": null,\n        ""print_warnings"": true,\n        ""pxpm"": 2,\n        ""render"": false,\n        ""restart_instance"": false,\n        ""save_render"": false,\n        ""seed"": null,\n        ""show_radius"": false,\n        ""sight_radius"": 25,\n        ""sim_step"": 0.1,\n        ""teleport_time"": -1\n    },\n    ""simulator"": ""traci"",\n    ""veh"": [\n        {\n            ""acceleration_controller"": [\n                ""IDMController"",\n                {\n                    ""noise"": 0.2\n                }\n            ],\n            ""car_following_params"": {\n                ""controller_params"": {\n                    ""accel"": 1.0,\n                    ""carFollowModel"": ""IDM"",\n                    ""decel"": 1.5,\n                    ""impatience"": 0.5,\n                    ""maxSpeed"": 30,\n                    ""minGap"": 2.5,\n                    ""sigma"": 0.5,\n                    ""speedDev"": 0.1,\n                    ""speedFactor"": 1.0,\n                    ""tau"": 1.0\n                },\n                ""speed_mode"": 1\n            },\n            ""initial_speed"": 0,\n            ""lane_change_controller"": [\n                ""SimLaneChangeController"",\n                {}\n            ],\n            ""lane_change_params"": {\n                ""controller_params"": {\n                    ""laneChangeModel"": ""LC2013"",\n                    ""lcCooperative"": ""1.0"",\n                    ""lcKeepRight"": ""1.0"",\n                    ""lcSpeedGain"": ""1.0"",\n                    ""lcStrategic"": ""1.0""\n                },\n                ""lane_change_mode"": 512\n            },\n            ""num_vehicles"": 13,\n            ""routing_controller"": [\n                ""ContinuousRouter"",\n                {}\n            ],\n            ""veh_id"": ""human""\n        },\n        {\n            ""acceleration_controller"": [\n                ""RLController"",\n                {}\n            ],\n            ""car_following_params"": {\n                ""controller_params"": {\n                    ""accel"": 1.0,\n                    ""carFollowModel"": ""IDM"",\n                    ""decel"": 1.5,\n                    ""impatience"": 0.5,\n                    ""maxSpeed"": 30,\n                    ""minGap"": 2.5,\n                    ""sigma"": 0.5,\n                    ""speedDev"": 0.1,\n                    ""speedFactor"": 1.0,\n                    ""tau"": 1.0\n                },\n                ""speed_mode"": 1\n            },\n            ""initial_speed"": 0,\n            ""lane_change_controller"": [\n                ""SimLaneChangeController"",\n                {}\n            ],\n            ""lane_change_params"": {\n                ""controller_params"": {\n                    ""laneChangeModel"": ""LC2013"",\n                    ""lcCooperative"": ""1.0"",\n                    ""lcKeepRight"": ""1.0"",\n                    ""lcSpeedGain"": ""1.0"",\n                    ""lcStrategic"": ""1.0""\n                },\n                ""lane_change_mode"": 512\n            },\n            ""num_vehicles"": 1,\n            ""routing_controller"": [\n                ""ContinuousRouter"",\n                {}\n            ],\n            ""veh_id"": ""rl""\n        }\n    ]\n}'}, 'env': 'AccelEnv-v0', 'local_evaluator_tf_session_args': {'inter_op_parallelism_threads': 8, 'intra_op_parallelism_threads': 8}, 'model': {'free_log_std': False, 'custom_options': {}, 'framestack': True, 'channel_major': False, 'max_seq_len': 20, 'lstm_use_prev_action_reward': False, 'squash_to_range': False, 'dim': 84, 'grayscale': False, 'fcnet_hiddens': [100, 50, 25], 'use_lstm': False, 'custom_model': None, 'fcnet_activation': 'tanh', 'conv_filters': None, 'conv_activation': 'relu', 'lstm_cell_size': 256, 'zero_mean': True, 'custom_preprocessor': None}, 'output_compress_columns': ['obs', 'new_obs'], 'monitor': False, 'custom_resources_per_worker': {}, 'output_max_file_size': 67108864, 'num_workers': 1, 'clip_param': 0.3, 'kl_coeff': 0.2, 'multiagent': {'policy_graphs': {}, 'policy_mapping_fn': None, 'policies_to_train': None}, 'input_evaluation': None, 'output': None, 'collect_metrics_timeout': 180, 'num_cpus_per_worker': 1}",169.237.32.118,1,1500.0,9.813187599182129,"{'num_steps_sampled': 16000, 'load_time_ms': 11.069, 'default': {'kl': 0.010711763054132462, 'cur_lr': 0.0005000000237487257, 'total_loss': 6.1864705085754395, 'policy_loss': -0.0078124068677425385, 'vf_explained_var': 0.5078219771385193, 'entropy': 1.341691493988037, 'cur_kl_coeff': 0.25312498211860657, 'vf_loss': 6.1915717124938965}, 'sample_time_ms': 10480.226, 'grad_time_ms': 374.266, 'update_time_ms': 64.073, 'num_steps_trained': 16000}",246.85928956565573,2019-04-02_07-38-36,kronos,71,16000,0,109.40272951126099,{},16000,10,10,109.40272951126099,423.61086766999466,1600,1554190716,{},0b32d2eec3344b1fbde4822793b2e447,83.35802442090997
False,11,"{'input': 'sampler', 'callbacks': {'on_train_result': None, 'on_sample_end': None, 'on_episode_step': None, 'on_episode_start': None, 'on_episode_end': None}, 'sample_batch_size': 200, 'clip_actions': False, 'clip_rewards': None, 'tf_session_args': {'inter_op_parallelism_threads': 2, 'intra_op_parallelism_threads': 2, 'device_count': {'CPU': 1}, 'log_device_placement': False, 'allow_soft_placement': True, 'gpu_options': {'allow_growth': True}}, 'kl_target': 0.01, 'horizon': 1500, 'lr': 0.0005, 'sample_async': False, 'simple_optimizer': False, 'compress_observations': False, 'num_envs_per_worker': 1, 'gamma': 0.99, 'sgd_minibatch_size': 128, 'observation_filter': 'NoFilter', 'entropy_coeff': 0.0, 'batch_mode': 'truncate_episodes', 'straggler_mitigation': False, 'vf_share_layers': False, 'num_gpus': 0, 'synchronize_filters': True, 'num_sgd_iter': 10, 'train_batch_size': 1500, 'optimizer': {}, 'num_gpus_per_worker': 0, 'preprocessor_pref': 'deepmind', 'num_cpus_for_driver': 1, 'lr_schedule': None, 'use_gae': True, 'lambda': 0.97, 'vf_loss_coeff': 1.0, 'vf_clip_param': 1000000.0, 'log_level': 'INFO', 'env_config': {'run': 'PPO', 'flow_params': '{\n    ""env"": {\n        ""additional_params"": {\n            ""max_accel"": 3,\n            ""max_decel"": 3,\n            ""sort_vehicles"": false,\n            ""target_velocity"": 20\n        },\n        ""evaluate"": false,\n        ""horizon"": 1500,\n        ""sims_per_step"": 1,\n        ""warmup_steps"": 0\n    },\n    ""env_name"": ""AccelEnv"",\n    ""exp_tag"": ""figure_eight_0"",\n    ""initial"": {\n        ""additional_params"": {},\n        ""bunching"": 0,\n        ""edges_distribution"": ""all"",\n        ""lanes_distribution"": Infinity,\n        ""min_gap"": 0,\n        ""perturbation"": 0.0,\n        ""shuffle"": false,\n        ""spacing"": ""uniform"",\n        ""x0"": 0\n    },\n    ""net"": {\n        ""additional_params"": {\n            ""lanes"": 1,\n            ""radius_ring"": 30,\n            ""resolution"": 40,\n            ""speed_limit"": 30\n        },\n        ""inflows"": {\n            ""_InFlows__flows"": [],\n            ""num_flows"": 0\n        },\n        ""netfile"": null,\n        ""no_internal_links"": false,\n        ""osm_path"": null\n    },\n    ""scenario"": ""Figure8Scenario"",\n    ""sim"": {\n        ""emission_path"": null,\n        ""lateral_resolution"": null,\n        ""no_step_log"": true,\n        ""num_clients"": 1,\n        ""overtake_right"": false,\n        ""port"": null,\n        ""print_warnings"": true,\n        ""pxpm"": 2,\n        ""render"": false,\n        ""restart_instance"": false,\n        ""save_render"": false,\n        ""seed"": null,\n        ""show_radius"": false,\n        ""sight_radius"": 25,\n        ""sim_step"": 0.1,\n        ""teleport_time"": -1\n    },\n    ""simulator"": ""traci"",\n    ""veh"": [\n        {\n            ""acceleration_controller"": [\n                ""IDMController"",\n                {\n                    ""noise"": 0.2\n                }\n            ],\n            ""car_following_params"": {\n                ""controller_params"": {\n                    ""accel"": 1.0,\n                    ""carFollowModel"": ""IDM"",\n                    ""decel"": 1.5,\n                    ""impatience"": 0.5,\n                    ""maxSpeed"": 30,\n                    ""minGap"": 2.5,\n                    ""sigma"": 0.5,\n                    ""speedDev"": 0.1,\n                    ""speedFactor"": 1.0,\n                    ""tau"": 1.0\n                },\n                ""speed_mode"": 1\n            },\n            ""initial_speed"": 0,\n            ""lane_change_controller"": [\n                ""SimLaneChangeController"",\n                {}\n            ],\n            ""lane_change_params"": {\n                ""controller_params"": {\n                    ""laneChangeModel"": ""LC2013"",\n                    ""lcCooperative"": ""1.0"",\n                    ""lcKeepRight"": ""1.0"",\n                    ""lcSpeedGain"": ""1.0"",\n                    ""lcStrategic"": ""1.0""\n                },\n                ""lane_change_mode"": 512\n            },\n            ""num_vehicles"": 13,\n            ""routing_controller"": [\n                ""ContinuousRouter"",\n                {}\n            ],\n            ""veh_id"": ""human""\n        },\n        {\n            ""acceleration_controller"": [\n                ""RLController"",\n                {}\n            ],\n            ""car_following_params"": {\n                ""controller_params"": {\n                    ""accel"": 1.0,\n                    ""carFollowModel"": ""IDM"",\n                    ""decel"": 1.5,\n                    ""impatience"": 0.5,\n                    ""maxSpeed"": 30,\n                    ""minGap"": 2.5,\n                    ""sigma"": 0.5,\n                    ""speedDev"": 0.1,\n                    ""speedFactor"": 1.0,\n                    ""tau"": 1.0\n                },\n                ""speed_mode"": 1\n            },\n            ""initial_speed"": 0,\n            ""lane_change_controller"": [\n                ""SimLaneChangeController"",\n                {}\n            ],\n            ""lane_change_params"": {\n                ""controller_params"": {\n                    ""laneChangeModel"": ""LC2013"",\n                    ""lcCooperative"": ""1.0"",\n                    ""lcKeepRight"": ""1.0"",\n                    ""lcSpeedGain"": ""1.0"",\n                    ""lcStrategic"": ""1.0""\n                },\n                ""lane_change_mode"": 512\n            },\n            ""num_vehicles"": 1,\n            ""routing_controller"": [\n                ""ContinuousRouter"",\n                {}\n            ],\n            ""veh_id"": ""rl""\n        }\n    ]\n}'}, 'env': 'AccelEnv-v0', 'local_evaluator_tf_session_args': {'inter_op_parallelism_threads': 8, 'intra_op_parallelism_threads': 8}, 'model': {'free_log_std': False, 'custom_options': {}, 'framestack': True, 'channel_major': False, 'max_seq_len': 20, 'lstm_use_prev_action_reward': False, 'squash_to_range': False, 'dim': 84, 'grayscale': False, 'fcnet_hiddens': [100, 50, 25], 'use_lstm': False, 'custom_model': None, 'fcnet_activation': 'tanh', 'conv_filters': None, 'conv_activation': 'relu', 'lstm_cell_size': 256, 'zero_mean': True, 'custom_preprocessor': None}, 'output_compress_columns': ['obs', 'new_obs'], 'monitor': False, 'custom_resources_per_worker': {}, 'output_max_file_size': 67108864, 'num_workers': 1, 'clip_param': 0.3, 'kl_coeff': 0.2, 'multiagent': {'policy_graphs': {}, 'policy_mapping_fn': None, 'policies_to_train': None}, 'input_evaluation': None, 'output': None, 'collect_metrics_timeout': 180, 'num_cpus_per_worker': 1}",169.237.32.118,1,1500.0,9.7163987159729,"{'num_steps_sampled': 17600, 'load_time_ms': 1.141, 'default': {'kl': 0.013873209245502949, 'cur_lr': 0.0005000000237487257, 'total_loss': 4.701781272888184, 'policy_loss': -0.001595164299942553, 'vf_explained_var': 0.7745265960693359, 'entropy': 1.4096404314041138, 'cur_kl_coeff': 0.25312498211860657, 'vf_loss': 4.699864864349365}, 'sample_time_ms': 9402.244, 'grad_time_ms': 273.534, 'update_time_ms': 4.46, 'num_steps_trained': 17600}",262.0455027565223,2019-04-02_07-38-46,kronos,71,17600,0,119.11912822723389,{},17600,11,11,119.11912822723389,423.61086766999466,1600,1554190726,{},0b32d2eec3344b1fbde4822793b2e447,83.35802442090997
False,12,"{'input': 'sampler', 'callbacks': {'on_train_result': None, 'on_sample_end': None, 'on_episode_step': None, 'on_episode_start': None, 'on_episode_end': None}, 'sample_batch_size': 200, 'clip_actions': False, 'clip_rewards': None, 'tf_session_args': {'inter_op_parallelism_threads': 2, 'intra_op_parallelism_threads': 2, 'device_count': {'CPU': 1}, 'log_device_placement': False, 'allow_soft_placement': True, 'gpu_options': {'allow_growth': True}}, 'kl_target': 0.01, 'horizon': 1500, 'lr': 0.0005, 'sample_async': False, 'simple_optimizer': False, 'compress_observations': False, 'num_envs_per_worker': 1, 'gamma': 0.99, 'sgd_minibatch_size': 128, 'observation_filter': 'NoFilter', 'entropy_coeff': 0.0, 'batch_mode': 'truncate_episodes', 'straggler_mitigation': False, 'vf_share_layers': False, 'num_gpus': 0, 'synchronize_filters': True, 'num_sgd_iter': 10, 'train_batch_size': 1500, 'optimizer': {}, 'num_gpus_per_worker': 0, 'preprocessor_pref': 'deepmind', 'num_cpus_for_driver': 1, 'lr_schedule': None, 'use_gae': True, 'lambda': 0.97, 'vf_loss_coeff': 1.0, 'vf_clip_param': 1000000.0, 'log_level': 'INFO', 'env_config': {'run': 'PPO', 'flow_params': '{\n    ""env"": {\n        ""additional_params"": {\n            ""max_accel"": 3,\n            ""max_decel"": 3,\n            ""sort_vehicles"": false,\n            ""target_velocity"": 20\n        },\n        ""evaluate"": false,\n        ""horizon"": 1500,\n        ""sims_per_step"": 1,\n        ""warmup_steps"": 0\n    },\n    ""env_name"": ""AccelEnv"",\n    ""exp_tag"": ""figure_eight_0"",\n    ""initial"": {\n        ""additional_params"": {},\n        ""bunching"": 0,\n        ""edges_distribution"": ""all"",\n        ""lanes_distribution"": Infinity,\n        ""min_gap"": 0,\n        ""perturbation"": 0.0,\n        ""shuffle"": false,\n        ""spacing"": ""uniform"",\n        ""x0"": 0\n    },\n    ""net"": {\n        ""additional_params"": {\n            ""lanes"": 1,\n            ""radius_ring"": 30,\n            ""resolution"": 40,\n            ""speed_limit"": 30\n        },\n        ""inflows"": {\n            ""_InFlows__flows"": [],\n            ""num_flows"": 0\n        },\n        ""netfile"": null,\n        ""no_internal_links"": false,\n        ""osm_path"": null\n    },\n    ""scenario"": ""Figure8Scenario"",\n    ""sim"": {\n        ""emission_path"": null,\n        ""lateral_resolution"": null,\n        ""no_step_log"": true,\n        ""num_clients"": 1,\n        ""overtake_right"": false,\n        ""port"": null,\n        ""print_warnings"": true,\n        ""pxpm"": 2,\n        ""render"": false,\n        ""restart_instance"": false,\n        ""save_render"": false,\n        ""seed"": null,\n        ""show_radius"": false,\n        ""sight_radius"": 25,\n        ""sim_step"": 0.1,\n        ""teleport_time"": -1\n    },\n    ""simulator"": ""traci"",\n    ""veh"": [\n        {\n            ""acceleration_controller"": [\n                ""IDMController"",\n                {\n                    ""noise"": 0.2\n                }\n            ],\n            ""car_following_params"": {\n                ""controller_params"": {\n                    ""accel"": 1.0,\n                    ""carFollowModel"": ""IDM"",\n                    ""decel"": 1.5,\n                    ""impatience"": 0.5,\n                    ""maxSpeed"": 30,\n                    ""minGap"": 2.5,\n                    ""sigma"": 0.5,\n                    ""speedDev"": 0.1,\n                    ""speedFactor"": 1.0,\n                    ""tau"": 1.0\n                },\n                ""speed_mode"": 1\n            },\n            ""initial_speed"": 0,\n            ""lane_change_controller"": [\n                ""SimLaneChangeController"",\n                {}\n            ],\n            ""lane_change_params"": {\n                ""controller_params"": {\n                    ""laneChangeModel"": ""LC2013"",\n                    ""lcCooperative"": ""1.0"",\n                    ""lcKeepRight"": ""1.0"",\n                    ""lcSpeedGain"": ""1.0"",\n                    ""lcStrategic"": ""1.0""\n                },\n                ""lane_change_mode"": 512\n            },\n            ""num_vehicles"": 13,\n            ""routing_controller"": [\n                ""ContinuousRouter"",\n                {}\n            ],\n            ""veh_id"": ""human""\n        },\n        {\n            ""acceleration_controller"": [\n                ""RLController"",\n                {}\n            ],\n            ""car_following_params"": {\n                ""controller_params"": {\n                    ""accel"": 1.0,\n                    ""carFollowModel"": ""IDM"",\n                    ""decel"": 1.5,\n                    ""impatience"": 0.5,\n                    ""maxSpeed"": 30,\n                    ""minGap"": 2.5,\n                    ""sigma"": 0.5,\n                    ""speedDev"": 0.1,\n                    ""speedFactor"": 1.0,\n                    ""tau"": 1.0\n                },\n                ""speed_mode"": 1\n            },\n            ""initial_speed"": 0,\n            ""lane_change_controller"": [\n                ""SimLaneChangeController"",\n                {}\n            ],\n            ""lane_change_params"": {\n                ""controller_params"": {\n                    ""laneChangeModel"": ""LC2013"",\n                    ""lcCooperative"": ""1.0"",\n                    ""lcKeepRight"": ""1.0"",\n                    ""lcSpeedGain"": ""1.0"",\n                    ""lcStrategic"": ""1.0""\n                },\n                ""lane_change_mode"": 512\n            },\n            ""num_vehicles"": 1,\n            ""routing_controller"": [\n                ""ContinuousRouter"",\n                {}\n            ],\n            ""veh_id"": ""rl""\n        }\n    ]\n}'}, 'env': 'AccelEnv-v0', 'local_evaluator_tf_session_args': {'inter_op_parallelism_threads': 8, 'intra_op_parallelism_threads': 8}, 'model': {'free_log_std': False, 'custom_options': {}, 'framestack': True, 'channel_major': False, 'max_seq_len': 20, 'lstm_use_prev_action_reward': False, 'squash_to_range': False, 'dim': 84, 'grayscale': False, 'fcnet_hiddens': [100, 50, 25], 'use_lstm': False, 'custom_model': None, 'fcnet_activation': 'tanh', 'conv_filters': None, 'conv_activation': 'relu', 'lstm_cell_size': 256, 'zero_mean': True, 'custom_preprocessor': None}, 'output_compress_columns': ['obs', 'new_obs'], 'monitor': False, 'custom_resources_per_worker': {}, 'output_max_file_size': 67108864, 'num_workers': 1, 'clip_param': 0.3, 'kl_coeff': 0.2, 'multiagent': {'policy_graphs': {}, 'policy_mapping_fn': None, 'policies_to_train': None}, 'input_evaluation': None, 'output': None, 'collect_metrics_timeout': 180, 'num_cpus_per_worker': 1}",169.237.32.118,1,1500.0,9.807335138320923,"{'num_steps_sampled': 19200, 'load_time_ms': 1.135, 'default': {'kl': 0.009588208049535751, 'cur_lr': 0.0005000000237487257, 'total_loss': 3.728986978530884, 'policy_loss': -0.03333660587668419, 'vf_explained_var': 0.6784124970436096, 'entropy': 1.3913569450378418, 'cur_kl_coeff': 0.25312498211860657, 'vf_loss': 3.7598965167999268}, 'sample_time_ms': 9426.969, 'grad_time_ms': 273.081, 'update_time_ms': 4.397, 'num_steps_trained': 19200}",267.0446337166634,2019-04-02_07-38-56,kronos,71,19200,0,128.9264633655548,{},19200,12,12,128.9264633655548,423.61086766999466,1600,1554190736,{},0b32d2eec3344b1fbde4822793b2e447,83.35802442090997
False,13,"{'input': 'sampler', 'callbacks': {'on_train_result': None, 'on_sample_end': None, 'on_episode_step': None, 'on_episode_start': None, 'on_episode_end': None}, 'sample_batch_size': 200, 'clip_actions': False, 'clip_rewards': None, 'tf_session_args': {'inter_op_parallelism_threads': 2, 'intra_op_parallelism_threads': 2, 'device_count': {'CPU': 1}, 'log_device_placement': False, 'allow_soft_placement': True, 'gpu_options': {'allow_growth': True}}, 'kl_target': 0.01, 'horizon': 1500, 'lr': 0.0005, 'sample_async': False, 'simple_optimizer': False, 'compress_observations': False, 'num_envs_per_worker': 1, 'gamma': 0.99, 'sgd_minibatch_size': 128, 'observation_filter': 'NoFilter', 'entropy_coeff': 0.0, 'batch_mode': 'truncate_episodes', 'straggler_mitigation': False, 'vf_share_layers': False, 'num_gpus': 0, 'synchronize_filters': True, 'num_sgd_iter': 10, 'train_batch_size': 1500, 'optimizer': {}, 'num_gpus_per_worker': 0, 'preprocessor_pref': 'deepmind', 'num_cpus_for_driver': 1, 'lr_schedule': None, 'use_gae': True, 'lambda': 0.97, 'vf_loss_coeff': 1.0, 'vf_clip_param': 1000000.0, 'log_level': 'INFO', 'env_config': {'run': 'PPO', 'flow_params': '{\n    ""env"": {\n        ""additional_params"": {\n            ""max_accel"": 3,\n            ""max_decel"": 3,\n            ""sort_vehicles"": false,\n            ""target_velocity"": 20\n        },\n        ""evaluate"": false,\n        ""horizon"": 1500,\n        ""sims_per_step"": 1,\n        ""warmup_steps"": 0\n    },\n    ""env_name"": ""AccelEnv"",\n    ""exp_tag"": ""figure_eight_0"",\n    ""initial"": {\n        ""additional_params"": {},\n        ""bunching"": 0,\n        ""edges_distribution"": ""all"",\n        ""lanes_distribution"": Infinity,\n        ""min_gap"": 0,\n        ""perturbation"": 0.0,\n        ""shuffle"": false,\n        ""spacing"": ""uniform"",\n        ""x0"": 0\n    },\n    ""net"": {\n        ""additional_params"": {\n            ""lanes"": 1,\n            ""radius_ring"": 30,\n            ""resolution"": 40,\n            ""speed_limit"": 30\n        },\n        ""inflows"": {\n            ""_InFlows__flows"": [],\n            ""num_flows"": 0\n        },\n        ""netfile"": null,\n        ""no_internal_links"": false,\n        ""osm_path"": null\n    },\n    ""scenario"": ""Figure8Scenario"",\n    ""sim"": {\n        ""emission_path"": null,\n        ""lateral_resolution"": null,\n        ""no_step_log"": true,\n        ""num_clients"": 1,\n        ""overtake_right"": false,\n        ""port"": null,\n        ""print_warnings"": true,\n        ""pxpm"": 2,\n        ""render"": false,\n        ""restart_instance"": false,\n        ""save_render"": false,\n        ""seed"": null,\n        ""show_radius"": false,\n        ""sight_radius"": 25,\n        ""sim_step"": 0.1,\n        ""teleport_time"": -1\n    },\n    ""simulator"": ""traci"",\n    ""veh"": [\n        {\n            ""acceleration_controller"": [\n                ""IDMController"",\n                {\n                    ""noise"": 0.2\n                }\n            ],\n            ""car_following_params"": {\n                ""controller_params"": {\n                    ""accel"": 1.0,\n                    ""carFollowModel"": ""IDM"",\n                    ""decel"": 1.5,\n                    ""impatience"": 0.5,\n                    ""maxSpeed"": 30,\n                    ""minGap"": 2.5,\n                    ""sigma"": 0.5,\n                    ""speedDev"": 0.1,\n                    ""speedFactor"": 1.0,\n                    ""tau"": 1.0\n                },\n                ""speed_mode"": 1\n            },\n            ""initial_speed"": 0,\n            ""lane_change_controller"": [\n                ""SimLaneChangeController"",\n                {}\n            ],\n            ""lane_change_params"": {\n                ""controller_params"": {\n                    ""laneChangeModel"": ""LC2013"",\n                    ""lcCooperative"": ""1.0"",\n                    ""lcKeepRight"": ""1.0"",\n                    ""lcSpeedGain"": ""1.0"",\n                    ""lcStrategic"": ""1.0""\n                },\n                ""lane_change_mode"": 512\n            },\n            ""num_vehicles"": 13,\n            ""routing_controller"": [\n                ""ContinuousRouter"",\n                {}\n            ],\n            ""veh_id"": ""human""\n        },\n        {\n            ""acceleration_controller"": [\n                ""RLController"",\n                {}\n            ],\n            ""car_following_params"": {\n                ""controller_params"": {\n                    ""accel"": 1.0,\n                    ""carFollowModel"": ""IDM"",\n                    ""decel"": 1.5,\n                    ""impatience"": 0.5,\n                    ""maxSpeed"": 30,\n                    ""minGap"": 2.5,\n                    ""sigma"": 0.5,\n                    ""speedDev"": 0.1,\n                    ""speedFactor"": 1.0,\n                    ""tau"": 1.0\n                },\n                ""speed_mode"": 1\n            },\n            ""initial_speed"": 0,\n            ""lane_change_controller"": [\n                ""SimLaneChangeController"",\n                {}\n            ],\n            ""lane_change_params"": {\n                ""controller_params"": {\n                    ""laneChangeModel"": ""LC2013"",\n                    ""lcCooperative"": ""1.0"",\n                    ""lcKeepRight"": ""1.0"",\n                    ""lcSpeedGain"": ""1.0"",\n                    ""lcStrategic"": ""1.0""\n                },\n                ""lane_change_mode"": 512\n            },\n            ""num_vehicles"": 1,\n            ""routing_controller"": [\n                ""ContinuousRouter"",\n                {}\n            ],\n            ""veh_id"": ""rl""\n        }\n    ]\n}'}, 'env': 'AccelEnv-v0', 'local_evaluator_tf_session_args': {'inter_op_parallelism_threads': 8, 'intra_op_parallelism_threads': 8}, 'model': {'free_log_std': False, 'custom_options': {}, 'framestack': True, 'channel_major': False, 'max_seq_len': 20, 'lstm_use_prev_action_reward': False, 'squash_to_range': False, 'dim': 84, 'grayscale': False, 'fcnet_hiddens': [100, 50, 25], 'use_lstm': False, 'custom_model': None, 'fcnet_activation': 'tanh', 'conv_filters': None, 'conv_activation': 'relu', 'lstm_cell_size': 256, 'zero_mean': True, 'custom_preprocessor': None}, 'output_compress_columns': ['obs', 'new_obs'], 'monitor': False, 'custom_resources_per_worker': {}, 'output_max_file_size': 67108864, 'num_workers': 1, 'clip_param': 0.3, 'kl_coeff': 0.2, 'multiagent': {'policy_graphs': {}, 'policy_mapping_fn': None, 'policies_to_train': None}, 'input_evaluation': None, 'output': None, 'collect_metrics_timeout': 180, 'num_cpus_per_worker': 1}",169.237.32.118,1,1500.0,9.729884624481201,"{'num_steps_sampled': 20800, 'load_time_ms': 1.168, 'default': {'kl': 0.008336929604411125, 'cur_lr': 0.0005000000237487257, 'total_loss': 2.719193696975708, 'policy_loss': 0.002120471792295575, 'vf_explained_var': 0.9206278920173645, 'entropy': 1.4368486404418945, 'cur_kl_coeff': 0.25312498211860657, 'vf_loss': 2.71496319770813}, 'sample_time_ms': 9437.804, 'grad_time_ms': 274.583, 'update_time_ms': 4.389, 'num_steps_trained': 20800}",274.83673900305814,2019-04-02_07-39-06,kronos,71,20800,0,138.656347990036,{},20800,13,13,138.656347990036,423.61086766999466,1600,1554190746,{},0b32d2eec3344b1fbde4822793b2e447,83.35802442090997
False,14,"{'input': 'sampler', 'callbacks': {'on_train_result': None, 'on_sample_end': None, 'on_episode_step': None, 'on_episode_start': None, 'on_episode_end': None}, 'sample_batch_size': 200, 'clip_actions': False, 'clip_rewards': None, 'tf_session_args': {'inter_op_parallelism_threads': 2, 'intra_op_parallelism_threads': 2, 'device_count': {'CPU': 1}, 'log_device_placement': False, 'allow_soft_placement': True, 'gpu_options': {'allow_growth': True}}, 'kl_target': 0.01, 'horizon': 1500, 'lr': 0.0005, 'sample_async': False, 'simple_optimizer': False, 'compress_observations': False, 'num_envs_per_worker': 1, 'gamma': 0.99, 'sgd_minibatch_size': 128, 'observation_filter': 'NoFilter', 'entropy_coeff': 0.0, 'batch_mode': 'truncate_episodes', 'straggler_mitigation': False, 'vf_share_layers': False, 'num_gpus': 0, 'synchronize_filters': True, 'num_sgd_iter': 10, 'train_batch_size': 1500, 'optimizer': {}, 'num_gpus_per_worker': 0, 'preprocessor_pref': 'deepmind', 'num_cpus_for_driver': 1, 'lr_schedule': None, 'use_gae': True, 'lambda': 0.97, 'vf_loss_coeff': 1.0, 'vf_clip_param': 1000000.0, 'log_level': 'INFO', 'env_config': {'run': 'PPO', 'flow_params': '{\n    ""env"": {\n        ""additional_params"": {\n            ""max_accel"": 3,\n            ""max_decel"": 3,\n            ""sort_vehicles"": false,\n            ""target_velocity"": 20\n        },\n        ""evaluate"": false,\n        ""horizon"": 1500,\n        ""sims_per_step"": 1,\n        ""warmup_steps"": 0\n    },\n    ""env_name"": ""AccelEnv"",\n    ""exp_tag"": ""figure_eight_0"",\n    ""initial"": {\n        ""additional_params"": {},\n        ""bunching"": 0,\n        ""edges_distribution"": ""all"",\n        ""lanes_distribution"": Infinity,\n        ""min_gap"": 0,\n        ""perturbation"": 0.0,\n        ""shuffle"": false,\n        ""spacing"": ""uniform"",\n        ""x0"": 0\n    },\n    ""net"": {\n        ""additional_params"": {\n            ""lanes"": 1,\n            ""radius_ring"": 30,\n            ""resolution"": 40,\n            ""speed_limit"": 30\n        },\n        ""inflows"": {\n            ""_InFlows__flows"": [],\n            ""num_flows"": 0\n        },\n        ""netfile"": null,\n        ""no_internal_links"": false,\n        ""osm_path"": null\n    },\n    ""scenario"": ""Figure8Scenario"",\n    ""sim"": {\n        ""emission_path"": null,\n        ""lateral_resolution"": null,\n        ""no_step_log"": true,\n        ""num_clients"": 1,\n        ""overtake_right"": false,\n        ""port"": null,\n        ""print_warnings"": true,\n        ""pxpm"": 2,\n        ""render"": false,\n        ""restart_instance"": false,\n        ""save_render"": false,\n        ""seed"": null,\n        ""show_radius"": false,\n        ""sight_radius"": 25,\n        ""sim_step"": 0.1,\n        ""teleport_time"": -1\n    },\n    ""simulator"": ""traci"",\n    ""veh"": [\n        {\n            ""acceleration_controller"": [\n                ""IDMController"",\n                {\n                    ""noise"": 0.2\n                }\n            ],\n            ""car_following_params"": {\n                ""controller_params"": {\n                    ""accel"": 1.0,\n                    ""carFollowModel"": ""IDM"",\n                    ""decel"": 1.5,\n                    ""impatience"": 0.5,\n                    ""maxSpeed"": 30,\n                    ""minGap"": 2.5,\n                    ""sigma"": 0.5,\n                    ""speedDev"": 0.1,\n                    ""speedFactor"": 1.0,\n                    ""tau"": 1.0\n                },\n                ""speed_mode"": 1\n            },\n            ""initial_speed"": 0,\n            ""lane_change_controller"": [\n                ""SimLaneChangeController"",\n                {}\n            ],\n            ""lane_change_params"": {\n                ""controller_params"": {\n                    ""laneChangeModel"": ""LC2013"",\n                    ""lcCooperative"": ""1.0"",\n                    ""lcKeepRight"": ""1.0"",\n                    ""lcSpeedGain"": ""1.0"",\n                    ""lcStrategic"": ""1.0""\n                },\n                ""lane_change_mode"": 512\n            },\n            ""num_vehicles"": 13,\n            ""routing_controller"": [\n                ""ContinuousRouter"",\n                {}\n            ],\n            ""veh_id"": ""human""\n        },\n        {\n            ""acceleration_controller"": [\n                ""RLController"",\n                {}\n            ],\n            ""car_following_params"": {\n                ""controller_params"": {\n                    ""accel"": 1.0,\n                    ""carFollowModel"": ""IDM"",\n                    ""decel"": 1.5,\n                    ""impatience"": 0.5,\n                    ""maxSpeed"": 30,\n                    ""minGap"": 2.5,\n                    ""sigma"": 0.5,\n                    ""speedDev"": 0.1,\n                    ""speedFactor"": 1.0,\n                    ""tau"": 1.0\n                },\n                ""speed_mode"": 1\n            },\n            ""initial_speed"": 0,\n            ""lane_change_controller"": [\n                ""SimLaneChangeController"",\n                {}\n            ],\n            ""lane_change_params"": {\n                ""controller_params"": {\n                    ""laneChangeModel"": ""LC2013"",\n                    ""lcCooperative"": ""1.0"",\n                    ""lcKeepRight"": ""1.0"",\n                    ""lcSpeedGain"": ""1.0"",\n                    ""lcStrategic"": ""1.0""\n                },\n                ""lane_change_mode"": 512\n            },\n            ""num_vehicles"": 1,\n            ""routing_controller"": [\n                ""ContinuousRouter"",\n                {}\n            ],\n            ""veh_id"": ""rl""\n        }\n    ]\n}'}, 'env': 'AccelEnv-v0', 'local_evaluator_tf_session_args': {'inter_op_parallelism_threads': 8, 'intra_op_parallelism_threads': 8}, 'model': {'free_log_std': False, 'custom_options': {}, 'framestack': True, 'channel_major': False, 'max_seq_len': 20, 'lstm_use_prev_action_reward': False, 'squash_to_range': False, 'dim': 84, 'grayscale': False, 'fcnet_hiddens': [100, 50, 25], 'use_lstm': False, 'custom_model': None, 'fcnet_activation': 'tanh', 'conv_filters': None, 'conv_activation': 'relu', 'lstm_cell_size': 256, 'zero_mean': True, 'custom_preprocessor': None}, 'output_compress_columns': ['obs', 'new_obs'], 'monitor': False, 'custom_resources_per_worker': {}, 'output_max_file_size': 67108864, 'num_workers': 1, 'clip_param': 0.3, 'kl_coeff': 0.2, 'multiagent': {'policy_graphs': {}, 'policy_mapping_fn': None, 'policies_to_train': None}, 'input_evaluation': None, 'output': None, 'collect_metrics_timeout': 180, 'num_cpus_per_worker': 1}",169.237.32.118,1,1500.0,9.965273380279541,"{'num_steps_sampled': 22400, 'load_time_ms': 1.178, 'default': {'kl': 0.02617061324417591, 'cur_lr': 0.0005000000237487257, 'total_loss': 5.376572132110596, 'policy_loss': -0.0207335464656353, 'vf_explained_var': 0.8124747276306152, 'entropy': 1.2945072650909424, 'cur_kl_coeff': 0.25312498211860657, 'vf_loss': 5.390681743621826}, 'sample_time_ms': 9467.829, 'grad_time_ms': 274.089, 'update_time_ms': 4.295, 'num_steps_trained': 22400}",269.0621112900247,2019-04-02_07-39-16,kronos,71,22400,0,148.62162137031555,{},22400,14,14,148.62162137031555,423.61086766999466,1600,1554190756,{},0b32d2eec3344b1fbde4822793b2e447,83.35802442090997
False,16,"{'input': 'sampler', 'callbacks': {'on_train_result': None, 'on_sample_end': None, 'on_episode_step': None, 'on_episode_start': None, 'on_episode_end': None}, 'sample_batch_size': 200, 'clip_actions': False, 'clip_rewards': None, 'tf_session_args': {'inter_op_parallelism_threads': 2, 'intra_op_parallelism_threads': 2, 'device_count': {'CPU': 1}, 'log_device_placement': False, 'allow_soft_placement': True, 'gpu_options': {'allow_growth': True}}, 'kl_target': 0.01, 'horizon': 1500, 'lr': 0.0005, 'sample_async': False, 'simple_optimizer': False, 'compress_observations': False, 'num_envs_per_worker': 1, 'gamma': 0.99, 'sgd_minibatch_size': 128, 'observation_filter': 'NoFilter', 'entropy_coeff': 0.0, 'batch_mode': 'truncate_episodes', 'straggler_mitigation': False, 'vf_share_layers': False, 'num_gpus': 0, 'synchronize_filters': True, 'num_sgd_iter': 10, 'train_batch_size': 1500, 'optimizer': {}, 'num_gpus_per_worker': 0, 'preprocessor_pref': 'deepmind', 'num_cpus_for_driver': 1, 'lr_schedule': None, 'use_gae': True, 'lambda': 0.97, 'vf_loss_coeff': 1.0, 'vf_clip_param': 1000000.0, 'log_level': 'INFO', 'env_config': {'run': 'PPO', 'flow_params': '{\n    ""env"": {\n        ""additional_params"": {\n            ""max_accel"": 3,\n            ""max_decel"": 3,\n            ""sort_vehicles"": false,\n            ""target_velocity"": 20\n        },\n        ""evaluate"": false,\n        ""horizon"": 1500,\n        ""sims_per_step"": 1,\n        ""warmup_steps"": 0\n    },\n    ""env_name"": ""AccelEnv"",\n    ""exp_tag"": ""figure_eight_0"",\n    ""initial"": {\n        ""additional_params"": {},\n        ""bunching"": 0,\n        ""edges_distribution"": ""all"",\n        ""lanes_distribution"": Infinity,\n        ""min_gap"": 0,\n        ""perturbation"": 0.0,\n        ""shuffle"": false,\n        ""spacing"": ""uniform"",\n        ""x0"": 0\n    },\n    ""net"": {\n        ""additional_params"": {\n            ""lanes"": 1,\n            ""radius_ring"": 30,\n            ""resolution"": 40,\n            ""speed_limit"": 30\n        },\n        ""inflows"": {\n            ""_InFlows__flows"": [],\n            ""num_flows"": 0\n        },\n        ""netfile"": null,\n        ""no_internal_links"": false,\n        ""osm_path"": null\n    },\n    ""scenario"": ""Figure8Scenario"",\n    ""sim"": {\n        ""emission_path"": null,\n        ""lateral_resolution"": null,\n        ""no_step_log"": true,\n        ""num_clients"": 1,\n        ""overtake_right"": false,\n        ""port"": null,\n        ""print_warnings"": true,\n        ""pxpm"": 2,\n        ""render"": false,\n        ""restart_instance"": false,\n        ""save_render"": false,\n        ""seed"": null,\n        ""show_radius"": false,\n        ""sight_radius"": 25,\n        ""sim_step"": 0.1,\n        ""teleport_time"": -1\n    },\n    ""simulator"": ""traci"",\n    ""veh"": [\n        {\n            ""acceleration_controller"": [\n                ""IDMController"",\n                {\n                    ""noise"": 0.2\n                }\n            ],\n            ""car_following_params"": {\n                ""controller_params"": {\n                    ""accel"": 1.0,\n                    ""carFollowModel"": ""IDM"",\n                    ""decel"": 1.5,\n                    ""impatience"": 0.5,\n                    ""maxSpeed"": 30,\n                    ""minGap"": 2.5,\n                    ""sigma"": 0.5,\n                    ""speedDev"": 0.1,\n                    ""speedFactor"": 1.0,\n                    ""tau"": 1.0\n                },\n                ""speed_mode"": 1\n            },\n            ""initial_speed"": 0,\n            ""lane_change_controller"": [\n                ""SimLaneChangeController"",\n                {}\n            ],\n            ""lane_change_params"": {\n                ""controller_params"": {\n                    ""laneChangeModel"": ""LC2013"",\n                    ""lcCooperative"": ""1.0"",\n                    ""lcKeepRight"": ""1.0"",\n                    ""lcSpeedGain"": ""1.0"",\n                    ""lcStrategic"": ""1.0""\n                },\n                ""lane_change_mode"": 512\n            },\n            ""num_vehicles"": 13,\n            ""routing_controller"": [\n                ""ContinuousRouter"",\n                {}\n            ],\n            ""veh_id"": ""human""\n        },\n        {\n            ""acceleration_controller"": [\n                ""RLController"",\n                {}\n            ],\n            ""car_following_params"": {\n                ""controller_params"": {\n                    ""accel"": 1.0,\n                    ""carFollowModel"": ""IDM"",\n                    ""decel"": 1.5,\n                    ""impatience"": 0.5,\n                    ""maxSpeed"": 30,\n                    ""minGap"": 2.5,\n                    ""sigma"": 0.5,\n                    ""speedDev"": 0.1,\n                    ""speedFactor"": 1.0,\n                    ""tau"": 1.0\n                },\n                ""speed_mode"": 1\n            },\n            ""initial_speed"": 0,\n            ""lane_change_controller"": [\n                ""SimLaneChangeController"",\n                {}\n            ],\n            ""lane_change_params"": {\n                ""controller_params"": {\n                    ""laneChangeModel"": ""LC2013"",\n                    ""lcCooperative"": ""1.0"",\n                    ""lcKeepRight"": ""1.0"",\n                    ""lcSpeedGain"": ""1.0"",\n                    ""lcStrategic"": ""1.0""\n                },\n                ""lane_change_mode"": 512\n            },\n            ""num_vehicles"": 1,\n            ""routing_controller"": [\n                ""ContinuousRouter"",\n                {}\n            ],\n            ""veh_id"": ""rl""\n        }\n    ]\n}'}, 'env': 'AccelEnv-v0', 'local_evaluator_tf_session_args': {'inter_op_parallelism_threads': 8, 'intra_op_parallelism_threads': 8}, 'model': {'free_log_std': False, 'custom_options': {}, 'framestack': True, 'channel_major': False, 'max_seq_len': 20, 'lstm_use_prev_action_reward': False, 'squash_to_range': False, 'dim': 84, 'grayscale': False, 'fcnet_hiddens': [100, 50, 25], 'use_lstm': False, 'custom_model': None, 'fcnet_activation': 'tanh', 'conv_filters': None, 'conv_activation': 'relu', 'lstm_cell_size': 256, 'zero_mean': True, 'custom_preprocessor': None}, 'output_compress_columns': ['obs', 'new_obs'], 'monitor': False, 'custom_resources_per_worker': {}, 'output_max_file_size': 67108864, 'num_workers': 1, 'clip_param': 0.3, 'kl_coeff': 0.2, 'multiagent': {'policy_graphs': {}, 'policy_mapping_fn': None, 'policies_to_train': None}, 'input_evaluation': None, 'output': None, 'collect_metrics_timeout': 180, 'num_cpus_per_worker': 1}",169.237.32.118,2,1500.0,10.003422498703003,"{'num_steps_sampled': 24000, 'load_time_ms': 1.162, 'default': {'kl': 0.006033172365278006, 'cur_lr': 0.0005000000237487257, 'total_loss': 6.666374206542969, 'policy_loss': 0.0068905348889529705, 'vf_explained_var': 0.6934452652931213, 'entropy': 1.3368123769760132, 'cur_kl_coeff': 0.37968745827674866, 'vf_loss': 6.657192230224609}, 'sample_time_ms': 9510.937, 'grad_time_ms': 274.31, 'update_time_ms': 4.34, 'num_steps_trained': 24000}",289.3173662193708,2019-04-02_07-39-26,kronos,71,24000,0,158.62504386901855,{},24000,15,15,158.62504386901855,435.39078136400707,1600,1554190766,{},0b32d2eec3344b1fbde4822793b2e447,83.35802442090997
False,17,"{'input': 'sampler', 'callbacks': {'on_train_result': None, 'on_sample_end': None, 'on_episode_step': None, 'on_episode_start': None, 'on_episode_end': None}, 'sample_batch_size': 200, 'clip_actions': False, 'clip_rewards': None, 'tf_session_args': {'inter_op_parallelism_threads': 2, 'intra_op_parallelism_threads': 2, 'device_count': {'CPU': 1}, 'log_device_placement': False, 'allow_soft_placement': True, 'gpu_options': {'allow_growth': True}}, 'kl_target': 0.01, 'horizon': 1500, 'lr': 0.0005, 'sample_async': False, 'simple_optimizer': False, 'compress_observations': False, 'num_envs_per_worker': 1, 'gamma': 0.99, 'sgd_minibatch_size': 128, 'observation_filter': 'NoFilter', 'entropy_coeff': 0.0, 'batch_mode': 'truncate_episodes', 'straggler_mitigation': False, 'vf_share_layers': False, 'num_gpus': 0, 'synchronize_filters': True, 'num_sgd_iter': 10, 'train_batch_size': 1500, 'optimizer': {}, 'num_gpus_per_worker': 0, 'preprocessor_pref': 'deepmind', 'num_cpus_for_driver': 1, 'lr_schedule': None, 'use_gae': True, 'lambda': 0.97, 'vf_loss_coeff': 1.0, 'vf_clip_param': 1000000.0, 'log_level': 'INFO', 'env_config': {'run': 'PPO', 'flow_params': '{\n    ""env"": {\n        ""additional_params"": {\n            ""max_accel"": 3,\n            ""max_decel"": 3,\n            ""sort_vehicles"": false,\n            ""target_velocity"": 20\n        },\n        ""evaluate"": false,\n        ""horizon"": 1500,\n        ""sims_per_step"": 1,\n        ""warmup_steps"": 0\n    },\n    ""env_name"": ""AccelEnv"",\n    ""exp_tag"": ""figure_eight_0"",\n    ""initial"": {\n        ""additional_params"": {},\n        ""bunching"": 0,\n        ""edges_distribution"": ""all"",\n        ""lanes_distribution"": Infinity,\n        ""min_gap"": 0,\n        ""perturbation"": 0.0,\n        ""shuffle"": false,\n        ""spacing"": ""uniform"",\n        ""x0"": 0\n    },\n    ""net"": {\n        ""additional_params"": {\n            ""lanes"": 1,\n            ""radius_ring"": 30,\n            ""resolution"": 40,\n            ""speed_limit"": 30\n        },\n        ""inflows"": {\n            ""_InFlows__flows"": [],\n            ""num_flows"": 0\n        },\n        ""netfile"": null,\n        ""no_internal_links"": false,\n        ""osm_path"": null\n    },\n    ""scenario"": ""Figure8Scenario"",\n    ""sim"": {\n        ""emission_path"": null,\n        ""lateral_resolution"": null,\n        ""no_step_log"": true,\n        ""num_clients"": 1,\n        ""overtake_right"": false,\n        ""port"": null,\n        ""print_warnings"": true,\n        ""pxpm"": 2,\n        ""render"": false,\n        ""restart_instance"": false,\n        ""save_render"": false,\n        ""seed"": null,\n        ""show_radius"": false,\n        ""sight_radius"": 25,\n        ""sim_step"": 0.1,\n        ""teleport_time"": -1\n    },\n    ""simulator"": ""traci"",\n    ""veh"": [\n        {\n            ""acceleration_controller"": [\n                ""IDMController"",\n                {\n                    ""noise"": 0.2\n                }\n            ],\n            ""car_following_params"": {\n                ""controller_params"": {\n                    ""accel"": 1.0,\n                    ""carFollowModel"": ""IDM"",\n                    ""decel"": 1.5,\n                    ""impatience"": 0.5,\n                    ""maxSpeed"": 30,\n                    ""minGap"": 2.5,\n                    ""sigma"": 0.5,\n                    ""speedDev"": 0.1,\n                    ""speedFactor"": 1.0,\n                    ""tau"": 1.0\n                },\n                ""speed_mode"": 1\n            },\n            ""initial_speed"": 0,\n            ""lane_change_controller"": [\n                ""SimLaneChangeController"",\n                {}\n            ],\n            ""lane_change_params"": {\n                ""controller_params"": {\n                    ""laneChangeModel"": ""LC2013"",\n                    ""lcCooperative"": ""1.0"",\n                    ""lcKeepRight"": ""1.0"",\n                    ""lcSpeedGain"": ""1.0"",\n                    ""lcStrategic"": ""1.0""\n                },\n                ""lane_change_mode"": 512\n            },\n            ""num_vehicles"": 13,\n            ""routing_controller"": [\n                ""ContinuousRouter"",\n                {}\n            ],\n            ""veh_id"": ""human""\n        },\n        {\n            ""acceleration_controller"": [\n                ""RLController"",\n                {}\n            ],\n            ""car_following_params"": {\n                ""controller_params"": {\n                    ""accel"": 1.0,\n                    ""carFollowModel"": ""IDM"",\n                    ""decel"": 1.5,\n                    ""impatience"": 0.5,\n                    ""maxSpeed"": 30,\n                    ""minGap"": 2.5,\n                    ""sigma"": 0.5,\n                    ""speedDev"": 0.1,\n                    ""speedFactor"": 1.0,\n                    ""tau"": 1.0\n                },\n                ""speed_mode"": 1\n            },\n            ""initial_speed"": 0,\n            ""lane_change_controller"": [\n                ""SimLaneChangeController"",\n                {}\n            ],\n            ""lane_change_params"": {\n                ""controller_params"": {\n                    ""laneChangeModel"": ""LC2013"",\n                    ""lcCooperative"": ""1.0"",\n                    ""lcKeepRight"": ""1.0"",\n                    ""lcSpeedGain"": ""1.0"",\n                    ""lcStrategic"": ""1.0""\n                },\n                ""lane_change_mode"": 512\n            },\n            ""num_vehicles"": 1,\n            ""routing_controller"": [\n                ""ContinuousRouter"",\n                {}\n            ],\n            ""veh_id"": ""rl""\n        }\n    ]\n}'}, 'env': 'AccelEnv-v0', 'local_evaluator_tf_session_args': {'inter_op_parallelism_threads': 8, 'intra_op_parallelism_threads': 8}, 'model': {'free_log_std': False, 'custom_options': {}, 'framestack': True, 'channel_major': False, 'max_seq_len': 20, 'lstm_use_prev_action_reward': False, 'squash_to_range': False, 'dim': 84, 'grayscale': False, 'fcnet_hiddens': [100, 50, 25], 'use_lstm': False, 'custom_model': None, 'fcnet_activation': 'tanh', 'conv_filters': None, 'conv_activation': 'relu', 'lstm_cell_size': 256, 'zero_mean': True, 'custom_preprocessor': None}, 'output_compress_columns': ['obs', 'new_obs'], 'monitor': False, 'custom_resources_per_worker': {}, 'output_max_file_size': 67108864, 'num_workers': 1, 'clip_param': 0.3, 'kl_coeff': 0.2, 'multiagent': {'policy_graphs': {}, 'policy_mapping_fn': None, 'policies_to_train': None}, 'input_evaluation': None, 'output': None, 'collect_metrics_timeout': 180, 'num_cpus_per_worker': 1}",169.237.32.118,1,1500.0,9.969091415405273,"{'num_steps_sampled': 25600, 'load_time_ms': 1.143, 'default': {'kl': 0.017938973382115364, 'cur_lr': 0.0005000000237487257, 'total_loss': 5.656385898590088, 'policy_loss': -0.021889805793762207, 'vf_explained_var': 0.7299920916557312, 'entropy': 1.3136872053146362, 'cur_kl_coeff': 0.37968745827674866, 'vf_loss': 5.671464443206787}, 'sample_time_ms': 9547.826, 'grad_time_ms': 274.726, 'update_time_ms': 4.469, 'num_steps_trained': 25600}",298.50326358305614,2019-04-02_07-39-36,kronos,71,25600,0,168.59413528442383,{},25600,16,16,168.59413528442383,445.4776214020213,1600,1554190776,{},0b32d2eec3344b1fbde4822793b2e447,83.35802442090997
False,18,"{'input': 'sampler', 'callbacks': {'on_train_result': None, 'on_sample_end': None, 'on_episode_step': None, 'on_episode_start': None, 'on_episode_end': None}, 'sample_batch_size': 200, 'clip_actions': False, 'clip_rewards': None, 'tf_session_args': {'inter_op_parallelism_threads': 2, 'intra_op_parallelism_threads': 2, 'device_count': {'CPU': 1}, 'log_device_placement': False, 'allow_soft_placement': True, 'gpu_options': {'allow_growth': True}}, 'kl_target': 0.01, 'horizon': 1500, 'lr': 0.0005, 'sample_async': False, 'simple_optimizer': False, 'compress_observations': False, 'num_envs_per_worker': 1, 'gamma': 0.99, 'sgd_minibatch_size': 128, 'observation_filter': 'NoFilter', 'entropy_coeff': 0.0, 'batch_mode': 'truncate_episodes', 'straggler_mitigation': False, 'vf_share_layers': False, 'num_gpus': 0, 'synchronize_filters': True, 'num_sgd_iter': 10, 'train_batch_size': 1500, 'optimizer': {}, 'num_gpus_per_worker': 0, 'preprocessor_pref': 'deepmind', 'num_cpus_for_driver': 1, 'lr_schedule': None, 'use_gae': True, 'lambda': 0.97, 'vf_loss_coeff': 1.0, 'vf_clip_param': 1000000.0, 'log_level': 'INFO', 'env_config': {'run': 'PPO', 'flow_params': '{\n    ""env"": {\n        ""additional_params"": {\n            ""max_accel"": 3,\n            ""max_decel"": 3,\n            ""sort_vehicles"": false,\n            ""target_velocity"": 20\n        },\n        ""evaluate"": false,\n        ""horizon"": 1500,\n        ""sims_per_step"": 1,\n        ""warmup_steps"": 0\n    },\n    ""env_name"": ""AccelEnv"",\n    ""exp_tag"": ""figure_eight_0"",\n    ""initial"": {\n        ""additional_params"": {},\n        ""bunching"": 0,\n        ""edges_distribution"": ""all"",\n        ""lanes_distribution"": Infinity,\n        ""min_gap"": 0,\n        ""perturbation"": 0.0,\n        ""shuffle"": false,\n        ""spacing"": ""uniform"",\n        ""x0"": 0\n    },\n    ""net"": {\n        ""additional_params"": {\n            ""lanes"": 1,\n            ""radius_ring"": 30,\n            ""resolution"": 40,\n            ""speed_limit"": 30\n        },\n        ""inflows"": {\n            ""_InFlows__flows"": [],\n            ""num_flows"": 0\n        },\n        ""netfile"": null,\n        ""no_internal_links"": false,\n        ""osm_path"": null\n    },\n    ""scenario"": ""Figure8Scenario"",\n    ""sim"": {\n        ""emission_path"": null,\n        ""lateral_resolution"": null,\n        ""no_step_log"": true,\n        ""num_clients"": 1,\n        ""overtake_right"": false,\n        ""port"": null,\n        ""print_warnings"": true,\n        ""pxpm"": 2,\n        ""render"": false,\n        ""restart_instance"": false,\n        ""save_render"": false,\n        ""seed"": null,\n        ""show_radius"": false,\n        ""sight_radius"": 25,\n        ""sim_step"": 0.1,\n        ""teleport_time"": -1\n    },\n    ""simulator"": ""traci"",\n    ""veh"": [\n        {\n            ""acceleration_controller"": [\n                ""IDMController"",\n                {\n                    ""noise"": 0.2\n                }\n            ],\n            ""car_following_params"": {\n                ""controller_params"": {\n                    ""accel"": 1.0,\n                    ""carFollowModel"": ""IDM"",\n                    ""decel"": 1.5,\n                    ""impatience"": 0.5,\n                    ""maxSpeed"": 30,\n                    ""minGap"": 2.5,\n                    ""sigma"": 0.5,\n                    ""speedDev"": 0.1,\n                    ""speedFactor"": 1.0,\n                    ""tau"": 1.0\n                },\n                ""speed_mode"": 1\n            },\n            ""initial_speed"": 0,\n            ""lane_change_controller"": [\n                ""SimLaneChangeController"",\n                {}\n            ],\n            ""lane_change_params"": {\n                ""controller_params"": {\n                    ""laneChangeModel"": ""LC2013"",\n                    ""lcCooperative"": ""1.0"",\n                    ""lcKeepRight"": ""1.0"",\n                    ""lcSpeedGain"": ""1.0"",\n                    ""lcStrategic"": ""1.0""\n                },\n                ""lane_change_mode"": 512\n            },\n            ""num_vehicles"": 13,\n            ""routing_controller"": [\n                ""ContinuousRouter"",\n                {}\n            ],\n            ""veh_id"": ""human""\n        },\n        {\n            ""acceleration_controller"": [\n                ""RLController"",\n                {}\n            ],\n            ""car_following_params"": {\n                ""controller_params"": {\n                    ""accel"": 1.0,\n                    ""carFollowModel"": ""IDM"",\n                    ""decel"": 1.5,\n                    ""impatience"": 0.5,\n                    ""maxSpeed"": 30,\n                    ""minGap"": 2.5,\n                    ""sigma"": 0.5,\n                    ""speedDev"": 0.1,\n                    ""speedFactor"": 1.0,\n                    ""tau"": 1.0\n                },\n                ""speed_mode"": 1\n            },\n            ""initial_speed"": 0,\n            ""lane_change_controller"": [\n                ""SimLaneChangeController"",\n                {}\n            ],\n            ""lane_change_params"": {\n                ""controller_params"": {\n                    ""laneChangeModel"": ""LC2013"",\n                    ""lcCooperative"": ""1.0"",\n                    ""lcKeepRight"": ""1.0"",\n                    ""lcSpeedGain"": ""1.0"",\n                    ""lcStrategic"": ""1.0""\n                },\n                ""lane_change_mode"": 512\n            },\n            ""num_vehicles"": 1,\n            ""routing_controller"": [\n                ""ContinuousRouter"",\n                {}\n            ],\n            ""veh_id"": ""rl""\n        }\n    ]\n}'}, 'env': 'AccelEnv-v0', 'local_evaluator_tf_session_args': {'inter_op_parallelism_threads': 8, 'intra_op_parallelism_threads': 8}, 'model': {'free_log_std': False, 'custom_options': {}, 'framestack': True, 'channel_major': False, 'max_seq_len': 20, 'lstm_use_prev_action_reward': False, 'squash_to_range': False, 'dim': 84, 'grayscale': False, 'fcnet_hiddens': [100, 50, 25], 'use_lstm': False, 'custom_model': None, 'fcnet_activation': 'tanh', 'conv_filters': None, 'conv_activation': 'relu', 'lstm_cell_size': 256, 'zero_mean': True, 'custom_preprocessor': None}, 'output_compress_columns': ['obs', 'new_obs'], 'monitor': False, 'custom_resources_per_worker': {}, 'output_max_file_size': 67108864, 'num_workers': 1, 'clip_param': 0.3, 'kl_coeff': 0.2, 'multiagent': {'policy_graphs': {}, 'policy_mapping_fn': None, 'policies_to_train': None}, 'input_evaluation': None, 'output': None, 'collect_metrics_timeout': 180, 'num_cpus_per_worker': 1}",169.237.32.118,1,1500.0,9.828732013702393,"{'num_steps_sampled': 27200, 'load_time_ms': 1.116, 'default': {'kl': 0.0061591267585754395, 'cur_lr': 0.0005000000237487257, 'total_loss': 4.88353157043457, 'policy_loss': -0.005423456430435181, 'vf_explained_var': 0.7993044257164001, 'entropy': 1.3121479749679565, 'cur_kl_coeff': 0.37968745827674866, 'vf_loss': 4.886616230010986}, 'sample_time_ms': 9559.322, 'grad_time_ms': 271.964, 'update_time_ms': 4.502, 'num_steps_trained': 27200}",305.0831194399023,2019-04-02_07-39-46,kronos,71,27200,0,178.42286729812622,{},27200,17,17,178.42286729812622,445.4776214020213,1600,1554190786,{},0b32d2eec3344b1fbde4822793b2e447,83.35802442090997
False,19,"{'input': 'sampler', 'callbacks': {'on_train_result': None, 'on_sample_end': None, 'on_episode_step': None, 'on_episode_start': None, 'on_episode_end': None}, 'sample_batch_size': 200, 'clip_actions': False, 'clip_rewards': None, 'tf_session_args': {'inter_op_parallelism_threads': 2, 'intra_op_parallelism_threads': 2, 'device_count': {'CPU': 1}, 'log_device_placement': False, 'allow_soft_placement': True, 'gpu_options': {'allow_growth': True}}, 'kl_target': 0.01, 'horizon': 1500, 'lr': 0.0005, 'sample_async': False, 'simple_optimizer': False, 'compress_observations': False, 'num_envs_per_worker': 1, 'gamma': 0.99, 'sgd_minibatch_size': 128, 'observation_filter': 'NoFilter', 'entropy_coeff': 0.0, 'batch_mode': 'truncate_episodes', 'straggler_mitigation': False, 'vf_share_layers': False, 'num_gpus': 0, 'synchronize_filters': True, 'num_sgd_iter': 10, 'train_batch_size': 1500, 'optimizer': {}, 'num_gpus_per_worker': 0, 'preprocessor_pref': 'deepmind', 'num_cpus_for_driver': 1, 'lr_schedule': None, 'use_gae': True, 'lambda': 0.97, 'vf_loss_coeff': 1.0, 'vf_clip_param': 1000000.0, 'log_level': 'INFO', 'env_config': {'run': 'PPO', 'flow_params': '{\n    ""env"": {\n        ""additional_params"": {\n            ""max_accel"": 3,\n            ""max_decel"": 3,\n            ""sort_vehicles"": false,\n            ""target_velocity"": 20\n        },\n        ""evaluate"": false,\n        ""horizon"": 1500,\n        ""sims_per_step"": 1,\n        ""warmup_steps"": 0\n    },\n    ""env_name"": ""AccelEnv"",\n    ""exp_tag"": ""figure_eight_0"",\n    ""initial"": {\n        ""additional_params"": {},\n        ""bunching"": 0,\n        ""edges_distribution"": ""all"",\n        ""lanes_distribution"": Infinity,\n        ""min_gap"": 0,\n        ""perturbation"": 0.0,\n        ""shuffle"": false,\n        ""spacing"": ""uniform"",\n        ""x0"": 0\n    },\n    ""net"": {\n        ""additional_params"": {\n            ""lanes"": 1,\n            ""radius_ring"": 30,\n            ""resolution"": 40,\n            ""speed_limit"": 30\n        },\n        ""inflows"": {\n            ""_InFlows__flows"": [],\n            ""num_flows"": 0\n        },\n        ""netfile"": null,\n        ""no_internal_links"": false,\n        ""osm_path"": null\n    },\n    ""scenario"": ""Figure8Scenario"",\n    ""sim"": {\n        ""emission_path"": null,\n        ""lateral_resolution"": null,\n        ""no_step_log"": true,\n        ""num_clients"": 1,\n        ""overtake_right"": false,\n        ""port"": null,\n        ""print_warnings"": true,\n        ""pxpm"": 2,\n        ""render"": false,\n        ""restart_instance"": false,\n        ""save_render"": false,\n        ""seed"": null,\n        ""show_radius"": false,\n        ""sight_radius"": 25,\n        ""sim_step"": 0.1,\n        ""teleport_time"": -1\n    },\n    ""simulator"": ""traci"",\n    ""veh"": [\n        {\n            ""acceleration_controller"": [\n                ""IDMController"",\n                {\n                    ""noise"": 0.2\n                }\n            ],\n            ""car_following_params"": {\n                ""controller_params"": {\n                    ""accel"": 1.0,\n                    ""carFollowModel"": ""IDM"",\n                    ""decel"": 1.5,\n                    ""impatience"": 0.5,\n                    ""maxSpeed"": 30,\n                    ""minGap"": 2.5,\n                    ""sigma"": 0.5,\n                    ""speedDev"": 0.1,\n                    ""speedFactor"": 1.0,\n                    ""tau"": 1.0\n                },\n                ""speed_mode"": 1\n            },\n            ""initial_speed"": 0,\n            ""lane_change_controller"": [\n                ""SimLaneChangeController"",\n                {}\n            ],\n            ""lane_change_params"": {\n                ""controller_params"": {\n                    ""laneChangeModel"": ""LC2013"",\n                    ""lcCooperative"": ""1.0"",\n                    ""lcKeepRight"": ""1.0"",\n                    ""lcSpeedGain"": ""1.0"",\n                    ""lcStrategic"": ""1.0""\n                },\n                ""lane_change_mode"": 512\n            },\n            ""num_vehicles"": 13,\n            ""routing_controller"": [\n                ""ContinuousRouter"",\n                {}\n            ],\n            ""veh_id"": ""human""\n        },\n        {\n            ""acceleration_controller"": [\n                ""RLController"",\n                {}\n            ],\n            ""car_following_params"": {\n                ""controller_params"": {\n                    ""accel"": 1.0,\n                    ""carFollowModel"": ""IDM"",\n                    ""decel"": 1.5,\n                    ""impatience"": 0.5,\n                    ""maxSpeed"": 30,\n                    ""minGap"": 2.5,\n                    ""sigma"": 0.5,\n                    ""speedDev"": 0.1,\n                    ""speedFactor"": 1.0,\n                    ""tau"": 1.0\n                },\n                ""speed_mode"": 1\n            },\n            ""initial_speed"": 0,\n            ""lane_change_controller"": [\n                ""SimLaneChangeController"",\n                {}\n            ],\n            ""lane_change_params"": {\n                ""controller_params"": {\n                    ""laneChangeModel"": ""LC2013"",\n                    ""lcCooperative"": ""1.0"",\n                    ""lcKeepRight"": ""1.0"",\n                    ""lcSpeedGain"": ""1.0"",\n                    ""lcStrategic"": ""1.0""\n                },\n                ""lane_change_mode"": 512\n            },\n            ""num_vehicles"": 1,\n            ""routing_controller"": [\n                ""ContinuousRouter"",\n                {}\n            ],\n            ""veh_id"": ""rl""\n        }\n    ]\n}'}, 'env': 'AccelEnv-v0', 'local_evaluator_tf_session_args': {'inter_op_parallelism_threads': 8, 'intra_op_parallelism_threads': 8}, 'model': {'free_log_std': False, 'custom_options': {}, 'framestack': True, 'channel_major': False, 'max_seq_len': 20, 'lstm_use_prev_action_reward': False, 'squash_to_range': False, 'dim': 84, 'grayscale': False, 'fcnet_hiddens': [100, 50, 25], 'use_lstm': False, 'custom_model': None, 'fcnet_activation': 'tanh', 'conv_filters': None, 'conv_activation': 'relu', 'lstm_cell_size': 256, 'zero_mean': True, 'custom_preprocessor': None}, 'output_compress_columns': ['obs', 'new_obs'], 'monitor': False, 'custom_resources_per_worker': {}, 'output_max_file_size': 67108864, 'num_workers': 1, 'clip_param': 0.3, 'kl_coeff': 0.2, 'multiagent': {'policy_graphs': {}, 'policy_mapping_fn': None, 'policies_to_train': None}, 'input_evaluation': None, 'output': None, 'collect_metrics_timeout': 180, 'num_cpus_per_worker': 1}",169.237.32.118,1,1500.0,9.976473093032837,"{'num_steps_sampled': 28800, 'load_time_ms': 1.125, 'default': {'kl': 0.009395419619977474, 'cur_lr': 0.0005000000237487257, 'total_loss': 4.714706897735596, 'policy_loss': -0.015002444386482239, 'vf_explained_var': 0.8360214829444885, 'entropy': 1.3659659624099731, 'cur_kl_coeff': 0.37968745827674866, 'vf_loss': 4.726141929626465}, 'sample_time_ms': 9582.38, 'grad_time_ms': 272.974, 'update_time_ms': 4.359, 'num_steps_trained': 28800}",311.5560029478095,2019-04-02_07-39-56,kronos,71,28800,0,188.39934039115906,{},28800,18,18,188.39934039115906,445.4776214020213,1600,1554190796,{},0b32d2eec3344b1fbde4822793b2e447,83.35802442090997
False,20,"{'input': 'sampler', 'callbacks': {'on_train_result': None, 'on_sample_end': None, 'on_episode_step': None, 'on_episode_start': None, 'on_episode_end': None}, 'sample_batch_size': 200, 'clip_actions': False, 'clip_rewards': None, 'tf_session_args': {'inter_op_parallelism_threads': 2, 'intra_op_parallelism_threads': 2, 'device_count': {'CPU': 1}, 'log_device_placement': False, 'allow_soft_placement': True, 'gpu_options': {'allow_growth': True}}, 'kl_target': 0.01, 'horizon': 1500, 'lr': 0.0005, 'sample_async': False, 'simple_optimizer': False, 'compress_observations': False, 'num_envs_per_worker': 1, 'gamma': 0.99, 'sgd_minibatch_size': 128, 'observation_filter': 'NoFilter', 'entropy_coeff': 0.0, 'batch_mode': 'truncate_episodes', 'straggler_mitigation': False, 'vf_share_layers': False, 'num_gpus': 0, 'synchronize_filters': True, 'num_sgd_iter': 10, 'train_batch_size': 1500, 'optimizer': {}, 'num_gpus_per_worker': 0, 'preprocessor_pref': 'deepmind', 'num_cpus_for_driver': 1, 'lr_schedule': None, 'use_gae': True, 'lambda': 0.97, 'vf_loss_coeff': 1.0, 'vf_clip_param': 1000000.0, 'log_level': 'INFO', 'env_config': {'run': 'PPO', 'flow_params': '{\n    ""env"": {\n        ""additional_params"": {\n            ""max_accel"": 3,\n            ""max_decel"": 3,\n            ""sort_vehicles"": false,\n            ""target_velocity"": 20\n        },\n        ""evaluate"": false,\n        ""horizon"": 1500,\n        ""sims_per_step"": 1,\n        ""warmup_steps"": 0\n    },\n    ""env_name"": ""AccelEnv"",\n    ""exp_tag"": ""figure_eight_0"",\n    ""initial"": {\n        ""additional_params"": {},\n        ""bunching"": 0,\n        ""edges_distribution"": ""all"",\n        ""lanes_distribution"": Infinity,\n        ""min_gap"": 0,\n        ""perturbation"": 0.0,\n        ""shuffle"": false,\n        ""spacing"": ""uniform"",\n        ""x0"": 0\n    },\n    ""net"": {\n        ""additional_params"": {\n            ""lanes"": 1,\n            ""radius_ring"": 30,\n            ""resolution"": 40,\n            ""speed_limit"": 30\n        },\n        ""inflows"": {\n            ""_InFlows__flows"": [],\n            ""num_flows"": 0\n        },\n        ""netfile"": null,\n        ""no_internal_links"": false,\n        ""osm_path"": null\n    },\n    ""scenario"": ""Figure8Scenario"",\n    ""sim"": {\n        ""emission_path"": null,\n        ""lateral_resolution"": null,\n        ""no_step_log"": true,\n        ""num_clients"": 1,\n        ""overtake_right"": false,\n        ""port"": null,\n        ""print_warnings"": true,\n        ""pxpm"": 2,\n        ""render"": false,\n        ""restart_instance"": false,\n        ""save_render"": false,\n        ""seed"": null,\n        ""show_radius"": false,\n        ""sight_radius"": 25,\n        ""sim_step"": 0.1,\n        ""teleport_time"": -1\n    },\n    ""simulator"": ""traci"",\n    ""veh"": [\n        {\n            ""acceleration_controller"": [\n                ""IDMController"",\n                {\n                    ""noise"": 0.2\n                }\n            ],\n            ""car_following_params"": {\n                ""controller_params"": {\n                    ""accel"": 1.0,\n                    ""carFollowModel"": ""IDM"",\n                    ""decel"": 1.5,\n                    ""impatience"": 0.5,\n                    ""maxSpeed"": 30,\n                    ""minGap"": 2.5,\n                    ""sigma"": 0.5,\n                    ""speedDev"": 0.1,\n                    ""speedFactor"": 1.0,\n                    ""tau"": 1.0\n                },\n                ""speed_mode"": 1\n            },\n            ""initial_speed"": 0,\n            ""lane_change_controller"": [\n                ""SimLaneChangeController"",\n                {}\n            ],\n            ""lane_change_params"": {\n                ""controller_params"": {\n                    ""laneChangeModel"": ""LC2013"",\n                    ""lcCooperative"": ""1.0"",\n                    ""lcKeepRight"": ""1.0"",\n                    ""lcSpeedGain"": ""1.0"",\n                    ""lcStrategic"": ""1.0""\n                },\n                ""lane_change_mode"": 512\n            },\n            ""num_vehicles"": 13,\n            ""routing_controller"": [\n                ""ContinuousRouter"",\n                {}\n            ],\n            ""veh_id"": ""human""\n        },\n        {\n            ""acceleration_controller"": [\n                ""RLController"",\n                {}\n            ],\n            ""car_following_params"": {\n                ""controller_params"": {\n                    ""accel"": 1.0,\n                    ""carFollowModel"": ""IDM"",\n                    ""decel"": 1.5,\n                    ""impatience"": 0.5,\n                    ""maxSpeed"": 30,\n                    ""minGap"": 2.5,\n                    ""sigma"": 0.5,\n                    ""speedDev"": 0.1,\n                    ""speedFactor"": 1.0,\n                    ""tau"": 1.0\n                },\n                ""speed_mode"": 1\n            },\n            ""initial_speed"": 0,\n            ""lane_change_controller"": [\n                ""SimLaneChangeController"",\n                {}\n            ],\n            ""lane_change_params"": {\n                ""controller_params"": {\n                    ""laneChangeModel"": ""LC2013"",\n                    ""lcCooperative"": ""1.0"",\n                    ""lcKeepRight"": ""1.0"",\n                    ""lcSpeedGain"": ""1.0"",\n                    ""lcStrategic"": ""1.0""\n                },\n                ""lane_change_mode"": 512\n            },\n            ""num_vehicles"": 1,\n            ""routing_controller"": [\n                ""ContinuousRouter"",\n                {}\n            ],\n            ""veh_id"": ""rl""\n        }\n    ]\n}'}, 'env': 'AccelEnv-v0', 'local_evaluator_tf_session_args': {'inter_op_parallelism_threads': 8, 'intra_op_parallelism_threads': 8}, 'model': {'free_log_std': False, 'custom_options': {}, 'framestack': True, 'channel_major': False, 'max_seq_len': 20, 'lstm_use_prev_action_reward': False, 'squash_to_range': False, 'dim': 84, 'grayscale': False, 'fcnet_hiddens': [100, 50, 25], 'use_lstm': False, 'custom_model': None, 'fcnet_activation': 'tanh', 'conv_filters': None, 'conv_activation': 'relu', 'lstm_cell_size': 256, 'zero_mean': True, 'custom_preprocessor': None}, 'output_compress_columns': ['obs', 'new_obs'], 'monitor': False, 'custom_resources_per_worker': {}, 'output_max_file_size': 67108864, 'num_workers': 1, 'clip_param': 0.3, 'kl_coeff': 0.2, 'multiagent': {'policy_graphs': {}, 'policy_mapping_fn': None, 'policies_to_train': None}, 'input_evaluation': None, 'output': None, 'collect_metrics_timeout': 180, 'num_cpus_per_worker': 1}",169.237.32.118,1,1500.0,9.880113124847412,"{'num_steps_sampled': 30400, 'load_time_ms': 1.129, 'default': {'kl': 0.010918785817921162, 'cur_lr': 0.0005000000237487257, 'total_loss': 2.4467146396636963, 'policy_loss': -0.00928062666207552, 'vf_explained_var': 0.9669972062110901, 'entropy': 1.363824486732483, 'cur_kl_coeff': 0.37968745827674866, 'vf_loss': 2.4518496990203857}, 'sample_time_ms': 9583.919, 'grad_time_ms': 274.775, 'update_time_ms': 4.298, 'num_steps_trained': 30400}",315.99250757215907,2019-04-02_07-40-05,kronos,71,30400,0,198.27945351600647,{},30400,19,19,198.27945351600647,445.4776214020213,1600,1554190805,{},0b32d2eec3344b1fbde4822793b2e447,83.35802442090997
False,21,"{'input': 'sampler', 'callbacks': {'on_train_result': None, 'on_sample_end': None, 'on_episode_step': None, 'on_episode_start': None, 'on_episode_end': None}, 'sample_batch_size': 200, 'clip_actions': False, 'clip_rewards': None, 'tf_session_args': {'inter_op_parallelism_threads': 2, 'intra_op_parallelism_threads': 2, 'device_count': {'CPU': 1}, 'log_device_placement': False, 'allow_soft_placement': True, 'gpu_options': {'allow_growth': True}}, 'kl_target': 0.01, 'horizon': 1500, 'lr': 0.0005, 'sample_async': False, 'simple_optimizer': False, 'compress_observations': False, 'num_envs_per_worker': 1, 'gamma': 0.99, 'sgd_minibatch_size': 128, 'observation_filter': 'NoFilter', 'entropy_coeff': 0.0, 'batch_mode': 'truncate_episodes', 'straggler_mitigation': False, 'vf_share_layers': False, 'num_gpus': 0, 'synchronize_filters': True, 'num_sgd_iter': 10, 'train_batch_size': 1500, 'optimizer': {}, 'num_gpus_per_worker': 0, 'preprocessor_pref': 'deepmind', 'num_cpus_for_driver': 1, 'lr_schedule': None, 'use_gae': True, 'lambda': 0.97, 'vf_loss_coeff': 1.0, 'vf_clip_param': 1000000.0, 'log_level': 'INFO', 'env_config': {'run': 'PPO', 'flow_params': '{\n    ""env"": {\n        ""additional_params"": {\n            ""max_accel"": 3,\n            ""max_decel"": 3,\n            ""sort_vehicles"": false,\n            ""target_velocity"": 20\n        },\n        ""evaluate"": false,\n        ""horizon"": 1500,\n        ""sims_per_step"": 1,\n        ""warmup_steps"": 0\n    },\n    ""env_name"": ""AccelEnv"",\n    ""exp_tag"": ""figure_eight_0"",\n    ""initial"": {\n        ""additional_params"": {},\n        ""bunching"": 0,\n        ""edges_distribution"": ""all"",\n        ""lanes_distribution"": Infinity,\n        ""min_gap"": 0,\n        ""perturbation"": 0.0,\n        ""shuffle"": false,\n        ""spacing"": ""uniform"",\n        ""x0"": 0\n    },\n    ""net"": {\n        ""additional_params"": {\n            ""lanes"": 1,\n            ""radius_ring"": 30,\n            ""resolution"": 40,\n            ""speed_limit"": 30\n        },\n        ""inflows"": {\n            ""_InFlows__flows"": [],\n            ""num_flows"": 0\n        },\n        ""netfile"": null,\n        ""no_internal_links"": false,\n        ""osm_path"": null\n    },\n    ""scenario"": ""Figure8Scenario"",\n    ""sim"": {\n        ""emission_path"": null,\n        ""lateral_resolution"": null,\n        ""no_step_log"": true,\n        ""num_clients"": 1,\n        ""overtake_right"": false,\n        ""port"": null,\n        ""print_warnings"": true,\n        ""pxpm"": 2,\n        ""render"": false,\n        ""restart_instance"": false,\n        ""save_render"": false,\n        ""seed"": null,\n        ""show_radius"": false,\n        ""sight_radius"": 25,\n        ""sim_step"": 0.1,\n        ""teleport_time"": -1\n    },\n    ""simulator"": ""traci"",\n    ""veh"": [\n        {\n            ""acceleration_controller"": [\n                ""IDMController"",\n                {\n                    ""noise"": 0.2\n                }\n            ],\n            ""car_following_params"": {\n                ""controller_params"": {\n                    ""accel"": 1.0,\n                    ""carFollowModel"": ""IDM"",\n                    ""decel"": 1.5,\n                    ""impatience"": 0.5,\n                    ""maxSpeed"": 30,\n                    ""minGap"": 2.5,\n                    ""sigma"": 0.5,\n                    ""speedDev"": 0.1,\n                    ""speedFactor"": 1.0,\n                    ""tau"": 1.0\n                },\n                ""speed_mode"": 1\n            },\n            ""initial_speed"": 0,\n            ""lane_change_controller"": [\n                ""SimLaneChangeController"",\n                {}\n            ],\n            ""lane_change_params"": {\n                ""controller_params"": {\n                    ""laneChangeModel"": ""LC2013"",\n                    ""lcCooperative"": ""1.0"",\n                    ""lcKeepRight"": ""1.0"",\n                    ""lcSpeedGain"": ""1.0"",\n                    ""lcStrategic"": ""1.0""\n                },\n                ""lane_change_mode"": 512\n            },\n            ""num_vehicles"": 13,\n            ""routing_controller"": [\n                ""ContinuousRouter"",\n                {}\n            ],\n            ""veh_id"": ""human""\n        },\n        {\n            ""acceleration_controller"": [\n                ""RLController"",\n                {}\n            ],\n            ""car_following_params"": {\n                ""controller_params"": {\n                    ""accel"": 1.0,\n                    ""carFollowModel"": ""IDM"",\n                    ""decel"": 1.5,\n                    ""impatience"": 0.5,\n                    ""maxSpeed"": 30,\n                    ""minGap"": 2.5,\n                    ""sigma"": 0.5,\n                    ""speedDev"": 0.1,\n                    ""speedFactor"": 1.0,\n                    ""tau"": 1.0\n                },\n                ""speed_mode"": 1\n            },\n            ""initial_speed"": 0,\n            ""lane_change_controller"": [\n                ""SimLaneChangeController"",\n                {}\n            ],\n            ""lane_change_params"": {\n                ""controller_params"": {\n                    ""laneChangeModel"": ""LC2013"",\n                    ""lcCooperative"": ""1.0"",\n                    ""lcKeepRight"": ""1.0"",\n                    ""lcSpeedGain"": ""1.0"",\n                    ""lcStrategic"": ""1.0""\n                },\n                ""lane_change_mode"": 512\n            },\n            ""num_vehicles"": 1,\n            ""routing_controller"": [\n                ""ContinuousRouter"",\n                {}\n            ],\n            ""veh_id"": ""rl""\n        }\n    ]\n}'}, 'env': 'AccelEnv-v0', 'local_evaluator_tf_session_args': {'inter_op_parallelism_threads': 8, 'intra_op_parallelism_threads': 8}, 'model': {'free_log_std': False, 'custom_options': {}, 'framestack': True, 'channel_major': False, 'max_seq_len': 20, 'lstm_use_prev_action_reward': False, 'squash_to_range': False, 'dim': 84, 'grayscale': False, 'fcnet_hiddens': [100, 50, 25], 'use_lstm': False, 'custom_model': None, 'fcnet_activation': 'tanh', 'conv_filters': None, 'conv_activation': 'relu', 'lstm_cell_size': 256, 'zero_mean': True, 'custom_preprocessor': None}, 'output_compress_columns': ['obs', 'new_obs'], 'monitor': False, 'custom_resources_per_worker': {}, 'output_max_file_size': 67108864, 'num_workers': 1, 'clip_param': 0.3, 'kl_coeff': 0.2, 'multiagent': {'policy_graphs': {}, 'policy_mapping_fn': None, 'policies_to_train': None}, 'input_evaluation': None, 'output': None, 'collect_metrics_timeout': 180, 'num_cpus_per_worker': 1}",169.237.32.118,1,1500.0,9.951902866363525,"{'num_steps_sampled': 32000, 'load_time_ms': 1.164, 'default': {'kl': 0.005206268280744553, 'cur_lr': 0.0005000000237487257, 'total_loss': 8.259446144104004, 'policy_loss': 0.002018969040364027, 'vf_explained_var': 0.730691134929657, 'entropy': 1.259626030921936, 'cur_kl_coeff': 0.37968745827674866, 'vf_loss': 8.255450248718262}, 'sample_time_ms': 9599.769, 'grad_time_ms': 272.833, 'update_time_ms': 4.224, 'num_steps_trained': 32000}",322.50204808869785,2019-04-02_07-40-15,kronos,71,32000,0,208.23135638237,{},32000,20,20,208.23135638237,452.692858419475,1600,1554190815,{},0b32d2eec3344b1fbde4822793b2e447,83.35802442090997
False,23,"{'input': 'sampler', 'callbacks': {'on_train_result': None, 'on_sample_end': None, 'on_episode_step': None, 'on_episode_start': None, 'on_episode_end': None}, 'sample_batch_size': 200, 'clip_actions': False, 'clip_rewards': None, 'tf_session_args': {'inter_op_parallelism_threads': 2, 'intra_op_parallelism_threads': 2, 'device_count': {'CPU': 1}, 'log_device_placement': False, 'allow_soft_placement': True, 'gpu_options': {'allow_growth': True}}, 'kl_target': 0.01, 'horizon': 1500, 'lr': 0.0005, 'sample_async': False, 'simple_optimizer': False, 'compress_observations': False, 'num_envs_per_worker': 1, 'gamma': 0.99, 'sgd_minibatch_size': 128, 'observation_filter': 'NoFilter', 'entropy_coeff': 0.0, 'batch_mode': 'truncate_episodes', 'straggler_mitigation': False, 'vf_share_layers': False, 'num_gpus': 0, 'synchronize_filters': True, 'num_sgd_iter': 10, 'train_batch_size': 1500, 'optimizer': {}, 'num_gpus_per_worker': 0, 'preprocessor_pref': 'deepmind', 'num_cpus_for_driver': 1, 'lr_schedule': None, 'use_gae': True, 'lambda': 0.97, 'vf_loss_coeff': 1.0, 'vf_clip_param': 1000000.0, 'log_level': 'INFO', 'env_config': {'run': 'PPO', 'flow_params': '{\n    ""env"": {\n        ""additional_params"": {\n            ""max_accel"": 3,\n            ""max_decel"": 3,\n            ""sort_vehicles"": false,\n            ""target_velocity"": 20\n        },\n        ""evaluate"": false,\n        ""horizon"": 1500,\n        ""sims_per_step"": 1,\n        ""warmup_steps"": 0\n    },\n    ""env_name"": ""AccelEnv"",\n    ""exp_tag"": ""figure_eight_0"",\n    ""initial"": {\n        ""additional_params"": {},\n        ""bunching"": 0,\n        ""edges_distribution"": ""all"",\n        ""lanes_distribution"": Infinity,\n        ""min_gap"": 0,\n        ""perturbation"": 0.0,\n        ""shuffle"": false,\n        ""spacing"": ""uniform"",\n        ""x0"": 0\n    },\n    ""net"": {\n        ""additional_params"": {\n            ""lanes"": 1,\n            ""radius_ring"": 30,\n            ""resolution"": 40,\n            ""speed_limit"": 30\n        },\n        ""inflows"": {\n            ""_InFlows__flows"": [],\n            ""num_flows"": 0\n        },\n        ""netfile"": null,\n        ""no_internal_links"": false,\n        ""osm_path"": null\n    },\n    ""scenario"": ""Figure8Scenario"",\n    ""sim"": {\n        ""emission_path"": null,\n        ""lateral_resolution"": null,\n        ""no_step_log"": true,\n        ""num_clients"": 1,\n        ""overtake_right"": false,\n        ""port"": null,\n        ""print_warnings"": true,\n        ""pxpm"": 2,\n        ""render"": false,\n        ""restart_instance"": false,\n        ""save_render"": false,\n        ""seed"": null,\n        ""show_radius"": false,\n        ""sight_radius"": 25,\n        ""sim_step"": 0.1,\n        ""teleport_time"": -1\n    },\n    ""simulator"": ""traci"",\n    ""veh"": [\n        {\n            ""acceleration_controller"": [\n                ""IDMController"",\n                {\n                    ""noise"": 0.2\n                }\n            ],\n            ""car_following_params"": {\n                ""controller_params"": {\n                    ""accel"": 1.0,\n                    ""carFollowModel"": ""IDM"",\n                    ""decel"": 1.5,\n                    ""impatience"": 0.5,\n                    ""maxSpeed"": 30,\n                    ""minGap"": 2.5,\n                    ""sigma"": 0.5,\n                    ""speedDev"": 0.1,\n                    ""speedFactor"": 1.0,\n                    ""tau"": 1.0\n                },\n                ""speed_mode"": 1\n            },\n            ""initial_speed"": 0,\n            ""lane_change_controller"": [\n                ""SimLaneChangeController"",\n                {}\n            ],\n            ""lane_change_params"": {\n                ""controller_params"": {\n                    ""laneChangeModel"": ""LC2013"",\n                    ""lcCooperative"": ""1.0"",\n                    ""lcKeepRight"": ""1.0"",\n                    ""lcSpeedGain"": ""1.0"",\n                    ""lcStrategic"": ""1.0""\n                },\n                ""lane_change_mode"": 512\n            },\n            ""num_vehicles"": 13,\n            ""routing_controller"": [\n                ""ContinuousRouter"",\n                {}\n            ],\n            ""veh_id"": ""human""\n        },\n        {\n            ""acceleration_controller"": [\n                ""RLController"",\n                {}\n            ],\n            ""car_following_params"": {\n                ""controller_params"": {\n                    ""accel"": 1.0,\n                    ""carFollowModel"": ""IDM"",\n                    ""decel"": 1.5,\n                    ""impatience"": 0.5,\n                    ""maxSpeed"": 30,\n                    ""minGap"": 2.5,\n                    ""sigma"": 0.5,\n                    ""speedDev"": 0.1,\n                    ""speedFactor"": 1.0,\n                    ""tau"": 1.0\n                },\n                ""speed_mode"": 1\n            },\n            ""initial_speed"": 0,\n            ""lane_change_controller"": [\n                ""SimLaneChangeController"",\n                {}\n            ],\n            ""lane_change_params"": {\n                ""controller_params"": {\n                    ""laneChangeModel"": ""LC2013"",\n                    ""lcCooperative"": ""1.0"",\n                    ""lcKeepRight"": ""1.0"",\n                    ""lcSpeedGain"": ""1.0"",\n                    ""lcStrategic"": ""1.0""\n                },\n                ""lane_change_mode"": 512\n            },\n            ""num_vehicles"": 1,\n            ""routing_controller"": [\n                ""ContinuousRouter"",\n                {}\n            ],\n            ""veh_id"": ""rl""\n        }\n    ]\n}'}, 'env': 'AccelEnv-v0', 'local_evaluator_tf_session_args': {'inter_op_parallelism_threads': 8, 'intra_op_parallelism_threads': 8}, 'model': {'free_log_std': False, 'custom_options': {}, 'framestack': True, 'channel_major': False, 'max_seq_len': 20, 'lstm_use_prev_action_reward': False, 'squash_to_range': False, 'dim': 84, 'grayscale': False, 'fcnet_hiddens': [100, 50, 25], 'use_lstm': False, 'custom_model': None, 'fcnet_activation': 'tanh', 'conv_filters': None, 'conv_activation': 'relu', 'lstm_cell_size': 256, 'zero_mean': True, 'custom_preprocessor': None}, 'output_compress_columns': ['obs', 'new_obs'], 'monitor': False, 'custom_resources_per_worker': {}, 'output_max_file_size': 67108864, 'num_workers': 1, 'clip_param': 0.3, 'kl_coeff': 0.2, 'multiagent': {'policy_graphs': {}, 'policy_mapping_fn': None, 'policies_to_train': None}, 'input_evaluation': None, 'output': None, 'collect_metrics_timeout': 180, 'num_cpus_per_worker': 1}",169.237.32.118,2,1427.1304347826087,9.664345264434814,"{'num_steps_sampled': 33600, 'load_time_ms': 1.188, 'default': {'kl': 0.01348480861634016, 'cur_lr': 0.0005000000237487257, 'total_loss': 2.2018136978149414, 'policy_loss': -0.03974089398980141, 'vf_explained_var': 0.9542195796966553, 'entropy': 1.3094348907470703, 'cur_kl_coeff': 0.37968745827674866, 'vf_loss': 2.2364349365234375}, 'sample_time_ms': 9594.359, 'grad_time_ms': 273.07, 'update_time_ms': 4.174, 'num_steps_trained': 33600}",309.98474843227257,2019-04-02_07-40-25,kronos,71,33600,0,217.8957016468048,{},33600,21,21,217.8957016468048,452.692858419475,1600,1554190825,{},0b32d2eec3344b1fbde4822793b2e447,83.35802442090997
False,24,"{'input': 'sampler', 'callbacks': {'on_train_result': None, 'on_sample_end': None, 'on_episode_step': None, 'on_episode_start': None, 'on_episode_end': None}, 'sample_batch_size': 200, 'clip_actions': False, 'clip_rewards': None, 'tf_session_args': {'inter_op_parallelism_threads': 2, 'intra_op_parallelism_threads': 2, 'device_count': {'CPU': 1}, 'log_device_placement': False, 'allow_soft_placement': True, 'gpu_options': {'allow_growth': True}}, 'kl_target': 0.01, 'horizon': 1500, 'lr': 0.0005, 'sample_async': False, 'simple_optimizer': False, 'compress_observations': False, 'num_envs_per_worker': 1, 'gamma': 0.99, 'sgd_minibatch_size': 128, 'observation_filter': 'NoFilter', 'entropy_coeff': 0.0, 'batch_mode': 'truncate_episodes', 'straggler_mitigation': False, 'vf_share_layers': False, 'num_gpus': 0, 'synchronize_filters': True, 'num_sgd_iter': 10, 'train_batch_size': 1500, 'optimizer': {}, 'num_gpus_per_worker': 0, 'preprocessor_pref': 'deepmind', 'num_cpus_for_driver': 1, 'lr_schedule': None, 'use_gae': True, 'lambda': 0.97, 'vf_loss_coeff': 1.0, 'vf_clip_param': 1000000.0, 'log_level': 'INFO', 'env_config': {'run': 'PPO', 'flow_params': '{\n    ""env"": {\n        ""additional_params"": {\n            ""max_accel"": 3,\n            ""max_decel"": 3,\n            ""sort_vehicles"": false,\n            ""target_velocity"": 20\n        },\n        ""evaluate"": false,\n        ""horizon"": 1500,\n        ""sims_per_step"": 1,\n        ""warmup_steps"": 0\n    },\n    ""env_name"": ""AccelEnv"",\n    ""exp_tag"": ""figure_eight_0"",\n    ""initial"": {\n        ""additional_params"": {},\n        ""bunching"": 0,\n        ""edges_distribution"": ""all"",\n        ""lanes_distribution"": Infinity,\n        ""min_gap"": 0,\n        ""perturbation"": 0.0,\n        ""shuffle"": false,\n        ""spacing"": ""uniform"",\n        ""x0"": 0\n    },\n    ""net"": {\n        ""additional_params"": {\n            ""lanes"": 1,\n            ""radius_ring"": 30,\n            ""resolution"": 40,\n            ""speed_limit"": 30\n        },\n        ""inflows"": {\n            ""_InFlows__flows"": [],\n            ""num_flows"": 0\n        },\n        ""netfile"": null,\n        ""no_internal_links"": false,\n        ""osm_path"": null\n    },\n    ""scenario"": ""Figure8Scenario"",\n    ""sim"": {\n        ""emission_path"": null,\n        ""lateral_resolution"": null,\n        ""no_step_log"": true,\n        ""num_clients"": 1,\n        ""overtake_right"": false,\n        ""port"": null,\n        ""print_warnings"": true,\n        ""pxpm"": 2,\n        ""render"": false,\n        ""restart_instance"": false,\n        ""save_render"": false,\n        ""seed"": null,\n        ""show_radius"": false,\n        ""sight_radius"": 25,\n        ""sim_step"": 0.1,\n        ""teleport_time"": -1\n    },\n    ""simulator"": ""traci"",\n    ""veh"": [\n        {\n            ""acceleration_controller"": [\n                ""IDMController"",\n                {\n                    ""noise"": 0.2\n                }\n            ],\n            ""car_following_params"": {\n                ""controller_params"": {\n                    ""accel"": 1.0,\n                    ""carFollowModel"": ""IDM"",\n                    ""decel"": 1.5,\n                    ""impatience"": 0.5,\n                    ""maxSpeed"": 30,\n                    ""minGap"": 2.5,\n                    ""sigma"": 0.5,\n                    ""speedDev"": 0.1,\n                    ""speedFactor"": 1.0,\n                    ""tau"": 1.0\n                },\n                ""speed_mode"": 1\n            },\n            ""initial_speed"": 0,\n            ""lane_change_controller"": [\n                ""SimLaneChangeController"",\n                {}\n            ],\n            ""lane_change_params"": {\n                ""controller_params"": {\n                    ""laneChangeModel"": ""LC2013"",\n                    ""lcCooperative"": ""1.0"",\n                    ""lcKeepRight"": ""1.0"",\n                    ""lcSpeedGain"": ""1.0"",\n                    ""lcStrategic"": ""1.0""\n                },\n                ""lane_change_mode"": 512\n            },\n            ""num_vehicles"": 13,\n            ""routing_controller"": [\n                ""ContinuousRouter"",\n                {}\n            ],\n            ""veh_id"": ""human""\n        },\n        {\n            ""acceleration_controller"": [\n                ""RLController"",\n                {}\n            ],\n            ""car_following_params"": {\n                ""controller_params"": {\n                    ""accel"": 1.0,\n                    ""carFollowModel"": ""IDM"",\n                    ""decel"": 1.5,\n                    ""impatience"": 0.5,\n                    ""maxSpeed"": 30,\n                    ""minGap"": 2.5,\n                    ""sigma"": 0.5,\n                    ""speedDev"": 0.1,\n                    ""speedFactor"": 1.0,\n                    ""tau"": 1.0\n                },\n                ""speed_mode"": 1\n            },\n            ""initial_speed"": 0,\n            ""lane_change_controller"": [\n                ""SimLaneChangeController"",\n                {}\n            ],\n            ""lane_change_params"": {\n                ""controller_params"": {\n                    ""laneChangeModel"": ""LC2013"",\n                    ""lcCooperative"": ""1.0"",\n                    ""lcKeepRight"": ""1.0"",\n                    ""lcSpeedGain"": ""1.0"",\n                    ""lcStrategic"": ""1.0""\n                },\n                ""lane_change_mode"": 512\n            },\n            ""num_vehicles"": 1,\n            ""routing_controller"": [\n                ""ContinuousRouter"",\n                {}\n            ],\n            ""veh_id"": ""rl""\n        }\n    ]\n}'}, 'env': 'AccelEnv-v0', 'local_evaluator_tf_session_args': {'inter_op_parallelism_threads': 8, 'intra_op_parallelism_threads': 8}, 'model': {'free_log_std': False, 'custom_options': {}, 'framestack': True, 'channel_major': False, 'max_seq_len': 20, 'lstm_use_prev_action_reward': False, 'squash_to_range': False, 'dim': 84, 'grayscale': False, 'fcnet_hiddens': [100, 50, 25], 'use_lstm': False, 'custom_model': None, 'fcnet_activation': 'tanh', 'conv_filters': None, 'conv_activation': 'relu', 'lstm_cell_size': 256, 'zero_mean': True, 'custom_preprocessor': None}, 'output_compress_columns': ['obs', 'new_obs'], 'monitor': False, 'custom_resources_per_worker': {}, 'output_max_file_size': 67108864, 'num_workers': 1, 'clip_param': 0.3, 'kl_coeff': 0.2, 'multiagent': {'policy_graphs': {}, 'policy_mapping_fn': None, 'policies_to_train': None}, 'input_evaluation': None, 'output': None, 'collect_metrics_timeout': 180, 'num_cpus_per_worker': 1}",169.237.32.118,1,1430.1666666666667,9.941935777664185,"{'num_steps_sampled': 35200, 'load_time_ms': 1.235, 'default': {'kl': 0.007538157049566507, 'cur_lr': 0.0005000000237487257, 'total_loss': 4.708503723144531, 'policy_loss': -0.009382442571222782, 'vf_explained_var': 0.8726170063018799, 'entropy': 1.2888109683990479, 'cur_kl_coeff': 0.37968745827674866, 'vf_loss': 4.715023994445801}, 'sample_time_ms': 9609.17, 'grad_time_ms': 271.609, 'update_time_ms': 4.207, 'num_steps_trained': 35200}",313.7133747047835,2019-04-02_07-40-35,kronos,71,35200,0,227.837637424469,{},35200,22,22,227.837637424469,452.692858419475,1600,1554190835,{},0b32d2eec3344b1fbde4822793b2e447,83.35802442090997
False,25,"{'input': 'sampler', 'callbacks': {'on_train_result': None, 'on_sample_end': None, 'on_episode_step': None, 'on_episode_start': None, 'on_episode_end': None}, 'sample_batch_size': 200, 'clip_actions': False, 'clip_rewards': None, 'tf_session_args': {'inter_op_parallelism_threads': 2, 'intra_op_parallelism_threads': 2, 'device_count': {'CPU': 1}, 'log_device_placement': False, 'allow_soft_placement': True, 'gpu_options': {'allow_growth': True}}, 'kl_target': 0.01, 'horizon': 1500, 'lr': 0.0005, 'sample_async': False, 'simple_optimizer': False, 'compress_observations': False, 'num_envs_per_worker': 1, 'gamma': 0.99, 'sgd_minibatch_size': 128, 'observation_filter': 'NoFilter', 'entropy_coeff': 0.0, 'batch_mode': 'truncate_episodes', 'straggler_mitigation': False, 'vf_share_layers': False, 'num_gpus': 0, 'synchronize_filters': True, 'num_sgd_iter': 10, 'train_batch_size': 1500, 'optimizer': {}, 'num_gpus_per_worker': 0, 'preprocessor_pref': 'deepmind', 'num_cpus_for_driver': 1, 'lr_schedule': None, 'use_gae': True, 'lambda': 0.97, 'vf_loss_coeff': 1.0, 'vf_clip_param': 1000000.0, 'log_level': 'INFO', 'env_config': {'run': 'PPO', 'flow_params': '{\n    ""env"": {\n        ""additional_params"": {\n            ""max_accel"": 3,\n            ""max_decel"": 3,\n            ""sort_vehicles"": false,\n            ""target_velocity"": 20\n        },\n        ""evaluate"": false,\n        ""horizon"": 1500,\n        ""sims_per_step"": 1,\n        ""warmup_steps"": 0\n    },\n    ""env_name"": ""AccelEnv"",\n    ""exp_tag"": ""figure_eight_0"",\n    ""initial"": {\n        ""additional_params"": {},\n        ""bunching"": 0,\n        ""edges_distribution"": ""all"",\n        ""lanes_distribution"": Infinity,\n        ""min_gap"": 0,\n        ""perturbation"": 0.0,\n        ""shuffle"": false,\n        ""spacing"": ""uniform"",\n        ""x0"": 0\n    },\n    ""net"": {\n        ""additional_params"": {\n            ""lanes"": 1,\n            ""radius_ring"": 30,\n            ""resolution"": 40,\n            ""speed_limit"": 30\n        },\n        ""inflows"": {\n            ""_InFlows__flows"": [],\n            ""num_flows"": 0\n        },\n        ""netfile"": null,\n        ""no_internal_links"": false,\n        ""osm_path"": null\n    },\n    ""scenario"": ""Figure8Scenario"",\n    ""sim"": {\n        ""emission_path"": null,\n        ""lateral_resolution"": null,\n        ""no_step_log"": true,\n        ""num_clients"": 1,\n        ""overtake_right"": false,\n        ""port"": null,\n        ""print_warnings"": true,\n        ""pxpm"": 2,\n        ""render"": false,\n        ""restart_instance"": false,\n        ""save_render"": false,\n        ""seed"": null,\n        ""show_radius"": false,\n        ""sight_radius"": 25,\n        ""sim_step"": 0.1,\n        ""teleport_time"": -1\n    },\n    ""simulator"": ""traci"",\n    ""veh"": [\n        {\n            ""acceleration_controller"": [\n                ""IDMController"",\n                {\n                    ""noise"": 0.2\n                }\n            ],\n            ""car_following_params"": {\n                ""controller_params"": {\n                    ""accel"": 1.0,\n                    ""carFollowModel"": ""IDM"",\n                    ""decel"": 1.5,\n                    ""impatience"": 0.5,\n                    ""maxSpeed"": 30,\n                    ""minGap"": 2.5,\n                    ""sigma"": 0.5,\n                    ""speedDev"": 0.1,\n                    ""speedFactor"": 1.0,\n                    ""tau"": 1.0\n                },\n                ""speed_mode"": 1\n            },\n            ""initial_speed"": 0,\n            ""lane_change_controller"": [\n                ""SimLaneChangeController"",\n                {}\n            ],\n            ""lane_change_params"": {\n                ""controller_params"": {\n                    ""laneChangeModel"": ""LC2013"",\n                    ""lcCooperative"": ""1.0"",\n                    ""lcKeepRight"": ""1.0"",\n                    ""lcSpeedGain"": ""1.0"",\n                    ""lcStrategic"": ""1.0""\n                },\n                ""lane_change_mode"": 512\n            },\n            ""num_vehicles"": 13,\n            ""routing_controller"": [\n                ""ContinuousRouter"",\n                {}\n            ],\n            ""veh_id"": ""human""\n        },\n        {\n            ""acceleration_controller"": [\n                ""RLController"",\n                {}\n            ],\n            ""car_following_params"": {\n                ""controller_params"": {\n                    ""accel"": 1.0,\n                    ""carFollowModel"": ""IDM"",\n                    ""decel"": 1.5,\n                    ""impatience"": 0.5,\n                    ""maxSpeed"": 30,\n                    ""minGap"": 2.5,\n                    ""sigma"": 0.5,\n                    ""speedDev"": 0.1,\n                    ""speedFactor"": 1.0,\n                    ""tau"": 1.0\n                },\n                ""speed_mode"": 1\n            },\n            ""initial_speed"": 0,\n            ""lane_change_controller"": [\n                ""SimLaneChangeController"",\n                {}\n            ],\n            ""lane_change_params"": {\n                ""controller_params"": {\n                    ""laneChangeModel"": ""LC2013"",\n                    ""lcCooperative"": ""1.0"",\n                    ""lcKeepRight"": ""1.0"",\n                    ""lcSpeedGain"": ""1.0"",\n                    ""lcStrategic"": ""1.0""\n                },\n                ""lane_change_mode"": 512\n            },\n            ""num_vehicles"": 1,\n            ""routing_controller"": [\n                ""ContinuousRouter"",\n                {}\n            ],\n            ""veh_id"": ""rl""\n        }\n    ]\n}'}, 'env': 'AccelEnv-v0', 'local_evaluator_tf_session_args': {'inter_op_parallelism_threads': 8, 'intra_op_parallelism_threads': 8}, 'model': {'free_log_std': False, 'custom_options': {}, 'framestack': True, 'channel_major': False, 'max_seq_len': 20, 'lstm_use_prev_action_reward': False, 'squash_to_range': False, 'dim': 84, 'grayscale': False, 'fcnet_hiddens': [100, 50, 25], 'use_lstm': False, 'custom_model': None, 'fcnet_activation': 'tanh', 'conv_filters': None, 'conv_activation': 'relu', 'lstm_cell_size': 256, 'zero_mean': True, 'custom_preprocessor': None}, 'output_compress_columns': ['obs', 'new_obs'], 'monitor': False, 'custom_resources_per_worker': {}, 'output_max_file_size': 67108864, 'num_workers': 1, 'clip_param': 0.3, 'kl_coeff': 0.2, 'multiagent': {'policy_graphs': {}, 'policy_mapping_fn': None, 'policies_to_train': None}, 'input_evaluation': None, 'output': None, 'collect_metrics_timeout': 180, 'num_cpus_per_worker': 1}",169.237.32.118,1,1432.96,9.953582048416138,"{'num_steps_sampled': 36800, 'load_time_ms': 1.21, 'default': {'kl': 0.008594164624810219, 'cur_lr': 0.0005000000237487257, 'total_loss': 5.650889873504639, 'policy_loss': 0.0008888561278581619, 'vf_explained_var': 0.8285903334617615, 'entropy': 1.2771369218826294, 'cur_kl_coeff': 0.37968745827674866, 'vf_loss': 5.646737575531006}, 'sample_time_ms': 9629.209, 'grad_time_ms': 273.597, 'update_time_ms': 4.564, 'num_steps_trained': 36800}",317.96597518881396,2019-04-02_07-40-45,kronos,71,36800,0,237.79121947288513,{},36800,23,23,237.79121947288513,452.692858419475,1600,1554190845,{},0b32d2eec3344b1fbde4822793b2e447,83.35802442090997
False,26,"{'input': 'sampler', 'callbacks': {'on_train_result': None, 'on_sample_end': None, 'on_episode_step': None, 'on_episode_start': None, 'on_episode_end': None}, 'sample_batch_size': 200, 'clip_actions': False, 'clip_rewards': None, 'tf_session_args': {'inter_op_parallelism_threads': 2, 'intra_op_parallelism_threads': 2, 'device_count': {'CPU': 1}, 'log_device_placement': False, 'allow_soft_placement': True, 'gpu_options': {'allow_growth': True}}, 'kl_target': 0.01, 'horizon': 1500, 'lr': 0.0005, 'sample_async': False, 'simple_optimizer': False, 'compress_observations': False, 'num_envs_per_worker': 1, 'gamma': 0.99, 'sgd_minibatch_size': 128, 'observation_filter': 'NoFilter', 'entropy_coeff': 0.0, 'batch_mode': 'truncate_episodes', 'straggler_mitigation': False, 'vf_share_layers': False, 'num_gpus': 0, 'synchronize_filters': True, 'num_sgd_iter': 10, 'train_batch_size': 1500, 'optimizer': {}, 'num_gpus_per_worker': 0, 'preprocessor_pref': 'deepmind', 'num_cpus_for_driver': 1, 'lr_schedule': None, 'use_gae': True, 'lambda': 0.97, 'vf_loss_coeff': 1.0, 'vf_clip_param': 1000000.0, 'log_level': 'INFO', 'env_config': {'run': 'PPO', 'flow_params': '{\n    ""env"": {\n        ""additional_params"": {\n            ""max_accel"": 3,\n            ""max_decel"": 3,\n            ""sort_vehicles"": false,\n            ""target_velocity"": 20\n        },\n        ""evaluate"": false,\n        ""horizon"": 1500,\n        ""sims_per_step"": 1,\n        ""warmup_steps"": 0\n    },\n    ""env_name"": ""AccelEnv"",\n    ""exp_tag"": ""figure_eight_0"",\n    ""initial"": {\n        ""additional_params"": {},\n        ""bunching"": 0,\n        ""edges_distribution"": ""all"",\n        ""lanes_distribution"": Infinity,\n        ""min_gap"": 0,\n        ""perturbation"": 0.0,\n        ""shuffle"": false,\n        ""spacing"": ""uniform"",\n        ""x0"": 0\n    },\n    ""net"": {\n        ""additional_params"": {\n            ""lanes"": 1,\n            ""radius_ring"": 30,\n            ""resolution"": 40,\n            ""speed_limit"": 30\n        },\n        ""inflows"": {\n            ""_InFlows__flows"": [],\n            ""num_flows"": 0\n        },\n        ""netfile"": null,\n        ""no_internal_links"": false,\n        ""osm_path"": null\n    },\n    ""scenario"": ""Figure8Scenario"",\n    ""sim"": {\n        ""emission_path"": null,\n        ""lateral_resolution"": null,\n        ""no_step_log"": true,\n        ""num_clients"": 1,\n        ""overtake_right"": false,\n        ""port"": null,\n        ""print_warnings"": true,\n        ""pxpm"": 2,\n        ""render"": false,\n        ""restart_instance"": false,\n        ""save_render"": false,\n        ""seed"": null,\n        ""show_radius"": false,\n        ""sight_radius"": 25,\n        ""sim_step"": 0.1,\n        ""teleport_time"": -1\n    },\n    ""simulator"": ""traci"",\n    ""veh"": [\n        {\n            ""acceleration_controller"": [\n                ""IDMController"",\n                {\n                    ""noise"": 0.2\n                }\n            ],\n            ""car_following_params"": {\n                ""controller_params"": {\n                    ""accel"": 1.0,\n                    ""carFollowModel"": ""IDM"",\n                    ""decel"": 1.5,\n                    ""impatience"": 0.5,\n                    ""maxSpeed"": 30,\n                    ""minGap"": 2.5,\n                    ""sigma"": 0.5,\n                    ""speedDev"": 0.1,\n                    ""speedFactor"": 1.0,\n                    ""tau"": 1.0\n                },\n                ""speed_mode"": 1\n            },\n            ""initial_speed"": 0,\n            ""lane_change_controller"": [\n                ""SimLaneChangeController"",\n                {}\n            ],\n            ""lane_change_params"": {\n                ""controller_params"": {\n                    ""laneChangeModel"": ""LC2013"",\n                    ""lcCooperative"": ""1.0"",\n                    ""lcKeepRight"": ""1.0"",\n                    ""lcSpeedGain"": ""1.0"",\n                    ""lcStrategic"": ""1.0""\n                },\n                ""lane_change_mode"": 512\n            },\n            ""num_vehicles"": 13,\n            ""routing_controller"": [\n                ""ContinuousRouter"",\n                {}\n            ],\n            ""veh_id"": ""human""\n        },\n        {\n            ""acceleration_controller"": [\n                ""RLController"",\n                {}\n            ],\n            ""car_following_params"": {\n                ""controller_params"": {\n                    ""accel"": 1.0,\n                    ""carFollowModel"": ""IDM"",\n                    ""decel"": 1.5,\n                    ""impatience"": 0.5,\n                    ""maxSpeed"": 30,\n                    ""minGap"": 2.5,\n                    ""sigma"": 0.5,\n                    ""speedDev"": 0.1,\n                    ""speedFactor"": 1.0,\n                    ""tau"": 1.0\n                },\n                ""speed_mode"": 1\n            },\n            ""initial_speed"": 0,\n            ""lane_change_controller"": [\n                ""SimLaneChangeController"",\n                {}\n            ],\n            ""lane_change_params"": {\n                ""controller_params"": {\n                    ""laneChangeModel"": ""LC2013"",\n                    ""lcCooperative"": ""1.0"",\n                    ""lcKeepRight"": ""1.0"",\n                    ""lcSpeedGain"": ""1.0"",\n                    ""lcStrategic"": ""1.0""\n                },\n                ""lane_change_mode"": 512\n            },\n            ""num_vehicles"": 1,\n            ""routing_controller"": [\n                ""ContinuousRouter"",\n                {}\n            ],\n            ""veh_id"": ""rl""\n        }\n    ]\n}'}, 'env': 'AccelEnv-v0', 'local_evaluator_tf_session_args': {'inter_op_parallelism_threads': 8, 'intra_op_parallelism_threads': 8}, 'model': {'free_log_std': False, 'custom_options': {}, 'framestack': True, 'channel_major': False, 'max_seq_len': 20, 'lstm_use_prev_action_reward': False, 'squash_to_range': False, 'dim': 84, 'grayscale': False, 'fcnet_hiddens': [100, 50, 25], 'use_lstm': False, 'custom_model': None, 'fcnet_activation': 'tanh', 'conv_filters': None, 'conv_activation': 'relu', 'lstm_cell_size': 256, 'zero_mean': True, 'custom_preprocessor': None}, 'output_compress_columns': ['obs', 'new_obs'], 'monitor': False, 'custom_resources_per_worker': {}, 'output_max_file_size': 67108864, 'num_workers': 1, 'clip_param': 0.3, 'kl_coeff': 0.2, 'multiagent': {'policy_graphs': {}, 'policy_mapping_fn': None, 'policies_to_train': None}, 'input_evaluation': None, 'output': None, 'collect_metrics_timeout': 180, 'num_cpus_per_worker': 1}",169.237.32.118,1,1435.5384615384614,10.082990884780884,"{'num_steps_sampled': 38400, 'load_time_ms': 1.198, 'default': {'kl': 0.00437008123844862, 'cur_lr': 0.0005000000237487257, 'total_loss': 5.747084140777588, 'policy_loss': 0.0015088157961145043, 'vf_explained_var': 0.7899150848388672, 'entropy': 1.3094080686569214, 'cur_kl_coeff': 0.37968745827674866, 'vf_loss': 5.743916034698486}, 'sample_time_ms': 9640.755, 'grad_time_ms': 273.741, 'update_time_ms': 4.637, 'num_steps_trained': 38400}",322.40270769733985,2019-04-02_07-40-55,kronos,71,38400,0,247.87421035766602,{},38400,24,24,247.87421035766602,452.692858419475,1600,1554190855,{},0b32d2eec3344b1fbde4822793b2e447,83.35802442090997
False,27,"{'input': 'sampler', 'callbacks': {'on_train_result': None, 'on_sample_end': None, 'on_episode_step': None, 'on_episode_start': None, 'on_episode_end': None}, 'sample_batch_size': 200, 'clip_actions': False, 'clip_rewards': None, 'tf_session_args': {'inter_op_parallelism_threads': 2, 'intra_op_parallelism_threads': 2, 'device_count': {'CPU': 1}, 'log_device_placement': False, 'allow_soft_placement': True, 'gpu_options': {'allow_growth': True}}, 'kl_target': 0.01, 'horizon': 1500, 'lr': 0.0005, 'sample_async': False, 'simple_optimizer': False, 'compress_observations': False, 'num_envs_per_worker': 1, 'gamma': 0.99, 'sgd_minibatch_size': 128, 'observation_filter': 'NoFilter', 'entropy_coeff': 0.0, 'batch_mode': 'truncate_episodes', 'straggler_mitigation': False, 'vf_share_layers': False, 'num_gpus': 0, 'synchronize_filters': True, 'num_sgd_iter': 10, 'train_batch_size': 1500, 'optimizer': {}, 'num_gpus_per_worker': 0, 'preprocessor_pref': 'deepmind', 'num_cpus_for_driver': 1, 'lr_schedule': None, 'use_gae': True, 'lambda': 0.97, 'vf_loss_coeff': 1.0, 'vf_clip_param': 1000000.0, 'log_level': 'INFO', 'env_config': {'run': 'PPO', 'flow_params': '{\n    ""env"": {\n        ""additional_params"": {\n            ""max_accel"": 3,\n            ""max_decel"": 3,\n            ""sort_vehicles"": false,\n            ""target_velocity"": 20\n        },\n        ""evaluate"": false,\n        ""horizon"": 1500,\n        ""sims_per_step"": 1,\n        ""warmup_steps"": 0\n    },\n    ""env_name"": ""AccelEnv"",\n    ""exp_tag"": ""figure_eight_0"",\n    ""initial"": {\n        ""additional_params"": {},\n        ""bunching"": 0,\n        ""edges_distribution"": ""all"",\n        ""lanes_distribution"": Infinity,\n        ""min_gap"": 0,\n        ""perturbation"": 0.0,\n        ""shuffle"": false,\n        ""spacing"": ""uniform"",\n        ""x0"": 0\n    },\n    ""net"": {\n        ""additional_params"": {\n            ""lanes"": 1,\n            ""radius_ring"": 30,\n            ""resolution"": 40,\n            ""speed_limit"": 30\n        },\n        ""inflows"": {\n            ""_InFlows__flows"": [],\n            ""num_flows"": 0\n        },\n        ""netfile"": null,\n        ""no_internal_links"": false,\n        ""osm_path"": null\n    },\n    ""scenario"": ""Figure8Scenario"",\n    ""sim"": {\n        ""emission_path"": null,\n        ""lateral_resolution"": null,\n        ""no_step_log"": true,\n        ""num_clients"": 1,\n        ""overtake_right"": false,\n        ""port"": null,\n        ""print_warnings"": true,\n        ""pxpm"": 2,\n        ""render"": false,\n        ""restart_instance"": false,\n        ""save_render"": false,\n        ""seed"": null,\n        ""show_radius"": false,\n        ""sight_radius"": 25,\n        ""sim_step"": 0.1,\n        ""teleport_time"": -1\n    },\n    ""simulator"": ""traci"",\n    ""veh"": [\n        {\n            ""acceleration_controller"": [\n                ""IDMController"",\n                {\n                    ""noise"": 0.2\n                }\n            ],\n            ""car_following_params"": {\n                ""controller_params"": {\n                    ""accel"": 1.0,\n                    ""carFollowModel"": ""IDM"",\n                    ""decel"": 1.5,\n                    ""impatience"": 0.5,\n                    ""maxSpeed"": 30,\n                    ""minGap"": 2.5,\n                    ""sigma"": 0.5,\n                    ""speedDev"": 0.1,\n                    ""speedFactor"": 1.0,\n                    ""tau"": 1.0\n                },\n                ""speed_mode"": 1\n            },\n            ""initial_speed"": 0,\n            ""lane_change_controller"": [\n                ""SimLaneChangeController"",\n                {}\n            ],\n            ""lane_change_params"": {\n                ""controller_params"": {\n                    ""laneChangeModel"": ""LC2013"",\n                    ""lcCooperative"": ""1.0"",\n                    ""lcKeepRight"": ""1.0"",\n                    ""lcSpeedGain"": ""1.0"",\n                    ""lcStrategic"": ""1.0""\n                },\n                ""lane_change_mode"": 512\n            },\n            ""num_vehicles"": 13,\n            ""routing_controller"": [\n                ""ContinuousRouter"",\n                {}\n            ],\n            ""veh_id"": ""human""\n        },\n        {\n            ""acceleration_controller"": [\n                ""RLController"",\n                {}\n            ],\n            ""car_following_params"": {\n                ""controller_params"": {\n                    ""accel"": 1.0,\n                    ""carFollowModel"": ""IDM"",\n                    ""decel"": 1.5,\n                    ""impatience"": 0.5,\n                    ""maxSpeed"": 30,\n                    ""minGap"": 2.5,\n                    ""sigma"": 0.5,\n                    ""speedDev"": 0.1,\n                    ""speedFactor"": 1.0,\n                    ""tau"": 1.0\n                },\n                ""speed_mode"": 1\n            },\n            ""initial_speed"": 0,\n            ""lane_change_controller"": [\n                ""SimLaneChangeController"",\n                {}\n            ],\n            ""lane_change_params"": {\n                ""controller_params"": {\n                    ""laneChangeModel"": ""LC2013"",\n                    ""lcCooperative"": ""1.0"",\n                    ""lcKeepRight"": ""1.0"",\n                    ""lcSpeedGain"": ""1.0"",\n                    ""lcStrategic"": ""1.0""\n                },\n                ""lane_change_mode"": 512\n            },\n            ""num_vehicles"": 1,\n            ""routing_controller"": [\n                ""ContinuousRouter"",\n                {}\n            ],\n            ""veh_id"": ""rl""\n        }\n    ]\n}'}, 'env': 'AccelEnv-v0', 'local_evaluator_tf_session_args': {'inter_op_parallelism_threads': 8, 'intra_op_parallelism_threads': 8}, 'model': {'free_log_std': False, 'custom_options': {}, 'framestack': True, 'channel_major': False, 'max_seq_len': 20, 'lstm_use_prev_action_reward': False, 'squash_to_range': False, 'dim': 84, 'grayscale': False, 'fcnet_hiddens': [100, 50, 25], 'use_lstm': False, 'custom_model': None, 'fcnet_activation': 'tanh', 'conv_filters': None, 'conv_activation': 'relu', 'lstm_cell_size': 256, 'zero_mean': True, 'custom_preprocessor': None}, 'output_compress_columns': ['obs', 'new_obs'], 'monitor': False, 'custom_resources_per_worker': {}, 'output_max_file_size': 67108864, 'num_workers': 1, 'clip_param': 0.3, 'kl_coeff': 0.2, 'multiagent': {'policy_graphs': {}, 'policy_mapping_fn': None, 'policies_to_train': None}, 'input_evaluation': None, 'output': None, 'collect_metrics_timeout': 180, 'num_cpus_per_worker': 1}",169.237.32.118,1,1437.9259259259259,9.961831092834473,"{'num_steps_sampled': 40000, 'load_time_ms': 1.214, 'default': {'kl': 0.01270071417093277, 'cur_lr': 0.0005000000237487257, 'total_loss': 4.737802028656006, 'policy_loss': -0.01815647818148136, 'vf_explained_var': 0.8867829442024231, 'entropy': 1.2620527744293213, 'cur_kl_coeff': 0.18984372913837433, 'vf_loss': 4.753547191619873}, 'sample_time_ms': 9636.419, 'grad_time_ms': 273.936, 'update_time_ms': 4.585, 'num_steps_trained': 40000}",326.11470817765365,2019-04-02_07-41-05,kronos,71,40000,0,257.8360414505005,{},40000,25,25,257.8360414505005,452.692858419475,1600,1554190865,{},0b32d2eec3344b1fbde4822793b2e447,83.35802442090997
False,28,"{'input': 'sampler', 'callbacks': {'on_train_result': None, 'on_sample_end': None, 'on_episode_step': None, 'on_episode_start': None, 'on_episode_end': None}, 'sample_batch_size': 200, 'clip_actions': False, 'clip_rewards': None, 'tf_session_args': {'inter_op_parallelism_threads': 2, 'intra_op_parallelism_threads': 2, 'device_count': {'CPU': 1}, 'log_device_placement': False, 'allow_soft_placement': True, 'gpu_options': {'allow_growth': True}}, 'kl_target': 0.01, 'horizon': 1500, 'lr': 0.0005, 'sample_async': False, 'simple_optimizer': False, 'compress_observations': False, 'num_envs_per_worker': 1, 'gamma': 0.99, 'sgd_minibatch_size': 128, 'observation_filter': 'NoFilter', 'entropy_coeff': 0.0, 'batch_mode': 'truncate_episodes', 'straggler_mitigation': False, 'vf_share_layers': False, 'num_gpus': 0, 'synchronize_filters': True, 'num_sgd_iter': 10, 'train_batch_size': 1500, 'optimizer': {}, 'num_gpus_per_worker': 0, 'preprocessor_pref': 'deepmind', 'num_cpus_for_driver': 1, 'lr_schedule': None, 'use_gae': True, 'lambda': 0.97, 'vf_loss_coeff': 1.0, 'vf_clip_param': 1000000.0, 'log_level': 'INFO', 'env_config': {'run': 'PPO', 'flow_params': '{\n    ""env"": {\n        ""additional_params"": {\n            ""max_accel"": 3,\n            ""max_decel"": 3,\n            ""sort_vehicles"": false,\n            ""target_velocity"": 20\n        },\n        ""evaluate"": false,\n        ""horizon"": 1500,\n        ""sims_per_step"": 1,\n        ""warmup_steps"": 0\n    },\n    ""env_name"": ""AccelEnv"",\n    ""exp_tag"": ""figure_eight_0"",\n    ""initial"": {\n        ""additional_params"": {},\n        ""bunching"": 0,\n        ""edges_distribution"": ""all"",\n        ""lanes_distribution"": Infinity,\n        ""min_gap"": 0,\n        ""perturbation"": 0.0,\n        ""shuffle"": false,\n        ""spacing"": ""uniform"",\n        ""x0"": 0\n    },\n    ""net"": {\n        ""additional_params"": {\n            ""lanes"": 1,\n            ""radius_ring"": 30,\n            ""resolution"": 40,\n            ""speed_limit"": 30\n        },\n        ""inflows"": {\n            ""_InFlows__flows"": [],\n            ""num_flows"": 0\n        },\n        ""netfile"": null,\n        ""no_internal_links"": false,\n        ""osm_path"": null\n    },\n    ""scenario"": ""Figure8Scenario"",\n    ""sim"": {\n        ""emission_path"": null,\n        ""lateral_resolution"": null,\n        ""no_step_log"": true,\n        ""num_clients"": 1,\n        ""overtake_right"": false,\n        ""port"": null,\n        ""print_warnings"": true,\n        ""pxpm"": 2,\n        ""render"": false,\n        ""restart_instance"": false,\n        ""save_render"": false,\n        ""seed"": null,\n        ""show_radius"": false,\n        ""sight_radius"": 25,\n        ""sim_step"": 0.1,\n        ""teleport_time"": -1\n    },\n    ""simulator"": ""traci"",\n    ""veh"": [\n        {\n            ""acceleration_controller"": [\n                ""IDMController"",\n                {\n                    ""noise"": 0.2\n                }\n            ],\n            ""car_following_params"": {\n                ""controller_params"": {\n                    ""accel"": 1.0,\n                    ""carFollowModel"": ""IDM"",\n                    ""decel"": 1.5,\n                    ""impatience"": 0.5,\n                    ""maxSpeed"": 30,\n                    ""minGap"": 2.5,\n                    ""sigma"": 0.5,\n                    ""speedDev"": 0.1,\n                    ""speedFactor"": 1.0,\n                    ""tau"": 1.0\n                },\n                ""speed_mode"": 1\n            },\n            ""initial_speed"": 0,\n            ""lane_change_controller"": [\n                ""SimLaneChangeController"",\n                {}\n            ],\n            ""lane_change_params"": {\n                ""controller_params"": {\n                    ""laneChangeModel"": ""LC2013"",\n                    ""lcCooperative"": ""1.0"",\n                    ""lcKeepRight"": ""1.0"",\n                    ""lcSpeedGain"": ""1.0"",\n                    ""lcStrategic"": ""1.0""\n                },\n                ""lane_change_mode"": 512\n            },\n            ""num_vehicles"": 13,\n            ""routing_controller"": [\n                ""ContinuousRouter"",\n                {}\n            ],\n            ""veh_id"": ""human""\n        },\n        {\n            ""acceleration_controller"": [\n                ""RLController"",\n                {}\n            ],\n            ""car_following_params"": {\n                ""controller_params"": {\n                    ""accel"": 1.0,\n                    ""carFollowModel"": ""IDM"",\n                    ""decel"": 1.5,\n                    ""impatience"": 0.5,\n                    ""maxSpeed"": 30,\n                    ""minGap"": 2.5,\n                    ""sigma"": 0.5,\n                    ""speedDev"": 0.1,\n                    ""speedFactor"": 1.0,\n                    ""tau"": 1.0\n                },\n                ""speed_mode"": 1\n            },\n            ""initial_speed"": 0,\n            ""lane_change_controller"": [\n                ""SimLaneChangeController"",\n                {}\n            ],\n            ""lane_change_params"": {\n                ""controller_params"": {\n                    ""laneChangeModel"": ""LC2013"",\n                    ""lcCooperative"": ""1.0"",\n                    ""lcKeepRight"": ""1.0"",\n                    ""lcSpeedGain"": ""1.0"",\n                    ""lcStrategic"": ""1.0""\n                },\n                ""lane_change_mode"": 512\n            },\n            ""num_vehicles"": 1,\n            ""routing_controller"": [\n                ""ContinuousRouter"",\n                {}\n            ],\n            ""veh_id"": ""rl""\n        }\n    ]\n}'}, 'env': 'AccelEnv-v0', 'local_evaluator_tf_session_args': {'inter_op_parallelism_threads': 8, 'intra_op_parallelism_threads': 8}, 'model': {'free_log_std': False, 'custom_options': {}, 'framestack': True, 'channel_major': False, 'max_seq_len': 20, 'lstm_use_prev_action_reward': False, 'squash_to_range': False, 'dim': 84, 'grayscale': False, 'fcnet_hiddens': [100, 50, 25], 'use_lstm': False, 'custom_model': None, 'fcnet_activation': 'tanh', 'conv_filters': None, 'conv_activation': 'relu', 'lstm_cell_size': 256, 'zero_mean': True, 'custom_preprocessor': None}, 'output_compress_columns': ['obs', 'new_obs'], 'monitor': False, 'custom_resources_per_worker': {}, 'output_max_file_size': 67108864, 'num_workers': 1, 'clip_param': 0.3, 'kl_coeff': 0.2, 'multiagent': {'policy_graphs': {}, 'policy_mapping_fn': None, 'policies_to_train': None}, 'input_evaluation': None, 'output': None, 'collect_metrics_timeout': 180, 'num_cpus_per_worker': 1}",169.237.32.118,1,1440.142857142857,10.03772521018982,"{'num_steps_sampled': 41600, 'load_time_ms': 1.209, 'default': {'kl': 0.032265279442071915, 'cur_lr': 0.0005000000237487257, 'total_loss': 5.639881134033203, 'policy_loss': -0.00759867811575532, 'vf_explained_var': 0.8439018130302429, 'entropy': 1.3342523574829102, 'cur_kl_coeff': 0.18984372913837433, 'vf_loss': 5.641354084014893}, 'sample_time_ms': 9642.622, 'grad_time_ms': 274.721, 'update_time_ms': 4.467, 'num_steps_trained': 41600}",330.1333212337595,2019-04-02_07-41-15,kronos,71,41600,0,267.8737666606903,{},41600,26,26,267.8737666606903,452.692858419475,1600,1554190875,{},0b32d2eec3344b1fbde4822793b2e447,83.35802442090997
False,29,"{'input': 'sampler', 'callbacks': {'on_train_result': None, 'on_sample_end': None, 'on_episode_step': None, 'on_episode_start': None, 'on_episode_end': None}, 'sample_batch_size': 200, 'clip_actions': False, 'clip_rewards': None, 'tf_session_args': {'inter_op_parallelism_threads': 2, 'intra_op_parallelism_threads': 2, 'device_count': {'CPU': 1}, 'log_device_placement': False, 'allow_soft_placement': True, 'gpu_options': {'allow_growth': True}}, 'kl_target': 0.01, 'horizon': 1500, 'lr': 0.0005, 'sample_async': False, 'simple_optimizer': False, 'compress_observations': False, 'num_envs_per_worker': 1, 'gamma': 0.99, 'sgd_minibatch_size': 128, 'observation_filter': 'NoFilter', 'entropy_coeff': 0.0, 'batch_mode': 'truncate_episodes', 'straggler_mitigation': False, 'vf_share_layers': False, 'num_gpus': 0, 'synchronize_filters': True, 'num_sgd_iter': 10, 'train_batch_size': 1500, 'optimizer': {}, 'num_gpus_per_worker': 0, 'preprocessor_pref': 'deepmind', 'num_cpus_for_driver': 1, 'lr_schedule': None, 'use_gae': True, 'lambda': 0.97, 'vf_loss_coeff': 1.0, 'vf_clip_param': 1000000.0, 'log_level': 'INFO', 'env_config': {'run': 'PPO', 'flow_params': '{\n    ""env"": {\n        ""additional_params"": {\n            ""max_accel"": 3,\n            ""max_decel"": 3,\n            ""sort_vehicles"": false,\n            ""target_velocity"": 20\n        },\n        ""evaluate"": false,\n        ""horizon"": 1500,\n        ""sims_per_step"": 1,\n        ""warmup_steps"": 0\n    },\n    ""env_name"": ""AccelEnv"",\n    ""exp_tag"": ""figure_eight_0"",\n    ""initial"": {\n        ""additional_params"": {},\n        ""bunching"": 0,\n        ""edges_distribution"": ""all"",\n        ""lanes_distribution"": Infinity,\n        ""min_gap"": 0,\n        ""perturbation"": 0.0,\n        ""shuffle"": false,\n        ""spacing"": ""uniform"",\n        ""x0"": 0\n    },\n    ""net"": {\n        ""additional_params"": {\n            ""lanes"": 1,\n            ""radius_ring"": 30,\n            ""resolution"": 40,\n            ""speed_limit"": 30\n        },\n        ""inflows"": {\n            ""_InFlows__flows"": [],\n            ""num_flows"": 0\n        },\n        ""netfile"": null,\n        ""no_internal_links"": false,\n        ""osm_path"": null\n    },\n    ""scenario"": ""Figure8Scenario"",\n    ""sim"": {\n        ""emission_path"": null,\n        ""lateral_resolution"": null,\n        ""no_step_log"": true,\n        ""num_clients"": 1,\n        ""overtake_right"": false,\n        ""port"": null,\n        ""print_warnings"": true,\n        ""pxpm"": 2,\n        ""render"": false,\n        ""restart_instance"": false,\n        ""save_render"": false,\n        ""seed"": null,\n        ""show_radius"": false,\n        ""sight_radius"": 25,\n        ""sim_step"": 0.1,\n        ""teleport_time"": -1\n    },\n    ""simulator"": ""traci"",\n    ""veh"": [\n        {\n            ""acceleration_controller"": [\n                ""IDMController"",\n                {\n                    ""noise"": 0.2\n                }\n            ],\n            ""car_following_params"": {\n                ""controller_params"": {\n                    ""accel"": 1.0,\n                    ""carFollowModel"": ""IDM"",\n                    ""decel"": 1.5,\n                    ""impatience"": 0.5,\n                    ""maxSpeed"": 30,\n                    ""minGap"": 2.5,\n                    ""sigma"": 0.5,\n                    ""speedDev"": 0.1,\n                    ""speedFactor"": 1.0,\n                    ""tau"": 1.0\n                },\n                ""speed_mode"": 1\n            },\n            ""initial_speed"": 0,\n            ""lane_change_controller"": [\n                ""SimLaneChangeController"",\n                {}\n            ],\n            ""lane_change_params"": {\n                ""controller_params"": {\n                    ""laneChangeModel"": ""LC2013"",\n                    ""lcCooperative"": ""1.0"",\n                    ""lcKeepRight"": ""1.0"",\n                    ""lcSpeedGain"": ""1.0"",\n                    ""lcStrategic"": ""1.0""\n                },\n                ""lane_change_mode"": 512\n            },\n            ""num_vehicles"": 13,\n            ""routing_controller"": [\n                ""ContinuousRouter"",\n                {}\n            ],\n            ""veh_id"": ""human""\n        },\n        {\n            ""acceleration_controller"": [\n                ""RLController"",\n                {}\n            ],\n            ""car_following_params"": {\n                ""controller_params"": {\n                    ""accel"": 1.0,\n                    ""carFollowModel"": ""IDM"",\n                    ""decel"": 1.5,\n                    ""impatience"": 0.5,\n                    ""maxSpeed"": 30,\n                    ""minGap"": 2.5,\n                    ""sigma"": 0.5,\n                    ""speedDev"": 0.1,\n                    ""speedFactor"": 1.0,\n                    ""tau"": 1.0\n                },\n                ""speed_mode"": 1\n            },\n            ""initial_speed"": 0,\n            ""lane_change_controller"": [\n                ""SimLaneChangeController"",\n                {}\n            ],\n            ""lane_change_params"": {\n                ""controller_params"": {\n                    ""laneChangeModel"": ""LC2013"",\n                    ""lcCooperative"": ""1.0"",\n                    ""lcKeepRight"": ""1.0"",\n                    ""lcSpeedGain"": ""1.0"",\n                    ""lcStrategic"": ""1.0""\n                },\n                ""lane_change_mode"": 512\n            },\n            ""num_vehicles"": 1,\n            ""routing_controller"": [\n                ""ContinuousRouter"",\n                {}\n            ],\n            ""veh_id"": ""rl""\n        }\n    ]\n}'}, 'env': 'AccelEnv-v0', 'local_evaluator_tf_session_args': {'inter_op_parallelism_threads': 8, 'intra_op_parallelism_threads': 8}, 'model': {'free_log_std': False, 'custom_options': {}, 'framestack': True, 'channel_major': False, 'max_seq_len': 20, 'lstm_use_prev_action_reward': False, 'squash_to_range': False, 'dim': 84, 'grayscale': False, 'fcnet_hiddens': [100, 50, 25], 'use_lstm': False, 'custom_model': None, 'fcnet_activation': 'tanh', 'conv_filters': None, 'conv_activation': 'relu', 'lstm_cell_size': 256, 'zero_mean': True, 'custom_preprocessor': None}, 'output_compress_columns': ['obs', 'new_obs'], 'monitor': False, 'custom_resources_per_worker': {}, 'output_max_file_size': 67108864, 'num_workers': 1, 'clip_param': 0.3, 'kl_coeff': 0.2, 'multiagent': {'policy_graphs': {}, 'policy_mapping_fn': None, 'policies_to_train': None}, 'input_evaluation': None, 'output': None, 'collect_metrics_timeout': 180, 'num_cpus_per_worker': 1}",169.237.32.118,1,1442.2068965517242,9.917072534561157,"{'num_steps_sampled': 43200, 'load_time_ms': 1.211, 'default': {'kl': 0.006003582384437323, 'cur_lr': 0.0005000000237487257, 'total_loss': 3.309541702270508, 'policy_loss': -0.01197269931435585, 'vf_explained_var': 0.9284586310386658, 'entropy': 1.373144268989563, 'cur_kl_coeff': 0.28476566076278687, 'vf_loss': 3.319805145263672}, 'sample_time_ms': 9649.497, 'grad_time_ms': 276.737, 'update_time_ms': 4.406, 'num_steps_trained': 43200}",333.3401987677725,2019-04-02_07-41-25,kronos,71,43200,0,277.79083919525146,{},43200,27,27,277.79083919525146,452.692858419475,1600,1554190885,{},0b32d2eec3344b1fbde4822793b2e447,83.35802442090997
False,30,"{'input': 'sampler', 'callbacks': {'on_train_result': None, 'on_sample_end': None, 'on_episode_step': None, 'on_episode_start': None, 'on_episode_end': None}, 'sample_batch_size': 200, 'clip_actions': False, 'clip_rewards': None, 'tf_session_args': {'inter_op_parallelism_threads': 2, 'intra_op_parallelism_threads': 2, 'device_count': {'CPU': 1}, 'log_device_placement': False, 'allow_soft_placement': True, 'gpu_options': {'allow_growth': True}}, 'kl_target': 0.01, 'horizon': 1500, 'lr': 0.0005, 'sample_async': False, 'simple_optimizer': False, 'compress_observations': False, 'num_envs_per_worker': 1, 'gamma': 0.99, 'sgd_minibatch_size': 128, 'observation_filter': 'NoFilter', 'entropy_coeff': 0.0, 'batch_mode': 'truncate_episodes', 'straggler_mitigation': False, 'vf_share_layers': False, 'num_gpus': 0, 'synchronize_filters': True, 'num_sgd_iter': 10, 'train_batch_size': 1500, 'optimizer': {}, 'num_gpus_per_worker': 0, 'preprocessor_pref': 'deepmind', 'num_cpus_for_driver': 1, 'lr_schedule': None, 'use_gae': True, 'lambda': 0.97, 'vf_loss_coeff': 1.0, 'vf_clip_param': 1000000.0, 'log_level': 'INFO', 'env_config': {'run': 'PPO', 'flow_params': '{\n    ""env"": {\n        ""additional_params"": {\n            ""max_accel"": 3,\n            ""max_decel"": 3,\n            ""sort_vehicles"": false,\n            ""target_velocity"": 20\n        },\n        ""evaluate"": false,\n        ""horizon"": 1500,\n        ""sims_per_step"": 1,\n        ""warmup_steps"": 0\n    },\n    ""env_name"": ""AccelEnv"",\n    ""exp_tag"": ""figure_eight_0"",\n    ""initial"": {\n        ""additional_params"": {},\n        ""bunching"": 0,\n        ""edges_distribution"": ""all"",\n        ""lanes_distribution"": Infinity,\n        ""min_gap"": 0,\n        ""perturbation"": 0.0,\n        ""shuffle"": false,\n        ""spacing"": ""uniform"",\n        ""x0"": 0\n    },\n    ""net"": {\n        ""additional_params"": {\n            ""lanes"": 1,\n            ""radius_ring"": 30,\n            ""resolution"": 40,\n            ""speed_limit"": 30\n        },\n        ""inflows"": {\n            ""_InFlows__flows"": [],\n            ""num_flows"": 0\n        },\n        ""netfile"": null,\n        ""no_internal_links"": false,\n        ""osm_path"": null\n    },\n    ""scenario"": ""Figure8Scenario"",\n    ""sim"": {\n        ""emission_path"": null,\n        ""lateral_resolution"": null,\n        ""no_step_log"": true,\n        ""num_clients"": 1,\n        ""overtake_right"": false,\n        ""port"": null,\n        ""print_warnings"": true,\n        ""pxpm"": 2,\n        ""render"": false,\n        ""restart_instance"": false,\n        ""save_render"": false,\n        ""seed"": null,\n        ""show_radius"": false,\n        ""sight_radius"": 25,\n        ""sim_step"": 0.1,\n        ""teleport_time"": -1\n    },\n    ""simulator"": ""traci"",\n    ""veh"": [\n        {\n            ""acceleration_controller"": [\n                ""IDMController"",\n                {\n                    ""noise"": 0.2\n                }\n            ],\n            ""car_following_params"": {\n                ""controller_params"": {\n                    ""accel"": 1.0,\n                    ""carFollowModel"": ""IDM"",\n                    ""decel"": 1.5,\n                    ""impatience"": 0.5,\n                    ""maxSpeed"": 30,\n                    ""minGap"": 2.5,\n                    ""sigma"": 0.5,\n                    ""speedDev"": 0.1,\n                    ""speedFactor"": 1.0,\n                    ""tau"": 1.0\n                },\n                ""speed_mode"": 1\n            },\n            ""initial_speed"": 0,\n            ""lane_change_controller"": [\n                ""SimLaneChangeController"",\n                {}\n            ],\n            ""lane_change_params"": {\n                ""controller_params"": {\n                    ""laneChangeModel"": ""LC2013"",\n                    ""lcCooperative"": ""1.0"",\n                    ""lcKeepRight"": ""1.0"",\n                    ""lcSpeedGain"": ""1.0"",\n                    ""lcStrategic"": ""1.0""\n                },\n                ""lane_change_mode"": 512\n            },\n            ""num_vehicles"": 13,\n            ""routing_controller"": [\n                ""ContinuousRouter"",\n                {}\n            ],\n            ""veh_id"": ""human""\n        },\n        {\n            ""acceleration_controller"": [\n                ""RLController"",\n                {}\n            ],\n            ""car_following_params"": {\n                ""controller_params"": {\n                    ""accel"": 1.0,\n                    ""carFollowModel"": ""IDM"",\n                    ""decel"": 1.5,\n                    ""impatience"": 0.5,\n                    ""maxSpeed"": 30,\n                    ""minGap"": 2.5,\n                    ""sigma"": 0.5,\n                    ""speedDev"": 0.1,\n                    ""speedFactor"": 1.0,\n                    ""tau"": 1.0\n                },\n                ""speed_mode"": 1\n            },\n            ""initial_speed"": 0,\n            ""lane_change_controller"": [\n                ""SimLaneChangeController"",\n                {}\n            ],\n            ""lane_change_params"": {\n                ""controller_params"": {\n                    ""laneChangeModel"": ""LC2013"",\n                    ""lcCooperative"": ""1.0"",\n                    ""lcKeepRight"": ""1.0"",\n                    ""lcSpeedGain"": ""1.0"",\n                    ""lcStrategic"": ""1.0""\n                },\n                ""lane_change_mode"": 512\n            },\n            ""num_vehicles"": 1,\n            ""routing_controller"": [\n                ""ContinuousRouter"",\n                {}\n            ],\n            ""veh_id"": ""rl""\n        }\n    ]\n}'}, 'env': 'AccelEnv-v0', 'local_evaluator_tf_session_args': {'inter_op_parallelism_threads': 8, 'intra_op_parallelism_threads': 8}, 'model': {'free_log_std': False, 'custom_options': {}, 'framestack': True, 'channel_major': False, 'max_seq_len': 20, 'lstm_use_prev_action_reward': False, 'squash_to_range': False, 'dim': 84, 'grayscale': False, 'fcnet_hiddens': [100, 50, 25], 'use_lstm': False, 'custom_model': None, 'fcnet_activation': 'tanh', 'conv_filters': None, 'conv_activation': 'relu', 'lstm_cell_size': 256, 'zero_mean': True, 'custom_preprocessor': None}, 'output_compress_columns': ['obs', 'new_obs'], 'monitor': False, 'custom_resources_per_worker': {}, 'output_max_file_size': 67108864, 'num_workers': 1, 'clip_param': 0.3, 'kl_coeff': 0.2, 'multiagent': {'policy_graphs': {}, 'policy_mapping_fn': None, 'policies_to_train': None}, 'input_evaluation': None, 'output': None, 'collect_metrics_timeout': 180, 'num_cpus_per_worker': 1}",169.237.32.118,1,1444.1333333333334,9.832688808441162,"{'num_steps_sampled': 44800, 'load_time_ms': 1.225, 'default': {'kl': 0.0050992039032280445, 'cur_lr': 0.0005000000237487257, 'total_loss': 3.491483688354492, 'policy_loss': -0.01566852070391178, 'vf_explained_var': 0.9368470311164856, 'entropy': 1.3924859762191772, 'cur_kl_coeff': 0.28476566076278687, 'vf_loss': 3.505699872970581}, 'sample_time_ms': 9636.148, 'grad_time_ms': 275.704, 'update_time_ms': 4.377, 'num_steps_trained': 44800}",336.3506493599528,2019-04-02_07-41-35,kronos,71,44800,0,287.6235280036926,{},44800,28,28,287.6235280036926,452.692858419475,1600,1554190895,{},0b32d2eec3344b1fbde4822793b2e447,83.35802442090997
False,32,"{'input': 'sampler', 'callbacks': {'on_train_result': None, 'on_sample_end': None, 'on_episode_step': None, 'on_episode_start': None, 'on_episode_end': None}, 'sample_batch_size': 200, 'clip_actions': False, 'clip_rewards': None, 'tf_session_args': {'inter_op_parallelism_threads': 2, 'intra_op_parallelism_threads': 2, 'device_count': {'CPU': 1}, 'log_device_placement': False, 'allow_soft_placement': True, 'gpu_options': {'allow_growth': True}}, 'kl_target': 0.01, 'horizon': 1500, 'lr': 0.0005, 'sample_async': False, 'simple_optimizer': False, 'compress_observations': False, 'num_envs_per_worker': 1, 'gamma': 0.99, 'sgd_minibatch_size': 128, 'observation_filter': 'NoFilter', 'entropy_coeff': 0.0, 'batch_mode': 'truncate_episodes', 'straggler_mitigation': False, 'vf_share_layers': False, 'num_gpus': 0, 'synchronize_filters': True, 'num_sgd_iter': 10, 'train_batch_size': 1500, 'optimizer': {}, 'num_gpus_per_worker': 0, 'preprocessor_pref': 'deepmind', 'num_cpus_for_driver': 1, 'lr_schedule': None, 'use_gae': True, 'lambda': 0.97, 'vf_loss_coeff': 1.0, 'vf_clip_param': 1000000.0, 'log_level': 'INFO', 'env_config': {'run': 'PPO', 'flow_params': '{\n    ""env"": {\n        ""additional_params"": {\n            ""max_accel"": 3,\n            ""max_decel"": 3,\n            ""sort_vehicles"": false,\n            ""target_velocity"": 20\n        },\n        ""evaluate"": false,\n        ""horizon"": 1500,\n        ""sims_per_step"": 1,\n        ""warmup_steps"": 0\n    },\n    ""env_name"": ""AccelEnv"",\n    ""exp_tag"": ""figure_eight_0"",\n    ""initial"": {\n        ""additional_params"": {},\n        ""bunching"": 0,\n        ""edges_distribution"": ""all"",\n        ""lanes_distribution"": Infinity,\n        ""min_gap"": 0,\n        ""perturbation"": 0.0,\n        ""shuffle"": false,\n        ""spacing"": ""uniform"",\n        ""x0"": 0\n    },\n    ""net"": {\n        ""additional_params"": {\n            ""lanes"": 1,\n            ""radius_ring"": 30,\n            ""resolution"": 40,\n            ""speed_limit"": 30\n        },\n        ""inflows"": {\n            ""_InFlows__flows"": [],\n            ""num_flows"": 0\n        },\n        ""netfile"": null,\n        ""no_internal_links"": false,\n        ""osm_path"": null\n    },\n    ""scenario"": ""Figure8Scenario"",\n    ""sim"": {\n        ""emission_path"": null,\n        ""lateral_resolution"": null,\n        ""no_step_log"": true,\n        ""num_clients"": 1,\n        ""overtake_right"": false,\n        ""port"": null,\n        ""print_warnings"": true,\n        ""pxpm"": 2,\n        ""render"": false,\n        ""restart_instance"": false,\n        ""save_render"": false,\n        ""seed"": null,\n        ""show_radius"": false,\n        ""sight_radius"": 25,\n        ""sim_step"": 0.1,\n        ""teleport_time"": -1\n    },\n    ""simulator"": ""traci"",\n    ""veh"": [\n        {\n            ""acceleration_controller"": [\n                ""IDMController"",\n                {\n                    ""noise"": 0.2\n                }\n            ],\n            ""car_following_params"": {\n                ""controller_params"": {\n                    ""accel"": 1.0,\n                    ""carFollowModel"": ""IDM"",\n                    ""decel"": 1.5,\n                    ""impatience"": 0.5,\n                    ""maxSpeed"": 30,\n                    ""minGap"": 2.5,\n                    ""sigma"": 0.5,\n                    ""speedDev"": 0.1,\n                    ""speedFactor"": 1.0,\n                    ""tau"": 1.0\n                },\n                ""speed_mode"": 1\n            },\n            ""initial_speed"": 0,\n            ""lane_change_controller"": [\n                ""SimLaneChangeController"",\n                {}\n            ],\n            ""lane_change_params"": {\n                ""controller_params"": {\n                    ""laneChangeModel"": ""LC2013"",\n                    ""lcCooperative"": ""1.0"",\n                    ""lcKeepRight"": ""1.0"",\n                    ""lcSpeedGain"": ""1.0"",\n                    ""lcStrategic"": ""1.0""\n                },\n                ""lane_change_mode"": 512\n            },\n            ""num_vehicles"": 13,\n            ""routing_controller"": [\n                ""ContinuousRouter"",\n                {}\n            ],\n            ""veh_id"": ""human""\n        },\n        {\n            ""acceleration_controller"": [\n                ""RLController"",\n                {}\n            ],\n            ""car_following_params"": {\n                ""controller_params"": {\n                    ""accel"": 1.0,\n                    ""carFollowModel"": ""IDM"",\n                    ""decel"": 1.5,\n                    ""impatience"": 0.5,\n                    ""maxSpeed"": 30,\n                    ""minGap"": 2.5,\n                    ""sigma"": 0.5,\n                    ""speedDev"": 0.1,\n                    ""speedFactor"": 1.0,\n                    ""tau"": 1.0\n                },\n                ""speed_mode"": 1\n            },\n            ""initial_speed"": 0,\n            ""lane_change_controller"": [\n                ""SimLaneChangeController"",\n                {}\n            ],\n            ""lane_change_params"": {\n                ""controller_params"": {\n                    ""laneChangeModel"": ""LC2013"",\n                    ""lcCooperative"": ""1.0"",\n                    ""lcKeepRight"": ""1.0"",\n                    ""lcSpeedGain"": ""1.0"",\n                    ""lcStrategic"": ""1.0""\n                },\n                ""lane_change_mode"": 512\n            },\n            ""num_vehicles"": 1,\n            ""routing_controller"": [\n                ""ContinuousRouter"",\n                {}\n            ],\n            ""veh_id"": ""rl""\n        }\n    ]\n}'}, 'env': 'AccelEnv-v0', 'local_evaluator_tf_session_args': {'inter_op_parallelism_threads': 8, 'intra_op_parallelism_threads': 8}, 'model': {'free_log_std': False, 'custom_options': {}, 'framestack': True, 'channel_major': False, 'max_seq_len': 20, 'lstm_use_prev_action_reward': False, 'squash_to_range': False, 'dim': 84, 'grayscale': False, 'fcnet_hiddens': [100, 50, 25], 'use_lstm': False, 'custom_model': None, 'fcnet_activation': 'tanh', 'conv_filters': None, 'conv_activation': 'relu', 'lstm_cell_size': 256, 'zero_mean': True, 'custom_preprocessor': None}, 'output_compress_columns': ['obs', 'new_obs'], 'monitor': False, 'custom_resources_per_worker': {}, 'output_max_file_size': 67108864, 'num_workers': 1, 'clip_param': 0.3, 'kl_coeff': 0.2, 'multiagent': {'policy_graphs': {}, 'policy_mapping_fn': None, 'policies_to_train': None}, 'input_evaluation': None, 'output': None, 'collect_metrics_timeout': 180, 'num_cpus_per_worker': 1}",169.237.32.118,2,1447.625,9.917532682418823,"{'num_steps_sampled': 46400, 'load_time_ms': 1.216, 'default': {'kl': 0.027048146352171898, 'cur_lr': 0.0005000000237487257, 'total_loss': 5.783266544342041, 'policy_loss': -0.020096082240343094, 'vf_explained_var': 0.912168025970459, 'entropy': 1.4028433561325073, 'cur_kl_coeff': 0.28476566076278687, 'vf_loss': 5.795660495758057}, 'sample_time_ms': 9641.786, 'grad_time_ms': 273.779, 'update_time_ms': 4.42, 'num_steps_trained': 46400}",341.4641729086885,2019-04-02_07-41-45,kronos,71,46400,0,297.54106068611145,{},46400,29,29,297.54106068611145,452.692858419475,1600,1554190905,{},0b32d2eec3344b1fbde4822793b2e447,83.35802442090997
False,33,"{'input': 'sampler', 'callbacks': {'on_train_result': None, 'on_sample_end': None, 'on_episode_step': None, 'on_episode_start': None, 'on_episode_end': None}, 'sample_batch_size': 200, 'clip_actions': False, 'clip_rewards': None, 'tf_session_args': {'inter_op_parallelism_threads': 2, 'intra_op_parallelism_threads': 2, 'device_count': {'CPU': 1}, 'log_device_placement': False, 'allow_soft_placement': True, 'gpu_options': {'allow_growth': True}}, 'kl_target': 0.01, 'horizon': 1500, 'lr': 0.0005, 'sample_async': False, 'simple_optimizer': False, 'compress_observations': False, 'num_envs_per_worker': 1, 'gamma': 0.99, 'sgd_minibatch_size': 128, 'observation_filter': 'NoFilter', 'entropy_coeff': 0.0, 'batch_mode': 'truncate_episodes', 'straggler_mitigation': False, 'vf_share_layers': False, 'num_gpus': 0, 'synchronize_filters': True, 'num_sgd_iter': 10, 'train_batch_size': 1500, 'optimizer': {}, 'num_gpus_per_worker': 0, 'preprocessor_pref': 'deepmind', 'num_cpus_for_driver': 1, 'lr_schedule': None, 'use_gae': True, 'lambda': 0.97, 'vf_loss_coeff': 1.0, 'vf_clip_param': 1000000.0, 'log_level': 'INFO', 'env_config': {'run': 'PPO', 'flow_params': '{\n    ""env"": {\n        ""additional_params"": {\n            ""max_accel"": 3,\n            ""max_decel"": 3,\n            ""sort_vehicles"": false,\n            ""target_velocity"": 20\n        },\n        ""evaluate"": false,\n        ""horizon"": 1500,\n        ""sims_per_step"": 1,\n        ""warmup_steps"": 0\n    },\n    ""env_name"": ""AccelEnv"",\n    ""exp_tag"": ""figure_eight_0"",\n    ""initial"": {\n        ""additional_params"": {},\n        ""bunching"": 0,\n        ""edges_distribution"": ""all"",\n        ""lanes_distribution"": Infinity,\n        ""min_gap"": 0,\n        ""perturbation"": 0.0,\n        ""shuffle"": false,\n        ""spacing"": ""uniform"",\n        ""x0"": 0\n    },\n    ""net"": {\n        ""additional_params"": {\n            ""lanes"": 1,\n            ""radius_ring"": 30,\n            ""resolution"": 40,\n            ""speed_limit"": 30\n        },\n        ""inflows"": {\n            ""_InFlows__flows"": [],\n            ""num_flows"": 0\n        },\n        ""netfile"": null,\n        ""no_internal_links"": false,\n        ""osm_path"": null\n    },\n    ""scenario"": ""Figure8Scenario"",\n    ""sim"": {\n        ""emission_path"": null,\n        ""lateral_resolution"": null,\n        ""no_step_log"": true,\n        ""num_clients"": 1,\n        ""overtake_right"": false,\n        ""port"": null,\n        ""print_warnings"": true,\n        ""pxpm"": 2,\n        ""render"": false,\n        ""restart_instance"": false,\n        ""save_render"": false,\n        ""seed"": null,\n        ""show_radius"": false,\n        ""sight_radius"": 25,\n        ""sim_step"": 0.1,\n        ""teleport_time"": -1\n    },\n    ""simulator"": ""traci"",\n    ""veh"": [\n        {\n            ""acceleration_controller"": [\n                ""IDMController"",\n                {\n                    ""noise"": 0.2\n                }\n            ],\n            ""car_following_params"": {\n                ""controller_params"": {\n                    ""accel"": 1.0,\n                    ""carFollowModel"": ""IDM"",\n                    ""decel"": 1.5,\n                    ""impatience"": 0.5,\n                    ""maxSpeed"": 30,\n                    ""minGap"": 2.5,\n                    ""sigma"": 0.5,\n                    ""speedDev"": 0.1,\n                    ""speedFactor"": 1.0,\n                    ""tau"": 1.0\n                },\n                ""speed_mode"": 1\n            },\n            ""initial_speed"": 0,\n            ""lane_change_controller"": [\n                ""SimLaneChangeController"",\n                {}\n            ],\n            ""lane_change_params"": {\n                ""controller_params"": {\n                    ""laneChangeModel"": ""LC2013"",\n                    ""lcCooperative"": ""1.0"",\n                    ""lcKeepRight"": ""1.0"",\n                    ""lcSpeedGain"": ""1.0"",\n                    ""lcStrategic"": ""1.0""\n                },\n                ""lane_change_mode"": 512\n            },\n            ""num_vehicles"": 13,\n            ""routing_controller"": [\n                ""ContinuousRouter"",\n                {}\n            ],\n            ""veh_id"": ""human""\n        },\n        {\n            ""acceleration_controller"": [\n                ""RLController"",\n                {}\n            ],\n            ""car_following_params"": {\n                ""controller_params"": {\n                    ""accel"": 1.0,\n                    ""carFollowModel"": ""IDM"",\n                    ""decel"": 1.5,\n                    ""impatience"": 0.5,\n                    ""maxSpeed"": 30,\n                    ""minGap"": 2.5,\n                    ""sigma"": 0.5,\n                    ""speedDev"": 0.1,\n                    ""speedFactor"": 1.0,\n                    ""tau"": 1.0\n                },\n                ""speed_mode"": 1\n            },\n            ""initial_speed"": 0,\n            ""lane_change_controller"": [\n                ""SimLaneChangeController"",\n                {}\n            ],\n            ""lane_change_params"": {\n                ""controller_params"": {\n                    ""laneChangeModel"": ""LC2013"",\n                    ""lcCooperative"": ""1.0"",\n                    ""lcKeepRight"": ""1.0"",\n                    ""lcSpeedGain"": ""1.0"",\n                    ""lcStrategic"": ""1.0""\n                },\n                ""lane_change_mode"": 512\n            },\n            ""num_vehicles"": 1,\n            ""routing_controller"": [\n                ""ContinuousRouter"",\n                {}\n            ],\n            ""veh_id"": ""rl""\n        }\n    ]\n}'}, 'env': 'AccelEnv-v0', 'local_evaluator_tf_session_args': {'inter_op_parallelism_threads': 8, 'intra_op_parallelism_threads': 8}, 'model': {'free_log_std': False, 'custom_options': {}, 'framestack': True, 'channel_major': False, 'max_seq_len': 20, 'lstm_use_prev_action_reward': False, 'squash_to_range': False, 'dim': 84, 'grayscale': False, 'fcnet_hiddens': [100, 50, 25], 'use_lstm': False, 'custom_model': None, 'fcnet_activation': 'tanh', 'conv_filters': None, 'conv_activation': 'relu', 'lstm_cell_size': 256, 'zero_mean': True, 'custom_preprocessor': None}, 'output_compress_columns': ['obs', 'new_obs'], 'monitor': False, 'custom_resources_per_worker': {}, 'output_max_file_size': 67108864, 'num_workers': 1, 'clip_param': 0.3, 'kl_coeff': 0.2, 'multiagent': {'policy_graphs': {}, 'policy_mapping_fn': None, 'policies_to_train': None}, 'input_evaluation': None, 'output': None, 'collect_metrics_timeout': 180, 'num_cpus_per_worker': 1}",169.237.32.118,1,1449.2121212121212,9.719900846481323,"{'num_steps_sampled': 48000, 'load_time_ms': 1.212, 'default': {'kl': 0.006524194497615099, 'cur_lr': 0.0005000000237487257, 'total_loss': 1.9281549453735352, 'policy_loss': -0.011145730502903461, 'vf_explained_var': 0.9707040190696716, 'entropy': 1.359462857246399, 'cur_kl_coeff': 0.4271484315395355, 'vf_loss': 1.936513900756836}, 'sample_time_ms': 9619.018, 'grad_time_ms': 273.371, 'update_time_ms': 4.396, 'num_steps_trained': 48000}",343.2452613147519,2019-04-02_07-41-55,kronos,71,48000,0,307.2609615325928,{},48000,30,30,307.2609615325928,452.692858419475,1600,1554190915,{},0b32d2eec3344b1fbde4822793b2e447,83.35802442090997
False,34,"{'input': 'sampler', 'callbacks': {'on_train_result': None, 'on_sample_end': None, 'on_episode_step': None, 'on_episode_start': None, 'on_episode_end': None}, 'sample_batch_size': 200, 'clip_actions': False, 'clip_rewards': None, 'tf_session_args': {'inter_op_parallelism_threads': 2, 'intra_op_parallelism_threads': 2, 'device_count': {'CPU': 1}, 'log_device_placement': False, 'allow_soft_placement': True, 'gpu_options': {'allow_growth': True}}, 'kl_target': 0.01, 'horizon': 1500, 'lr': 0.0005, 'sample_async': False, 'simple_optimizer': False, 'compress_observations': False, 'num_envs_per_worker': 1, 'gamma': 0.99, 'sgd_minibatch_size': 128, 'observation_filter': 'NoFilter', 'entropy_coeff': 0.0, 'batch_mode': 'truncate_episodes', 'straggler_mitigation': False, 'vf_share_layers': False, 'num_gpus': 0, 'synchronize_filters': True, 'num_sgd_iter': 10, 'train_batch_size': 1500, 'optimizer': {}, 'num_gpus_per_worker': 0, 'preprocessor_pref': 'deepmind', 'num_cpus_for_driver': 1, 'lr_schedule': None, 'use_gae': True, 'lambda': 0.97, 'vf_loss_coeff': 1.0, 'vf_clip_param': 1000000.0, 'log_level': 'INFO', 'env_config': {'run': 'PPO', 'flow_params': '{\n    ""env"": {\n        ""additional_params"": {\n            ""max_accel"": 3,\n            ""max_decel"": 3,\n            ""sort_vehicles"": false,\n            ""target_velocity"": 20\n        },\n        ""evaluate"": false,\n        ""horizon"": 1500,\n        ""sims_per_step"": 1,\n        ""warmup_steps"": 0\n    },\n    ""env_name"": ""AccelEnv"",\n    ""exp_tag"": ""figure_eight_0"",\n    ""initial"": {\n        ""additional_params"": {},\n        ""bunching"": 0,\n        ""edges_distribution"": ""all"",\n        ""lanes_distribution"": Infinity,\n        ""min_gap"": 0,\n        ""perturbation"": 0.0,\n        ""shuffle"": false,\n        ""spacing"": ""uniform"",\n        ""x0"": 0\n    },\n    ""net"": {\n        ""additional_params"": {\n            ""lanes"": 1,\n            ""radius_ring"": 30,\n            ""resolution"": 40,\n            ""speed_limit"": 30\n        },\n        ""inflows"": {\n            ""_InFlows__flows"": [],\n            ""num_flows"": 0\n        },\n        ""netfile"": null,\n        ""no_internal_links"": false,\n        ""osm_path"": null\n    },\n    ""scenario"": ""Figure8Scenario"",\n    ""sim"": {\n        ""emission_path"": null,\n        ""lateral_resolution"": null,\n        ""no_step_log"": true,\n        ""num_clients"": 1,\n        ""overtake_right"": false,\n        ""port"": null,\n        ""print_warnings"": true,\n        ""pxpm"": 2,\n        ""render"": false,\n        ""restart_instance"": false,\n        ""save_render"": false,\n        ""seed"": null,\n        ""show_radius"": false,\n        ""sight_radius"": 25,\n        ""sim_step"": 0.1,\n        ""teleport_time"": -1\n    },\n    ""simulator"": ""traci"",\n    ""veh"": [\n        {\n            ""acceleration_controller"": [\n                ""IDMController"",\n                {\n                    ""noise"": 0.2\n                }\n            ],\n            ""car_following_params"": {\n                ""controller_params"": {\n                    ""accel"": 1.0,\n                    ""carFollowModel"": ""IDM"",\n                    ""decel"": 1.5,\n                    ""impatience"": 0.5,\n                    ""maxSpeed"": 30,\n                    ""minGap"": 2.5,\n                    ""sigma"": 0.5,\n                    ""speedDev"": 0.1,\n                    ""speedFactor"": 1.0,\n                    ""tau"": 1.0\n                },\n                ""speed_mode"": 1\n            },\n            ""initial_speed"": 0,\n            ""lane_change_controller"": [\n                ""SimLaneChangeController"",\n                {}\n            ],\n            ""lane_change_params"": {\n                ""controller_params"": {\n                    ""laneChangeModel"": ""LC2013"",\n                    ""lcCooperative"": ""1.0"",\n                    ""lcKeepRight"": ""1.0"",\n                    ""lcSpeedGain"": ""1.0"",\n                    ""lcStrategic"": ""1.0""\n                },\n                ""lane_change_mode"": 512\n            },\n            ""num_vehicles"": 13,\n            ""routing_controller"": [\n                ""ContinuousRouter"",\n                {}\n            ],\n            ""veh_id"": ""human""\n        },\n        {\n            ""acceleration_controller"": [\n                ""RLController"",\n                {}\n            ],\n            ""car_following_params"": {\n                ""controller_params"": {\n                    ""accel"": 1.0,\n                    ""carFollowModel"": ""IDM"",\n                    ""decel"": 1.5,\n                    ""impatience"": 0.5,\n                    ""maxSpeed"": 30,\n                    ""minGap"": 2.5,\n                    ""sigma"": 0.5,\n                    ""speedDev"": 0.1,\n                    ""speedFactor"": 1.0,\n                    ""tau"": 1.0\n                },\n                ""speed_mode"": 1\n            },\n            ""initial_speed"": 0,\n            ""lane_change_controller"": [\n                ""SimLaneChangeController"",\n                {}\n            ],\n            ""lane_change_params"": {\n                ""controller_params"": {\n                    ""laneChangeModel"": ""LC2013"",\n                    ""lcCooperative"": ""1.0"",\n                    ""lcKeepRight"": ""1.0"",\n                    ""lcSpeedGain"": ""1.0"",\n                    ""lcStrategic"": ""1.0""\n                },\n                ""lane_change_mode"": 512\n            },\n            ""num_vehicles"": 1,\n            ""routing_controller"": [\n                ""ContinuousRouter"",\n                {}\n            ],\n            ""veh_id"": ""rl""\n        }\n    ]\n}'}, 'env': 'AccelEnv-v0', 'local_evaluator_tf_session_args': {'inter_op_parallelism_threads': 8, 'intra_op_parallelism_threads': 8}, 'model': {'free_log_std': False, 'custom_options': {}, 'framestack': True, 'channel_major': False, 'max_seq_len': 20, 'lstm_use_prev_action_reward': False, 'squash_to_range': False, 'dim': 84, 'grayscale': False, 'fcnet_hiddens': [100, 50, 25], 'use_lstm': False, 'custom_model': None, 'fcnet_activation': 'tanh', 'conv_filters': None, 'conv_activation': 'relu', 'lstm_cell_size': 256, 'zero_mean': True, 'custom_preprocessor': None}, 'output_compress_columns': ['obs', 'new_obs'], 'monitor': False, 'custom_resources_per_worker': {}, 'output_max_file_size': 67108864, 'num_workers': 1, 'clip_param': 0.3, 'kl_coeff': 0.2, 'multiagent': {'policy_graphs': {}, 'policy_mapping_fn': None, 'policies_to_train': None}, 'input_evaluation': None, 'output': None, 'collect_metrics_timeout': 180, 'num_cpus_per_worker': 1}",169.237.32.118,1,1450.7058823529412,9.802307844161987,"{'num_steps_sampled': 49600, 'load_time_ms': 1.21, 'default': {'kl': 0.011350591666996479, 'cur_lr': 0.0005000000237487257, 'total_loss': 1.5814952850341797, 'policy_loss': -0.0162885170429945, 'vf_explained_var': 0.973258912563324, 'entropy': 1.3409854173660278, 'cur_kl_coeff': 0.4271484315395355, 'vf_loss': 1.5929352045059204}, 'sample_time_ms': 9630.3, 'grad_time_ms': 275.866, 'update_time_ms': 4.392, 'num_steps_trained': 49600}",344.83974913405245,2019-04-02_07-42-04,kronos,71,49600,0,317.06326937675476,{},49600,31,31,317.06326937675476,452.692858419475,1600,1554190924,{},0b32d2eec3344b1fbde4822793b2e447,83.35802442090997
False,36,"{'input': 'sampler', 'callbacks': {'on_train_result': None, 'on_sample_end': None, 'on_episode_step': None, 'on_episode_start': None, 'on_episode_end': None}, 'sample_batch_size': 200, 'clip_actions': False, 'clip_rewards': None, 'tf_session_args': {'inter_op_parallelism_threads': 2, 'intra_op_parallelism_threads': 2, 'device_count': {'CPU': 1}, 'log_device_placement': False, 'allow_soft_placement': True, 'gpu_options': {'allow_growth': True}}, 'kl_target': 0.01, 'horizon': 1500, 'lr': 0.0005, 'sample_async': False, 'simple_optimizer': False, 'compress_observations': False, 'num_envs_per_worker': 1, 'gamma': 0.99, 'sgd_minibatch_size': 128, 'observation_filter': 'NoFilter', 'entropy_coeff': 0.0, 'batch_mode': 'truncate_episodes', 'straggler_mitigation': False, 'vf_share_layers': False, 'num_gpus': 0, 'synchronize_filters': True, 'num_sgd_iter': 10, 'train_batch_size': 1500, 'optimizer': {}, 'num_gpus_per_worker': 0, 'preprocessor_pref': 'deepmind', 'num_cpus_for_driver': 1, 'lr_schedule': None, 'use_gae': True, 'lambda': 0.97, 'vf_loss_coeff': 1.0, 'vf_clip_param': 1000000.0, 'log_level': 'INFO', 'env_config': {'run': 'PPO', 'flow_params': '{\n    ""env"": {\n        ""additional_params"": {\n            ""max_accel"": 3,\n            ""max_decel"": 3,\n            ""sort_vehicles"": false,\n            ""target_velocity"": 20\n        },\n        ""evaluate"": false,\n        ""horizon"": 1500,\n        ""sims_per_step"": 1,\n        ""warmup_steps"": 0\n    },\n    ""env_name"": ""AccelEnv"",\n    ""exp_tag"": ""figure_eight_0"",\n    ""initial"": {\n        ""additional_params"": {},\n        ""bunching"": 0,\n        ""edges_distribution"": ""all"",\n        ""lanes_distribution"": Infinity,\n        ""min_gap"": 0,\n        ""perturbation"": 0.0,\n        ""shuffle"": false,\n        ""spacing"": ""uniform"",\n        ""x0"": 0\n    },\n    ""net"": {\n        ""additional_params"": {\n            ""lanes"": 1,\n            ""radius_ring"": 30,\n            ""resolution"": 40,\n            ""speed_limit"": 30\n        },\n        ""inflows"": {\n            ""_InFlows__flows"": [],\n            ""num_flows"": 0\n        },\n        ""netfile"": null,\n        ""no_internal_links"": false,\n        ""osm_path"": null\n    },\n    ""scenario"": ""Figure8Scenario"",\n    ""sim"": {\n        ""emission_path"": null,\n        ""lateral_resolution"": null,\n        ""no_step_log"": true,\n        ""num_clients"": 1,\n        ""overtake_right"": false,\n        ""port"": null,\n        ""print_warnings"": true,\n        ""pxpm"": 2,\n        ""render"": false,\n        ""restart_instance"": false,\n        ""save_render"": false,\n        ""seed"": null,\n        ""show_radius"": false,\n        ""sight_radius"": 25,\n        ""sim_step"": 0.1,\n        ""teleport_time"": -1\n    },\n    ""simulator"": ""traci"",\n    ""veh"": [\n        {\n            ""acceleration_controller"": [\n                ""IDMController"",\n                {\n                    ""noise"": 0.2\n                }\n            ],\n            ""car_following_params"": {\n                ""controller_params"": {\n                    ""accel"": 1.0,\n                    ""carFollowModel"": ""IDM"",\n                    ""decel"": 1.5,\n                    ""impatience"": 0.5,\n                    ""maxSpeed"": 30,\n                    ""minGap"": 2.5,\n                    ""sigma"": 0.5,\n                    ""speedDev"": 0.1,\n                    ""speedFactor"": 1.0,\n                    ""tau"": 1.0\n                },\n                ""speed_mode"": 1\n            },\n            ""initial_speed"": 0,\n            ""lane_change_controller"": [\n                ""SimLaneChangeController"",\n                {}\n            ],\n            ""lane_change_params"": {\n                ""controller_params"": {\n                    ""laneChangeModel"": ""LC2013"",\n                    ""lcCooperative"": ""1.0"",\n                    ""lcKeepRight"": ""1.0"",\n                    ""lcSpeedGain"": ""1.0"",\n                    ""lcStrategic"": ""1.0""\n                },\n                ""lane_change_mode"": 512\n            },\n            ""num_vehicles"": 13,\n            ""routing_controller"": [\n                ""ContinuousRouter"",\n                {}\n            ],\n            ""veh_id"": ""human""\n        },\n        {\n            ""acceleration_controller"": [\n                ""RLController"",\n                {}\n            ],\n            ""car_following_params"": {\n                ""controller_params"": {\n                    ""accel"": 1.0,\n                    ""carFollowModel"": ""IDM"",\n                    ""decel"": 1.5,\n                    ""impatience"": 0.5,\n                    ""maxSpeed"": 30,\n                    ""minGap"": 2.5,\n                    ""sigma"": 0.5,\n                    ""speedDev"": 0.1,\n                    ""speedFactor"": 1.0,\n                    ""tau"": 1.0\n                },\n                ""speed_mode"": 1\n            },\n            ""initial_speed"": 0,\n            ""lane_change_controller"": [\n                ""SimLaneChangeController"",\n                {}\n            ],\n            ""lane_change_params"": {\n                ""controller_params"": {\n                    ""laneChangeModel"": ""LC2013"",\n                    ""lcCooperative"": ""1.0"",\n                    ""lcKeepRight"": ""1.0"",\n                    ""lcSpeedGain"": ""1.0"",\n                    ""lcStrategic"": ""1.0""\n                },\n                ""lane_change_mode"": 512\n            },\n            ""num_vehicles"": 1,\n            ""routing_controller"": [\n                ""ContinuousRouter"",\n                {}\n            ],\n            ""veh_id"": ""rl""\n        }\n    ]\n}'}, 'env': 'AccelEnv-v0', 'local_evaluator_tf_session_args': {'inter_op_parallelism_threads': 8, 'intra_op_parallelism_threads': 8}, 'model': {'free_log_std': False, 'custom_options': {}, 'framestack': True, 'channel_major': False, 'max_seq_len': 20, 'lstm_use_prev_action_reward': False, 'squash_to_range': False, 'dim': 84, 'grayscale': False, 'fcnet_hiddens': [100, 50, 25], 'use_lstm': False, 'custom_model': None, 'fcnet_activation': 'tanh', 'conv_filters': None, 'conv_activation': 'relu', 'lstm_cell_size': 256, 'zero_mean': True, 'custom_preprocessor': None}, 'output_compress_columns': ['obs', 'new_obs'], 'monitor': False, 'custom_resources_per_worker': {}, 'output_max_file_size': 67108864, 'num_workers': 1, 'clip_param': 0.3, 'kl_coeff': 0.2, 'multiagent': {'policy_graphs': {}, 'policy_mapping_fn': None, 'policies_to_train': None}, 'input_evaluation': None, 'output': None, 'collect_metrics_timeout': 180, 'num_cpus_per_worker': 1}",169.237.32.118,2,1413.0,9.663232326507568,"{'num_steps_sampled': 51200, 'load_time_ms': 1.196, 'default': {'kl': 0.005721022840589285, 'cur_lr': 0.0005000000237487257, 'total_loss': 1.0106453895568848, 'policy_loss': -0.0209316685795784, 'vf_explained_var': 0.9894821643829346, 'entropy': 1.3646780252456665, 'cur_kl_coeff': 0.4271484315395355, 'vf_loss': 1.0291334390640259}, 'sample_time_ms': 9600.57, 'grad_time_ms': 277.624, 'update_time_ms': 4.507, 'num_steps_trained': 51200}",336.5381654246514,2019-04-02_07-42-14,kronos,71,51200,0,326.72650170326233,{},51200,32,32,326.72650170326233,452.692858419475,1600,1554190934,{},0b32d2eec3344b1fbde4822793b2e447,83.35802442090997
False,38,"{'input': 'sampler', 'callbacks': {'on_train_result': None, 'on_sample_end': None, 'on_episode_step': None, 'on_episode_start': None, 'on_episode_end': None}, 'sample_batch_size': 200, 'clip_actions': False, 'clip_rewards': None, 'tf_session_args': {'inter_op_parallelism_threads': 2, 'intra_op_parallelism_threads': 2, 'device_count': {'CPU': 1}, 'log_device_placement': False, 'allow_soft_placement': True, 'gpu_options': {'allow_growth': True}}, 'kl_target': 0.01, 'horizon': 1500, 'lr': 0.0005, 'sample_async': False, 'simple_optimizer': False, 'compress_observations': False, 'num_envs_per_worker': 1, 'gamma': 0.99, 'sgd_minibatch_size': 128, 'observation_filter': 'NoFilter', 'entropy_coeff': 0.0, 'batch_mode': 'truncate_episodes', 'straggler_mitigation': False, 'vf_share_layers': False, 'num_gpus': 0, 'synchronize_filters': True, 'num_sgd_iter': 10, 'train_batch_size': 1500, 'optimizer': {}, 'num_gpus_per_worker': 0, 'preprocessor_pref': 'deepmind', 'num_cpus_for_driver': 1, 'lr_schedule': None, 'use_gae': True, 'lambda': 0.97, 'vf_loss_coeff': 1.0, 'vf_clip_param': 1000000.0, 'log_level': 'INFO', 'env_config': {'run': 'PPO', 'flow_params': '{\n    ""env"": {\n        ""additional_params"": {\n            ""max_accel"": 3,\n            ""max_decel"": 3,\n            ""sort_vehicles"": false,\n            ""target_velocity"": 20\n        },\n        ""evaluate"": false,\n        ""horizon"": 1500,\n        ""sims_per_step"": 1,\n        ""warmup_steps"": 0\n    },\n    ""env_name"": ""AccelEnv"",\n    ""exp_tag"": ""figure_eight_0"",\n    ""initial"": {\n        ""additional_params"": {},\n        ""bunching"": 0,\n        ""edges_distribution"": ""all"",\n        ""lanes_distribution"": Infinity,\n        ""min_gap"": 0,\n        ""perturbation"": 0.0,\n        ""shuffle"": false,\n        ""spacing"": ""uniform"",\n        ""x0"": 0\n    },\n    ""net"": {\n        ""additional_params"": {\n            ""lanes"": 1,\n            ""radius_ring"": 30,\n            ""resolution"": 40,\n            ""speed_limit"": 30\n        },\n        ""inflows"": {\n            ""_InFlows__flows"": [],\n            ""num_flows"": 0\n        },\n        ""netfile"": null,\n        ""no_internal_links"": false,\n        ""osm_path"": null\n    },\n    ""scenario"": ""Figure8Scenario"",\n    ""sim"": {\n        ""emission_path"": null,\n        ""lateral_resolution"": null,\n        ""no_step_log"": true,\n        ""num_clients"": 1,\n        ""overtake_right"": false,\n        ""port"": null,\n        ""print_warnings"": true,\n        ""pxpm"": 2,\n        ""render"": false,\n        ""restart_instance"": false,\n        ""save_render"": false,\n        ""seed"": null,\n        ""show_radius"": false,\n        ""sight_radius"": 25,\n        ""sim_step"": 0.1,\n        ""teleport_time"": -1\n    },\n    ""simulator"": ""traci"",\n    ""veh"": [\n        {\n            ""acceleration_controller"": [\n                ""IDMController"",\n                {\n                    ""noise"": 0.2\n                }\n            ],\n            ""car_following_params"": {\n                ""controller_params"": {\n                    ""accel"": 1.0,\n                    ""carFollowModel"": ""IDM"",\n                    ""decel"": 1.5,\n                    ""impatience"": 0.5,\n                    ""maxSpeed"": 30,\n                    ""minGap"": 2.5,\n                    ""sigma"": 0.5,\n                    ""speedDev"": 0.1,\n                    ""speedFactor"": 1.0,\n                    ""tau"": 1.0\n                },\n                ""speed_mode"": 1\n            },\n            ""initial_speed"": 0,\n            ""lane_change_controller"": [\n                ""SimLaneChangeController"",\n                {}\n            ],\n            ""lane_change_params"": {\n                ""controller_params"": {\n                    ""laneChangeModel"": ""LC2013"",\n                    ""lcCooperative"": ""1.0"",\n                    ""lcKeepRight"": ""1.0"",\n                    ""lcSpeedGain"": ""1.0"",\n                    ""lcStrategic"": ""1.0""\n                },\n                ""lane_change_mode"": 512\n            },\n            ""num_vehicles"": 13,\n            ""routing_controller"": [\n                ""ContinuousRouter"",\n                {}\n            ],\n            ""veh_id"": ""human""\n        },\n        {\n            ""acceleration_controller"": [\n                ""RLController"",\n                {}\n            ],\n            ""car_following_params"": {\n                ""controller_params"": {\n                    ""accel"": 1.0,\n                    ""carFollowModel"": ""IDM"",\n                    ""decel"": 1.5,\n                    ""impatience"": 0.5,\n                    ""maxSpeed"": 30,\n                    ""minGap"": 2.5,\n                    ""sigma"": 0.5,\n                    ""speedDev"": 0.1,\n                    ""speedFactor"": 1.0,\n                    ""tau"": 1.0\n                },\n                ""speed_mode"": 1\n            },\n            ""initial_speed"": 0,\n            ""lane_change_controller"": [\n                ""SimLaneChangeController"",\n                {}\n            ],\n            ""lane_change_params"": {\n                ""controller_params"": {\n                    ""laneChangeModel"": ""LC2013"",\n                    ""lcCooperative"": ""1.0"",\n                    ""lcKeepRight"": ""1.0"",\n                    ""lcSpeedGain"": ""1.0"",\n                    ""lcStrategic"": ""1.0""\n                },\n                ""lane_change_mode"": 512\n            },\n            ""num_vehicles"": 1,\n            ""routing_controller"": [\n                ""ContinuousRouter"",\n                {}\n            ],\n            ""veh_id"": ""rl""\n        }\n    ]\n}'}, 'env': 'AccelEnv-v0', 'local_evaluator_tf_session_args': {'inter_op_parallelism_threads': 8, 'intra_op_parallelism_threads': 8}, 'model': {'free_log_std': False, 'custom_options': {}, 'framestack': True, 'channel_major': False, 'max_seq_len': 20, 'lstm_use_prev_action_reward': False, 'squash_to_range': False, 'dim': 84, 'grayscale': False, 'fcnet_hiddens': [100, 50, 25], 'use_lstm': False, 'custom_model': None, 'fcnet_activation': 'tanh', 'conv_filters': None, 'conv_activation': 'relu', 'lstm_cell_size': 256, 'zero_mean': True, 'custom_preprocessor': None}, 'output_compress_columns': ['obs', 'new_obs'], 'monitor': False, 'custom_resources_per_worker': {}, 'output_max_file_size': 67108864, 'num_workers': 1, 'clip_param': 0.3, 'kl_coeff': 0.2, 'multiagent': {'policy_graphs': {}, 'policy_mapping_fn': None, 'policies_to_train': None}, 'input_evaluation': None, 'output': None, 'collect_metrics_timeout': 180, 'num_cpus_per_worker': 1}",169.237.32.118,2,1379.0263157894738,9.635274410247803,"{'num_steps_sampled': 52800, 'load_time_ms': 1.199, 'default': {'kl': 0.023048901930451393, 'cur_lr': 0.0005000000237487257, 'total_loss': 1.4796944856643677, 'policy_loss': -0.0247182697057724, 'vf_explained_var': 0.9850098490715027, 'entropy': 1.3544282913208008, 'cur_kl_coeff': 0.4271484315395355, 'vf_loss': 1.4945675134658813}, 'sample_time_ms': 9570.391, 'grad_time_ms': 276.185, 'update_time_ms': 4.214, 'num_steps_trained': 52800}",329.1987086206576,2019-04-02_07-42-24,kronos,71,52800,0,336.36177611351013,{},52800,33,33,336.36177611351013,452.692858419475,1600,1554190944,{},0b32d2eec3344b1fbde4822793b2e447,83.35802442090997
False,39,"{'input': 'sampler', 'callbacks': {'on_train_result': None, 'on_sample_end': None, 'on_episode_step': None, 'on_episode_start': None, 'on_episode_end': None}, 'sample_batch_size': 200, 'clip_actions': False, 'clip_rewards': None, 'tf_session_args': {'inter_op_parallelism_threads': 2, 'intra_op_parallelism_threads': 2, 'device_count': {'CPU': 1}, 'log_device_placement': False, 'allow_soft_placement': True, 'gpu_options': {'allow_growth': True}}, 'kl_target': 0.01, 'horizon': 1500, 'lr': 0.0005, 'sample_async': False, 'simple_optimizer': False, 'compress_observations': False, 'num_envs_per_worker': 1, 'gamma': 0.99, 'sgd_minibatch_size': 128, 'observation_filter': 'NoFilter', 'entropy_coeff': 0.0, 'batch_mode': 'truncate_episodes', 'straggler_mitigation': False, 'vf_share_layers': False, 'num_gpus': 0, 'synchronize_filters': True, 'num_sgd_iter': 10, 'train_batch_size': 1500, 'optimizer': {}, 'num_gpus_per_worker': 0, 'preprocessor_pref': 'deepmind', 'num_cpus_for_driver': 1, 'lr_schedule': None, 'use_gae': True, 'lambda': 0.97, 'vf_loss_coeff': 1.0, 'vf_clip_param': 1000000.0, 'log_level': 'INFO', 'env_config': {'run': 'PPO', 'flow_params': '{\n    ""env"": {\n        ""additional_params"": {\n            ""max_accel"": 3,\n            ""max_decel"": 3,\n            ""sort_vehicles"": false,\n            ""target_velocity"": 20\n        },\n        ""evaluate"": false,\n        ""horizon"": 1500,\n        ""sims_per_step"": 1,\n        ""warmup_steps"": 0\n    },\n    ""env_name"": ""AccelEnv"",\n    ""exp_tag"": ""figure_eight_0"",\n    ""initial"": {\n        ""additional_params"": {},\n        ""bunching"": 0,\n        ""edges_distribution"": ""all"",\n        ""lanes_distribution"": Infinity,\n        ""min_gap"": 0,\n        ""perturbation"": 0.0,\n        ""shuffle"": false,\n        ""spacing"": ""uniform"",\n        ""x0"": 0\n    },\n    ""net"": {\n        ""additional_params"": {\n            ""lanes"": 1,\n            ""radius_ring"": 30,\n            ""resolution"": 40,\n            ""speed_limit"": 30\n        },\n        ""inflows"": {\n            ""_InFlows__flows"": [],\n            ""num_flows"": 0\n        },\n        ""netfile"": null,\n        ""no_internal_links"": false,\n        ""osm_path"": null\n    },\n    ""scenario"": ""Figure8Scenario"",\n    ""sim"": {\n        ""emission_path"": null,\n        ""lateral_resolution"": null,\n        ""no_step_log"": true,\n        ""num_clients"": 1,\n        ""overtake_right"": false,\n        ""port"": null,\n        ""print_warnings"": true,\n        ""pxpm"": 2,\n        ""render"": false,\n        ""restart_instance"": false,\n        ""save_render"": false,\n        ""seed"": null,\n        ""show_radius"": false,\n        ""sight_radius"": 25,\n        ""sim_step"": 0.1,\n        ""teleport_time"": -1\n    },\n    ""simulator"": ""traci"",\n    ""veh"": [\n        {\n            ""acceleration_controller"": [\n                ""IDMController"",\n                {\n                    ""noise"": 0.2\n                }\n            ],\n            ""car_following_params"": {\n                ""controller_params"": {\n                    ""accel"": 1.0,\n                    ""carFollowModel"": ""IDM"",\n                    ""decel"": 1.5,\n                    ""impatience"": 0.5,\n                    ""maxSpeed"": 30,\n                    ""minGap"": 2.5,\n                    ""sigma"": 0.5,\n                    ""speedDev"": 0.1,\n                    ""speedFactor"": 1.0,\n                    ""tau"": 1.0\n                },\n                ""speed_mode"": 1\n            },\n            ""initial_speed"": 0,\n            ""lane_change_controller"": [\n                ""SimLaneChangeController"",\n                {}\n            ],\n            ""lane_change_params"": {\n                ""controller_params"": {\n                    ""laneChangeModel"": ""LC2013"",\n                    ""lcCooperative"": ""1.0"",\n                    ""lcKeepRight"": ""1.0"",\n                    ""lcSpeedGain"": ""1.0"",\n                    ""lcStrategic"": ""1.0""\n                },\n                ""lane_change_mode"": 512\n            },\n            ""num_vehicles"": 13,\n            ""routing_controller"": [\n                ""ContinuousRouter"",\n                {}\n            ],\n            ""veh_id"": ""human""\n        },\n        {\n            ""acceleration_controller"": [\n                ""RLController"",\n                {}\n            ],\n            ""car_following_params"": {\n                ""controller_params"": {\n                    ""accel"": 1.0,\n                    ""carFollowModel"": ""IDM"",\n                    ""decel"": 1.5,\n                    ""impatience"": 0.5,\n                    ""maxSpeed"": 30,\n                    ""minGap"": 2.5,\n                    ""sigma"": 0.5,\n                    ""speedDev"": 0.1,\n                    ""speedFactor"": 1.0,\n                    ""tau"": 1.0\n                },\n                ""speed_mode"": 1\n            },\n            ""initial_speed"": 0,\n            ""lane_change_controller"": [\n                ""SimLaneChangeController"",\n                {}\n            ],\n            ""lane_change_params"": {\n                ""controller_params"": {\n                    ""laneChangeModel"": ""LC2013"",\n                    ""lcCooperative"": ""1.0"",\n                    ""lcKeepRight"": ""1.0"",\n                    ""lcSpeedGain"": ""1.0"",\n                    ""lcStrategic"": ""1.0""\n                },\n                ""lane_change_mode"": 512\n            },\n            ""num_vehicles"": 1,\n            ""routing_controller"": [\n                ""ContinuousRouter"",\n                {}\n            ],\n            ""veh_id"": ""rl""\n        }\n    ]\n}'}, 'env': 'AccelEnv-v0', 'local_evaluator_tf_session_args': {'inter_op_parallelism_threads': 8, 'intra_op_parallelism_threads': 8}, 'model': {'free_log_std': False, 'custom_options': {}, 'framestack': True, 'channel_major': False, 'max_seq_len': 20, 'lstm_use_prev_action_reward': False, 'squash_to_range': False, 'dim': 84, 'grayscale': False, 'fcnet_hiddens': [100, 50, 25], 'use_lstm': False, 'custom_model': None, 'fcnet_activation': 'tanh', 'conv_filters': None, 'conv_activation': 'relu', 'lstm_cell_size': 256, 'zero_mean': True, 'custom_preprocessor': None}, 'output_compress_columns': ['obs', 'new_obs'], 'monitor': False, 'custom_resources_per_worker': {}, 'output_max_file_size': 67108864, 'num_workers': 1, 'clip_param': 0.3, 'kl_coeff': 0.2, 'multiagent': {'policy_graphs': {}, 'policy_mapping_fn': None, 'policies_to_train': None}, 'input_evaluation': None, 'output': None, 'collect_metrics_timeout': 180, 'num_cpus_per_worker': 1}",169.237.32.118,1,1369.871794871795,9.744105100631714,"{'num_steps_sampled': 54400, 'load_time_ms': 1.202, 'default': {'kl': 0.00690020015463233, 'cur_lr': 0.0005000000237487257, 'total_loss': 1.5004512071609497, 'policy_loss': -0.0168294720351696, 'vf_explained_var': 0.9860902428627014, 'entropy': 1.3663290739059448, 'cur_kl_coeff': 0.6407226920127869, 'vf_loss': 1.5128597021102905}, 'sample_time_ms': 9532.842, 'grad_time_ms': 279.881, 'update_time_ms': 4.159, 'num_steps_trained': 54400}",325.9534238447143,2019-04-02_07-42-33,kronos,71,54400,0,346.10588121414185,{},54400,34,34,346.10588121414185,452.692858419475,1600,1554190953,{},0b32d2eec3344b1fbde4822793b2e447,83.35802442090997
False,40,"{'input': 'sampler', 'callbacks': {'on_train_result': None, 'on_sample_end': None, 'on_episode_step': None, 'on_episode_start': None, 'on_episode_end': None}, 'sample_batch_size': 200, 'clip_actions': False, 'clip_rewards': None, 'tf_session_args': {'inter_op_parallelism_threads': 2, 'intra_op_parallelism_threads': 2, 'device_count': {'CPU': 1}, 'log_device_placement': False, 'allow_soft_placement': True, 'gpu_options': {'allow_growth': True}}, 'kl_target': 0.01, 'horizon': 1500, 'lr': 0.0005, 'sample_async': False, 'simple_optimizer': False, 'compress_observations': False, 'num_envs_per_worker': 1, 'gamma': 0.99, 'sgd_minibatch_size': 128, 'observation_filter': 'NoFilter', 'entropy_coeff': 0.0, 'batch_mode': 'truncate_episodes', 'straggler_mitigation': False, 'vf_share_layers': False, 'num_gpus': 0, 'synchronize_filters': True, 'num_sgd_iter': 10, 'train_batch_size': 1500, 'optimizer': {}, 'num_gpus_per_worker': 0, 'preprocessor_pref': 'deepmind', 'num_cpus_for_driver': 1, 'lr_schedule': None, 'use_gae': True, 'lambda': 0.97, 'vf_loss_coeff': 1.0, 'vf_clip_param': 1000000.0, 'log_level': 'INFO', 'env_config': {'run': 'PPO', 'flow_params': '{\n    ""env"": {\n        ""additional_params"": {\n            ""max_accel"": 3,\n            ""max_decel"": 3,\n            ""sort_vehicles"": false,\n            ""target_velocity"": 20\n        },\n        ""evaluate"": false,\n        ""horizon"": 1500,\n        ""sims_per_step"": 1,\n        ""warmup_steps"": 0\n    },\n    ""env_name"": ""AccelEnv"",\n    ""exp_tag"": ""figure_eight_0"",\n    ""initial"": {\n        ""additional_params"": {},\n        ""bunching"": 0,\n        ""edges_distribution"": ""all"",\n        ""lanes_distribution"": Infinity,\n        ""min_gap"": 0,\n        ""perturbation"": 0.0,\n        ""shuffle"": false,\n        ""spacing"": ""uniform"",\n        ""x0"": 0\n    },\n    ""net"": {\n        ""additional_params"": {\n            ""lanes"": 1,\n            ""radius_ring"": 30,\n            ""resolution"": 40,\n            ""speed_limit"": 30\n        },\n        ""inflows"": {\n            ""_InFlows__flows"": [],\n            ""num_flows"": 0\n        },\n        ""netfile"": null,\n        ""no_internal_links"": false,\n        ""osm_path"": null\n    },\n    ""scenario"": ""Figure8Scenario"",\n    ""sim"": {\n        ""emission_path"": null,\n        ""lateral_resolution"": null,\n        ""no_step_log"": true,\n        ""num_clients"": 1,\n        ""overtake_right"": false,\n        ""port"": null,\n        ""print_warnings"": true,\n        ""pxpm"": 2,\n        ""render"": false,\n        ""restart_instance"": false,\n        ""save_render"": false,\n        ""seed"": null,\n        ""show_radius"": false,\n        ""sight_radius"": 25,\n        ""sim_step"": 0.1,\n        ""teleport_time"": -1\n    },\n    ""simulator"": ""traci"",\n    ""veh"": [\n        {\n            ""acceleration_controller"": [\n                ""IDMController"",\n                {\n                    ""noise"": 0.2\n                }\n            ],\n            ""car_following_params"": {\n                ""controller_params"": {\n                    ""accel"": 1.0,\n                    ""carFollowModel"": ""IDM"",\n                    ""decel"": 1.5,\n                    ""impatience"": 0.5,\n                    ""maxSpeed"": 30,\n                    ""minGap"": 2.5,\n                    ""sigma"": 0.5,\n                    ""speedDev"": 0.1,\n                    ""speedFactor"": 1.0,\n                    ""tau"": 1.0\n                },\n                ""speed_mode"": 1\n            },\n            ""initial_speed"": 0,\n            ""lane_change_controller"": [\n                ""SimLaneChangeController"",\n                {}\n            ],\n            ""lane_change_params"": {\n                ""controller_params"": {\n                    ""laneChangeModel"": ""LC2013"",\n                    ""lcCooperative"": ""1.0"",\n                    ""lcKeepRight"": ""1.0"",\n                    ""lcSpeedGain"": ""1.0"",\n                    ""lcStrategic"": ""1.0""\n                },\n                ""lane_change_mode"": 512\n            },\n            ""num_vehicles"": 13,\n            ""routing_controller"": [\n                ""ContinuousRouter"",\n                {}\n            ],\n            ""veh_id"": ""human""\n        },\n        {\n            ""acceleration_controller"": [\n                ""RLController"",\n                {}\n            ],\n            ""car_following_params"": {\n                ""controller_params"": {\n                    ""accel"": 1.0,\n                    ""carFollowModel"": ""IDM"",\n                    ""decel"": 1.5,\n                    ""impatience"": 0.5,\n                    ""maxSpeed"": 30,\n                    ""minGap"": 2.5,\n                    ""sigma"": 0.5,\n                    ""speedDev"": 0.1,\n                    ""speedFactor"": 1.0,\n                    ""tau"": 1.0\n                },\n                ""speed_mode"": 1\n            },\n            ""initial_speed"": 0,\n            ""lane_change_controller"": [\n                ""SimLaneChangeController"",\n                {}\n            ],\n            ""lane_change_params"": {\n                ""controller_params"": {\n                    ""laneChangeModel"": ""LC2013"",\n                    ""lcCooperative"": ""1.0"",\n                    ""lcKeepRight"": ""1.0"",\n                    ""lcSpeedGain"": ""1.0"",\n                    ""lcStrategic"": ""1.0""\n                },\n                ""lane_change_mode"": 512\n            },\n            ""num_vehicles"": 1,\n            ""routing_controller"": [\n                ""ContinuousRouter"",\n                {}\n            ],\n            ""veh_id"": ""rl""\n        }\n    ]\n}'}, 'env': 'AccelEnv-v0', 'local_evaluator_tf_session_args': {'inter_op_parallelism_threads': 8, 'intra_op_parallelism_threads': 8}, 'model': {'free_log_std': False, 'custom_options': {}, 'framestack': True, 'channel_major': False, 'max_seq_len': 20, 'lstm_use_prev_action_reward': False, 'squash_to_range': False, 'dim': 84, 'grayscale': False, 'fcnet_hiddens': [100, 50, 25], 'use_lstm': False, 'custom_model': None, 'fcnet_activation': 'tanh', 'conv_filters': None, 'conv_activation': 'relu', 'lstm_cell_size': 256, 'zero_mean': True, 'custom_preprocessor': None}, 'output_compress_columns': ['obs', 'new_obs'], 'monitor': False, 'custom_resources_per_worker': {}, 'output_max_file_size': 67108864, 'num_workers': 1, 'clip_param': 0.3, 'kl_coeff': 0.2, 'multiagent': {'policy_graphs': {}, 'policy_mapping_fn': None, 'policies_to_train': None}, 'input_evaluation': None, 'output': None, 'collect_metrics_timeout': 180, 'num_cpus_per_worker': 1}",169.237.32.118,1,1373.125,9.751943826675415,"{'num_steps_sampled': 56000, 'load_time_ms': 1.291, 'default': {'kl': 0.005297949071973562, 'cur_lr': 0.0005000000237487257, 'total_loss': 2.894576072692871, 'policy_loss': -0.014683698303997517, 'vf_explained_var': 0.9514358043670654, 'entropy': 1.316604733467102, 'cur_kl_coeff': 0.6407226920127869, 'vf_loss': 2.905865430831909}, 'sample_time_ms': 9513.092, 'grad_time_ms': 278.563, 'update_time_ms': 4.152, 'num_steps_trained': 56000}",328.25185702389393,2019-04-02_07-42-43,kronos,71,56000,0,355.85782504081726,{},56000,35,35,355.85782504081726,452.692858419475,1600,1554190963,{},0b32d2eec3344b1fbde4822793b2e447,83.35802442090997
False,41,"{'input': 'sampler', 'callbacks': {'on_train_result': None, 'on_sample_end': None, 'on_episode_step': None, 'on_episode_start': None, 'on_episode_end': None}, 'sample_batch_size': 200, 'clip_actions': False, 'clip_rewards': None, 'tf_session_args': {'inter_op_parallelism_threads': 2, 'intra_op_parallelism_threads': 2, 'device_count': {'CPU': 1}, 'log_device_placement': False, 'allow_soft_placement': True, 'gpu_options': {'allow_growth': True}}, 'kl_target': 0.01, 'horizon': 1500, 'lr': 0.0005, 'sample_async': False, 'simple_optimizer': False, 'compress_observations': False, 'num_envs_per_worker': 1, 'gamma': 0.99, 'sgd_minibatch_size': 128, 'observation_filter': 'NoFilter', 'entropy_coeff': 0.0, 'batch_mode': 'truncate_episodes', 'straggler_mitigation': False, 'vf_share_layers': False, 'num_gpus': 0, 'synchronize_filters': True, 'num_sgd_iter': 10, 'train_batch_size': 1500, 'optimizer': {}, 'num_gpus_per_worker': 0, 'preprocessor_pref': 'deepmind', 'num_cpus_for_driver': 1, 'lr_schedule': None, 'use_gae': True, 'lambda': 0.97, 'vf_loss_coeff': 1.0, 'vf_clip_param': 1000000.0, 'log_level': 'INFO', 'env_config': {'run': 'PPO', 'flow_params': '{\n    ""env"": {\n        ""additional_params"": {\n            ""max_accel"": 3,\n            ""max_decel"": 3,\n            ""sort_vehicles"": false,\n            ""target_velocity"": 20\n        },\n        ""evaluate"": false,\n        ""horizon"": 1500,\n        ""sims_per_step"": 1,\n        ""warmup_steps"": 0\n    },\n    ""env_name"": ""AccelEnv"",\n    ""exp_tag"": ""figure_eight_0"",\n    ""initial"": {\n        ""additional_params"": {},\n        ""bunching"": 0,\n        ""edges_distribution"": ""all"",\n        ""lanes_distribution"": Infinity,\n        ""min_gap"": 0,\n        ""perturbation"": 0.0,\n        ""shuffle"": false,\n        ""spacing"": ""uniform"",\n        ""x0"": 0\n    },\n    ""net"": {\n        ""additional_params"": {\n            ""lanes"": 1,\n            ""radius_ring"": 30,\n            ""resolution"": 40,\n            ""speed_limit"": 30\n        },\n        ""inflows"": {\n            ""_InFlows__flows"": [],\n            ""num_flows"": 0\n        },\n        ""netfile"": null,\n        ""no_internal_links"": false,\n        ""osm_path"": null\n    },\n    ""scenario"": ""Figure8Scenario"",\n    ""sim"": {\n        ""emission_path"": null,\n        ""lateral_resolution"": null,\n        ""no_step_log"": true,\n        ""num_clients"": 1,\n        ""overtake_right"": false,\n        ""port"": null,\n        ""print_warnings"": true,\n        ""pxpm"": 2,\n        ""render"": false,\n        ""restart_instance"": false,\n        ""save_render"": false,\n        ""seed"": null,\n        ""show_radius"": false,\n        ""sight_radius"": 25,\n        ""sim_step"": 0.1,\n        ""teleport_time"": -1\n    },\n    ""simulator"": ""traci"",\n    ""veh"": [\n        {\n            ""acceleration_controller"": [\n                ""IDMController"",\n                {\n                    ""noise"": 0.2\n                }\n            ],\n            ""car_following_params"": {\n                ""controller_params"": {\n                    ""accel"": 1.0,\n                    ""carFollowModel"": ""IDM"",\n                    ""decel"": 1.5,\n                    ""impatience"": 0.5,\n                    ""maxSpeed"": 30,\n                    ""minGap"": 2.5,\n                    ""sigma"": 0.5,\n                    ""speedDev"": 0.1,\n                    ""speedFactor"": 1.0,\n                    ""tau"": 1.0\n                },\n                ""speed_mode"": 1\n            },\n            ""initial_speed"": 0,\n            ""lane_change_controller"": [\n                ""SimLaneChangeController"",\n                {}\n            ],\n            ""lane_change_params"": {\n                ""controller_params"": {\n                    ""laneChangeModel"": ""LC2013"",\n                    ""lcCooperative"": ""1.0"",\n                    ""lcKeepRight"": ""1.0"",\n                    ""lcSpeedGain"": ""1.0"",\n                    ""lcStrategic"": ""1.0""\n                },\n                ""lane_change_mode"": 512\n            },\n            ""num_vehicles"": 13,\n            ""routing_controller"": [\n                ""ContinuousRouter"",\n                {}\n            ],\n            ""veh_id"": ""human""\n        },\n        {\n            ""acceleration_controller"": [\n                ""RLController"",\n                {}\n            ],\n            ""car_following_params"": {\n                ""controller_params"": {\n                    ""accel"": 1.0,\n                    ""carFollowModel"": ""IDM"",\n                    ""decel"": 1.5,\n                    ""impatience"": 0.5,\n                    ""maxSpeed"": 30,\n                    ""minGap"": 2.5,\n                    ""sigma"": 0.5,\n                    ""speedDev"": 0.1,\n                    ""speedFactor"": 1.0,\n                    ""tau"": 1.0\n                },\n                ""speed_mode"": 1\n            },\n            ""initial_speed"": 0,\n            ""lane_change_controller"": [\n                ""SimLaneChangeController"",\n                {}\n            ],\n            ""lane_change_params"": {\n                ""controller_params"": {\n                    ""laneChangeModel"": ""LC2013"",\n                    ""lcCooperative"": ""1.0"",\n                    ""lcKeepRight"": ""1.0"",\n                    ""lcSpeedGain"": ""1.0"",\n                    ""lcStrategic"": ""1.0""\n                },\n                ""lane_change_mode"": 512\n            },\n            ""num_vehicles"": 1,\n            ""routing_controller"": [\n                ""ContinuousRouter"",\n                {}\n            ],\n            ""veh_id"": ""rl""\n        }\n    ]\n}'}, 'env': 'AccelEnv-v0', 'local_evaluator_tf_session_args': {'inter_op_parallelism_threads': 8, 'intra_op_parallelism_threads': 8}, 'model': {'free_log_std': False, 'custom_options': {}, 'framestack': True, 'channel_major': False, 'max_seq_len': 20, 'lstm_use_prev_action_reward': False, 'squash_to_range': False, 'dim': 84, 'grayscale': False, 'fcnet_hiddens': [100, 50, 25], 'use_lstm': False, 'custom_model': None, 'fcnet_activation': 'tanh', 'conv_filters': None, 'conv_activation': 'relu', 'lstm_cell_size': 256, 'zero_mean': True, 'custom_preprocessor': None}, 'output_compress_columns': ['obs', 'new_obs'], 'monitor': False, 'custom_resources_per_worker': {}, 'output_max_file_size': 67108864, 'num_workers': 1, 'clip_param': 0.3, 'kl_coeff': 0.2, 'multiagent': {'policy_graphs': {}, 'policy_mapping_fn': None, 'policies_to_train': None}, 'input_evaluation': None, 'output': None, 'collect_metrics_timeout': 180, 'num_cpus_per_worker': 1}",169.237.32.118,1,1374.5853658536585,9.850443124771118,"{'num_steps_sampled': 57600, 'load_time_ms': 1.31, 'default': {'kl': 0.006392566952854395, 'cur_lr': 0.0005000000237487257, 'total_loss': 0.3940427303314209, 'policy_loss': -0.025062888860702515, 'vf_explained_var': 0.9935276508331299, 'entropy': 1.2216423749923706, 'cur_kl_coeff': 0.6407226920127869, 'vf_loss': 0.4150097370147705}, 'sample_time_ms': 9494.244, 'grad_time_ms': 278.631, 'update_time_ms': 4.196, 'num_steps_trained': 57600}",329.5728128698507,2019-04-02_07-42-53,kronos,71,57600,0,365.7082681655884,{},57600,36,36,365.7082681655884,452.692858419475,1600,1554190973,{},0b32d2eec3344b1fbde4822793b2e447,83.35802442090997
False,42,"{'input': 'sampler', 'callbacks': {'on_train_result': None, 'on_sample_end': None, 'on_episode_step': None, 'on_episode_start': None, 'on_episode_end': None}, 'sample_batch_size': 200, 'clip_actions': False, 'clip_rewards': None, 'tf_session_args': {'inter_op_parallelism_threads': 2, 'intra_op_parallelism_threads': 2, 'device_count': {'CPU': 1}, 'log_device_placement': False, 'allow_soft_placement': True, 'gpu_options': {'allow_growth': True}}, 'kl_target': 0.01, 'horizon': 1500, 'lr': 0.0005, 'sample_async': False, 'simple_optimizer': False, 'compress_observations': False, 'num_envs_per_worker': 1, 'gamma': 0.99, 'sgd_minibatch_size': 128, 'observation_filter': 'NoFilter', 'entropy_coeff': 0.0, 'batch_mode': 'truncate_episodes', 'straggler_mitigation': False, 'vf_share_layers': False, 'num_gpus': 0, 'synchronize_filters': True, 'num_sgd_iter': 10, 'train_batch_size': 1500, 'optimizer': {}, 'num_gpus_per_worker': 0, 'preprocessor_pref': 'deepmind', 'num_cpus_for_driver': 1, 'lr_schedule': None, 'use_gae': True, 'lambda': 0.97, 'vf_loss_coeff': 1.0, 'vf_clip_param': 1000000.0, 'log_level': 'INFO', 'env_config': {'run': 'PPO', 'flow_params': '{\n    ""env"": {\n        ""additional_params"": {\n            ""max_accel"": 3,\n            ""max_decel"": 3,\n            ""sort_vehicles"": false,\n            ""target_velocity"": 20\n        },\n        ""evaluate"": false,\n        ""horizon"": 1500,\n        ""sims_per_step"": 1,\n        ""warmup_steps"": 0\n    },\n    ""env_name"": ""AccelEnv"",\n    ""exp_tag"": ""figure_eight_0"",\n    ""initial"": {\n        ""additional_params"": {},\n        ""bunching"": 0,\n        ""edges_distribution"": ""all"",\n        ""lanes_distribution"": Infinity,\n        ""min_gap"": 0,\n        ""perturbation"": 0.0,\n        ""shuffle"": false,\n        ""spacing"": ""uniform"",\n        ""x0"": 0\n    },\n    ""net"": {\n        ""additional_params"": {\n            ""lanes"": 1,\n            ""radius_ring"": 30,\n            ""resolution"": 40,\n            ""speed_limit"": 30\n        },\n        ""inflows"": {\n            ""_InFlows__flows"": [],\n            ""num_flows"": 0\n        },\n        ""netfile"": null,\n        ""no_internal_links"": false,\n        ""osm_path"": null\n    },\n    ""scenario"": ""Figure8Scenario"",\n    ""sim"": {\n        ""emission_path"": null,\n        ""lateral_resolution"": null,\n        ""no_step_log"": true,\n        ""num_clients"": 1,\n        ""overtake_right"": false,\n        ""port"": null,\n        ""print_warnings"": true,\n        ""pxpm"": 2,\n        ""render"": false,\n        ""restart_instance"": false,\n        ""save_render"": false,\n        ""seed"": null,\n        ""show_radius"": false,\n        ""sight_radius"": 25,\n        ""sim_step"": 0.1,\n        ""teleport_time"": -1\n    },\n    ""simulator"": ""traci"",\n    ""veh"": [\n        {\n            ""acceleration_controller"": [\n                ""IDMController"",\n                {\n                    ""noise"": 0.2\n                }\n            ],\n            ""car_following_params"": {\n                ""controller_params"": {\n                    ""accel"": 1.0,\n                    ""carFollowModel"": ""IDM"",\n                    ""decel"": 1.5,\n                    ""impatience"": 0.5,\n                    ""maxSpeed"": 30,\n                    ""minGap"": 2.5,\n                    ""sigma"": 0.5,\n                    ""speedDev"": 0.1,\n                    ""speedFactor"": 1.0,\n                    ""tau"": 1.0\n                },\n                ""speed_mode"": 1\n            },\n            ""initial_speed"": 0,\n            ""lane_change_controller"": [\n                ""SimLaneChangeController"",\n                {}\n            ],\n            ""lane_change_params"": {\n                ""controller_params"": {\n                    ""laneChangeModel"": ""LC2013"",\n                    ""lcCooperative"": ""1.0"",\n                    ""lcKeepRight"": ""1.0"",\n                    ""lcSpeedGain"": ""1.0"",\n                    ""lcStrategic"": ""1.0""\n                },\n                ""lane_change_mode"": 512\n            },\n            ""num_vehicles"": 13,\n            ""routing_controller"": [\n                ""ContinuousRouter"",\n                {}\n            ],\n            ""veh_id"": ""human""\n        },\n        {\n            ""acceleration_controller"": [\n                ""RLController"",\n                {}\n            ],\n            ""car_following_params"": {\n                ""controller_params"": {\n                    ""accel"": 1.0,\n                    ""carFollowModel"": ""IDM"",\n                    ""decel"": 1.5,\n                    ""impatience"": 0.5,\n                    ""maxSpeed"": 30,\n                    ""minGap"": 2.5,\n                    ""sigma"": 0.5,\n                    ""speedDev"": 0.1,\n                    ""speedFactor"": 1.0,\n                    ""tau"": 1.0\n                },\n                ""speed_mode"": 1\n            },\n            ""initial_speed"": 0,\n            ""lane_change_controller"": [\n                ""SimLaneChangeController"",\n                {}\n            ],\n            ""lane_change_params"": {\n                ""controller_params"": {\n                    ""laneChangeModel"": ""LC2013"",\n                    ""lcCooperative"": ""1.0"",\n                    ""lcKeepRight"": ""1.0"",\n                    ""lcSpeedGain"": ""1.0"",\n                    ""lcStrategic"": ""1.0""\n                },\n                ""lane_change_mode"": 512\n            },\n            ""num_vehicles"": 1,\n            ""routing_controller"": [\n                ""ContinuousRouter"",\n                {}\n            ],\n            ""veh_id"": ""rl""\n        }\n    ]\n}'}, 'env': 'AccelEnv-v0', 'local_evaluator_tf_session_args': {'inter_op_parallelism_threads': 8, 'intra_op_parallelism_threads': 8}, 'model': {'free_log_std': False, 'custom_options': {}, 'framestack': True, 'channel_major': False, 'max_seq_len': 20, 'lstm_use_prev_action_reward': False, 'squash_to_range': False, 'dim': 84, 'grayscale': False, 'fcnet_hiddens': [100, 50, 25], 'use_lstm': False, 'custom_model': None, 'fcnet_activation': 'tanh', 'conv_filters': None, 'conv_activation': 'relu', 'lstm_cell_size': 256, 'zero_mean': True, 'custom_preprocessor': None}, 'output_compress_columns': ['obs', 'new_obs'], 'monitor': False, 'custom_resources_per_worker': {}, 'output_max_file_size': 67108864, 'num_workers': 1, 'clip_param': 0.3, 'kl_coeff': 0.2, 'multiagent': {'policy_graphs': {}, 'policy_mapping_fn': None, 'policies_to_train': None}, 'input_evaluation': None, 'output': None, 'collect_metrics_timeout': 180, 'num_cpus_per_worker': 1}",169.237.32.118,1,1376.595238095238,9.951688289642334,"{'num_steps_sampled': 59200, 'load_time_ms': 1.356, 'default': {'kl': 0.010472667403519154, 'cur_lr': 0.0005000000237487257, 'total_loss': 1.1558748483657837, 'policy_loss': -0.01645980402827263, 'vf_explained_var': 0.9841954708099365, 'entropy': 1.3162494897842407, 'cur_kl_coeff': 0.6407226920127869, 'vf_loss': 1.165624737739563}, 'sample_time_ms': 9496.698, 'grad_time_ms': 279.612, 'update_time_ms': 4.097, 'num_steps_trained': 59200}",331.44229885322676,2019-04-02_07-43-03,kronos,71,59200,0,375.6599564552307,{},59200,37,37,375.6599564552307,452.692858419475,1600,1554190983,{},0b32d2eec3344b1fbde4822793b2e447,83.35802442090997
False,44,"{'input': 'sampler', 'callbacks': {'on_train_result': None, 'on_sample_end': None, 'on_episode_step': None, 'on_episode_start': None, 'on_episode_end': None}, 'sample_batch_size': 200, 'clip_actions': False, 'clip_rewards': None, 'tf_session_args': {'inter_op_parallelism_threads': 2, 'intra_op_parallelism_threads': 2, 'device_count': {'CPU': 1}, 'log_device_placement': False, 'allow_soft_placement': True, 'gpu_options': {'allow_growth': True}}, 'kl_target': 0.01, 'horizon': 1500, 'lr': 0.0005, 'sample_async': False, 'simple_optimizer': False, 'compress_observations': False, 'num_envs_per_worker': 1, 'gamma': 0.99, 'sgd_minibatch_size': 128, 'observation_filter': 'NoFilter', 'entropy_coeff': 0.0, 'batch_mode': 'truncate_episodes', 'straggler_mitigation': False, 'vf_share_layers': False, 'num_gpus': 0, 'synchronize_filters': True, 'num_sgd_iter': 10, 'train_batch_size': 1500, 'optimizer': {}, 'num_gpus_per_worker': 0, 'preprocessor_pref': 'deepmind', 'num_cpus_for_driver': 1, 'lr_schedule': None, 'use_gae': True, 'lambda': 0.97, 'vf_loss_coeff': 1.0, 'vf_clip_param': 1000000.0, 'log_level': 'INFO', 'env_config': {'run': 'PPO', 'flow_params': '{\n    ""env"": {\n        ""additional_params"": {\n            ""max_accel"": 3,\n            ""max_decel"": 3,\n            ""sort_vehicles"": false,\n            ""target_velocity"": 20\n        },\n        ""evaluate"": false,\n        ""horizon"": 1500,\n        ""sims_per_step"": 1,\n        ""warmup_steps"": 0\n    },\n    ""env_name"": ""AccelEnv"",\n    ""exp_tag"": ""figure_eight_0"",\n    ""initial"": {\n        ""additional_params"": {},\n        ""bunching"": 0,\n        ""edges_distribution"": ""all"",\n        ""lanes_distribution"": Infinity,\n        ""min_gap"": 0,\n        ""perturbation"": 0.0,\n        ""shuffle"": false,\n        ""spacing"": ""uniform"",\n        ""x0"": 0\n    },\n    ""net"": {\n        ""additional_params"": {\n            ""lanes"": 1,\n            ""radius_ring"": 30,\n            ""resolution"": 40,\n            ""speed_limit"": 30\n        },\n        ""inflows"": {\n            ""_InFlows__flows"": [],\n            ""num_flows"": 0\n        },\n        ""netfile"": null,\n        ""no_internal_links"": false,\n        ""osm_path"": null\n    },\n    ""scenario"": ""Figure8Scenario"",\n    ""sim"": {\n        ""emission_path"": null,\n        ""lateral_resolution"": null,\n        ""no_step_log"": true,\n        ""num_clients"": 1,\n        ""overtake_right"": false,\n        ""port"": null,\n        ""print_warnings"": true,\n        ""pxpm"": 2,\n        ""render"": false,\n        ""restart_instance"": false,\n        ""save_render"": false,\n        ""seed"": null,\n        ""show_radius"": false,\n        ""sight_radius"": 25,\n        ""sim_step"": 0.1,\n        ""teleport_time"": -1\n    },\n    ""simulator"": ""traci"",\n    ""veh"": [\n        {\n            ""acceleration_controller"": [\n                ""IDMController"",\n                {\n                    ""noise"": 0.2\n                }\n            ],\n            ""car_following_params"": {\n                ""controller_params"": {\n                    ""accel"": 1.0,\n                    ""carFollowModel"": ""IDM"",\n                    ""decel"": 1.5,\n                    ""impatience"": 0.5,\n                    ""maxSpeed"": 30,\n                    ""minGap"": 2.5,\n                    ""sigma"": 0.5,\n                    ""speedDev"": 0.1,\n                    ""speedFactor"": 1.0,\n                    ""tau"": 1.0\n                },\n                ""speed_mode"": 1\n            },\n            ""initial_speed"": 0,\n            ""lane_change_controller"": [\n                ""SimLaneChangeController"",\n                {}\n            ],\n            ""lane_change_params"": {\n                ""controller_params"": {\n                    ""laneChangeModel"": ""LC2013"",\n                    ""lcCooperative"": ""1.0"",\n                    ""lcKeepRight"": ""1.0"",\n                    ""lcSpeedGain"": ""1.0"",\n                    ""lcStrategic"": ""1.0""\n                },\n                ""lane_change_mode"": 512\n            },\n            ""num_vehicles"": 13,\n            ""routing_controller"": [\n                ""ContinuousRouter"",\n                {}\n            ],\n            ""veh_id"": ""human""\n        },\n        {\n            ""acceleration_controller"": [\n                ""RLController"",\n                {}\n            ],\n            ""car_following_params"": {\n                ""controller_params"": {\n                    ""accel"": 1.0,\n                    ""carFollowModel"": ""IDM"",\n                    ""decel"": 1.5,\n                    ""impatience"": 0.5,\n                    ""maxSpeed"": 30,\n                    ""minGap"": 2.5,\n                    ""sigma"": 0.5,\n                    ""speedDev"": 0.1,\n                    ""speedFactor"": 1.0,\n                    ""tau"": 1.0\n                },\n                ""speed_mode"": 1\n            },\n            ""initial_speed"": 0,\n            ""lane_change_controller"": [\n                ""SimLaneChangeController"",\n                {}\n            ],\n            ""lane_change_params"": {\n                ""controller_params"": {\n                    ""laneChangeModel"": ""LC2013"",\n                    ""lcCooperative"": ""1.0"",\n                    ""lcKeepRight"": ""1.0"",\n                    ""lcSpeedGain"": ""1.0"",\n                    ""lcStrategic"": ""1.0""\n                },\n                ""lane_change_mode"": 512\n            },\n            ""num_vehicles"": 1,\n            ""routing_controller"": [\n                ""ContinuousRouter"",\n                {}\n            ],\n            ""veh_id"": ""rl""\n        }\n    ]\n}'}, 'env': 'AccelEnv-v0', 'local_evaluator_tf_session_args': {'inter_op_parallelism_threads': 8, 'intra_op_parallelism_threads': 8}, 'model': {'free_log_std': False, 'custom_options': {}, 'framestack': True, 'channel_major': False, 'max_seq_len': 20, 'lstm_use_prev_action_reward': False, 'squash_to_range': False, 'dim': 84, 'grayscale': False, 'fcnet_hiddens': [100, 50, 25], 'use_lstm': False, 'custom_model': None, 'fcnet_activation': 'tanh', 'conv_filters': None, 'conv_activation': 'relu', 'lstm_cell_size': 256, 'zero_mean': True, 'custom_preprocessor': None}, 'output_compress_columns': ['obs', 'new_obs'], 'monitor': False, 'custom_resources_per_worker': {}, 'output_max_file_size': 67108864, 'num_workers': 1, 'clip_param': 0.3, 'kl_coeff': 0.2, 'multiagent': {'policy_graphs': {}, 'policy_mapping_fn': None, 'policies_to_train': None}, 'input_evaluation': None, 'output': None, 'collect_metrics_timeout': 180, 'num_cpus_per_worker': 1}",169.237.32.118,2,1375.8181818181818,9.657880544662476,"{'num_steps_sampled': 60800, 'load_time_ms': 1.359, 'default': {'kl': 0.009282234124839306, 'cur_lr': 0.0005000000237487257, 'total_loss': 2.3552815914154053, 'policy_loss': -0.013325732201337814, 'vf_explained_var': 0.9851460456848145, 'entropy': 1.4582692384719849, 'cur_kl_coeff': 0.6407226920127869, 'vf_loss': 2.3626599311828613}, 'sample_time_ms': 9478.323, 'grad_time_ms': 280.356, 'update_time_ms': 4.238, 'num_steps_trained': 60800}",331.6305653155983,2019-04-02_07-43-13,kronos,71,60800,0,385.3178369998932,{},60800,38,38,385.3178369998932,476.06490828174856,1600,1554190993,{},0b32d2eec3344b1fbde4822793b2e447,83.35802442090997
False,45,"{'input': 'sampler', 'callbacks': {'on_train_result': None, 'on_sample_end': None, 'on_episode_step': None, 'on_episode_start': None, 'on_episode_end': None}, 'sample_batch_size': 200, 'clip_actions': False, 'clip_rewards': None, 'tf_session_args': {'inter_op_parallelism_threads': 2, 'intra_op_parallelism_threads': 2, 'device_count': {'CPU': 1}, 'log_device_placement': False, 'allow_soft_placement': True, 'gpu_options': {'allow_growth': True}}, 'kl_target': 0.01, 'horizon': 1500, 'lr': 0.0005, 'sample_async': False, 'simple_optimizer': False, 'compress_observations': False, 'num_envs_per_worker': 1, 'gamma': 0.99, 'sgd_minibatch_size': 128, 'observation_filter': 'NoFilter', 'entropy_coeff': 0.0, 'batch_mode': 'truncate_episodes', 'straggler_mitigation': False, 'vf_share_layers': False, 'num_gpus': 0, 'synchronize_filters': True, 'num_sgd_iter': 10, 'train_batch_size': 1500, 'optimizer': {}, 'num_gpus_per_worker': 0, 'preprocessor_pref': 'deepmind', 'num_cpus_for_driver': 1, 'lr_schedule': None, 'use_gae': True, 'lambda': 0.97, 'vf_loss_coeff': 1.0, 'vf_clip_param': 1000000.0, 'log_level': 'INFO', 'env_config': {'run': 'PPO', 'flow_params': '{\n    ""env"": {\n        ""additional_params"": {\n            ""max_accel"": 3,\n            ""max_decel"": 3,\n            ""sort_vehicles"": false,\n            ""target_velocity"": 20\n        },\n        ""evaluate"": false,\n        ""horizon"": 1500,\n        ""sims_per_step"": 1,\n        ""warmup_steps"": 0\n    },\n    ""env_name"": ""AccelEnv"",\n    ""exp_tag"": ""figure_eight_0"",\n    ""initial"": {\n        ""additional_params"": {},\n        ""bunching"": 0,\n        ""edges_distribution"": ""all"",\n        ""lanes_distribution"": Infinity,\n        ""min_gap"": 0,\n        ""perturbation"": 0.0,\n        ""shuffle"": false,\n        ""spacing"": ""uniform"",\n        ""x0"": 0\n    },\n    ""net"": {\n        ""additional_params"": {\n            ""lanes"": 1,\n            ""radius_ring"": 30,\n            ""resolution"": 40,\n            ""speed_limit"": 30\n        },\n        ""inflows"": {\n            ""_InFlows__flows"": [],\n            ""num_flows"": 0\n        },\n        ""netfile"": null,\n        ""no_internal_links"": false,\n        ""osm_path"": null\n    },\n    ""scenario"": ""Figure8Scenario"",\n    ""sim"": {\n        ""emission_path"": null,\n        ""lateral_resolution"": null,\n        ""no_step_log"": true,\n        ""num_clients"": 1,\n        ""overtake_right"": false,\n        ""port"": null,\n        ""print_warnings"": true,\n        ""pxpm"": 2,\n        ""render"": false,\n        ""restart_instance"": false,\n        ""save_render"": false,\n        ""seed"": null,\n        ""show_radius"": false,\n        ""sight_radius"": 25,\n        ""sim_step"": 0.1,\n        ""teleport_time"": -1\n    },\n    ""simulator"": ""traci"",\n    ""veh"": [\n        {\n            ""acceleration_controller"": [\n                ""IDMController"",\n                {\n                    ""noise"": 0.2\n                }\n            ],\n            ""car_following_params"": {\n                ""controller_params"": {\n                    ""accel"": 1.0,\n                    ""carFollowModel"": ""IDM"",\n                    ""decel"": 1.5,\n                    ""impatience"": 0.5,\n                    ""maxSpeed"": 30,\n                    ""minGap"": 2.5,\n                    ""sigma"": 0.5,\n                    ""speedDev"": 0.1,\n                    ""speedFactor"": 1.0,\n                    ""tau"": 1.0\n                },\n                ""speed_mode"": 1\n            },\n            ""initial_speed"": 0,\n            ""lane_change_controller"": [\n                ""SimLaneChangeController"",\n                {}\n            ],\n            ""lane_change_params"": {\n                ""controller_params"": {\n                    ""laneChangeModel"": ""LC2013"",\n                    ""lcCooperative"": ""1.0"",\n                    ""lcKeepRight"": ""1.0"",\n                    ""lcSpeedGain"": ""1.0"",\n                    ""lcStrategic"": ""1.0""\n                },\n                ""lane_change_mode"": 512\n            },\n            ""num_vehicles"": 13,\n            ""routing_controller"": [\n                ""ContinuousRouter"",\n                {}\n            ],\n            ""veh_id"": ""human""\n        },\n        {\n            ""acceleration_controller"": [\n                ""RLController"",\n                {}\n            ],\n            ""car_following_params"": {\n                ""controller_params"": {\n                    ""accel"": 1.0,\n                    ""carFollowModel"": ""IDM"",\n                    ""decel"": 1.5,\n                    ""impatience"": 0.5,\n                    ""maxSpeed"": 30,\n                    ""minGap"": 2.5,\n                    ""sigma"": 0.5,\n                    ""speedDev"": 0.1,\n                    ""speedFactor"": 1.0,\n                    ""tau"": 1.0\n                },\n                ""speed_mode"": 1\n            },\n            ""initial_speed"": 0,\n            ""lane_change_controller"": [\n                ""SimLaneChangeController"",\n                {}\n            ],\n            ""lane_change_params"": {\n                ""controller_params"": {\n                    ""laneChangeModel"": ""LC2013"",\n                    ""lcCooperative"": ""1.0"",\n                    ""lcKeepRight"": ""1.0"",\n                    ""lcSpeedGain"": ""1.0"",\n                    ""lcStrategic"": ""1.0""\n                },\n                ""lane_change_mode"": 512\n            },\n            ""num_vehicles"": 1,\n            ""routing_controller"": [\n                ""ContinuousRouter"",\n                {}\n            ],\n            ""veh_id"": ""rl""\n        }\n    ]\n}'}, 'env': 'AccelEnv-v0', 'local_evaluator_tf_session_args': {'inter_op_parallelism_threads': 8, 'intra_op_parallelism_threads': 8}, 'model': {'free_log_std': False, 'custom_options': {}, 'framestack': True, 'channel_major': False, 'max_seq_len': 20, 'lstm_use_prev_action_reward': False, 'squash_to_range': False, 'dim': 84, 'grayscale': False, 'fcnet_hiddens': [100, 50, 25], 'use_lstm': False, 'custom_model': None, 'fcnet_activation': 'tanh', 'conv_filters': None, 'conv_activation': 'relu', 'lstm_cell_size': 256, 'zero_mean': True, 'custom_preprocessor': None}, 'output_compress_columns': ['obs', 'new_obs'], 'monitor': False, 'custom_resources_per_worker': {}, 'output_max_file_size': 67108864, 'num_workers': 1, 'clip_param': 0.3, 'kl_coeff': 0.2, 'multiagent': {'policy_graphs': {}, 'policy_mapping_fn': None, 'policies_to_train': None}, 'input_evaluation': None, 'output': None, 'collect_metrics_timeout': 180, 'num_cpus_per_worker': 1}",169.237.32.118,1,1378.5777777777778,9.836640357971191,"{'num_steps_sampled': 62400, 'load_time_ms': 1.359, 'default': {'kl': 0.00509522994980216, 'cur_lr': 0.0005000000237487257, 'total_loss': 5.443164825439453, 'policy_loss': -0.004151760600507259, 'vf_explained_var': 0.8948817253112793, 'entropy': 1.3262652158737183, 'cur_kl_coeff': 0.6407226920127869, 'vf_loss': 5.444051742553711}, 'sample_time_ms': 9468.829, 'grad_time_ms': 281.697, 'update_time_ms': 4.299, 'num_steps_trained': 62400}",333.47682394364057,2019-04-02_07-43-23,kronos,71,62400,0,395.1544773578644,{},62400,39,39,395.1544773578644,476.06490828174856,1600,1554191003,{},0b32d2eec3344b1fbde4822793b2e447,83.35802442090997
False,46,"{'input': 'sampler', 'callbacks': {'on_train_result': None, 'on_sample_end': None, 'on_episode_step': None, 'on_episode_start': None, 'on_episode_end': None}, 'sample_batch_size': 200, 'clip_actions': False, 'clip_rewards': None, 'tf_session_args': {'inter_op_parallelism_threads': 2, 'intra_op_parallelism_threads': 2, 'device_count': {'CPU': 1}, 'log_device_placement': False, 'allow_soft_placement': True, 'gpu_options': {'allow_growth': True}}, 'kl_target': 0.01, 'horizon': 1500, 'lr': 0.0005, 'sample_async': False, 'simple_optimizer': False, 'compress_observations': False, 'num_envs_per_worker': 1, 'gamma': 0.99, 'sgd_minibatch_size': 128, 'observation_filter': 'NoFilter', 'entropy_coeff': 0.0, 'batch_mode': 'truncate_episodes', 'straggler_mitigation': False, 'vf_share_layers': False, 'num_gpus': 0, 'synchronize_filters': True, 'num_sgd_iter': 10, 'train_batch_size': 1500, 'optimizer': {}, 'num_gpus_per_worker': 0, 'preprocessor_pref': 'deepmind', 'num_cpus_for_driver': 1, 'lr_schedule': None, 'use_gae': True, 'lambda': 0.97, 'vf_loss_coeff': 1.0, 'vf_clip_param': 1000000.0, 'log_level': 'INFO', 'env_config': {'run': 'PPO', 'flow_params': '{\n    ""env"": {\n        ""additional_params"": {\n            ""max_accel"": 3,\n            ""max_decel"": 3,\n            ""sort_vehicles"": false,\n            ""target_velocity"": 20\n        },\n        ""evaluate"": false,\n        ""horizon"": 1500,\n        ""sims_per_step"": 1,\n        ""warmup_steps"": 0\n    },\n    ""env_name"": ""AccelEnv"",\n    ""exp_tag"": ""figure_eight_0"",\n    ""initial"": {\n        ""additional_params"": {},\n        ""bunching"": 0,\n        ""edges_distribution"": ""all"",\n        ""lanes_distribution"": Infinity,\n        ""min_gap"": 0,\n        ""perturbation"": 0.0,\n        ""shuffle"": false,\n        ""spacing"": ""uniform"",\n        ""x0"": 0\n    },\n    ""net"": {\n        ""additional_params"": {\n            ""lanes"": 1,\n            ""radius_ring"": 30,\n            ""resolution"": 40,\n            ""speed_limit"": 30\n        },\n        ""inflows"": {\n            ""_InFlows__flows"": [],\n            ""num_flows"": 0\n        },\n        ""netfile"": null,\n        ""no_internal_links"": false,\n        ""osm_path"": null\n    },\n    ""scenario"": ""Figure8Scenario"",\n    ""sim"": {\n        ""emission_path"": null,\n        ""lateral_resolution"": null,\n        ""no_step_log"": true,\n        ""num_clients"": 1,\n        ""overtake_right"": false,\n        ""port"": null,\n        ""print_warnings"": true,\n        ""pxpm"": 2,\n        ""render"": false,\n        ""restart_instance"": false,\n        ""save_render"": false,\n        ""seed"": null,\n        ""show_radius"": false,\n        ""sight_radius"": 25,\n        ""sim_step"": 0.1,\n        ""teleport_time"": -1\n    },\n    ""simulator"": ""traci"",\n    ""veh"": [\n        {\n            ""acceleration_controller"": [\n                ""IDMController"",\n                {\n                    ""noise"": 0.2\n                }\n            ],\n            ""car_following_params"": {\n                ""controller_params"": {\n                    ""accel"": 1.0,\n                    ""carFollowModel"": ""IDM"",\n                    ""decel"": 1.5,\n                    ""impatience"": 0.5,\n                    ""maxSpeed"": 30,\n                    ""minGap"": 2.5,\n                    ""sigma"": 0.5,\n                    ""speedDev"": 0.1,\n                    ""speedFactor"": 1.0,\n                    ""tau"": 1.0\n                },\n                ""speed_mode"": 1\n            },\n            ""initial_speed"": 0,\n            ""lane_change_controller"": [\n                ""SimLaneChangeController"",\n                {}\n            ],\n            ""lane_change_params"": {\n                ""controller_params"": {\n                    ""laneChangeModel"": ""LC2013"",\n                    ""lcCooperative"": ""1.0"",\n                    ""lcKeepRight"": ""1.0"",\n                    ""lcSpeedGain"": ""1.0"",\n                    ""lcStrategic"": ""1.0""\n                },\n                ""lane_change_mode"": 512\n            },\n            ""num_vehicles"": 13,\n            ""routing_controller"": [\n                ""ContinuousRouter"",\n                {}\n            ],\n            ""veh_id"": ""human""\n        },\n        {\n            ""acceleration_controller"": [\n                ""RLController"",\n                {}\n            ],\n            ""car_following_params"": {\n                ""controller_params"": {\n                    ""accel"": 1.0,\n                    ""carFollowModel"": ""IDM"",\n                    ""decel"": 1.5,\n                    ""impatience"": 0.5,\n                    ""maxSpeed"": 30,\n                    ""minGap"": 2.5,\n                    ""sigma"": 0.5,\n                    ""speedDev"": 0.1,\n                    ""speedFactor"": 1.0,\n                    ""tau"": 1.0\n                },\n                ""speed_mode"": 1\n            },\n            ""initial_speed"": 0,\n            ""lane_change_controller"": [\n                ""SimLaneChangeController"",\n                {}\n            ],\n            ""lane_change_params"": {\n                ""controller_params"": {\n                    ""laneChangeModel"": ""LC2013"",\n                    ""lcCooperative"": ""1.0"",\n                    ""lcKeepRight"": ""1.0"",\n                    ""lcSpeedGain"": ""1.0"",\n                    ""lcStrategic"": ""1.0""\n                },\n                ""lane_change_mode"": 512\n            },\n            ""num_vehicles"": 1,\n            ""routing_controller"": [\n                ""ContinuousRouter"",\n                {}\n            ],\n            ""veh_id"": ""rl""\n        }\n    ]\n}'}, 'env': 'AccelEnv-v0', 'local_evaluator_tf_session_args': {'inter_op_parallelism_threads': 8, 'intra_op_parallelism_threads': 8}, 'model': {'free_log_std': False, 'custom_options': {}, 'framestack': True, 'channel_major': False, 'max_seq_len': 20, 'lstm_use_prev_action_reward': False, 'squash_to_range': False, 'dim': 84, 'grayscale': False, 'fcnet_hiddens': [100, 50, 25], 'use_lstm': False, 'custom_model': None, 'fcnet_activation': 'tanh', 'conv_filters': None, 'conv_activation': 'relu', 'lstm_cell_size': 256, 'zero_mean': True, 'custom_preprocessor': None}, 'output_compress_columns': ['obs', 'new_obs'], 'monitor': False, 'custom_resources_per_worker': {}, 'output_max_file_size': 67108864, 'num_workers': 1, 'clip_param': 0.3, 'kl_coeff': 0.2, 'multiagent': {'policy_graphs': {}, 'policy_mapping_fn': None, 'policies_to_train': None}, 'input_evaluation': None, 'output': None, 'collect_metrics_timeout': 180, 'num_cpus_per_worker': 1}",169.237.32.118,1,1372.0434782608695,9.643382549285889,"{'num_steps_sampled': 64000, 'load_time_ms': 1.335, 'default': {'kl': 0.004108289256691933, 'cur_lr': 0.0005000000237487257, 'total_loss': 0.6728406548500061, 'policy_loss': -0.002351794159039855, 'vf_explained_var': 0.9959447979927063, 'entropy': 1.2825469970703125, 'cur_kl_coeff': 0.6407226920127869, 'vf_loss': 0.6725602149963379}, 'sample_time_ms': 9460.734, 'grad_time_ms': 282.151, 'update_time_ms': 4.346, 'num_steps_trained': 64000}",330.3147995780636,2019-04-02_07-43-32,kronos,71,64000,0,404.79785990715027,{},64000,40,40,404.79785990715027,476.06490828174856,1600,1554191012,{},0b32d2eec3344b1fbde4822793b2e447,83.35802442090997
False,48,"{'input': 'sampler', 'callbacks': {'on_train_result': None, 'on_sample_end': None, 'on_episode_step': None, 'on_episode_start': None, 'on_episode_end': None}, 'sample_batch_size': 200, 'clip_actions': False, 'clip_rewards': None, 'tf_session_args': {'inter_op_parallelism_threads': 2, 'intra_op_parallelism_threads': 2, 'device_count': {'CPU': 1}, 'log_device_placement': False, 'allow_soft_placement': True, 'gpu_options': {'allow_growth': True}}, 'kl_target': 0.01, 'horizon': 1500, 'lr': 0.0005, 'sample_async': False, 'simple_optimizer': False, 'compress_observations': False, 'num_envs_per_worker': 1, 'gamma': 0.99, 'sgd_minibatch_size': 128, 'observation_filter': 'NoFilter', 'entropy_coeff': 0.0, 'batch_mode': 'truncate_episodes', 'straggler_mitigation': False, 'vf_share_layers': False, 'num_gpus': 0, 'synchronize_filters': True, 'num_sgd_iter': 10, 'train_batch_size': 1500, 'optimizer': {}, 'num_gpus_per_worker': 0, 'preprocessor_pref': 'deepmind', 'num_cpus_for_driver': 1, 'lr_schedule': None, 'use_gae': True, 'lambda': 0.97, 'vf_loss_coeff': 1.0, 'vf_clip_param': 1000000.0, 'log_level': 'INFO', 'env_config': {'run': 'PPO', 'flow_params': '{\n    ""env"": {\n        ""additional_params"": {\n            ""max_accel"": 3,\n            ""max_decel"": 3,\n            ""sort_vehicles"": false,\n            ""target_velocity"": 20\n        },\n        ""evaluate"": false,\n        ""horizon"": 1500,\n        ""sims_per_step"": 1,\n        ""warmup_steps"": 0\n    },\n    ""env_name"": ""AccelEnv"",\n    ""exp_tag"": ""figure_eight_0"",\n    ""initial"": {\n        ""additional_params"": {},\n        ""bunching"": 0,\n        ""edges_distribution"": ""all"",\n        ""lanes_distribution"": Infinity,\n        ""min_gap"": 0,\n        ""perturbation"": 0.0,\n        ""shuffle"": false,\n        ""spacing"": ""uniform"",\n        ""x0"": 0\n    },\n    ""net"": {\n        ""additional_params"": {\n            ""lanes"": 1,\n            ""radius_ring"": 30,\n            ""resolution"": 40,\n            ""speed_limit"": 30\n        },\n        ""inflows"": {\n            ""_InFlows__flows"": [],\n            ""num_flows"": 0\n        },\n        ""netfile"": null,\n        ""no_internal_links"": false,\n        ""osm_path"": null\n    },\n    ""scenario"": ""Figure8Scenario"",\n    ""sim"": {\n        ""emission_path"": null,\n        ""lateral_resolution"": null,\n        ""no_step_log"": true,\n        ""num_clients"": 1,\n        ""overtake_right"": false,\n        ""port"": null,\n        ""print_warnings"": true,\n        ""pxpm"": 2,\n        ""render"": false,\n        ""restart_instance"": false,\n        ""save_render"": false,\n        ""seed"": null,\n        ""show_radius"": false,\n        ""sight_radius"": 25,\n        ""sim_step"": 0.1,\n        ""teleport_time"": -1\n    },\n    ""simulator"": ""traci"",\n    ""veh"": [\n        {\n            ""acceleration_controller"": [\n                ""IDMController"",\n                {\n                    ""noise"": 0.2\n                }\n            ],\n            ""car_following_params"": {\n                ""controller_params"": {\n                    ""accel"": 1.0,\n                    ""carFollowModel"": ""IDM"",\n                    ""decel"": 1.5,\n                    ""impatience"": 0.5,\n                    ""maxSpeed"": 30,\n                    ""minGap"": 2.5,\n                    ""sigma"": 0.5,\n                    ""speedDev"": 0.1,\n                    ""speedFactor"": 1.0,\n                    ""tau"": 1.0\n                },\n                ""speed_mode"": 1\n            },\n            ""initial_speed"": 0,\n            ""lane_change_controller"": [\n                ""SimLaneChangeController"",\n                {}\n            ],\n            ""lane_change_params"": {\n                ""controller_params"": {\n                    ""laneChangeModel"": ""LC2013"",\n                    ""lcCooperative"": ""1.0"",\n                    ""lcKeepRight"": ""1.0"",\n                    ""lcSpeedGain"": ""1.0"",\n                    ""lcStrategic"": ""1.0""\n                },\n                ""lane_change_mode"": 512\n            },\n            ""num_vehicles"": 13,\n            ""routing_controller"": [\n                ""ContinuousRouter"",\n                {}\n            ],\n            ""veh_id"": ""human""\n        },\n        {\n            ""acceleration_controller"": [\n                ""RLController"",\n                {}\n            ],\n            ""car_following_params"": {\n                ""controller_params"": {\n                    ""accel"": 1.0,\n                    ""carFollowModel"": ""IDM"",\n                    ""decel"": 1.5,\n                    ""impatience"": 0.5,\n                    ""maxSpeed"": 30,\n                    ""minGap"": 2.5,\n                    ""sigma"": 0.5,\n                    ""speedDev"": 0.1,\n                    ""speedFactor"": 1.0,\n                    ""tau"": 1.0\n                },\n                ""speed_mode"": 1\n            },\n            ""initial_speed"": 0,\n            ""lane_change_controller"": [\n                ""SimLaneChangeController"",\n                {}\n            ],\n            ""lane_change_params"": {\n                ""controller_params"": {\n                    ""laneChangeModel"": ""LC2013"",\n                    ""lcCooperative"": ""1.0"",\n                    ""lcKeepRight"": ""1.0"",\n                    ""lcSpeedGain"": ""1.0"",\n                    ""lcStrategic"": ""1.0""\n                },\n                ""lane_change_mode"": 512\n            },\n            ""num_vehicles"": 1,\n            ""routing_controller"": [\n                ""ContinuousRouter"",\n                {}\n            ],\n            ""veh_id"": ""rl""\n        }\n    ]\n}'}, 'env': 'AccelEnv-v0', 'local_evaluator_tf_session_args': {'inter_op_parallelism_threads': 8, 'intra_op_parallelism_threads': 8}, 'model': {'free_log_std': False, 'custom_options': {}, 'framestack': True, 'channel_major': False, 'max_seq_len': 20, 'lstm_use_prev_action_reward': False, 'squash_to_range': False, 'dim': 84, 'grayscale': False, 'fcnet_hiddens': [100, 50, 25], 'use_lstm': False, 'custom_model': None, 'fcnet_activation': 'tanh', 'conv_filters': None, 'conv_activation': 'relu', 'lstm_cell_size': 256, 'zero_mean': True, 'custom_preprocessor': None}, 'output_compress_columns': ['obs', 'new_obs'], 'monitor': False, 'custom_resources_per_worker': {}, 'output_max_file_size': 67108864, 'num_workers': 1, 'clip_param': 0.3, 'kl_coeff': 0.2, 'multiagent': {'policy_graphs': {}, 'policy_mapping_fn': None, 'policies_to_train': None}, 'input_evaluation': None, 'output': None, 'collect_metrics_timeout': 180, 'num_cpus_per_worker': 1}",169.237.32.118,2,1364.8125,9.832830429077148,"{'num_steps_sampled': 65600, 'load_time_ms': 1.341, 'default': {'kl': 0.01818232797086239, 'cur_lr': 0.0005000000237487257, 'total_loss': 1.9619874954223633, 'policy_loss': -0.028398968279361725, 'vf_explained_var': 0.9797940254211426, 'entropy': 1.3698396682739258, 'cur_kl_coeff': 0.32036134600639343, 'vf_loss': 1.984561800956726}, 'sample_time_ms': 9464.195, 'grad_time_ms': 281.569, 'update_time_ms': 4.51, 'num_steps_trained': 65600}",329.2270067793036,2019-04-02_07-43-42,kronos,71,65600,0,414.6306903362274,{},65600,41,41,414.6306903362274,476.06490828174856,1600,1554191022,{},0b32d2eec3344b1fbde4822793b2e447,83.35802442090997
False,49,"{'input': 'sampler', 'callbacks': {'on_train_result': None, 'on_sample_end': None, 'on_episode_step': None, 'on_episode_start': None, 'on_episode_end': None}, 'sample_batch_size': 200, 'clip_actions': False, 'clip_rewards': None, 'tf_session_args': {'inter_op_parallelism_threads': 2, 'intra_op_parallelism_threads': 2, 'device_count': {'CPU': 1}, 'log_device_placement': False, 'allow_soft_placement': True, 'gpu_options': {'allow_growth': True}}, 'kl_target': 0.01, 'horizon': 1500, 'lr': 0.0005, 'sample_async': False, 'simple_optimizer': False, 'compress_observations': False, 'num_envs_per_worker': 1, 'gamma': 0.99, 'sgd_minibatch_size': 128, 'observation_filter': 'NoFilter', 'entropy_coeff': 0.0, 'batch_mode': 'truncate_episodes', 'straggler_mitigation': False, 'vf_share_layers': False, 'num_gpus': 0, 'synchronize_filters': True, 'num_sgd_iter': 10, 'train_batch_size': 1500, 'optimizer': {}, 'num_gpus_per_worker': 0, 'preprocessor_pref': 'deepmind', 'num_cpus_for_driver': 1, 'lr_schedule': None, 'use_gae': True, 'lambda': 0.97, 'vf_loss_coeff': 1.0, 'vf_clip_param': 1000000.0, 'log_level': 'INFO', 'env_config': {'run': 'PPO', 'flow_params': '{\n    ""env"": {\n        ""additional_params"": {\n            ""max_accel"": 3,\n            ""max_decel"": 3,\n            ""sort_vehicles"": false,\n            ""target_velocity"": 20\n        },\n        ""evaluate"": false,\n        ""horizon"": 1500,\n        ""sims_per_step"": 1,\n        ""warmup_steps"": 0\n    },\n    ""env_name"": ""AccelEnv"",\n    ""exp_tag"": ""figure_eight_0"",\n    ""initial"": {\n        ""additional_params"": {},\n        ""bunching"": 0,\n        ""edges_distribution"": ""all"",\n        ""lanes_distribution"": Infinity,\n        ""min_gap"": 0,\n        ""perturbation"": 0.0,\n        ""shuffle"": false,\n        ""spacing"": ""uniform"",\n        ""x0"": 0\n    },\n    ""net"": {\n        ""additional_params"": {\n            ""lanes"": 1,\n            ""radius_ring"": 30,\n            ""resolution"": 40,\n            ""speed_limit"": 30\n        },\n        ""inflows"": {\n            ""_InFlows__flows"": [],\n            ""num_flows"": 0\n        },\n        ""netfile"": null,\n        ""no_internal_links"": false,\n        ""osm_path"": null\n    },\n    ""scenario"": ""Figure8Scenario"",\n    ""sim"": {\n        ""emission_path"": null,\n        ""lateral_resolution"": null,\n        ""no_step_log"": true,\n        ""num_clients"": 1,\n        ""overtake_right"": false,\n        ""port"": null,\n        ""print_warnings"": true,\n        ""pxpm"": 2,\n        ""render"": false,\n        ""restart_instance"": false,\n        ""save_render"": false,\n        ""seed"": null,\n        ""show_radius"": false,\n        ""sight_radius"": 25,\n        ""sim_step"": 0.1,\n        ""teleport_time"": -1\n    },\n    ""simulator"": ""traci"",\n    ""veh"": [\n        {\n            ""acceleration_controller"": [\n                ""IDMController"",\n                {\n                    ""noise"": 0.2\n                }\n            ],\n            ""car_following_params"": {\n                ""controller_params"": {\n                    ""accel"": 1.0,\n                    ""carFollowModel"": ""IDM"",\n                    ""decel"": 1.5,\n                    ""impatience"": 0.5,\n                    ""maxSpeed"": 30,\n                    ""minGap"": 2.5,\n                    ""sigma"": 0.5,\n                    ""speedDev"": 0.1,\n                    ""speedFactor"": 1.0,\n                    ""tau"": 1.0\n                },\n                ""speed_mode"": 1\n            },\n            ""initial_speed"": 0,\n            ""lane_change_controller"": [\n                ""SimLaneChangeController"",\n                {}\n            ],\n            ""lane_change_params"": {\n                ""controller_params"": {\n                    ""laneChangeModel"": ""LC2013"",\n                    ""lcCooperative"": ""1.0"",\n                    ""lcKeepRight"": ""1.0"",\n                    ""lcSpeedGain"": ""1.0"",\n                    ""lcStrategic"": ""1.0""\n                },\n                ""lane_change_mode"": 512\n            },\n            ""num_vehicles"": 13,\n            ""routing_controller"": [\n                ""ContinuousRouter"",\n                {}\n            ],\n            ""veh_id"": ""human""\n        },\n        {\n            ""acceleration_controller"": [\n                ""RLController"",\n                {}\n            ],\n            ""car_following_params"": {\n                ""controller_params"": {\n                    ""accel"": 1.0,\n                    ""carFollowModel"": ""IDM"",\n                    ""decel"": 1.5,\n                    ""impatience"": 0.5,\n                    ""maxSpeed"": 30,\n                    ""minGap"": 2.5,\n                    ""sigma"": 0.5,\n                    ""speedDev"": 0.1,\n                    ""speedFactor"": 1.0,\n                    ""tau"": 1.0\n                },\n                ""speed_mode"": 1\n            },\n            ""initial_speed"": 0,\n            ""lane_change_controller"": [\n                ""SimLaneChangeController"",\n                {}\n            ],\n            ""lane_change_params"": {\n                ""controller_params"": {\n                    ""laneChangeModel"": ""LC2013"",\n                    ""lcCooperative"": ""1.0"",\n                    ""lcKeepRight"": ""1.0"",\n                    ""lcSpeedGain"": ""1.0"",\n                    ""lcStrategic"": ""1.0""\n                },\n                ""lane_change_mode"": 512\n            },\n            ""num_vehicles"": 1,\n            ""routing_controller"": [\n                ""ContinuousRouter"",\n                {}\n            ],\n            ""veh_id"": ""rl""\n        }\n    ]\n}'}, 'env': 'AccelEnv-v0', 'local_evaluator_tf_session_args': {'inter_op_parallelism_threads': 8, 'intra_op_parallelism_threads': 8}, 'model': {'free_log_std': False, 'custom_options': {}, 'framestack': True, 'channel_major': False, 'max_seq_len': 20, 'lstm_use_prev_action_reward': False, 'squash_to_range': False, 'dim': 84, 'grayscale': False, 'fcnet_hiddens': [100, 50, 25], 'use_lstm': False, 'custom_model': None, 'fcnet_activation': 'tanh', 'conv_filters': None, 'conv_activation': 'relu', 'lstm_cell_size': 256, 'zero_mean': True, 'custom_preprocessor': None}, 'output_compress_columns': ['obs', 'new_obs'], 'monitor': False, 'custom_resources_per_worker': {}, 'output_max_file_size': 67108864, 'num_workers': 1, 'clip_param': 0.3, 'kl_coeff': 0.2, 'multiagent': {'policy_graphs': {}, 'policy_mapping_fn': None, 'policies_to_train': None}, 'input_evaluation': None, 'output': None, 'collect_metrics_timeout': 180, 'num_cpus_per_worker': 1}",169.237.32.118,1,1352.734693877551,9.589015245437622,"{'num_steps_sampled': 67200, 'load_time_ms': 1.352, 'default': {'kl': 0.006718900520354509, 'cur_lr': 0.0005000000237487257, 'total_loss': 0.4920028746128082, 'policy_loss': -0.007728197146207094, 'vf_explained_var': 0.9946606159210205, 'entropy': 1.2887780666351318, 'cur_kl_coeff': 0.32036134600639343, 'vf_loss': 0.49757862091064453}, 'sample_time_ms': 9456.814, 'grad_time_ms': 281.559, 'update_time_ms': 4.46, 'num_steps_trained': 67200}",326.49020301290045,2019-04-02_07-43-52,kronos,71,67200,0,424.21970558166504,{},67200,42,42,424.21970558166504,476.06490828174856,1600,1554191032,{},0b32d2eec3344b1fbde4822793b2e447,83.35802442090997
False,50,"{'input': 'sampler', 'callbacks': {'on_train_result': None, 'on_sample_end': None, 'on_episode_step': None, 'on_episode_start': None, 'on_episode_end': None}, 'sample_batch_size': 200, 'clip_actions': False, 'clip_rewards': None, 'tf_session_args': {'inter_op_parallelism_threads': 2, 'intra_op_parallelism_threads': 2, 'device_count': {'CPU': 1}, 'log_device_placement': False, 'allow_soft_placement': True, 'gpu_options': {'allow_growth': True}}, 'kl_target': 0.01, 'horizon': 1500, 'lr': 0.0005, 'sample_async': False, 'simple_optimizer': False, 'compress_observations': False, 'num_envs_per_worker': 1, 'gamma': 0.99, 'sgd_minibatch_size': 128, 'observation_filter': 'NoFilter', 'entropy_coeff': 0.0, 'batch_mode': 'truncate_episodes', 'straggler_mitigation': False, 'vf_share_layers': False, 'num_gpus': 0, 'synchronize_filters': True, 'num_sgd_iter': 10, 'train_batch_size': 1500, 'optimizer': {}, 'num_gpus_per_worker': 0, 'preprocessor_pref': 'deepmind', 'num_cpus_for_driver': 1, 'lr_schedule': None, 'use_gae': True, 'lambda': 0.97, 'vf_loss_coeff': 1.0, 'vf_clip_param': 1000000.0, 'log_level': 'INFO', 'env_config': {'run': 'PPO', 'flow_params': '{\n    ""env"": {\n        ""additional_params"": {\n            ""max_accel"": 3,\n            ""max_decel"": 3,\n            ""sort_vehicles"": false,\n            ""target_velocity"": 20\n        },\n        ""evaluate"": false,\n        ""horizon"": 1500,\n        ""sims_per_step"": 1,\n        ""warmup_steps"": 0\n    },\n    ""env_name"": ""AccelEnv"",\n    ""exp_tag"": ""figure_eight_0"",\n    ""initial"": {\n        ""additional_params"": {},\n        ""bunching"": 0,\n        ""edges_distribution"": ""all"",\n        ""lanes_distribution"": Infinity,\n        ""min_gap"": 0,\n        ""perturbation"": 0.0,\n        ""shuffle"": false,\n        ""spacing"": ""uniform"",\n        ""x0"": 0\n    },\n    ""net"": {\n        ""additional_params"": {\n            ""lanes"": 1,\n            ""radius_ring"": 30,\n            ""resolution"": 40,\n            ""speed_limit"": 30\n        },\n        ""inflows"": {\n            ""_InFlows__flows"": [],\n            ""num_flows"": 0\n        },\n        ""netfile"": null,\n        ""no_internal_links"": false,\n        ""osm_path"": null\n    },\n    ""scenario"": ""Figure8Scenario"",\n    ""sim"": {\n        ""emission_path"": null,\n        ""lateral_resolution"": null,\n        ""no_step_log"": true,\n        ""num_clients"": 1,\n        ""overtake_right"": false,\n        ""port"": null,\n        ""print_warnings"": true,\n        ""pxpm"": 2,\n        ""render"": false,\n        ""restart_instance"": false,\n        ""save_render"": false,\n        ""seed"": null,\n        ""show_radius"": false,\n        ""sight_radius"": 25,\n        ""sim_step"": 0.1,\n        ""teleport_time"": -1\n    },\n    ""simulator"": ""traci"",\n    ""veh"": [\n        {\n            ""acceleration_controller"": [\n                ""IDMController"",\n                {\n                    ""noise"": 0.2\n                }\n            ],\n            ""car_following_params"": {\n                ""controller_params"": {\n                    ""accel"": 1.0,\n                    ""carFollowModel"": ""IDM"",\n                    ""decel"": 1.5,\n                    ""impatience"": 0.5,\n                    ""maxSpeed"": 30,\n                    ""minGap"": 2.5,\n                    ""sigma"": 0.5,\n                    ""speedDev"": 0.1,\n                    ""speedFactor"": 1.0,\n                    ""tau"": 1.0\n                },\n                ""speed_mode"": 1\n            },\n            ""initial_speed"": 0,\n            ""lane_change_controller"": [\n                ""SimLaneChangeController"",\n                {}\n            ],\n            ""lane_change_params"": {\n                ""controller_params"": {\n                    ""laneChangeModel"": ""LC2013"",\n                    ""lcCooperative"": ""1.0"",\n                    ""lcKeepRight"": ""1.0"",\n                    ""lcSpeedGain"": ""1.0"",\n                    ""lcStrategic"": ""1.0""\n                },\n                ""lane_change_mode"": 512\n            },\n            ""num_vehicles"": 13,\n            ""routing_controller"": [\n                ""ContinuousRouter"",\n                {}\n            ],\n            ""veh_id"": ""human""\n        },\n        {\n            ""acceleration_controller"": [\n                ""RLController"",\n                {}\n            ],\n            ""car_following_params"": {\n                ""controller_params"": {\n                    ""accel"": 1.0,\n                    ""carFollowModel"": ""IDM"",\n                    ""decel"": 1.5,\n                    ""impatience"": 0.5,\n                    ""maxSpeed"": 30,\n                    ""minGap"": 2.5,\n                    ""sigma"": 0.5,\n                    ""speedDev"": 0.1,\n                    ""speedFactor"": 1.0,\n                    ""tau"": 1.0\n                },\n                ""speed_mode"": 1\n            },\n            ""initial_speed"": 0,\n            ""lane_change_controller"": [\n                ""SimLaneChangeController"",\n                {}\n            ],\n            ""lane_change_params"": {\n                ""controller_params"": {\n                    ""laneChangeModel"": ""LC2013"",\n                    ""lcCooperative"": ""1.0"",\n                    ""lcKeepRight"": ""1.0"",\n                    ""lcSpeedGain"": ""1.0"",\n                    ""lcStrategic"": ""1.0""\n                },\n                ""lane_change_mode"": 512\n            },\n            ""num_vehicles"": 1,\n            ""routing_controller"": [\n                ""ContinuousRouter"",\n                {}\n            ],\n            ""veh_id"": ""rl""\n        }\n    ]\n}'}, 'env': 'AccelEnv-v0', 'local_evaluator_tf_session_args': {'inter_op_parallelism_threads': 8, 'intra_op_parallelism_threads': 8}, 'model': {'free_log_std': False, 'custom_options': {}, 'framestack': True, 'channel_major': False, 'max_seq_len': 20, 'lstm_use_prev_action_reward': False, 'squash_to_range': False, 'dim': 84, 'grayscale': False, 'fcnet_hiddens': [100, 50, 25], 'use_lstm': False, 'custom_model': None, 'fcnet_activation': 'tanh', 'conv_filters': None, 'conv_activation': 'relu', 'lstm_cell_size': 256, 'zero_mean': True, 'custom_preprocessor': None}, 'output_compress_columns': ['obs', 'new_obs'], 'monitor': False, 'custom_resources_per_worker': {}, 'output_max_file_size': 67108864, 'num_workers': 1, 'clip_param': 0.3, 'kl_coeff': 0.2, 'multiagent': {'policy_graphs': {}, 'policy_mapping_fn': None, 'policies_to_train': None}, 'input_evaluation': None, 'output': None, 'collect_metrics_timeout': 180, 'num_cpus_per_worker': 1}",169.237.32.118,1,1355.68,9.869669198989868,"{'num_steps_sampled': 68800, 'load_time_ms': 1.372, 'default': {'kl': 0.0123562291264534, 'cur_lr': 0.0005000000237487257, 'total_loss': 5.190832614898682, 'policy_loss': -0.017611276358366013, 'vf_explained_var': 0.8833205103874207, 'entropy': 1.261892318725586, 'cur_kl_coeff': 0.32036134600639343, 'vf_loss': 5.2044854164123535}, 'sample_time_ms': 9480.85, 'grad_time_ms': 280.807, 'update_time_ms': 4.471, 'num_steps_trained': 68800}",329.30652437117993,2019-04-02_07-44-02,kronos,71,68800,0,434.0893747806549,{},68800,43,43,434.0893747806549,476.06490828174856,1600,1554191042,{},0b32d2eec3344b1fbde4822793b2e447,83.35802442090997
False,51,"{'input': 'sampler', 'callbacks': {'on_train_result': None, 'on_sample_end': None, 'on_episode_step': None, 'on_episode_start': None, 'on_episode_end': None}, 'sample_batch_size': 200, 'clip_actions': False, 'clip_rewards': None, 'tf_session_args': {'inter_op_parallelism_threads': 2, 'intra_op_parallelism_threads': 2, 'device_count': {'CPU': 1}, 'log_device_placement': False, 'allow_soft_placement': True, 'gpu_options': {'allow_growth': True}}, 'kl_target': 0.01, 'horizon': 1500, 'lr': 0.0005, 'sample_async': False, 'simple_optimizer': False, 'compress_observations': False, 'num_envs_per_worker': 1, 'gamma': 0.99, 'sgd_minibatch_size': 128, 'observation_filter': 'NoFilter', 'entropy_coeff': 0.0, 'batch_mode': 'truncate_episodes', 'straggler_mitigation': False, 'vf_share_layers': False, 'num_gpus': 0, 'synchronize_filters': True, 'num_sgd_iter': 10, 'train_batch_size': 1500, 'optimizer': {}, 'num_gpus_per_worker': 0, 'preprocessor_pref': 'deepmind', 'num_cpus_for_driver': 1, 'lr_schedule': None, 'use_gae': True, 'lambda': 0.97, 'vf_loss_coeff': 1.0, 'vf_clip_param': 1000000.0, 'log_level': 'INFO', 'env_config': {'run': 'PPO', 'flow_params': '{\n    ""env"": {\n        ""additional_params"": {\n            ""max_accel"": 3,\n            ""max_decel"": 3,\n            ""sort_vehicles"": false,\n            ""target_velocity"": 20\n        },\n        ""evaluate"": false,\n        ""horizon"": 1500,\n        ""sims_per_step"": 1,\n        ""warmup_steps"": 0\n    },\n    ""env_name"": ""AccelEnv"",\n    ""exp_tag"": ""figure_eight_0"",\n    ""initial"": {\n        ""additional_params"": {},\n        ""bunching"": 0,\n        ""edges_distribution"": ""all"",\n        ""lanes_distribution"": Infinity,\n        ""min_gap"": 0,\n        ""perturbation"": 0.0,\n        ""shuffle"": false,\n        ""spacing"": ""uniform"",\n        ""x0"": 0\n    },\n    ""net"": {\n        ""additional_params"": {\n            ""lanes"": 1,\n            ""radius_ring"": 30,\n            ""resolution"": 40,\n            ""speed_limit"": 30\n        },\n        ""inflows"": {\n            ""_InFlows__flows"": [],\n            ""num_flows"": 0\n        },\n        ""netfile"": null,\n        ""no_internal_links"": false,\n        ""osm_path"": null\n    },\n    ""scenario"": ""Figure8Scenario"",\n    ""sim"": {\n        ""emission_path"": null,\n        ""lateral_resolution"": null,\n        ""no_step_log"": true,\n        ""num_clients"": 1,\n        ""overtake_right"": false,\n        ""port"": null,\n        ""print_warnings"": true,\n        ""pxpm"": 2,\n        ""render"": false,\n        ""restart_instance"": false,\n        ""save_render"": false,\n        ""seed"": null,\n        ""show_radius"": false,\n        ""sight_radius"": 25,\n        ""sim_step"": 0.1,\n        ""teleport_time"": -1\n    },\n    ""simulator"": ""traci"",\n    ""veh"": [\n        {\n            ""acceleration_controller"": [\n                ""IDMController"",\n                {\n                    ""noise"": 0.2\n                }\n            ],\n            ""car_following_params"": {\n                ""controller_params"": {\n                    ""accel"": 1.0,\n                    ""carFollowModel"": ""IDM"",\n                    ""decel"": 1.5,\n                    ""impatience"": 0.5,\n                    ""maxSpeed"": 30,\n                    ""minGap"": 2.5,\n                    ""sigma"": 0.5,\n                    ""speedDev"": 0.1,\n                    ""speedFactor"": 1.0,\n                    ""tau"": 1.0\n                },\n                ""speed_mode"": 1\n            },\n            ""initial_speed"": 0,\n            ""lane_change_controller"": [\n                ""SimLaneChangeController"",\n                {}\n            ],\n            ""lane_change_params"": {\n                ""controller_params"": {\n                    ""laneChangeModel"": ""LC2013"",\n                    ""lcCooperative"": ""1.0"",\n                    ""lcKeepRight"": ""1.0"",\n                    ""lcSpeedGain"": ""1.0"",\n                    ""lcStrategic"": ""1.0""\n                },\n                ""lane_change_mode"": 512\n            },\n            ""num_vehicles"": 13,\n            ""routing_controller"": [\n                ""ContinuousRouter"",\n                {}\n            ],\n            ""veh_id"": ""human""\n        },\n        {\n            ""acceleration_controller"": [\n                ""RLController"",\n                {}\n            ],\n            ""car_following_params"": {\n                ""controller_params"": {\n                    ""accel"": 1.0,\n                    ""carFollowModel"": ""IDM"",\n                    ""decel"": 1.5,\n                    ""impatience"": 0.5,\n                    ""maxSpeed"": 30,\n                    ""minGap"": 2.5,\n                    ""sigma"": 0.5,\n                    ""speedDev"": 0.1,\n                    ""speedFactor"": 1.0,\n                    ""tau"": 1.0\n                },\n                ""speed_mode"": 1\n            },\n            ""initial_speed"": 0,\n            ""lane_change_controller"": [\n                ""SimLaneChangeController"",\n                {}\n            ],\n            ""lane_change_params"": {\n                ""controller_params"": {\n                    ""laneChangeModel"": ""LC2013"",\n                    ""lcCooperative"": ""1.0"",\n                    ""lcKeepRight"": ""1.0"",\n                    ""lcSpeedGain"": ""1.0"",\n                    ""lcStrategic"": ""1.0""\n                },\n                ""lane_change_mode"": 512\n            },\n            ""num_vehicles"": 1,\n            ""routing_controller"": [\n                ""ContinuousRouter"",\n                {}\n            ],\n            ""veh_id"": ""rl""\n        }\n    ]\n}'}, 'env': 'AccelEnv-v0', 'local_evaluator_tf_session_args': {'inter_op_parallelism_threads': 8, 'intra_op_parallelism_threads': 8}, 'model': {'free_log_std': False, 'custom_options': {}, 'framestack': True, 'channel_major': False, 'max_seq_len': 20, 'lstm_use_prev_action_reward': False, 'squash_to_range': False, 'dim': 84, 'grayscale': False, 'fcnet_hiddens': [100, 50, 25], 'use_lstm': False, 'custom_model': None, 'fcnet_activation': 'tanh', 'conv_filters': None, 'conv_activation': 'relu', 'lstm_cell_size': 256, 'zero_mean': True, 'custom_preprocessor': None}, 'output_compress_columns': ['obs', 'new_obs'], 'monitor': False, 'custom_resources_per_worker': {}, 'output_max_file_size': 67108864, 'num_workers': 1, 'clip_param': 0.3, 'kl_coeff': 0.2, 'multiagent': {'policy_graphs': {}, 'policy_mapping_fn': None, 'policies_to_train': None}, 'input_evaluation': None, 'output': None, 'collect_metrics_timeout': 180, 'num_cpus_per_worker': 1}",169.237.32.118,1,1358.5098039215686,9.927165985107422,"{'num_steps_sampled': 70400, 'load_time_ms': 1.394, 'default': {'kl': 0.014374255202710629, 'cur_lr': 0.0005000000237487257, 'total_loss': 0.7937347888946533, 'policy_loss': -0.014974590390920639, 'vf_explained_var': 0.9890270233154297, 'entropy': 1.2838534116744995, 'cur_kl_coeff': 0.32036134600639343, 'vf_loss': 0.8041045069694519}, 'sample_time_ms': 9501.61, 'grad_time_ms': 278.122, 'update_time_ms': 4.684, 'num_steps_trained': 70400}",330.25143724578214,2019-04-02_07-44-12,kronos,71,70400,0,444.01654076576233,{},70400,44,44,444.01654076576233,476.06490828174856,1600,1554191052,{},0b32d2eec3344b1fbde4822793b2e447,83.35802442090997
False,52,"{'input': 'sampler', 'callbacks': {'on_train_result': None, 'on_sample_end': None, 'on_episode_step': None, 'on_episode_start': None, 'on_episode_end': None}, 'sample_batch_size': 200, 'clip_actions': False, 'clip_rewards': None, 'tf_session_args': {'inter_op_parallelism_threads': 2, 'intra_op_parallelism_threads': 2, 'device_count': {'CPU': 1}, 'log_device_placement': False, 'allow_soft_placement': True, 'gpu_options': {'allow_growth': True}}, 'kl_target': 0.01, 'horizon': 1500, 'lr': 0.0005, 'sample_async': False, 'simple_optimizer': False, 'compress_observations': False, 'num_envs_per_worker': 1, 'gamma': 0.99, 'sgd_minibatch_size': 128, 'observation_filter': 'NoFilter', 'entropy_coeff': 0.0, 'batch_mode': 'truncate_episodes', 'straggler_mitigation': False, 'vf_share_layers': False, 'num_gpus': 0, 'synchronize_filters': True, 'num_sgd_iter': 10, 'train_batch_size': 1500, 'optimizer': {}, 'num_gpus_per_worker': 0, 'preprocessor_pref': 'deepmind', 'num_cpus_for_driver': 1, 'lr_schedule': None, 'use_gae': True, 'lambda': 0.97, 'vf_loss_coeff': 1.0, 'vf_clip_param': 1000000.0, 'log_level': 'INFO', 'env_config': {'run': 'PPO', 'flow_params': '{\n    ""env"": {\n        ""additional_params"": {\n            ""max_accel"": 3,\n            ""max_decel"": 3,\n            ""sort_vehicles"": false,\n            ""target_velocity"": 20\n        },\n        ""evaluate"": false,\n        ""horizon"": 1500,\n        ""sims_per_step"": 1,\n        ""warmup_steps"": 0\n    },\n    ""env_name"": ""AccelEnv"",\n    ""exp_tag"": ""figure_eight_0"",\n    ""initial"": {\n        ""additional_params"": {},\n        ""bunching"": 0,\n        ""edges_distribution"": ""all"",\n        ""lanes_distribution"": Infinity,\n        ""min_gap"": 0,\n        ""perturbation"": 0.0,\n        ""shuffle"": false,\n        ""spacing"": ""uniform"",\n        ""x0"": 0\n    },\n    ""net"": {\n        ""additional_params"": {\n            ""lanes"": 1,\n            ""radius_ring"": 30,\n            ""resolution"": 40,\n            ""speed_limit"": 30\n        },\n        ""inflows"": {\n            ""_InFlows__flows"": [],\n            ""num_flows"": 0\n        },\n        ""netfile"": null,\n        ""no_internal_links"": false,\n        ""osm_path"": null\n    },\n    ""scenario"": ""Figure8Scenario"",\n    ""sim"": {\n        ""emission_path"": null,\n        ""lateral_resolution"": null,\n        ""no_step_log"": true,\n        ""num_clients"": 1,\n        ""overtake_right"": false,\n        ""port"": null,\n        ""print_warnings"": true,\n        ""pxpm"": 2,\n        ""render"": false,\n        ""restart_instance"": false,\n        ""save_render"": false,\n        ""seed"": null,\n        ""show_radius"": false,\n        ""sight_radius"": 25,\n        ""sim_step"": 0.1,\n        ""teleport_time"": -1\n    },\n    ""simulator"": ""traci"",\n    ""veh"": [\n        {\n            ""acceleration_controller"": [\n                ""IDMController"",\n                {\n                    ""noise"": 0.2\n                }\n            ],\n            ""car_following_params"": {\n                ""controller_params"": {\n                    ""accel"": 1.0,\n                    ""carFollowModel"": ""IDM"",\n                    ""decel"": 1.5,\n                    ""impatience"": 0.5,\n                    ""maxSpeed"": 30,\n                    ""minGap"": 2.5,\n                    ""sigma"": 0.5,\n                    ""speedDev"": 0.1,\n                    ""speedFactor"": 1.0,\n                    ""tau"": 1.0\n                },\n                ""speed_mode"": 1\n            },\n            ""initial_speed"": 0,\n            ""lane_change_controller"": [\n                ""SimLaneChangeController"",\n                {}\n            ],\n            ""lane_change_params"": {\n                ""controller_params"": {\n                    ""laneChangeModel"": ""LC2013"",\n                    ""lcCooperative"": ""1.0"",\n                    ""lcKeepRight"": ""1.0"",\n                    ""lcSpeedGain"": ""1.0"",\n                    ""lcStrategic"": ""1.0""\n                },\n                ""lane_change_mode"": 512\n            },\n            ""num_vehicles"": 13,\n            ""routing_controller"": [\n                ""ContinuousRouter"",\n                {}\n            ],\n            ""veh_id"": ""human""\n        },\n        {\n            ""acceleration_controller"": [\n                ""RLController"",\n                {}\n            ],\n            ""car_following_params"": {\n                ""controller_params"": {\n                    ""accel"": 1.0,\n                    ""carFollowModel"": ""IDM"",\n                    ""decel"": 1.5,\n                    ""impatience"": 0.5,\n                    ""maxSpeed"": 30,\n                    ""minGap"": 2.5,\n                    ""sigma"": 0.5,\n                    ""speedDev"": 0.1,\n                    ""speedFactor"": 1.0,\n                    ""tau"": 1.0\n                },\n                ""speed_mode"": 1\n            },\n            ""initial_speed"": 0,\n            ""lane_change_controller"": [\n                ""SimLaneChangeController"",\n                {}\n            ],\n            ""lane_change_params"": {\n                ""controller_params"": {\n                    ""laneChangeModel"": ""LC2013"",\n                    ""lcCooperative"": ""1.0"",\n                    ""lcKeepRight"": ""1.0"",\n                    ""lcSpeedGain"": ""1.0"",\n                    ""lcStrategic"": ""1.0""\n                },\n                ""lane_change_mode"": 512\n            },\n            ""num_vehicles"": 1,\n            ""routing_controller"": [\n                ""ContinuousRouter"",\n                {}\n            ],\n            ""veh_id"": ""rl""\n        }\n    ]\n}'}, 'env': 'AccelEnv-v0', 'local_evaluator_tf_session_args': {'inter_op_parallelism_threads': 8, 'intra_op_parallelism_threads': 8}, 'model': {'free_log_std': False, 'custom_options': {}, 'framestack': True, 'channel_major': False, 'max_seq_len': 20, 'lstm_use_prev_action_reward': False, 'squash_to_range': False, 'dim': 84, 'grayscale': False, 'fcnet_hiddens': [100, 50, 25], 'use_lstm': False, 'custom_model': None, 'fcnet_activation': 'tanh', 'conv_filters': None, 'conv_activation': 'relu', 'lstm_cell_size': 256, 'zero_mean': True, 'custom_preprocessor': None}, 'output_compress_columns': ['obs', 'new_obs'], 'monitor': False, 'custom_resources_per_worker': {}, 'output_max_file_size': 67108864, 'num_workers': 1, 'clip_param': 0.3, 'kl_coeff': 0.2, 'multiagent': {'policy_graphs': {}, 'policy_mapping_fn': None, 'policies_to_train': None}, 'input_evaluation': None, 'output': None, 'collect_metrics_timeout': 180, 'num_cpus_per_worker': 1}",169.237.32.118,1,1361.2307692307693,9.828457355499268,"{'num_steps_sampled': 72000, 'load_time_ms': 1.271, 'default': {'kl': 0.01699317805469036, 'cur_lr': 0.0005000000237487257, 'total_loss': 1.014201283454895, 'policy_loss': -0.020321598276495934, 'vf_explained_var': 0.9808822274208069, 'entropy': 1.145405888557434, 'cur_kl_coeff': 0.32036134600639343, 'vf_loss': 1.0290789604187012}, 'sample_time_ms': 9508.343, 'grad_time_ms': 278.948, 'update_time_ms': 4.927, 'num_steps_trained': 72000}",331.31180537579155,2019-04-02_07-44-21,kronos,71,72000,0,453.8449981212616,{},72000,45,45,453.8449981212616,476.06490828174856,1600,1554191061,{},0b32d2eec3344b1fbde4822793b2e447,83.35802442090997
False,53,"{'input': 'sampler', 'callbacks': {'on_train_result': None, 'on_sample_end': None, 'on_episode_step': None, 'on_episode_start': None, 'on_episode_end': None}, 'sample_batch_size': 200, 'clip_actions': False, 'clip_rewards': None, 'tf_session_args': {'inter_op_parallelism_threads': 2, 'intra_op_parallelism_threads': 2, 'device_count': {'CPU': 1}, 'log_device_placement': False, 'allow_soft_placement': True, 'gpu_options': {'allow_growth': True}}, 'kl_target': 0.01, 'horizon': 1500, 'lr': 0.0005, 'sample_async': False, 'simple_optimizer': False, 'compress_observations': False, 'num_envs_per_worker': 1, 'gamma': 0.99, 'sgd_minibatch_size': 128, 'observation_filter': 'NoFilter', 'entropy_coeff': 0.0, 'batch_mode': 'truncate_episodes', 'straggler_mitigation': False, 'vf_share_layers': False, 'num_gpus': 0, 'synchronize_filters': True, 'num_sgd_iter': 10, 'train_batch_size': 1500, 'optimizer': {}, 'num_gpus_per_worker': 0, 'preprocessor_pref': 'deepmind', 'num_cpus_for_driver': 1, 'lr_schedule': None, 'use_gae': True, 'lambda': 0.97, 'vf_loss_coeff': 1.0, 'vf_clip_param': 1000000.0, 'log_level': 'INFO', 'env_config': {'run': 'PPO', 'flow_params': '{\n    ""env"": {\n        ""additional_params"": {\n            ""max_accel"": 3,\n            ""max_decel"": 3,\n            ""sort_vehicles"": false,\n            ""target_velocity"": 20\n        },\n        ""evaluate"": false,\n        ""horizon"": 1500,\n        ""sims_per_step"": 1,\n        ""warmup_steps"": 0\n    },\n    ""env_name"": ""AccelEnv"",\n    ""exp_tag"": ""figure_eight_0"",\n    ""initial"": {\n        ""additional_params"": {},\n        ""bunching"": 0,\n        ""edges_distribution"": ""all"",\n        ""lanes_distribution"": Infinity,\n        ""min_gap"": 0,\n        ""perturbation"": 0.0,\n        ""shuffle"": false,\n        ""spacing"": ""uniform"",\n        ""x0"": 0\n    },\n    ""net"": {\n        ""additional_params"": {\n            ""lanes"": 1,\n            ""radius_ring"": 30,\n            ""resolution"": 40,\n            ""speed_limit"": 30\n        },\n        ""inflows"": {\n            ""_InFlows__flows"": [],\n            ""num_flows"": 0\n        },\n        ""netfile"": null,\n        ""no_internal_links"": false,\n        ""osm_path"": null\n    },\n    ""scenario"": ""Figure8Scenario"",\n    ""sim"": {\n        ""emission_path"": null,\n        ""lateral_resolution"": null,\n        ""no_step_log"": true,\n        ""num_clients"": 1,\n        ""overtake_right"": false,\n        ""port"": null,\n        ""print_warnings"": true,\n        ""pxpm"": 2,\n        ""render"": false,\n        ""restart_instance"": false,\n        ""save_render"": false,\n        ""seed"": null,\n        ""show_radius"": false,\n        ""sight_radius"": 25,\n        ""sim_step"": 0.1,\n        ""teleport_time"": -1\n    },\n    ""simulator"": ""traci"",\n    ""veh"": [\n        {\n            ""acceleration_controller"": [\n                ""IDMController"",\n                {\n                    ""noise"": 0.2\n                }\n            ],\n            ""car_following_params"": {\n                ""controller_params"": {\n                    ""accel"": 1.0,\n                    ""carFollowModel"": ""IDM"",\n                    ""decel"": 1.5,\n                    ""impatience"": 0.5,\n                    ""maxSpeed"": 30,\n                    ""minGap"": 2.5,\n                    ""sigma"": 0.5,\n                    ""speedDev"": 0.1,\n                    ""speedFactor"": 1.0,\n                    ""tau"": 1.0\n                },\n                ""speed_mode"": 1\n            },\n            ""initial_speed"": 0,\n            ""lane_change_controller"": [\n                ""SimLaneChangeController"",\n                {}\n            ],\n            ""lane_change_params"": {\n                ""controller_params"": {\n                    ""laneChangeModel"": ""LC2013"",\n                    ""lcCooperative"": ""1.0"",\n                    ""lcKeepRight"": ""1.0"",\n                    ""lcSpeedGain"": ""1.0"",\n                    ""lcStrategic"": ""1.0""\n                },\n                ""lane_change_mode"": 512\n            },\n            ""num_vehicles"": 13,\n            ""routing_controller"": [\n                ""ContinuousRouter"",\n                {}\n            ],\n            ""veh_id"": ""human""\n        },\n        {\n            ""acceleration_controller"": [\n                ""RLController"",\n                {}\n            ],\n            ""car_following_params"": {\n                ""controller_params"": {\n                    ""accel"": 1.0,\n                    ""carFollowModel"": ""IDM"",\n                    ""decel"": 1.5,\n                    ""impatience"": 0.5,\n                    ""maxSpeed"": 30,\n                    ""minGap"": 2.5,\n                    ""sigma"": 0.5,\n                    ""speedDev"": 0.1,\n                    ""speedFactor"": 1.0,\n                    ""tau"": 1.0\n                },\n                ""speed_mode"": 1\n            },\n            ""initial_speed"": 0,\n            ""lane_change_controller"": [\n                ""SimLaneChangeController"",\n                {}\n            ],\n            ""lane_change_params"": {\n                ""controller_params"": {\n                    ""laneChangeModel"": ""LC2013"",\n                    ""lcCooperative"": ""1.0"",\n                    ""lcKeepRight"": ""1.0"",\n                    ""lcSpeedGain"": ""1.0"",\n                    ""lcStrategic"": ""1.0""\n                },\n                ""lane_change_mode"": 512\n            },\n            ""num_vehicles"": 1,\n            ""routing_controller"": [\n                ""ContinuousRouter"",\n                {}\n            ],\n            ""veh_id"": ""rl""\n        }\n    ]\n}'}, 'env': 'AccelEnv-v0', 'local_evaluator_tf_session_args': {'inter_op_parallelism_threads': 8, 'intra_op_parallelism_threads': 8}, 'model': {'free_log_std': False, 'custom_options': {}, 'framestack': True, 'channel_major': False, 'max_seq_len': 20, 'lstm_use_prev_action_reward': False, 'squash_to_range': False, 'dim': 84, 'grayscale': False, 'fcnet_hiddens': [100, 50, 25], 'use_lstm': False, 'custom_model': None, 'fcnet_activation': 'tanh', 'conv_filters': None, 'conv_activation': 'relu', 'lstm_cell_size': 256, 'zero_mean': True, 'custom_preprocessor': None}, 'output_compress_columns': ['obs', 'new_obs'], 'monitor': False, 'custom_resources_per_worker': {}, 'output_max_file_size': 67108864, 'num_workers': 1, 'clip_param': 0.3, 'kl_coeff': 0.2, 'multiagent': {'policy_graphs': {}, 'policy_mapping_fn': None, 'policies_to_train': None}, 'input_evaluation': None, 'output': None, 'collect_metrics_timeout': 180, 'num_cpus_per_worker': 1}",169.237.32.118,1,1363.8490566037735,9.986087083816528,"{'num_steps_sampled': 73600, 'load_time_ms': 1.256, 'default': {'kl': 0.006857828702777624, 'cur_lr': 0.0005000000237487257, 'total_loss': 3.8984248638153076, 'policy_loss': -0.0045647467486560345, 'vf_explained_var': 0.9198799729347229, 'entropy': 1.2141047716140747, 'cur_kl_coeff': 0.32036134600639343, 'vf_loss': 3.900792360305786}, 'sample_time_ms': 9522.589, 'grad_time_ms': 278.365, 'update_time_ms': 4.834, 'num_steps_trained': 73600}",332.70682477493864,2019-04-02_07-44-31,kronos,71,73600,0,463.8310852050781,{},73600,46,46,463.8310852050781,476.06490828174856,1600,1554191071,{},0b32d2eec3344b1fbde4822793b2e447,83.35802442090997
False,54,"{'input': 'sampler', 'callbacks': {'on_train_result': None, 'on_sample_end': None, 'on_episode_step': None, 'on_episode_start': None, 'on_episode_end': None}, 'sample_batch_size': 200, 'clip_actions': False, 'clip_rewards': None, 'tf_session_args': {'inter_op_parallelism_threads': 2, 'intra_op_parallelism_threads': 2, 'device_count': {'CPU': 1}, 'log_device_placement': False, 'allow_soft_placement': True, 'gpu_options': {'allow_growth': True}}, 'kl_target': 0.01, 'horizon': 1500, 'lr': 0.0005, 'sample_async': False, 'simple_optimizer': False, 'compress_observations': False, 'num_envs_per_worker': 1, 'gamma': 0.99, 'sgd_minibatch_size': 128, 'observation_filter': 'NoFilter', 'entropy_coeff': 0.0, 'batch_mode': 'truncate_episodes', 'straggler_mitigation': False, 'vf_share_layers': False, 'num_gpus': 0, 'synchronize_filters': True, 'num_sgd_iter': 10, 'train_batch_size': 1500, 'optimizer': {}, 'num_gpus_per_worker': 0, 'preprocessor_pref': 'deepmind', 'num_cpus_for_driver': 1, 'lr_schedule': None, 'use_gae': True, 'lambda': 0.97, 'vf_loss_coeff': 1.0, 'vf_clip_param': 1000000.0, 'log_level': 'INFO', 'env_config': {'run': 'PPO', 'flow_params': '{\n    ""env"": {\n        ""additional_params"": {\n            ""max_accel"": 3,\n            ""max_decel"": 3,\n            ""sort_vehicles"": false,\n            ""target_velocity"": 20\n        },\n        ""evaluate"": false,\n        ""horizon"": 1500,\n        ""sims_per_step"": 1,\n        ""warmup_steps"": 0\n    },\n    ""env_name"": ""AccelEnv"",\n    ""exp_tag"": ""figure_eight_0"",\n    ""initial"": {\n        ""additional_params"": {},\n        ""bunching"": 0,\n        ""edges_distribution"": ""all"",\n        ""lanes_distribution"": Infinity,\n        ""min_gap"": 0,\n        ""perturbation"": 0.0,\n        ""shuffle"": false,\n        ""spacing"": ""uniform"",\n        ""x0"": 0\n    },\n    ""net"": {\n        ""additional_params"": {\n            ""lanes"": 1,\n            ""radius_ring"": 30,\n            ""resolution"": 40,\n            ""speed_limit"": 30\n        },\n        ""inflows"": {\n            ""_InFlows__flows"": [],\n            ""num_flows"": 0\n        },\n        ""netfile"": null,\n        ""no_internal_links"": false,\n        ""osm_path"": null\n    },\n    ""scenario"": ""Figure8Scenario"",\n    ""sim"": {\n        ""emission_path"": null,\n        ""lateral_resolution"": null,\n        ""no_step_log"": true,\n        ""num_clients"": 1,\n        ""overtake_right"": false,\n        ""port"": null,\n        ""print_warnings"": true,\n        ""pxpm"": 2,\n        ""render"": false,\n        ""restart_instance"": false,\n        ""save_render"": false,\n        ""seed"": null,\n        ""show_radius"": false,\n        ""sight_radius"": 25,\n        ""sim_step"": 0.1,\n        ""teleport_time"": -1\n    },\n    ""simulator"": ""traci"",\n    ""veh"": [\n        {\n            ""acceleration_controller"": [\n                ""IDMController"",\n                {\n                    ""noise"": 0.2\n                }\n            ],\n            ""car_following_params"": {\n                ""controller_params"": {\n                    ""accel"": 1.0,\n                    ""carFollowModel"": ""IDM"",\n                    ""decel"": 1.5,\n                    ""impatience"": 0.5,\n                    ""maxSpeed"": 30,\n                    ""minGap"": 2.5,\n                    ""sigma"": 0.5,\n                    ""speedDev"": 0.1,\n                    ""speedFactor"": 1.0,\n                    ""tau"": 1.0\n                },\n                ""speed_mode"": 1\n            },\n            ""initial_speed"": 0,\n            ""lane_change_controller"": [\n                ""SimLaneChangeController"",\n                {}\n            ],\n            ""lane_change_params"": {\n                ""controller_params"": {\n                    ""laneChangeModel"": ""LC2013"",\n                    ""lcCooperative"": ""1.0"",\n                    ""lcKeepRight"": ""1.0"",\n                    ""lcSpeedGain"": ""1.0"",\n                    ""lcStrategic"": ""1.0""\n                },\n                ""lane_change_mode"": 512\n            },\n            ""num_vehicles"": 13,\n            ""routing_controller"": [\n                ""ContinuousRouter"",\n                {}\n            ],\n            ""veh_id"": ""human""\n        },\n        {\n            ""acceleration_controller"": [\n                ""RLController"",\n                {}\n            ],\n            ""car_following_params"": {\n                ""controller_params"": {\n                    ""accel"": 1.0,\n                    ""carFollowModel"": ""IDM"",\n                    ""decel"": 1.5,\n                    ""impatience"": 0.5,\n                    ""maxSpeed"": 30,\n                    ""minGap"": 2.5,\n                    ""sigma"": 0.5,\n                    ""speedDev"": 0.1,\n                    ""speedFactor"": 1.0,\n                    ""tau"": 1.0\n                },\n                ""speed_mode"": 1\n            },\n            ""initial_speed"": 0,\n            ""lane_change_controller"": [\n                ""SimLaneChangeController"",\n                {}\n            ],\n            ""lane_change_params"": {\n                ""controller_params"": {\n                    ""laneChangeModel"": ""LC2013"",\n                    ""lcCooperative"": ""1.0"",\n                    ""lcKeepRight"": ""1.0"",\n                    ""lcSpeedGain"": ""1.0"",\n                    ""lcStrategic"": ""1.0""\n                },\n                ""lane_change_mode"": 512\n            },\n            ""num_vehicles"": 1,\n            ""routing_controller"": [\n                ""ContinuousRouter"",\n                {}\n            ],\n            ""veh_id"": ""rl""\n        }\n    ]\n}'}, 'env': 'AccelEnv-v0', 'local_evaluator_tf_session_args': {'inter_op_parallelism_threads': 8, 'intra_op_parallelism_threads': 8}, 'model': {'free_log_std': False, 'custom_options': {}, 'framestack': True, 'channel_major': False, 'max_seq_len': 20, 'lstm_use_prev_action_reward': False, 'squash_to_range': False, 'dim': 84, 'grayscale': False, 'fcnet_hiddens': [100, 50, 25], 'use_lstm': False, 'custom_model': None, 'fcnet_activation': 'tanh', 'conv_filters': None, 'conv_activation': 'relu', 'lstm_cell_size': 256, 'zero_mean': True, 'custom_preprocessor': None}, 'output_compress_columns': ['obs', 'new_obs'], 'monitor': False, 'custom_resources_per_worker': {}, 'output_max_file_size': 67108864, 'num_workers': 1, 'clip_param': 0.3, 'kl_coeff': 0.2, 'multiagent': {'policy_graphs': {}, 'policy_mapping_fn': None, 'policies_to_train': None}, 'input_evaluation': None, 'output': None, 'collect_metrics_timeout': 180, 'num_cpus_per_worker': 1}",169.237.32.118,1,1366.3703703703704,9.968570947647095,"{'num_steps_sampled': 75200, 'load_time_ms': 1.233, 'default': {'kl': 0.017006849870085716, 'cur_lr': 0.0005000000237487257, 'total_loss': 6.712919235229492, 'policy_loss': -0.016299953684210777, 'vf_explained_var': 0.7080658078193665, 'entropy': 1.169417142868042, 'cur_kl_coeff': 0.32036134600639343, 'vf_loss': 6.723771572113037}, 'sample_time_ms': 9525.846, 'grad_time_ms': 276.849, 'update_time_ms': 4.826, 'num_steps_trained': 75200}",335.2980109356697,2019-04-02_07-44-41,kronos,71,75200,0,473.7996561527252,{},75200,47,47,473.7996561527252,476.06490828174856,1600,1554191081,{},0b32d2eec3344b1fbde4822793b2e447,83.35802442090997
False,56,"{'input': 'sampler', 'callbacks': {'on_train_result': None, 'on_sample_end': None, 'on_episode_step': None, 'on_episode_start': None, 'on_episode_end': None}, 'sample_batch_size': 200, 'clip_actions': False, 'clip_rewards': None, 'tf_session_args': {'inter_op_parallelism_threads': 2, 'intra_op_parallelism_threads': 2, 'device_count': {'CPU': 1}, 'log_device_placement': False, 'allow_soft_placement': True, 'gpu_options': {'allow_growth': True}}, 'kl_target': 0.01, 'horizon': 1500, 'lr': 0.0005, 'sample_async': False, 'simple_optimizer': False, 'compress_observations': False, 'num_envs_per_worker': 1, 'gamma': 0.99, 'sgd_minibatch_size': 128, 'observation_filter': 'NoFilter', 'entropy_coeff': 0.0, 'batch_mode': 'truncate_episodes', 'straggler_mitigation': False, 'vf_share_layers': False, 'num_gpus': 0, 'synchronize_filters': True, 'num_sgd_iter': 10, 'train_batch_size': 1500, 'optimizer': {}, 'num_gpus_per_worker': 0, 'preprocessor_pref': 'deepmind', 'num_cpus_for_driver': 1, 'lr_schedule': None, 'use_gae': True, 'lambda': 0.97, 'vf_loss_coeff': 1.0, 'vf_clip_param': 1000000.0, 'log_level': 'INFO', 'env_config': {'run': 'PPO', 'flow_params': '{\n    ""env"": {\n        ""additional_params"": {\n            ""max_accel"": 3,\n            ""max_decel"": 3,\n            ""sort_vehicles"": false,\n            ""target_velocity"": 20\n        },\n        ""evaluate"": false,\n        ""horizon"": 1500,\n        ""sims_per_step"": 1,\n        ""warmup_steps"": 0\n    },\n    ""env_name"": ""AccelEnv"",\n    ""exp_tag"": ""figure_eight_0"",\n    ""initial"": {\n        ""additional_params"": {},\n        ""bunching"": 0,\n        ""edges_distribution"": ""all"",\n        ""lanes_distribution"": Infinity,\n        ""min_gap"": 0,\n        ""perturbation"": 0.0,\n        ""shuffle"": false,\n        ""spacing"": ""uniform"",\n        ""x0"": 0\n    },\n    ""net"": {\n        ""additional_params"": {\n            ""lanes"": 1,\n            ""radius_ring"": 30,\n            ""resolution"": 40,\n            ""speed_limit"": 30\n        },\n        ""inflows"": {\n            ""_InFlows__flows"": [],\n            ""num_flows"": 0\n        },\n        ""netfile"": null,\n        ""no_internal_links"": false,\n        ""osm_path"": null\n    },\n    ""scenario"": ""Figure8Scenario"",\n    ""sim"": {\n        ""emission_path"": null,\n        ""lateral_resolution"": null,\n        ""no_step_log"": true,\n        ""num_clients"": 1,\n        ""overtake_right"": false,\n        ""port"": null,\n        ""print_warnings"": true,\n        ""pxpm"": 2,\n        ""render"": false,\n        ""restart_instance"": false,\n        ""save_render"": false,\n        ""seed"": null,\n        ""show_radius"": false,\n        ""sight_radius"": 25,\n        ""sim_step"": 0.1,\n        ""teleport_time"": -1\n    },\n    ""simulator"": ""traci"",\n    ""veh"": [\n        {\n            ""acceleration_controller"": [\n                ""IDMController"",\n                {\n                    ""noise"": 0.2\n                }\n            ],\n            ""car_following_params"": {\n                ""controller_params"": {\n                    ""accel"": 1.0,\n                    ""carFollowModel"": ""IDM"",\n                    ""decel"": 1.5,\n                    ""impatience"": 0.5,\n                    ""maxSpeed"": 30,\n                    ""minGap"": 2.5,\n                    ""sigma"": 0.5,\n                    ""speedDev"": 0.1,\n                    ""speedFactor"": 1.0,\n                    ""tau"": 1.0\n                },\n                ""speed_mode"": 1\n            },\n            ""initial_speed"": 0,\n            ""lane_change_controller"": [\n                ""SimLaneChangeController"",\n                {}\n            ],\n            ""lane_change_params"": {\n                ""controller_params"": {\n                    ""laneChangeModel"": ""LC2013"",\n                    ""lcCooperative"": ""1.0"",\n                    ""lcKeepRight"": ""1.0"",\n                    ""lcSpeedGain"": ""1.0"",\n                    ""lcStrategic"": ""1.0""\n                },\n                ""lane_change_mode"": 512\n            },\n            ""num_vehicles"": 13,\n            ""routing_controller"": [\n                ""ContinuousRouter"",\n                {}\n            ],\n            ""veh_id"": ""human""\n        },\n        {\n            ""acceleration_controller"": [\n                ""RLController"",\n                {}\n            ],\n            ""car_following_params"": {\n                ""controller_params"": {\n                    ""accel"": 1.0,\n                    ""carFollowModel"": ""IDM"",\n                    ""decel"": 1.5,\n                    ""impatience"": 0.5,\n                    ""maxSpeed"": 30,\n                    ""minGap"": 2.5,\n                    ""sigma"": 0.5,\n                    ""speedDev"": 0.1,\n                    ""speedFactor"": 1.0,\n                    ""tau"": 1.0\n                },\n                ""speed_mode"": 1\n            },\n            ""initial_speed"": 0,\n            ""lane_change_controller"": [\n                ""SimLaneChangeController"",\n                {}\n            ],\n            ""lane_change_params"": {\n                ""controller_params"": {\n                    ""laneChangeModel"": ""LC2013"",\n                    ""lcCooperative"": ""1.0"",\n                    ""lcKeepRight"": ""1.0"",\n                    ""lcSpeedGain"": ""1.0"",\n                    ""lcStrategic"": ""1.0""\n                },\n                ""lane_change_mode"": 512\n            },\n            ""num_vehicles"": 1,\n            ""routing_controller"": [\n                ""ContinuousRouter"",\n                {}\n            ],\n            ""veh_id"": ""rl""\n        }\n    ]\n}'}, 'env': 'AccelEnv-v0', 'local_evaluator_tf_session_args': {'inter_op_parallelism_threads': 8, 'intra_op_parallelism_threads': 8}, 'model': {'free_log_std': False, 'custom_options': {}, 'framestack': True, 'channel_major': False, 'max_seq_len': 20, 'lstm_use_prev_action_reward': False, 'squash_to_range': False, 'dim': 84, 'grayscale': False, 'fcnet_hiddens': [100, 50, 25], 'use_lstm': False, 'custom_model': None, 'fcnet_activation': 'tanh', 'conv_filters': None, 'conv_activation': 'relu', 'lstm_cell_size': 256, 'zero_mean': True, 'custom_preprocessor': None}, 'output_compress_columns': ['obs', 'new_obs'], 'monitor': False, 'custom_resources_per_worker': {}, 'output_max_file_size': 67108864, 'num_workers': 1, 'clip_param': 0.3, 'kl_coeff': 0.2, 'multiagent': {'policy_graphs': {}, 'policy_mapping_fn': None, 'policies_to_train': None}, 'input_evaluation': None, 'output': None, 'collect_metrics_timeout': 180, 'num_cpus_per_worker': 1}",169.237.32.118,2,1371.142857142857,10.042540550231934,"{'num_steps_sampled': 76800, 'load_time_ms': 1.236, 'default': {'kl': 0.004890508484095335, 'cur_lr': 0.0005000000237487257, 'total_loss': 5.608648300170898, 'policy_loss': -0.010381803847849369, 'vf_explained_var': 0.8991517424583435, 'entropy': 1.2683244943618774, 'cur_kl_coeff': 0.32036134600639343, 'vf_loss': 5.6174635887146}, 'sample_time_ms': 9564.279, 'grad_time_ms': 276.92, 'update_time_ms': 4.788, 'num_steps_trained': 76800}",338.31078422093157,2019-04-02_07-44-51,kronos,71,76800,0,483.84219670295715,{},76800,48,48,483.84219670295715,476.06490828174856,1600,1554191091,{},0b32d2eec3344b1fbde4822793b2e447,83.35802442090997
False,57,"{'input': 'sampler', 'callbacks': {'on_train_result': None, 'on_sample_end': None, 'on_episode_step': None, 'on_episode_start': None, 'on_episode_end': None}, 'sample_batch_size': 200, 'clip_actions': False, 'clip_rewards': None, 'tf_session_args': {'inter_op_parallelism_threads': 2, 'intra_op_parallelism_threads': 2, 'device_count': {'CPU': 1}, 'log_device_placement': False, 'allow_soft_placement': True, 'gpu_options': {'allow_growth': True}}, 'kl_target': 0.01, 'horizon': 1500, 'lr': 0.0005, 'sample_async': False, 'simple_optimizer': False, 'compress_observations': False, 'num_envs_per_worker': 1, 'gamma': 0.99, 'sgd_minibatch_size': 128, 'observation_filter': 'NoFilter', 'entropy_coeff': 0.0, 'batch_mode': 'truncate_episodes', 'straggler_mitigation': False, 'vf_share_layers': False, 'num_gpus': 0, 'synchronize_filters': True, 'num_sgd_iter': 10, 'train_batch_size': 1500, 'optimizer': {}, 'num_gpus_per_worker': 0, 'preprocessor_pref': 'deepmind', 'num_cpus_for_driver': 1, 'lr_schedule': None, 'use_gae': True, 'lambda': 0.97, 'vf_loss_coeff': 1.0, 'vf_clip_param': 1000000.0, 'log_level': 'INFO', 'env_config': {'run': 'PPO', 'flow_params': '{\n    ""env"": {\n        ""additional_params"": {\n            ""max_accel"": 3,\n            ""max_decel"": 3,\n            ""sort_vehicles"": false,\n            ""target_velocity"": 20\n        },\n        ""evaluate"": false,\n        ""horizon"": 1500,\n        ""sims_per_step"": 1,\n        ""warmup_steps"": 0\n    },\n    ""env_name"": ""AccelEnv"",\n    ""exp_tag"": ""figure_eight_0"",\n    ""initial"": {\n        ""additional_params"": {},\n        ""bunching"": 0,\n        ""edges_distribution"": ""all"",\n        ""lanes_distribution"": Infinity,\n        ""min_gap"": 0,\n        ""perturbation"": 0.0,\n        ""shuffle"": false,\n        ""spacing"": ""uniform"",\n        ""x0"": 0\n    },\n    ""net"": {\n        ""additional_params"": {\n            ""lanes"": 1,\n            ""radius_ring"": 30,\n            ""resolution"": 40,\n            ""speed_limit"": 30\n        },\n        ""inflows"": {\n            ""_InFlows__flows"": [],\n            ""num_flows"": 0\n        },\n        ""netfile"": null,\n        ""no_internal_links"": false,\n        ""osm_path"": null\n    },\n    ""scenario"": ""Figure8Scenario"",\n    ""sim"": {\n        ""emission_path"": null,\n        ""lateral_resolution"": null,\n        ""no_step_log"": true,\n        ""num_clients"": 1,\n        ""overtake_right"": false,\n        ""port"": null,\n        ""print_warnings"": true,\n        ""pxpm"": 2,\n        ""render"": false,\n        ""restart_instance"": false,\n        ""save_render"": false,\n        ""seed"": null,\n        ""show_radius"": false,\n        ""sight_radius"": 25,\n        ""sim_step"": 0.1,\n        ""teleport_time"": -1\n    },\n    ""simulator"": ""traci"",\n    ""veh"": [\n        {\n            ""acceleration_controller"": [\n                ""IDMController"",\n                {\n                    ""noise"": 0.2\n                }\n            ],\n            ""car_following_params"": {\n                ""controller_params"": {\n                    ""accel"": 1.0,\n                    ""carFollowModel"": ""IDM"",\n                    ""decel"": 1.5,\n                    ""impatience"": 0.5,\n                    ""maxSpeed"": 30,\n                    ""minGap"": 2.5,\n                    ""sigma"": 0.5,\n                    ""speedDev"": 0.1,\n                    ""speedFactor"": 1.0,\n                    ""tau"": 1.0\n                },\n                ""speed_mode"": 1\n            },\n            ""initial_speed"": 0,\n            ""lane_change_controller"": [\n                ""SimLaneChangeController"",\n                {}\n            ],\n            ""lane_change_params"": {\n                ""controller_params"": {\n                    ""laneChangeModel"": ""LC2013"",\n                    ""lcCooperative"": ""1.0"",\n                    ""lcKeepRight"": ""1.0"",\n                    ""lcSpeedGain"": ""1.0"",\n                    ""lcStrategic"": ""1.0""\n                },\n                ""lane_change_mode"": 512\n            },\n            ""num_vehicles"": 13,\n            ""routing_controller"": [\n                ""ContinuousRouter"",\n                {}\n            ],\n            ""veh_id"": ""human""\n        },\n        {\n            ""acceleration_controller"": [\n                ""RLController"",\n                {}\n            ],\n            ""car_following_params"": {\n                ""controller_params"": {\n                    ""accel"": 1.0,\n                    ""carFollowModel"": ""IDM"",\n                    ""decel"": 1.5,\n                    ""impatience"": 0.5,\n                    ""maxSpeed"": 30,\n                    ""minGap"": 2.5,\n                    ""sigma"": 0.5,\n                    ""speedDev"": 0.1,\n                    ""speedFactor"": 1.0,\n                    ""tau"": 1.0\n                },\n                ""speed_mode"": 1\n            },\n            ""initial_speed"": 0,\n            ""lane_change_controller"": [\n                ""SimLaneChangeController"",\n                {}\n            ],\n            ""lane_change_params"": {\n                ""controller_params"": {\n                    ""laneChangeModel"": ""LC2013"",\n                    ""lcCooperative"": ""1.0"",\n                    ""lcKeepRight"": ""1.0"",\n                    ""lcSpeedGain"": ""1.0"",\n                    ""lcStrategic"": ""1.0""\n                },\n                ""lane_change_mode"": 512\n            },\n            ""num_vehicles"": 1,\n            ""routing_controller"": [\n                ""ContinuousRouter"",\n                {}\n            ],\n            ""veh_id"": ""rl""\n        }\n    ]\n}'}, 'env': 'AccelEnv-v0', 'local_evaluator_tf_session_args': {'inter_op_parallelism_threads': 8, 'intra_op_parallelism_threads': 8}, 'model': {'free_log_std': False, 'custom_options': {}, 'framestack': True, 'channel_major': False, 'max_seq_len': 20, 'lstm_use_prev_action_reward': False, 'squash_to_range': False, 'dim': 84, 'grayscale': False, 'fcnet_hiddens': [100, 50, 25], 'use_lstm': False, 'custom_model': None, 'fcnet_activation': 'tanh', 'conv_filters': None, 'conv_activation': 'relu', 'lstm_cell_size': 256, 'zero_mean': True, 'custom_preprocessor': None}, 'output_compress_columns': ['obs', 'new_obs'], 'monitor': False, 'custom_resources_per_worker': {}, 'output_max_file_size': 67108864, 'num_workers': 1, 'clip_param': 0.3, 'kl_coeff': 0.2, 'multiagent': {'policy_graphs': {}, 'policy_mapping_fn': None, 'policies_to_train': None}, 'input_evaluation': None, 'output': None, 'collect_metrics_timeout': 180, 'num_cpus_per_worker': 1}",169.237.32.118,1,1359.3508771929824,9.546462059020996,"{'num_steps_sampled': 78400, 'load_time_ms': 1.261, 'default': {'kl': 0.04140039160847664, 'cur_lr': 0.0005000000237487257, 'total_loss': 0.5290464758872986, 'policy_loss': -0.0392695851624012, 'vf_explained_var': 0.9894399046897888, 'entropy': 1.2860907316207886, 'cur_kl_coeff': 0.16018067300319672, 'vf_loss': 0.5616845488548279}, 'sample_time_ms': 9533.026, 'grad_time_ms': 279.064, 'update_time_ms': 4.856, 'num_steps_trained': 78400}",335.87174192566016,2019-04-02_07-45-01,kronos,71,78400,0,493.38865876197815,{},78400,49,49,493.38865876197815,476.06490828174856,1600,1554191101,{},0b32d2eec3344b1fbde4822793b2e447,83.35802442090997
False,58,"{'input': 'sampler', 'callbacks': {'on_train_result': None, 'on_sample_end': None, 'on_episode_step': None, 'on_episode_start': None, 'on_episode_end': None}, 'sample_batch_size': 200, 'clip_actions': False, 'clip_rewards': None, 'tf_session_args': {'inter_op_parallelism_threads': 2, 'intra_op_parallelism_threads': 2, 'device_count': {'CPU': 1}, 'log_device_placement': False, 'allow_soft_placement': True, 'gpu_options': {'allow_growth': True}}, 'kl_target': 0.01, 'horizon': 1500, 'lr': 0.0005, 'sample_async': False, 'simple_optimizer': False, 'compress_observations': False, 'num_envs_per_worker': 1, 'gamma': 0.99, 'sgd_minibatch_size': 128, 'observation_filter': 'NoFilter', 'entropy_coeff': 0.0, 'batch_mode': 'truncate_episodes', 'straggler_mitigation': False, 'vf_share_layers': False, 'num_gpus': 0, 'synchronize_filters': True, 'num_sgd_iter': 10, 'train_batch_size': 1500, 'optimizer': {}, 'num_gpus_per_worker': 0, 'preprocessor_pref': 'deepmind', 'num_cpus_for_driver': 1, 'lr_schedule': None, 'use_gae': True, 'lambda': 0.97, 'vf_loss_coeff': 1.0, 'vf_clip_param': 1000000.0, 'log_level': 'INFO', 'env_config': {'run': 'PPO', 'flow_params': '{\n    ""env"": {\n        ""additional_params"": {\n            ""max_accel"": 3,\n            ""max_decel"": 3,\n            ""sort_vehicles"": false,\n            ""target_velocity"": 20\n        },\n        ""evaluate"": false,\n        ""horizon"": 1500,\n        ""sims_per_step"": 1,\n        ""warmup_steps"": 0\n    },\n    ""env_name"": ""AccelEnv"",\n    ""exp_tag"": ""figure_eight_0"",\n    ""initial"": {\n        ""additional_params"": {},\n        ""bunching"": 0,\n        ""edges_distribution"": ""all"",\n        ""lanes_distribution"": Infinity,\n        ""min_gap"": 0,\n        ""perturbation"": 0.0,\n        ""shuffle"": false,\n        ""spacing"": ""uniform"",\n        ""x0"": 0\n    },\n    ""net"": {\n        ""additional_params"": {\n            ""lanes"": 1,\n            ""radius_ring"": 30,\n            ""resolution"": 40,\n            ""speed_limit"": 30\n        },\n        ""inflows"": {\n            ""_InFlows__flows"": [],\n            ""num_flows"": 0\n        },\n        ""netfile"": null,\n        ""no_internal_links"": false,\n        ""osm_path"": null\n    },\n    ""scenario"": ""Figure8Scenario"",\n    ""sim"": {\n        ""emission_path"": null,\n        ""lateral_resolution"": null,\n        ""no_step_log"": true,\n        ""num_clients"": 1,\n        ""overtake_right"": false,\n        ""port"": null,\n        ""print_warnings"": true,\n        ""pxpm"": 2,\n        ""render"": false,\n        ""restart_instance"": false,\n        ""save_render"": false,\n        ""seed"": null,\n        ""show_radius"": false,\n        ""sight_radius"": 25,\n        ""sim_step"": 0.1,\n        ""teleport_time"": -1\n    },\n    ""simulator"": ""traci"",\n    ""veh"": [\n        {\n            ""acceleration_controller"": [\n                ""IDMController"",\n                {\n                    ""noise"": 0.2\n                }\n            ],\n            ""car_following_params"": {\n                ""controller_params"": {\n                    ""accel"": 1.0,\n                    ""carFollowModel"": ""IDM"",\n                    ""decel"": 1.5,\n                    ""impatience"": 0.5,\n                    ""maxSpeed"": 30,\n                    ""minGap"": 2.5,\n                    ""sigma"": 0.5,\n                    ""speedDev"": 0.1,\n                    ""speedFactor"": 1.0,\n                    ""tau"": 1.0\n                },\n                ""speed_mode"": 1\n            },\n            ""initial_speed"": 0,\n            ""lane_change_controller"": [\n                ""SimLaneChangeController"",\n                {}\n            ],\n            ""lane_change_params"": {\n                ""controller_params"": {\n                    ""laneChangeModel"": ""LC2013"",\n                    ""lcCooperative"": ""1.0"",\n                    ""lcKeepRight"": ""1.0"",\n                    ""lcSpeedGain"": ""1.0"",\n                    ""lcStrategic"": ""1.0""\n                },\n                ""lane_change_mode"": 512\n            },\n            ""num_vehicles"": 13,\n            ""routing_controller"": [\n                ""ContinuousRouter"",\n                {}\n            ],\n            ""veh_id"": ""human""\n        },\n        {\n            ""acceleration_controller"": [\n                ""RLController"",\n                {}\n            ],\n            ""car_following_params"": {\n                ""controller_params"": {\n                    ""accel"": 1.0,\n                    ""carFollowModel"": ""IDM"",\n                    ""decel"": 1.5,\n                    ""impatience"": 0.5,\n                    ""maxSpeed"": 30,\n                    ""minGap"": 2.5,\n                    ""sigma"": 0.5,\n                    ""speedDev"": 0.1,\n                    ""speedFactor"": 1.0,\n                    ""tau"": 1.0\n                },\n                ""speed_mode"": 1\n            },\n            ""initial_speed"": 0,\n            ""lane_change_controller"": [\n                ""SimLaneChangeController"",\n                {}\n            ],\n            ""lane_change_params"": {\n                ""controller_params"": {\n                    ""laneChangeModel"": ""LC2013"",\n                    ""lcCooperative"": ""1.0"",\n                    ""lcKeepRight"": ""1.0"",\n                    ""lcSpeedGain"": ""1.0"",\n                    ""lcStrategic"": ""1.0""\n                },\n                ""lane_change_mode"": 512\n            },\n            ""num_vehicles"": 1,\n            ""routing_controller"": [\n                ""ContinuousRouter"",\n                {}\n            ],\n            ""veh_id"": ""rl""\n        }\n    ]\n}'}, 'env': 'AccelEnv-v0', 'local_evaluator_tf_session_args': {'inter_op_parallelism_threads': 8, 'intra_op_parallelism_threads': 8}, 'model': {'free_log_std': False, 'custom_options': {}, 'framestack': True, 'channel_major': False, 'max_seq_len': 20, 'lstm_use_prev_action_reward': False, 'squash_to_range': False, 'dim': 84, 'grayscale': False, 'fcnet_hiddens': [100, 50, 25], 'use_lstm': False, 'custom_model': None, 'fcnet_activation': 'tanh', 'conv_filters': None, 'conv_activation': 'relu', 'lstm_cell_size': 256, 'zero_mean': True, 'custom_preprocessor': None}, 'output_compress_columns': ['obs', 'new_obs'], 'monitor': False, 'custom_resources_per_worker': {}, 'output_max_file_size': 67108864, 'num_workers': 1, 'clip_param': 0.3, 'kl_coeff': 0.2, 'multiagent': {'policy_graphs': {}, 'policy_mapping_fn': None, 'policies_to_train': None}, 'input_evaluation': None, 'output': None, 'collect_metrics_timeout': 180, 'num_cpus_per_worker': 1}",169.237.32.118,1,1361.7758620689656,10.010173082351685,"{'num_steps_sampled': 80000, 'load_time_ms': 1.259, 'default': {'kl': 0.009566218592226505, 'cur_lr': 0.0005000000237487257, 'total_loss': 3.7057926654815674, 'policy_loss': 0.004791237413883209, 'vf_explained_var': 0.9283973574638367, 'entropy': 1.3757072687149048, 'cur_kl_coeff': 0.24027103185653687, 'vf_loss': 3.6987030506134033}, 'sample_time_ms': 9570.35, 'grad_time_ms': 278.334, 'update_time_ms': 4.904, 'num_steps_trained': 80000}",337.24198468081283,2019-04-02_07-45-11,kronos,71,80000,0,503.39883184432983,{},80000,50,50,503.39883184432983,476.06490828174856,1600,1554191111,{},0b32d2eec3344b1fbde4822793b2e447,83.35802442090997
False,59,"{'input': 'sampler', 'callbacks': {'on_train_result': None, 'on_sample_end': None, 'on_episode_step': None, 'on_episode_start': None, 'on_episode_end': None}, 'sample_batch_size': 200, 'clip_actions': False, 'clip_rewards': None, 'tf_session_args': {'inter_op_parallelism_threads': 2, 'intra_op_parallelism_threads': 2, 'device_count': {'CPU': 1}, 'log_device_placement': False, 'allow_soft_placement': True, 'gpu_options': {'allow_growth': True}}, 'kl_target': 0.01, 'horizon': 1500, 'lr': 0.0005, 'sample_async': False, 'simple_optimizer': False, 'compress_observations': False, 'num_envs_per_worker': 1, 'gamma': 0.99, 'sgd_minibatch_size': 128, 'observation_filter': 'NoFilter', 'entropy_coeff': 0.0, 'batch_mode': 'truncate_episodes', 'straggler_mitigation': False, 'vf_share_layers': False, 'num_gpus': 0, 'synchronize_filters': True, 'num_sgd_iter': 10, 'train_batch_size': 1500, 'optimizer': {}, 'num_gpus_per_worker': 0, 'preprocessor_pref': 'deepmind', 'num_cpus_for_driver': 1, 'lr_schedule': None, 'use_gae': True, 'lambda': 0.97, 'vf_loss_coeff': 1.0, 'vf_clip_param': 1000000.0, 'log_level': 'INFO', 'env_config': {'run': 'PPO', 'flow_params': '{\n    ""env"": {\n        ""additional_params"": {\n            ""max_accel"": 3,\n            ""max_decel"": 3,\n            ""sort_vehicles"": false,\n            ""target_velocity"": 20\n        },\n        ""evaluate"": false,\n        ""horizon"": 1500,\n        ""sims_per_step"": 1,\n        ""warmup_steps"": 0\n    },\n    ""env_name"": ""AccelEnv"",\n    ""exp_tag"": ""figure_eight_0"",\n    ""initial"": {\n        ""additional_params"": {},\n        ""bunching"": 0,\n        ""edges_distribution"": ""all"",\n        ""lanes_distribution"": Infinity,\n        ""min_gap"": 0,\n        ""perturbation"": 0.0,\n        ""shuffle"": false,\n        ""spacing"": ""uniform"",\n        ""x0"": 0\n    },\n    ""net"": {\n        ""additional_params"": {\n            ""lanes"": 1,\n            ""radius_ring"": 30,\n            ""resolution"": 40,\n            ""speed_limit"": 30\n        },\n        ""inflows"": {\n            ""_InFlows__flows"": [],\n            ""num_flows"": 0\n        },\n        ""netfile"": null,\n        ""no_internal_links"": false,\n        ""osm_path"": null\n    },\n    ""scenario"": ""Figure8Scenario"",\n    ""sim"": {\n        ""emission_path"": null,\n        ""lateral_resolution"": null,\n        ""no_step_log"": true,\n        ""num_clients"": 1,\n        ""overtake_right"": false,\n        ""port"": null,\n        ""print_warnings"": true,\n        ""pxpm"": 2,\n        ""render"": false,\n        ""restart_instance"": false,\n        ""save_render"": false,\n        ""seed"": null,\n        ""show_radius"": false,\n        ""sight_radius"": 25,\n        ""sim_step"": 0.1,\n        ""teleport_time"": -1\n    },\n    ""simulator"": ""traci"",\n    ""veh"": [\n        {\n            ""acceleration_controller"": [\n                ""IDMController"",\n                {\n                    ""noise"": 0.2\n                }\n            ],\n            ""car_following_params"": {\n                ""controller_params"": {\n                    ""accel"": 1.0,\n                    ""carFollowModel"": ""IDM"",\n                    ""decel"": 1.5,\n                    ""impatience"": 0.5,\n                    ""maxSpeed"": 30,\n                    ""minGap"": 2.5,\n                    ""sigma"": 0.5,\n                    ""speedDev"": 0.1,\n                    ""speedFactor"": 1.0,\n                    ""tau"": 1.0\n                },\n                ""speed_mode"": 1\n            },\n            ""initial_speed"": 0,\n            ""lane_change_controller"": [\n                ""SimLaneChangeController"",\n                {}\n            ],\n            ""lane_change_params"": {\n                ""controller_params"": {\n                    ""laneChangeModel"": ""LC2013"",\n                    ""lcCooperative"": ""1.0"",\n                    ""lcKeepRight"": ""1.0"",\n                    ""lcSpeedGain"": ""1.0"",\n                    ""lcStrategic"": ""1.0""\n                },\n                ""lane_change_mode"": 512\n            },\n            ""num_vehicles"": 13,\n            ""routing_controller"": [\n                ""ContinuousRouter"",\n                {}\n            ],\n            ""veh_id"": ""human""\n        },\n        {\n            ""acceleration_controller"": [\n                ""RLController"",\n                {}\n            ],\n            ""car_following_params"": {\n                ""controller_params"": {\n                    ""accel"": 1.0,\n                    ""carFollowModel"": ""IDM"",\n                    ""decel"": 1.5,\n                    ""impatience"": 0.5,\n                    ""maxSpeed"": 30,\n                    ""minGap"": 2.5,\n                    ""sigma"": 0.5,\n                    ""speedDev"": 0.1,\n                    ""speedFactor"": 1.0,\n                    ""tau"": 1.0\n                },\n                ""speed_mode"": 1\n            },\n            ""initial_speed"": 0,\n            ""lane_change_controller"": [\n                ""SimLaneChangeController"",\n                {}\n            ],\n            ""lane_change_params"": {\n                ""controller_params"": {\n                    ""laneChangeModel"": ""LC2013"",\n                    ""lcCooperative"": ""1.0"",\n                    ""lcKeepRight"": ""1.0"",\n                    ""lcSpeedGain"": ""1.0"",\n                    ""lcStrategic"": ""1.0""\n                },\n                ""lane_change_mode"": 512\n            },\n            ""num_vehicles"": 1,\n            ""routing_controller"": [\n                ""ContinuousRouter"",\n                {}\n            ],\n            ""veh_id"": ""rl""\n        }\n    ]\n}'}, 'env': 'AccelEnv-v0', 'local_evaluator_tf_session_args': {'inter_op_parallelism_threads': 8, 'intra_op_parallelism_threads': 8}, 'model': {'free_log_std': False, 'custom_options': {}, 'framestack': True, 'channel_major': False, 'max_seq_len': 20, 'lstm_use_prev_action_reward': False, 'squash_to_range': False, 'dim': 84, 'grayscale': False, 'fcnet_hiddens': [100, 50, 25], 'use_lstm': False, 'custom_model': None, 'fcnet_activation': 'tanh', 'conv_filters': None, 'conv_activation': 'relu', 'lstm_cell_size': 256, 'zero_mean': True, 'custom_preprocessor': None}, 'output_compress_columns': ['obs', 'new_obs'], 'monitor': False, 'custom_resources_per_worker': {}, 'output_max_file_size': 67108864, 'num_workers': 1, 'clip_param': 0.3, 'kl_coeff': 0.2, 'multiagent': {'policy_graphs': {}, 'policy_mapping_fn': None, 'policies_to_train': None}, 'input_evaluation': None, 'output': None, 'collect_metrics_timeout': 180, 'num_cpus_per_worker': 1}",169.237.32.118,1,1364.1186440677966,9.947620391845703,"{'num_steps_sampled': 81600, 'load_time_ms': 1.252, 'default': {'kl': 0.02098762057721615, 'cur_lr': 0.0005000000237487257, 'total_loss': 1.1134065389633179, 'policy_loss': -0.02537873201072216, 'vf_explained_var': 0.9852919578552246, 'entropy': 1.4136780500411987, 'cur_kl_coeff': 0.24027103185653687, 'vf_loss': 1.1337424516677856}, 'sample_time_ms': 9583.891, 'grad_time_ms': 276.386, 'update_time_ms': 4.812, 'num_steps_trained': 81600}",338.5014493314425,2019-04-02_07-45-21,kronos,71,81600,0,513.3464522361755,{},81600,51,51,513.3464522361755,476.06490828174856,1600,1554191121,{},0b32d2eec3344b1fbde4822793b2e447,83.35802442090997
False,61,"{'input': 'sampler', 'callbacks': {'on_train_result': None, 'on_sample_end': None, 'on_episode_step': None, 'on_episode_start': None, 'on_episode_end': None}, 'sample_batch_size': 200, 'clip_actions': False, 'clip_rewards': None, 'tf_session_args': {'inter_op_parallelism_threads': 2, 'intra_op_parallelism_threads': 2, 'device_count': {'CPU': 1}, 'log_device_placement': False, 'allow_soft_placement': True, 'gpu_options': {'allow_growth': True}}, 'kl_target': 0.01, 'horizon': 1500, 'lr': 0.0005, 'sample_async': False, 'simple_optimizer': False, 'compress_observations': False, 'num_envs_per_worker': 1, 'gamma': 0.99, 'sgd_minibatch_size': 128, 'observation_filter': 'NoFilter', 'entropy_coeff': 0.0, 'batch_mode': 'truncate_episodes', 'straggler_mitigation': False, 'vf_share_layers': False, 'num_gpus': 0, 'synchronize_filters': True, 'num_sgd_iter': 10, 'train_batch_size': 1500, 'optimizer': {}, 'num_gpus_per_worker': 0, 'preprocessor_pref': 'deepmind', 'num_cpus_for_driver': 1, 'lr_schedule': None, 'use_gae': True, 'lambda': 0.97, 'vf_loss_coeff': 1.0, 'vf_clip_param': 1000000.0, 'log_level': 'INFO', 'env_config': {'run': 'PPO', 'flow_params': '{\n    ""env"": {\n        ""additional_params"": {\n            ""max_accel"": 3,\n            ""max_decel"": 3,\n            ""sort_vehicles"": false,\n            ""target_velocity"": 20\n        },\n        ""evaluate"": false,\n        ""horizon"": 1500,\n        ""sims_per_step"": 1,\n        ""warmup_steps"": 0\n    },\n    ""env_name"": ""AccelEnv"",\n    ""exp_tag"": ""figure_eight_0"",\n    ""initial"": {\n        ""additional_params"": {},\n        ""bunching"": 0,\n        ""edges_distribution"": ""all"",\n        ""lanes_distribution"": Infinity,\n        ""min_gap"": 0,\n        ""perturbation"": 0.0,\n        ""shuffle"": false,\n        ""spacing"": ""uniform"",\n        ""x0"": 0\n    },\n    ""net"": {\n        ""additional_params"": {\n            ""lanes"": 1,\n            ""radius_ring"": 30,\n            ""resolution"": 40,\n            ""speed_limit"": 30\n        },\n        ""inflows"": {\n            ""_InFlows__flows"": [],\n            ""num_flows"": 0\n        },\n        ""netfile"": null,\n        ""no_internal_links"": false,\n        ""osm_path"": null\n    },\n    ""scenario"": ""Figure8Scenario"",\n    ""sim"": {\n        ""emission_path"": null,\n        ""lateral_resolution"": null,\n        ""no_step_log"": true,\n        ""num_clients"": 1,\n        ""overtake_right"": false,\n        ""port"": null,\n        ""print_warnings"": true,\n        ""pxpm"": 2,\n        ""render"": false,\n        ""restart_instance"": false,\n        ""save_render"": false,\n        ""seed"": null,\n        ""show_radius"": false,\n        ""sight_radius"": 25,\n        ""sim_step"": 0.1,\n        ""teleport_time"": -1\n    },\n    ""simulator"": ""traci"",\n    ""veh"": [\n        {\n            ""acceleration_controller"": [\n                ""IDMController"",\n                {\n                    ""noise"": 0.2\n                }\n            ],\n            ""car_following_params"": {\n                ""controller_params"": {\n                    ""accel"": 1.0,\n                    ""carFollowModel"": ""IDM"",\n                    ""decel"": 1.5,\n                    ""impatience"": 0.5,\n                    ""maxSpeed"": 30,\n                    ""minGap"": 2.5,\n                    ""sigma"": 0.5,\n                    ""speedDev"": 0.1,\n                    ""speedFactor"": 1.0,\n                    ""tau"": 1.0\n                },\n                ""speed_mode"": 1\n            },\n            ""initial_speed"": 0,\n            ""lane_change_controller"": [\n                ""SimLaneChangeController"",\n                {}\n            ],\n            ""lane_change_params"": {\n                ""controller_params"": {\n                    ""laneChangeModel"": ""LC2013"",\n                    ""lcCooperative"": ""1.0"",\n                    ""lcKeepRight"": ""1.0"",\n                    ""lcSpeedGain"": ""1.0"",\n                    ""lcStrategic"": ""1.0""\n                },\n                ""lane_change_mode"": 512\n            },\n            ""num_vehicles"": 13,\n            ""routing_controller"": [\n                ""ContinuousRouter"",\n                {}\n            ],\n            ""veh_id"": ""human""\n        },\n        {\n            ""acceleration_controller"": [\n                ""RLController"",\n                {}\n            ],\n            ""car_following_params"": {\n                ""controller_params"": {\n                    ""accel"": 1.0,\n                    ""carFollowModel"": ""IDM"",\n                    ""decel"": 1.5,\n                    ""impatience"": 0.5,\n                    ""maxSpeed"": 30,\n                    ""minGap"": 2.5,\n                    ""sigma"": 0.5,\n                    ""speedDev"": 0.1,\n                    ""speedFactor"": 1.0,\n                    ""tau"": 1.0\n                },\n                ""speed_mode"": 1\n            },\n            ""initial_speed"": 0,\n            ""lane_change_controller"": [\n                ""SimLaneChangeController"",\n                {}\n            ],\n            ""lane_change_params"": {\n                ""controller_params"": {\n                    ""laneChangeModel"": ""LC2013"",\n                    ""lcCooperative"": ""1.0"",\n                    ""lcKeepRight"": ""1.0"",\n                    ""lcSpeedGain"": ""1.0"",\n                    ""lcStrategic"": ""1.0""\n                },\n                ""lane_change_mode"": 512\n            },\n            ""num_vehicles"": 1,\n            ""routing_controller"": [\n                ""ContinuousRouter"",\n                {}\n            ],\n            ""veh_id"": ""rl""\n        }\n    ]\n}'}, 'env': 'AccelEnv-v0', 'local_evaluator_tf_session_args': {'inter_op_parallelism_threads': 8, 'intra_op_parallelism_threads': 8}, 'model': {'free_log_std': False, 'custom_options': {}, 'framestack': True, 'channel_major': False, 'max_seq_len': 20, 'lstm_use_prev_action_reward': False, 'squash_to_range': False, 'dim': 84, 'grayscale': False, 'fcnet_hiddens': [100, 50, 25], 'use_lstm': False, 'custom_model': None, 'fcnet_activation': 'tanh', 'conv_filters': None, 'conv_activation': 'relu', 'lstm_cell_size': 256, 'zero_mean': True, 'custom_preprocessor': None}, 'output_compress_columns': ['obs', 'new_obs'], 'monitor': False, 'custom_resources_per_worker': {}, 'output_max_file_size': 67108864, 'num_workers': 1, 'clip_param': 0.3, 'kl_coeff': 0.2, 'multiagent': {'policy_graphs': {}, 'policy_mapping_fn': None, 'policies_to_train': None}, 'input_evaluation': None, 'output': None, 'collect_metrics_timeout': 180, 'num_cpus_per_worker': 1}",169.237.32.118,2,1355.2295081967213,9.747684001922607,"{'num_steps_sampled': 83200, 'load_time_ms': 1.221, 'default': {'kl': 0.02370171807706356, 'cur_lr': 0.0005000000237487257, 'total_loss': 0.7680308818817139, 'policy_loss': -0.02439533732831478, 'vf_explained_var': 0.9886786341667175, 'entropy': 1.2905316352844238, 'cur_kl_coeff': 0.3604064881801605, 'vf_loss': 0.7838840484619141}, 'sample_time_ms': 9600.018, 'grad_time_ms': 276.186, 'update_time_ms': 4.804, 'num_steps_trained': 83200}",337.041803291543,2019-04-02_07-45-31,kronos,71,83200,0,523.0941362380981,{},83200,52,52,523.0941362380981,476.06490828174856,1600,1554191131,{},0b32d2eec3344b1fbde4822793b2e447,83.35802442090997
False,62,"{'input': 'sampler', 'callbacks': {'on_train_result': None, 'on_sample_end': None, 'on_episode_step': None, 'on_episode_start': None, 'on_episode_end': None}, 'sample_batch_size': 200, 'clip_actions': False, 'clip_rewards': None, 'tf_session_args': {'inter_op_parallelism_threads': 2, 'intra_op_parallelism_threads': 2, 'device_count': {'CPU': 1}, 'log_device_placement': False, 'allow_soft_placement': True, 'gpu_options': {'allow_growth': True}}, 'kl_target': 0.01, 'horizon': 1500, 'lr': 0.0005, 'sample_async': False, 'simple_optimizer': False, 'compress_observations': False, 'num_envs_per_worker': 1, 'gamma': 0.99, 'sgd_minibatch_size': 128, 'observation_filter': 'NoFilter', 'entropy_coeff': 0.0, 'batch_mode': 'truncate_episodes', 'straggler_mitigation': False, 'vf_share_layers': False, 'num_gpus': 0, 'synchronize_filters': True, 'num_sgd_iter': 10, 'train_batch_size': 1500, 'optimizer': {}, 'num_gpus_per_worker': 0, 'preprocessor_pref': 'deepmind', 'num_cpus_for_driver': 1, 'lr_schedule': None, 'use_gae': True, 'lambda': 0.97, 'vf_loss_coeff': 1.0, 'vf_clip_param': 1000000.0, 'log_level': 'INFO', 'env_config': {'run': 'PPO', 'flow_params': '{\n    ""env"": {\n        ""additional_params"": {\n            ""max_accel"": 3,\n            ""max_decel"": 3,\n            ""sort_vehicles"": false,\n            ""target_velocity"": 20\n        },\n        ""evaluate"": false,\n        ""horizon"": 1500,\n        ""sims_per_step"": 1,\n        ""warmup_steps"": 0\n    },\n    ""env_name"": ""AccelEnv"",\n    ""exp_tag"": ""figure_eight_0"",\n    ""initial"": {\n        ""additional_params"": {},\n        ""bunching"": 0,\n        ""edges_distribution"": ""all"",\n        ""lanes_distribution"": Infinity,\n        ""min_gap"": 0,\n        ""perturbation"": 0.0,\n        ""shuffle"": false,\n        ""spacing"": ""uniform"",\n        ""x0"": 0\n    },\n    ""net"": {\n        ""additional_params"": {\n            ""lanes"": 1,\n            ""radius_ring"": 30,\n            ""resolution"": 40,\n            ""speed_limit"": 30\n        },\n        ""inflows"": {\n            ""_InFlows__flows"": [],\n            ""num_flows"": 0\n        },\n        ""netfile"": null,\n        ""no_internal_links"": false,\n        ""osm_path"": null\n    },\n    ""scenario"": ""Figure8Scenario"",\n    ""sim"": {\n        ""emission_path"": null,\n        ""lateral_resolution"": null,\n        ""no_step_log"": true,\n        ""num_clients"": 1,\n        ""overtake_right"": false,\n        ""port"": null,\n        ""print_warnings"": true,\n        ""pxpm"": 2,\n        ""render"": false,\n        ""restart_instance"": false,\n        ""save_render"": false,\n        ""seed"": null,\n        ""show_radius"": false,\n        ""sight_radius"": 25,\n        ""sim_step"": 0.1,\n        ""teleport_time"": -1\n    },\n    ""simulator"": ""traci"",\n    ""veh"": [\n        {\n            ""acceleration_controller"": [\n                ""IDMController"",\n                {\n                    ""noise"": 0.2\n                }\n            ],\n            ""car_following_params"": {\n                ""controller_params"": {\n                    ""accel"": 1.0,\n                    ""carFollowModel"": ""IDM"",\n                    ""decel"": 1.5,\n                    ""impatience"": 0.5,\n                    ""maxSpeed"": 30,\n                    ""minGap"": 2.5,\n                    ""sigma"": 0.5,\n                    ""speedDev"": 0.1,\n                    ""speedFactor"": 1.0,\n                    ""tau"": 1.0\n                },\n                ""speed_mode"": 1\n            },\n            ""initial_speed"": 0,\n            ""lane_change_controller"": [\n                ""SimLaneChangeController"",\n                {}\n            ],\n            ""lane_change_params"": {\n                ""controller_params"": {\n                    ""laneChangeModel"": ""LC2013"",\n                    ""lcCooperative"": ""1.0"",\n                    ""lcKeepRight"": ""1.0"",\n                    ""lcSpeedGain"": ""1.0"",\n                    ""lcStrategic"": ""1.0""\n                },\n                ""lane_change_mode"": 512\n            },\n            ""num_vehicles"": 13,\n            ""routing_controller"": [\n                ""ContinuousRouter"",\n                {}\n            ],\n            ""veh_id"": ""human""\n        },\n        {\n            ""acceleration_controller"": [\n                ""RLController"",\n                {}\n            ],\n            ""car_following_params"": {\n                ""controller_params"": {\n                    ""accel"": 1.0,\n                    ""carFollowModel"": ""IDM"",\n                    ""decel"": 1.5,\n                    ""impatience"": 0.5,\n                    ""maxSpeed"": 30,\n                    ""minGap"": 2.5,\n                    ""sigma"": 0.5,\n                    ""speedDev"": 0.1,\n                    ""speedFactor"": 1.0,\n                    ""tau"": 1.0\n                },\n                ""speed_mode"": 1\n            },\n            ""initial_speed"": 0,\n            ""lane_change_controller"": [\n                ""SimLaneChangeController"",\n                {}\n            ],\n            ""lane_change_params"": {\n                ""controller_params"": {\n                    ""laneChangeModel"": ""LC2013"",\n                    ""lcCooperative"": ""1.0"",\n                    ""lcKeepRight"": ""1.0"",\n                    ""lcSpeedGain"": ""1.0"",\n                    ""lcStrategic"": ""1.0""\n                },\n                ""lane_change_mode"": 512\n            },\n            ""num_vehicles"": 1,\n            ""routing_controller"": [\n                ""ContinuousRouter"",\n                {}\n            ],\n            ""veh_id"": ""rl""\n        }\n    ]\n}'}, 'env': 'AccelEnv-v0', 'local_evaluator_tf_session_args': {'inter_op_parallelism_threads': 8, 'intra_op_parallelism_threads': 8}, 'model': {'free_log_std': False, 'custom_options': {}, 'framestack': True, 'channel_major': False, 'max_seq_len': 20, 'lstm_use_prev_action_reward': False, 'squash_to_range': False, 'dim': 84, 'grayscale': False, 'fcnet_hiddens': [100, 50, 25], 'use_lstm': False, 'custom_model': None, 'fcnet_activation': 'tanh', 'conv_filters': None, 'conv_activation': 'relu', 'lstm_cell_size': 256, 'zero_mean': True, 'custom_preprocessor': None}, 'output_compress_columns': ['obs', 'new_obs'], 'monitor': False, 'custom_resources_per_worker': {}, 'output_max_file_size': 67108864, 'num_workers': 1, 'clip_param': 0.3, 'kl_coeff': 0.2, 'multiagent': {'policy_graphs': {}, 'policy_mapping_fn': None, 'policies_to_train': None}, 'input_evaluation': None, 'output': None, 'collect_metrics_timeout': 180, 'num_cpus_per_worker': 1}",169.237.32.118,1,1357.5645161290322,9.824928522109985,"{'num_steps_sampled': 84800, 'load_time_ms': 1.199, 'default': {'kl': 0.011560924351215363, 'cur_lr': 0.0005000000237487257, 'total_loss': 1.5734225511550903, 'policy_loss': -0.015756960958242416, 'vf_explained_var': 0.9719231128692627, 'entropy': 1.179785132408142, 'cur_kl_coeff': 0.5406097769737244, 'vf_loss': 1.5829297304153442}, 'sample_time_ms': 9594.576, 'grad_time_ms': 277.098, 'update_time_ms': 5.057, 'num_steps_trained': 84800}",338.26734802141897,2019-04-02_07-45-41,kronos,71,84800,0,532.9190647602081,{},84800,53,53,532.9190647602081,476.06490828174856,1600,1554191141,{},0b32d2eec3344b1fbde4822793b2e447,83.35802442090997
False,63,"{'input': 'sampler', 'callbacks': {'on_train_result': None, 'on_sample_end': None, 'on_episode_step': None, 'on_episode_start': None, 'on_episode_end': None}, 'sample_batch_size': 200, 'clip_actions': False, 'clip_rewards': None, 'tf_session_args': {'inter_op_parallelism_threads': 2, 'intra_op_parallelism_threads': 2, 'device_count': {'CPU': 1}, 'log_device_placement': False, 'allow_soft_placement': True, 'gpu_options': {'allow_growth': True}}, 'kl_target': 0.01, 'horizon': 1500, 'lr': 0.0005, 'sample_async': False, 'simple_optimizer': False, 'compress_observations': False, 'num_envs_per_worker': 1, 'gamma': 0.99, 'sgd_minibatch_size': 128, 'observation_filter': 'NoFilter', 'entropy_coeff': 0.0, 'batch_mode': 'truncate_episodes', 'straggler_mitigation': False, 'vf_share_layers': False, 'num_gpus': 0, 'synchronize_filters': True, 'num_sgd_iter': 10, 'train_batch_size': 1500, 'optimizer': {}, 'num_gpus_per_worker': 0, 'preprocessor_pref': 'deepmind', 'num_cpus_for_driver': 1, 'lr_schedule': None, 'use_gae': True, 'lambda': 0.97, 'vf_loss_coeff': 1.0, 'vf_clip_param': 1000000.0, 'log_level': 'INFO', 'env_config': {'run': 'PPO', 'flow_params': '{\n    ""env"": {\n        ""additional_params"": {\n            ""max_accel"": 3,\n            ""max_decel"": 3,\n            ""sort_vehicles"": false,\n            ""target_velocity"": 20\n        },\n        ""evaluate"": false,\n        ""horizon"": 1500,\n        ""sims_per_step"": 1,\n        ""warmup_steps"": 0\n    },\n    ""env_name"": ""AccelEnv"",\n    ""exp_tag"": ""figure_eight_0"",\n    ""initial"": {\n        ""additional_params"": {},\n        ""bunching"": 0,\n        ""edges_distribution"": ""all"",\n        ""lanes_distribution"": Infinity,\n        ""min_gap"": 0,\n        ""perturbation"": 0.0,\n        ""shuffle"": false,\n        ""spacing"": ""uniform"",\n        ""x0"": 0\n    },\n    ""net"": {\n        ""additional_params"": {\n            ""lanes"": 1,\n            ""radius_ring"": 30,\n            ""resolution"": 40,\n            ""speed_limit"": 30\n        },\n        ""inflows"": {\n            ""_InFlows__flows"": [],\n            ""num_flows"": 0\n        },\n        ""netfile"": null,\n        ""no_internal_links"": false,\n        ""osm_path"": null\n    },\n    ""scenario"": ""Figure8Scenario"",\n    ""sim"": {\n        ""emission_path"": null,\n        ""lateral_resolution"": null,\n        ""no_step_log"": true,\n        ""num_clients"": 1,\n        ""overtake_right"": false,\n        ""port"": null,\n        ""print_warnings"": true,\n        ""pxpm"": 2,\n        ""render"": false,\n        ""restart_instance"": false,\n        ""save_render"": false,\n        ""seed"": null,\n        ""show_radius"": false,\n        ""sight_radius"": 25,\n        ""sim_step"": 0.1,\n        ""teleport_time"": -1\n    },\n    ""simulator"": ""traci"",\n    ""veh"": [\n        {\n            ""acceleration_controller"": [\n                ""IDMController"",\n                {\n                    ""noise"": 0.2\n                }\n            ],\n            ""car_following_params"": {\n                ""controller_params"": {\n                    ""accel"": 1.0,\n                    ""carFollowModel"": ""IDM"",\n                    ""decel"": 1.5,\n                    ""impatience"": 0.5,\n                    ""maxSpeed"": 30,\n                    ""minGap"": 2.5,\n                    ""sigma"": 0.5,\n                    ""speedDev"": 0.1,\n                    ""speedFactor"": 1.0,\n                    ""tau"": 1.0\n                },\n                ""speed_mode"": 1\n            },\n            ""initial_speed"": 0,\n            ""lane_change_controller"": [\n                ""SimLaneChangeController"",\n                {}\n            ],\n            ""lane_change_params"": {\n                ""controller_params"": {\n                    ""laneChangeModel"": ""LC2013"",\n                    ""lcCooperative"": ""1.0"",\n                    ""lcKeepRight"": ""1.0"",\n                    ""lcSpeedGain"": ""1.0"",\n                    ""lcStrategic"": ""1.0""\n                },\n                ""lane_change_mode"": 512\n            },\n            ""num_vehicles"": 13,\n            ""routing_controller"": [\n                ""ContinuousRouter"",\n                {}\n            ],\n            ""veh_id"": ""human""\n        },\n        {\n            ""acceleration_controller"": [\n                ""RLController"",\n                {}\n            ],\n            ""car_following_params"": {\n                ""controller_params"": {\n                    ""accel"": 1.0,\n                    ""carFollowModel"": ""IDM"",\n                    ""decel"": 1.5,\n                    ""impatience"": 0.5,\n                    ""maxSpeed"": 30,\n                    ""minGap"": 2.5,\n                    ""sigma"": 0.5,\n                    ""speedDev"": 0.1,\n                    ""speedFactor"": 1.0,\n                    ""tau"": 1.0\n                },\n                ""speed_mode"": 1\n            },\n            ""initial_speed"": 0,\n            ""lane_change_controller"": [\n                ""SimLaneChangeController"",\n                {}\n            ],\n            ""lane_change_params"": {\n                ""controller_params"": {\n                    ""laneChangeModel"": ""LC2013"",\n                    ""lcCooperative"": ""1.0"",\n                    ""lcKeepRight"": ""1.0"",\n                    ""lcSpeedGain"": ""1.0"",\n                    ""lcStrategic"": ""1.0""\n                },\n                ""lane_change_mode"": 512\n            },\n            ""num_vehicles"": 1,\n            ""routing_controller"": [\n                ""ContinuousRouter"",\n                {}\n            ],\n            ""veh_id"": ""rl""\n        }\n    ]\n}'}, 'env': 'AccelEnv-v0', 'local_evaluator_tf_session_args': {'inter_op_parallelism_threads': 8, 'intra_op_parallelism_threads': 8}, 'model': {'free_log_std': False, 'custom_options': {}, 'framestack': True, 'channel_major': False, 'max_seq_len': 20, 'lstm_use_prev_action_reward': False, 'squash_to_range': False, 'dim': 84, 'grayscale': False, 'fcnet_hiddens': [100, 50, 25], 'use_lstm': False, 'custom_model': None, 'fcnet_activation': 'tanh', 'conv_filters': None, 'conv_activation': 'relu', 'lstm_cell_size': 256, 'zero_mean': True, 'custom_preprocessor': None}, 'output_compress_columns': ['obs', 'new_obs'], 'monitor': False, 'custom_resources_per_worker': {}, 'output_max_file_size': 67108864, 'num_workers': 1, 'clip_param': 0.3, 'kl_coeff': 0.2, 'multiagent': {'policy_graphs': {}, 'policy_mapping_fn': None, 'policies_to_train': None}, 'input_evaluation': None, 'output': None, 'collect_metrics_timeout': 180, 'num_cpus_per_worker': 1}",169.237.32.118,1,1359.8253968253969,9.926822423934937,"{'num_steps_sampled': 86400, 'load_time_ms': 1.198, 'default': {'kl': 0.0059620835818350315, 'cur_lr': 0.0005000000237487257, 'total_loss': 2.5813019275665283, 'policy_loss': -0.006910819094628096, 'vf_explained_var': 0.9442873597145081, 'entropy': 1.2270851135253906, 'cur_kl_coeff': 0.5406097769737244, 'vf_loss': 2.5849897861480713}, 'sample_time_ms': 9593.966, 'grad_time_ms': 277.865, 'update_time_ms': 4.879, 'num_steps_trained': 86400}",340.04388892215513,2019-04-02_07-45-51,kronos,71,86400,0,542.8458871841431,{},86400,54,54,542.8458871841431,476.06490828174856,1600,1554191151,{},0b32d2eec3344b1fbde4822793b2e447,83.35802442090997
False,64,"{'input': 'sampler', 'callbacks': {'on_train_result': None, 'on_sample_end': None, 'on_episode_step': None, 'on_episode_start': None, 'on_episode_end': None}, 'sample_batch_size': 200, 'clip_actions': False, 'clip_rewards': None, 'tf_session_args': {'inter_op_parallelism_threads': 2, 'intra_op_parallelism_threads': 2, 'device_count': {'CPU': 1}, 'log_device_placement': False, 'allow_soft_placement': True, 'gpu_options': {'allow_growth': True}}, 'kl_target': 0.01, 'horizon': 1500, 'lr': 0.0005, 'sample_async': False, 'simple_optimizer': False, 'compress_observations': False, 'num_envs_per_worker': 1, 'gamma': 0.99, 'sgd_minibatch_size': 128, 'observation_filter': 'NoFilter', 'entropy_coeff': 0.0, 'batch_mode': 'truncate_episodes', 'straggler_mitigation': False, 'vf_share_layers': False, 'num_gpus': 0, 'synchronize_filters': True, 'num_sgd_iter': 10, 'train_batch_size': 1500, 'optimizer': {}, 'num_gpus_per_worker': 0, 'preprocessor_pref': 'deepmind', 'num_cpus_for_driver': 1, 'lr_schedule': None, 'use_gae': True, 'lambda': 0.97, 'vf_loss_coeff': 1.0, 'vf_clip_param': 1000000.0, 'log_level': 'INFO', 'env_config': {'run': 'PPO', 'flow_params': '{\n    ""env"": {\n        ""additional_params"": {\n            ""max_accel"": 3,\n            ""max_decel"": 3,\n            ""sort_vehicles"": false,\n            ""target_velocity"": 20\n        },\n        ""evaluate"": false,\n        ""horizon"": 1500,\n        ""sims_per_step"": 1,\n        ""warmup_steps"": 0\n    },\n    ""env_name"": ""AccelEnv"",\n    ""exp_tag"": ""figure_eight_0"",\n    ""initial"": {\n        ""additional_params"": {},\n        ""bunching"": 0,\n        ""edges_distribution"": ""all"",\n        ""lanes_distribution"": Infinity,\n        ""min_gap"": 0,\n        ""perturbation"": 0.0,\n        ""shuffle"": false,\n        ""spacing"": ""uniform"",\n        ""x0"": 0\n    },\n    ""net"": {\n        ""additional_params"": {\n            ""lanes"": 1,\n            ""radius_ring"": 30,\n            ""resolution"": 40,\n            ""speed_limit"": 30\n        },\n        ""inflows"": {\n            ""_InFlows__flows"": [],\n            ""num_flows"": 0\n        },\n        ""netfile"": null,\n        ""no_internal_links"": false,\n        ""osm_path"": null\n    },\n    ""scenario"": ""Figure8Scenario"",\n    ""sim"": {\n        ""emission_path"": null,\n        ""lateral_resolution"": null,\n        ""no_step_log"": true,\n        ""num_clients"": 1,\n        ""overtake_right"": false,\n        ""port"": null,\n        ""print_warnings"": true,\n        ""pxpm"": 2,\n        ""render"": false,\n        ""restart_instance"": false,\n        ""save_render"": false,\n        ""seed"": null,\n        ""show_radius"": false,\n        ""sight_radius"": 25,\n        ""sim_step"": 0.1,\n        ""teleport_time"": -1\n    },\n    ""simulator"": ""traci"",\n    ""veh"": [\n        {\n            ""acceleration_controller"": [\n                ""IDMController"",\n                {\n                    ""noise"": 0.2\n                }\n            ],\n            ""car_following_params"": {\n                ""controller_params"": {\n                    ""accel"": 1.0,\n                    ""carFollowModel"": ""IDM"",\n                    ""decel"": 1.5,\n                    ""impatience"": 0.5,\n                    ""maxSpeed"": 30,\n                    ""minGap"": 2.5,\n                    ""sigma"": 0.5,\n                    ""speedDev"": 0.1,\n                    ""speedFactor"": 1.0,\n                    ""tau"": 1.0\n                },\n                ""speed_mode"": 1\n            },\n            ""initial_speed"": 0,\n            ""lane_change_controller"": [\n                ""SimLaneChangeController"",\n                {}\n            ],\n            ""lane_change_params"": {\n                ""controller_params"": {\n                    ""laneChangeModel"": ""LC2013"",\n                    ""lcCooperative"": ""1.0"",\n                    ""lcKeepRight"": ""1.0"",\n                    ""lcSpeedGain"": ""1.0"",\n                    ""lcStrategic"": ""1.0""\n                },\n                ""lane_change_mode"": 512\n            },\n            ""num_vehicles"": 13,\n            ""routing_controller"": [\n                ""ContinuousRouter"",\n                {}\n            ],\n            ""veh_id"": ""human""\n        },\n        {\n            ""acceleration_controller"": [\n                ""RLController"",\n                {}\n            ],\n            ""car_following_params"": {\n                ""controller_params"": {\n                    ""accel"": 1.0,\n                    ""carFollowModel"": ""IDM"",\n                    ""decel"": 1.5,\n                    ""impatience"": 0.5,\n                    ""maxSpeed"": 30,\n                    ""minGap"": 2.5,\n                    ""sigma"": 0.5,\n                    ""speedDev"": 0.1,\n                    ""speedFactor"": 1.0,\n                    ""tau"": 1.0\n                },\n                ""speed_mode"": 1\n            },\n            ""initial_speed"": 0,\n            ""lane_change_controller"": [\n                ""SimLaneChangeController"",\n                {}\n            ],\n            ""lane_change_params"": {\n                ""controller_params"": {\n                    ""laneChangeModel"": ""LC2013"",\n                    ""lcCooperative"": ""1.0"",\n                    ""lcKeepRight"": ""1.0"",\n                    ""lcSpeedGain"": ""1.0"",\n                    ""lcStrategic"": ""1.0""\n                },\n                ""lane_change_mode"": 512\n            },\n            ""num_vehicles"": 1,\n            ""routing_controller"": [\n                ""ContinuousRouter"",\n                {}\n            ],\n            ""veh_id"": ""rl""\n        }\n    ]\n}'}, 'env': 'AccelEnv-v0', 'local_evaluator_tf_session_args': {'inter_op_parallelism_threads': 8, 'intra_op_parallelism_threads': 8}, 'model': {'free_log_std': False, 'custom_options': {}, 'framestack': True, 'channel_major': False, 'max_seq_len': 20, 'lstm_use_prev_action_reward': False, 'squash_to_range': False, 'dim': 84, 'grayscale': False, 'fcnet_hiddens': [100, 50, 25], 'use_lstm': False, 'custom_model': None, 'fcnet_activation': 'tanh', 'conv_filters': None, 'conv_activation': 'relu', 'lstm_cell_size': 256, 'zero_mean': True, 'custom_preprocessor': None}, 'output_compress_columns': ['obs', 'new_obs'], 'monitor': False, 'custom_resources_per_worker': {}, 'output_max_file_size': 67108864, 'num_workers': 1, 'clip_param': 0.3, 'kl_coeff': 0.2, 'multiagent': {'policy_graphs': {}, 'policy_mapping_fn': None, 'policies_to_train': None}, 'input_evaluation': None, 'output': None, 'collect_metrics_timeout': 180, 'num_cpus_per_worker': 1}",169.237.32.118,1,1358.828125,9.885441064834595,"{'num_steps_sampled': 88000, 'load_time_ms': 1.208, 'default': {'kl': 0.019098730757832527, 'cur_lr': 0.0005000000237487257, 'total_loss': 1.3378130197525024, 'policy_loss': -0.017892559990286827, 'vf_explained_var': 0.9591808915138245, 'entropy': 1.203716516494751, 'cur_kl_coeff': 0.5406097769737244, 'vf_loss': 1.3453806638717651}, 'sample_time_ms': 9598.619, 'grad_time_ms': 279.028, 'update_time_ms': 4.738, 'num_steps_trained': 88000}",340.18920494555795,2019-04-02_07-46-00,kronos,71,88000,0,552.7313282489777,{},88000,55,55,552.7313282489777,476.06490828174856,1600,1554191160,{},0b32d2eec3344b1fbde4822793b2e447,83.35802442090997
False,66,"{'input': 'sampler', 'callbacks': {'on_train_result': None, 'on_sample_end': None, 'on_episode_step': None, 'on_episode_start': None, 'on_episode_end': None}, 'sample_batch_size': 200, 'clip_actions': False, 'clip_rewards': None, 'tf_session_args': {'inter_op_parallelism_threads': 2, 'intra_op_parallelism_threads': 2, 'device_count': {'CPU': 1}, 'log_device_placement': False, 'allow_soft_placement': True, 'gpu_options': {'allow_growth': True}}, 'kl_target': 0.01, 'horizon': 1500, 'lr': 0.0005, 'sample_async': False, 'simple_optimizer': False, 'compress_observations': False, 'num_envs_per_worker': 1, 'gamma': 0.99, 'sgd_minibatch_size': 128, 'observation_filter': 'NoFilter', 'entropy_coeff': 0.0, 'batch_mode': 'truncate_episodes', 'straggler_mitigation': False, 'vf_share_layers': False, 'num_gpus': 0, 'synchronize_filters': True, 'num_sgd_iter': 10, 'train_batch_size': 1500, 'optimizer': {}, 'num_gpus_per_worker': 0, 'preprocessor_pref': 'deepmind', 'num_cpus_for_driver': 1, 'lr_schedule': None, 'use_gae': True, 'lambda': 0.97, 'vf_loss_coeff': 1.0, 'vf_clip_param': 1000000.0, 'log_level': 'INFO', 'env_config': {'run': 'PPO', 'flow_params': '{\n    ""env"": {\n        ""additional_params"": {\n            ""max_accel"": 3,\n            ""max_decel"": 3,\n            ""sort_vehicles"": false,\n            ""target_velocity"": 20\n        },\n        ""evaluate"": false,\n        ""horizon"": 1500,\n        ""sims_per_step"": 1,\n        ""warmup_steps"": 0\n    },\n    ""env_name"": ""AccelEnv"",\n    ""exp_tag"": ""figure_eight_0"",\n    ""initial"": {\n        ""additional_params"": {},\n        ""bunching"": 0,\n        ""edges_distribution"": ""all"",\n        ""lanes_distribution"": Infinity,\n        ""min_gap"": 0,\n        ""perturbation"": 0.0,\n        ""shuffle"": false,\n        ""spacing"": ""uniform"",\n        ""x0"": 0\n    },\n    ""net"": {\n        ""additional_params"": {\n            ""lanes"": 1,\n            ""radius_ring"": 30,\n            ""resolution"": 40,\n            ""speed_limit"": 30\n        },\n        ""inflows"": {\n            ""_InFlows__flows"": [],\n            ""num_flows"": 0\n        },\n        ""netfile"": null,\n        ""no_internal_links"": false,\n        ""osm_path"": null\n    },\n    ""scenario"": ""Figure8Scenario"",\n    ""sim"": {\n        ""emission_path"": null,\n        ""lateral_resolution"": null,\n        ""no_step_log"": true,\n        ""num_clients"": 1,\n        ""overtake_right"": false,\n        ""port"": null,\n        ""print_warnings"": true,\n        ""pxpm"": 2,\n        ""render"": false,\n        ""restart_instance"": false,\n        ""save_render"": false,\n        ""seed"": null,\n        ""show_radius"": false,\n        ""sight_radius"": 25,\n        ""sim_step"": 0.1,\n        ""teleport_time"": -1\n    },\n    ""simulator"": ""traci"",\n    ""veh"": [\n        {\n            ""acceleration_controller"": [\n                ""IDMController"",\n                {\n                    ""noise"": 0.2\n                }\n            ],\n            ""car_following_params"": {\n                ""controller_params"": {\n                    ""accel"": 1.0,\n                    ""carFollowModel"": ""IDM"",\n                    ""decel"": 1.5,\n                    ""impatience"": 0.5,\n                    ""maxSpeed"": 30,\n                    ""minGap"": 2.5,\n                    ""sigma"": 0.5,\n                    ""speedDev"": 0.1,\n                    ""speedFactor"": 1.0,\n                    ""tau"": 1.0\n                },\n                ""speed_mode"": 1\n            },\n            ""initial_speed"": 0,\n            ""lane_change_controller"": [\n                ""SimLaneChangeController"",\n                {}\n            ],\n            ""lane_change_params"": {\n                ""controller_params"": {\n                    ""laneChangeModel"": ""LC2013"",\n                    ""lcCooperative"": ""1.0"",\n                    ""lcKeepRight"": ""1.0"",\n                    ""lcSpeedGain"": ""1.0"",\n                    ""lcStrategic"": ""1.0""\n                },\n                ""lane_change_mode"": 512\n            },\n            ""num_vehicles"": 13,\n            ""routing_controller"": [\n                ""ContinuousRouter"",\n                {}\n            ],\n            ""veh_id"": ""human""\n        },\n        {\n            ""acceleration_controller"": [\n                ""RLController"",\n                {}\n            ],\n            ""car_following_params"": {\n                ""controller_params"": {\n                    ""accel"": 1.0,\n                    ""carFollowModel"": ""IDM"",\n                    ""decel"": 1.5,\n                    ""impatience"": 0.5,\n                    ""maxSpeed"": 30,\n                    ""minGap"": 2.5,\n                    ""sigma"": 0.5,\n                    ""speedDev"": 0.1,\n                    ""speedFactor"": 1.0,\n                    ""tau"": 1.0\n                },\n                ""speed_mode"": 1\n            },\n            ""initial_speed"": 0,\n            ""lane_change_controller"": [\n                ""SimLaneChangeController"",\n                {}\n            ],\n            ""lane_change_params"": {\n                ""controller_params"": {\n                    ""laneChangeModel"": ""LC2013"",\n                    ""lcCooperative"": ""1.0"",\n                    ""lcKeepRight"": ""1.0"",\n                    ""lcSpeedGain"": ""1.0"",\n                    ""lcStrategic"": ""1.0""\n                },\n                ""lane_change_mode"": 512\n            },\n            ""num_vehicles"": 1,\n            ""routing_controller"": [\n                ""ContinuousRouter"",\n                {}\n            ],\n            ""veh_id"": ""rl""\n        }\n    ]\n}'}, 'env': 'AccelEnv-v0', 'local_evaluator_tf_session_args': {'inter_op_parallelism_threads': 8, 'intra_op_parallelism_threads': 8}, 'model': {'free_log_std': False, 'custom_options': {}, 'framestack': True, 'channel_major': False, 'max_seq_len': 20, 'lstm_use_prev_action_reward': False, 'squash_to_range': False, 'dim': 84, 'grayscale': False, 'fcnet_hiddens': [100, 50, 25], 'use_lstm': False, 'custom_model': None, 'fcnet_activation': 'tanh', 'conv_filters': None, 'conv_activation': 'relu', 'lstm_cell_size': 256, 'zero_mean': True, 'custom_preprocessor': None}, 'output_compress_columns': ['obs', 'new_obs'], 'monitor': False, 'custom_resources_per_worker': {}, 'output_max_file_size': 67108864, 'num_workers': 1, 'clip_param': 0.3, 'kl_coeff': 0.2, 'multiagent': {'policy_graphs': {}, 'policy_mapping_fn': None, 'policies_to_train': None}, 'input_evaluation': None, 'output': None, 'collect_metrics_timeout': 180, 'num_cpus_per_worker': 1}",169.237.32.118,2,1348.621212121212,9.845560789108276,"{'num_steps_sampled': 89600, 'load_time_ms': 1.195, 'default': {'kl': 0.015614387579262257, 'cur_lr': 0.0005000000237487257, 'total_loss': 0.9317574501037598, 'policy_loss': -0.01861662045121193, 'vf_explained_var': 0.9944450855255127, 'entropy': 1.1939115524291992, 'cur_kl_coeff': 0.5406097769737244, 'vf_loss': 0.941932737827301}, 'sample_time_ms': 9583.907, 'grad_time_ms': 279.751, 'update_time_ms': 4.663, 'num_steps_trained': 89600}",338.25428875543344,2019-04-02_07-46-10,kronos,71,89600,0,562.5768890380859,{},89600,56,56,562.5768890380859,476.06490828174856,1600,1554191170,{},0b32d2eec3344b1fbde4822793b2e447,83.35802442090997
False,67,"{'input': 'sampler', 'callbacks': {'on_train_result': None, 'on_sample_end': None, 'on_episode_step': None, 'on_episode_start': None, 'on_episode_end': None}, 'sample_batch_size': 200, 'clip_actions': False, 'clip_rewards': None, 'tf_session_args': {'inter_op_parallelism_threads': 2, 'intra_op_parallelism_threads': 2, 'device_count': {'CPU': 1}, 'log_device_placement': False, 'allow_soft_placement': True, 'gpu_options': {'allow_growth': True}}, 'kl_target': 0.01, 'horizon': 1500, 'lr': 0.0005, 'sample_async': False, 'simple_optimizer': False, 'compress_observations': False, 'num_envs_per_worker': 1, 'gamma': 0.99, 'sgd_minibatch_size': 128, 'observation_filter': 'NoFilter', 'entropy_coeff': 0.0, 'batch_mode': 'truncate_episodes', 'straggler_mitigation': False, 'vf_share_layers': False, 'num_gpus': 0, 'synchronize_filters': True, 'num_sgd_iter': 10, 'train_batch_size': 1500, 'optimizer': {}, 'num_gpus_per_worker': 0, 'preprocessor_pref': 'deepmind', 'num_cpus_for_driver': 1, 'lr_schedule': None, 'use_gae': True, 'lambda': 0.97, 'vf_loss_coeff': 1.0, 'vf_clip_param': 1000000.0, 'log_level': 'INFO', 'env_config': {'run': 'PPO', 'flow_params': '{\n    ""env"": {\n        ""additional_params"": {\n            ""max_accel"": 3,\n            ""max_decel"": 3,\n            ""sort_vehicles"": false,\n            ""target_velocity"": 20\n        },\n        ""evaluate"": false,\n        ""horizon"": 1500,\n        ""sims_per_step"": 1,\n        ""warmup_steps"": 0\n    },\n    ""env_name"": ""AccelEnv"",\n    ""exp_tag"": ""figure_eight_0"",\n    ""initial"": {\n        ""additional_params"": {},\n        ""bunching"": 0,\n        ""edges_distribution"": ""all"",\n        ""lanes_distribution"": Infinity,\n        ""min_gap"": 0,\n        ""perturbation"": 0.0,\n        ""shuffle"": false,\n        ""spacing"": ""uniform"",\n        ""x0"": 0\n    },\n    ""net"": {\n        ""additional_params"": {\n            ""lanes"": 1,\n            ""radius_ring"": 30,\n            ""resolution"": 40,\n            ""speed_limit"": 30\n        },\n        ""inflows"": {\n            ""_InFlows__flows"": [],\n            ""num_flows"": 0\n        },\n        ""netfile"": null,\n        ""no_internal_links"": false,\n        ""osm_path"": null\n    },\n    ""scenario"": ""Figure8Scenario"",\n    ""sim"": {\n        ""emission_path"": null,\n        ""lateral_resolution"": null,\n        ""no_step_log"": true,\n        ""num_clients"": 1,\n        ""overtake_right"": false,\n        ""port"": null,\n        ""print_warnings"": true,\n        ""pxpm"": 2,\n        ""render"": false,\n        ""restart_instance"": false,\n        ""save_render"": false,\n        ""seed"": null,\n        ""show_radius"": false,\n        ""sight_radius"": 25,\n        ""sim_step"": 0.1,\n        ""teleport_time"": -1\n    },\n    ""simulator"": ""traci"",\n    ""veh"": [\n        {\n            ""acceleration_controller"": [\n                ""IDMController"",\n                {\n                    ""noise"": 0.2\n                }\n            ],\n            ""car_following_params"": {\n                ""controller_params"": {\n                    ""accel"": 1.0,\n                    ""carFollowModel"": ""IDM"",\n                    ""decel"": 1.5,\n                    ""impatience"": 0.5,\n                    ""maxSpeed"": 30,\n                    ""minGap"": 2.5,\n                    ""sigma"": 0.5,\n                    ""speedDev"": 0.1,\n                    ""speedFactor"": 1.0,\n                    ""tau"": 1.0\n                },\n                ""speed_mode"": 1\n            },\n            ""initial_speed"": 0,\n            ""lane_change_controller"": [\n                ""SimLaneChangeController"",\n                {}\n            ],\n            ""lane_change_params"": {\n                ""controller_params"": {\n                    ""laneChangeModel"": ""LC2013"",\n                    ""lcCooperative"": ""1.0"",\n                    ""lcKeepRight"": ""1.0"",\n                    ""lcSpeedGain"": ""1.0"",\n                    ""lcStrategic"": ""1.0""\n                },\n                ""lane_change_mode"": 512\n            },\n            ""num_vehicles"": 13,\n            ""routing_controller"": [\n                ""ContinuousRouter"",\n                {}\n            ],\n            ""veh_id"": ""human""\n        },\n        {\n            ""acceleration_controller"": [\n                ""RLController"",\n                {}\n            ],\n            ""car_following_params"": {\n                ""controller_params"": {\n                    ""accel"": 1.0,\n                    ""carFollowModel"": ""IDM"",\n                    ""decel"": 1.5,\n                    ""impatience"": 0.5,\n                    ""maxSpeed"": 30,\n                    ""minGap"": 2.5,\n                    ""sigma"": 0.5,\n                    ""speedDev"": 0.1,\n                    ""speedFactor"": 1.0,\n                    ""tau"": 1.0\n                },\n                ""speed_mode"": 1\n            },\n            ""initial_speed"": 0,\n            ""lane_change_controller"": [\n                ""SimLaneChangeController"",\n                {}\n            ],\n            ""lane_change_params"": {\n                ""controller_params"": {\n                    ""laneChangeModel"": ""LC2013"",\n                    ""lcCooperative"": ""1.0"",\n                    ""lcKeepRight"": ""1.0"",\n                    ""lcSpeedGain"": ""1.0"",\n                    ""lcStrategic"": ""1.0""\n                },\n                ""lane_change_mode"": 512\n            },\n            ""num_vehicles"": 1,\n            ""routing_controller"": [\n                ""ContinuousRouter"",\n                {}\n            ],\n            ""veh_id"": ""rl""\n        }\n    ]\n}'}, 'env': 'AccelEnv-v0', 'local_evaluator_tf_session_args': {'inter_op_parallelism_threads': 8, 'intra_op_parallelism_threads': 8}, 'model': {'free_log_std': False, 'custom_options': {}, 'framestack': True, 'channel_major': False, 'max_seq_len': 20, 'lstm_use_prev_action_reward': False, 'squash_to_range': False, 'dim': 84, 'grayscale': False, 'fcnet_hiddens': [100, 50, 25], 'use_lstm': False, 'custom_model': None, 'fcnet_activation': 'tanh', 'conv_filters': None, 'conv_activation': 'relu', 'lstm_cell_size': 256, 'zero_mean': True, 'custom_preprocessor': None}, 'output_compress_columns': ['obs', 'new_obs'], 'monitor': False, 'custom_resources_per_worker': {}, 'output_max_file_size': 67108864, 'num_workers': 1, 'clip_param': 0.3, 'kl_coeff': 0.2, 'multiagent': {'policy_graphs': {}, 'policy_mapping_fn': None, 'policies_to_train': None}, 'input_evaluation': None, 'output': None, 'collect_metrics_timeout': 180, 'num_cpus_per_worker': 1}",169.237.32.118,1,1339.1492537313434,9.856755018234253,"{'num_steps_sampled': 91200, 'load_time_ms': 1.164, 'default': {'kl': 0.011487267911434174, 'cur_lr': 0.0005000000237487257, 'total_loss': 0.5156795382499695, 'policy_loss': -0.009185656905174255, 'vf_explained_var': 0.9894828200340271, 'entropy': 1.2476252317428589, 'cur_kl_coeff': 0.5406097769737244, 'vf_loss': 0.5186551213264465}, 'sample_time_ms': 9571.152, 'grad_time_ms': 281.12, 'update_time_ms': 4.78, 'num_steps_trained': 91200}",335.99990161426507,2019-04-02_07-46-20,kronos,71,91200,0,572.4336440563202,{},91200,57,57,572.4336440563202,476.06490828174856,1600,1554191180,{},0b32d2eec3344b1fbde4822793b2e447,83.35802442090997
False,69,"{'input': 'sampler', 'callbacks': {'on_train_result': None, 'on_sample_end': None, 'on_episode_step': None, 'on_episode_start': None, 'on_episode_end': None}, 'sample_batch_size': 200, 'clip_actions': False, 'clip_rewards': None, 'tf_session_args': {'inter_op_parallelism_threads': 2, 'intra_op_parallelism_threads': 2, 'device_count': {'CPU': 1}, 'log_device_placement': False, 'allow_soft_placement': True, 'gpu_options': {'allow_growth': True}}, 'kl_target': 0.01, 'horizon': 1500, 'lr': 0.0005, 'sample_async': False, 'simple_optimizer': False, 'compress_observations': False, 'num_envs_per_worker': 1, 'gamma': 0.99, 'sgd_minibatch_size': 128, 'observation_filter': 'NoFilter', 'entropy_coeff': 0.0, 'batch_mode': 'truncate_episodes', 'straggler_mitigation': False, 'vf_share_layers': False, 'num_gpus': 0, 'synchronize_filters': True, 'num_sgd_iter': 10, 'train_batch_size': 1500, 'optimizer': {}, 'num_gpus_per_worker': 0, 'preprocessor_pref': 'deepmind', 'num_cpus_for_driver': 1, 'lr_schedule': None, 'use_gae': True, 'lambda': 0.97, 'vf_loss_coeff': 1.0, 'vf_clip_param': 1000000.0, 'log_level': 'INFO', 'env_config': {'run': 'PPO', 'flow_params': '{\n    ""env"": {\n        ""additional_params"": {\n            ""max_accel"": 3,\n            ""max_decel"": 3,\n            ""sort_vehicles"": false,\n            ""target_velocity"": 20\n        },\n        ""evaluate"": false,\n        ""horizon"": 1500,\n        ""sims_per_step"": 1,\n        ""warmup_steps"": 0\n    },\n    ""env_name"": ""AccelEnv"",\n    ""exp_tag"": ""figure_eight_0"",\n    ""initial"": {\n        ""additional_params"": {},\n        ""bunching"": 0,\n        ""edges_distribution"": ""all"",\n        ""lanes_distribution"": Infinity,\n        ""min_gap"": 0,\n        ""perturbation"": 0.0,\n        ""shuffle"": false,\n        ""spacing"": ""uniform"",\n        ""x0"": 0\n    },\n    ""net"": {\n        ""additional_params"": {\n            ""lanes"": 1,\n            ""radius_ring"": 30,\n            ""resolution"": 40,\n            ""speed_limit"": 30\n        },\n        ""inflows"": {\n            ""_InFlows__flows"": [],\n            ""num_flows"": 0\n        },\n        ""netfile"": null,\n        ""no_internal_links"": false,\n        ""osm_path"": null\n    },\n    ""scenario"": ""Figure8Scenario"",\n    ""sim"": {\n        ""emission_path"": null,\n        ""lateral_resolution"": null,\n        ""no_step_log"": true,\n        ""num_clients"": 1,\n        ""overtake_right"": false,\n        ""port"": null,\n        ""print_warnings"": true,\n        ""pxpm"": 2,\n        ""render"": false,\n        ""restart_instance"": false,\n        ""save_render"": false,\n        ""seed"": null,\n        ""show_radius"": false,\n        ""sight_radius"": 25,\n        ""sim_step"": 0.1,\n        ""teleport_time"": -1\n    },\n    ""simulator"": ""traci"",\n    ""veh"": [\n        {\n            ""acceleration_controller"": [\n                ""IDMController"",\n                {\n                    ""noise"": 0.2\n                }\n            ],\n            ""car_following_params"": {\n                ""controller_params"": {\n                    ""accel"": 1.0,\n                    ""carFollowModel"": ""IDM"",\n                    ""decel"": 1.5,\n                    ""impatience"": 0.5,\n                    ""maxSpeed"": 30,\n                    ""minGap"": 2.5,\n                    ""sigma"": 0.5,\n                    ""speedDev"": 0.1,\n                    ""speedFactor"": 1.0,\n                    ""tau"": 1.0\n                },\n                ""speed_mode"": 1\n            },\n            ""initial_speed"": 0,\n            ""lane_change_controller"": [\n                ""SimLaneChangeController"",\n                {}\n            ],\n            ""lane_change_params"": {\n                ""controller_params"": {\n                    ""laneChangeModel"": ""LC2013"",\n                    ""lcCooperative"": ""1.0"",\n                    ""lcKeepRight"": ""1.0"",\n                    ""lcSpeedGain"": ""1.0"",\n                    ""lcStrategic"": ""1.0""\n                },\n                ""lane_change_mode"": 512\n            },\n            ""num_vehicles"": 13,\n            ""routing_controller"": [\n                ""ContinuousRouter"",\n                {}\n            ],\n            ""veh_id"": ""human""\n        },\n        {\n            ""acceleration_controller"": [\n                ""RLController"",\n                {}\n            ],\n            ""car_following_params"": {\n                ""controller_params"": {\n                    ""accel"": 1.0,\n                    ""carFollowModel"": ""IDM"",\n                    ""decel"": 1.5,\n                    ""impatience"": 0.5,\n                    ""maxSpeed"": 30,\n                    ""minGap"": 2.5,\n                    ""sigma"": 0.5,\n                    ""speedDev"": 0.1,\n                    ""speedFactor"": 1.0,\n                    ""tau"": 1.0\n                },\n                ""speed_mode"": 1\n            },\n            ""initial_speed"": 0,\n            ""lane_change_controller"": [\n                ""SimLaneChangeController"",\n                {}\n            ],\n            ""lane_change_params"": {\n                ""controller_params"": {\n                    ""laneChangeModel"": ""LC2013"",\n                    ""lcCooperative"": ""1.0"",\n                    ""lcKeepRight"": ""1.0"",\n                    ""lcSpeedGain"": ""1.0"",\n                    ""lcStrategic"": ""1.0""\n                },\n                ""lane_change_mode"": 512\n            },\n            ""num_vehicles"": 1,\n            ""routing_controller"": [\n                ""ContinuousRouter"",\n                {}\n            ],\n            ""veh_id"": ""rl""\n        }\n    ]\n}'}, 'env': 'AccelEnv-v0', 'local_evaluator_tf_session_args': {'inter_op_parallelism_threads': 8, 'intra_op_parallelism_threads': 8}, 'model': {'free_log_std': False, 'custom_options': {}, 'framestack': True, 'channel_major': False, 'max_seq_len': 20, 'lstm_use_prev_action_reward': False, 'squash_to_range': False, 'dim': 84, 'grayscale': False, 'fcnet_hiddens': [100, 50, 25], 'use_lstm': False, 'custom_model': None, 'fcnet_activation': 'tanh', 'conv_filters': None, 'conv_activation': 'relu', 'lstm_cell_size': 256, 'zero_mean': True, 'custom_preprocessor': None}, 'output_compress_columns': ['obs', 'new_obs'], 'monitor': False, 'custom_resources_per_worker': {}, 'output_max_file_size': 67108864, 'num_workers': 1, 'clip_param': 0.3, 'kl_coeff': 0.2, 'multiagent': {'policy_graphs': {}, 'policy_mapping_fn': None, 'policies_to_train': None}, 'input_evaluation': None, 'output': None, 'collect_metrics_timeout': 180, 'num_cpus_per_worker': 1}",169.237.32.118,2,1343.8115942028985,9.903350830078125,"{'num_steps_sampled': 92800, 'load_time_ms': 1.171, 'default': {'kl': 0.00499859219416976, 'cur_lr': 0.0005000000237487257, 'total_loss': 2.069976806640625, 'policy_loss': -0.012236572802066803, 'vf_explained_var': 0.92753005027771, 'entropy': 1.201208472251892, 'cur_kl_coeff': 0.5406097769737244, 'vf_loss': 2.0795114040374756}, 'sample_time_ms': 9556.982, 'grad_time_ms': 281.334, 'update_time_ms': 4.806, 'num_steps_trained': 92800}",339.1897141710949,2019-04-02_07-46-30,kronos,71,92800,0,582.3369948863983,{},92800,58,58,582.3369948863983,496.3960633046472,1600,1554191190,{},0b32d2eec3344b1fbde4822793b2e447,83.35802442090997
False,70,"{'input': 'sampler', 'callbacks': {'on_train_result': None, 'on_sample_end': None, 'on_episode_step': None, 'on_episode_start': None, 'on_episode_end': None}, 'sample_batch_size': 200, 'clip_actions': False, 'clip_rewards': None, 'tf_session_args': {'inter_op_parallelism_threads': 2, 'intra_op_parallelism_threads': 2, 'device_count': {'CPU': 1}, 'log_device_placement': False, 'allow_soft_placement': True, 'gpu_options': {'allow_growth': True}}, 'kl_target': 0.01, 'horizon': 1500, 'lr': 0.0005, 'sample_async': False, 'simple_optimizer': False, 'compress_observations': False, 'num_envs_per_worker': 1, 'gamma': 0.99, 'sgd_minibatch_size': 128, 'observation_filter': 'NoFilter', 'entropy_coeff': 0.0, 'batch_mode': 'truncate_episodes', 'straggler_mitigation': False, 'vf_share_layers': False, 'num_gpus': 0, 'synchronize_filters': True, 'num_sgd_iter': 10, 'train_batch_size': 1500, 'optimizer': {}, 'num_gpus_per_worker': 0, 'preprocessor_pref': 'deepmind', 'num_cpus_for_driver': 1, 'lr_schedule': None, 'use_gae': True, 'lambda': 0.97, 'vf_loss_coeff': 1.0, 'vf_clip_param': 1000000.0, 'log_level': 'INFO', 'env_config': {'run': 'PPO', 'flow_params': '{\n    ""env"": {\n        ""additional_params"": {\n            ""max_accel"": 3,\n            ""max_decel"": 3,\n            ""sort_vehicles"": false,\n            ""target_velocity"": 20\n        },\n        ""evaluate"": false,\n        ""horizon"": 1500,\n        ""sims_per_step"": 1,\n        ""warmup_steps"": 0\n    },\n    ""env_name"": ""AccelEnv"",\n    ""exp_tag"": ""figure_eight_0"",\n    ""initial"": {\n        ""additional_params"": {},\n        ""bunching"": 0,\n        ""edges_distribution"": ""all"",\n        ""lanes_distribution"": Infinity,\n        ""min_gap"": 0,\n        ""perturbation"": 0.0,\n        ""shuffle"": false,\n        ""spacing"": ""uniform"",\n        ""x0"": 0\n    },\n    ""net"": {\n        ""additional_params"": {\n            ""lanes"": 1,\n            ""radius_ring"": 30,\n            ""resolution"": 40,\n            ""speed_limit"": 30\n        },\n        ""inflows"": {\n            ""_InFlows__flows"": [],\n            ""num_flows"": 0\n        },\n        ""netfile"": null,\n        ""no_internal_links"": false,\n        ""osm_path"": null\n    },\n    ""scenario"": ""Figure8Scenario"",\n    ""sim"": {\n        ""emission_path"": null,\n        ""lateral_resolution"": null,\n        ""no_step_log"": true,\n        ""num_clients"": 1,\n        ""overtake_right"": false,\n        ""port"": null,\n        ""print_warnings"": true,\n        ""pxpm"": 2,\n        ""render"": false,\n        ""restart_instance"": false,\n        ""save_render"": false,\n        ""seed"": null,\n        ""show_radius"": false,\n        ""sight_radius"": 25,\n        ""sim_step"": 0.1,\n        ""teleport_time"": -1\n    },\n    ""simulator"": ""traci"",\n    ""veh"": [\n        {\n            ""acceleration_controller"": [\n                ""IDMController"",\n                {\n                    ""noise"": 0.2\n                }\n            ],\n            ""car_following_params"": {\n                ""controller_params"": {\n                    ""accel"": 1.0,\n                    ""carFollowModel"": ""IDM"",\n                    ""decel"": 1.5,\n                    ""impatience"": 0.5,\n                    ""maxSpeed"": 30,\n                    ""minGap"": 2.5,\n                    ""sigma"": 0.5,\n                    ""speedDev"": 0.1,\n                    ""speedFactor"": 1.0,\n                    ""tau"": 1.0\n                },\n                ""speed_mode"": 1\n            },\n            ""initial_speed"": 0,\n            ""lane_change_controller"": [\n                ""SimLaneChangeController"",\n                {}\n            ],\n            ""lane_change_params"": {\n                ""controller_params"": {\n                    ""laneChangeModel"": ""LC2013"",\n                    ""lcCooperative"": ""1.0"",\n                    ""lcKeepRight"": ""1.0"",\n                    ""lcSpeedGain"": ""1.0"",\n                    ""lcStrategic"": ""1.0""\n                },\n                ""lane_change_mode"": 512\n            },\n            ""num_vehicles"": 13,\n            ""routing_controller"": [\n                ""ContinuousRouter"",\n                {}\n            ],\n            ""veh_id"": ""human""\n        },\n        {\n            ""acceleration_controller"": [\n                ""RLController"",\n                {}\n            ],\n            ""car_following_params"": {\n                ""controller_params"": {\n                    ""accel"": 1.0,\n                    ""carFollowModel"": ""IDM"",\n                    ""decel"": 1.5,\n                    ""impatience"": 0.5,\n                    ""maxSpeed"": 30,\n                    ""minGap"": 2.5,\n                    ""sigma"": 0.5,\n                    ""speedDev"": 0.1,\n                    ""speedFactor"": 1.0,\n                    ""tau"": 1.0\n                },\n                ""speed_mode"": 1\n            },\n            ""initial_speed"": 0,\n            ""lane_change_controller"": [\n                ""SimLaneChangeController"",\n                {}\n            ],\n            ""lane_change_params"": {\n                ""controller_params"": {\n                    ""laneChangeModel"": ""LC2013"",\n                    ""lcCooperative"": ""1.0"",\n                    ""lcKeepRight"": ""1.0"",\n                    ""lcSpeedGain"": ""1.0"",\n                    ""lcStrategic"": ""1.0""\n                },\n                ""lane_change_mode"": 512\n            },\n            ""num_vehicles"": 1,\n            ""routing_controller"": [\n                ""ContinuousRouter"",\n                {}\n            ],\n            ""veh_id"": ""rl""\n        }\n    ]\n}'}, 'env': 'AccelEnv-v0', 'local_evaluator_tf_session_args': {'inter_op_parallelism_threads': 8, 'intra_op_parallelism_threads': 8}, 'model': {'free_log_std': False, 'custom_options': {}, 'framestack': True, 'channel_major': False, 'max_seq_len': 20, 'lstm_use_prev_action_reward': False, 'squash_to_range': False, 'dim': 84, 'grayscale': False, 'fcnet_hiddens': [100, 50, 25], 'use_lstm': False, 'custom_model': None, 'fcnet_activation': 'tanh', 'conv_filters': None, 'conv_activation': 'relu', 'lstm_cell_size': 256, 'zero_mean': True, 'custom_preprocessor': None}, 'output_compress_columns': ['obs', 'new_obs'], 'monitor': False, 'custom_resources_per_worker': {}, 'output_max_file_size': 67108864, 'num_workers': 1, 'clip_param': 0.3, 'kl_coeff': 0.2, 'multiagent': {'policy_graphs': {}, 'policy_mapping_fn': None, 'policies_to_train': None}, 'input_evaluation': None, 'output': None, 'collect_metrics_timeout': 180, 'num_cpus_per_worker': 1}",169.237.32.118,1,1341.8714285714286,9.837286710739136,"{'num_steps_sampled': 94400, 'load_time_ms': 1.166, 'default': {'kl': 0.012145117856562138, 'cur_lr': 0.0005000000237487257, 'total_loss': 0.4802003800868988, 'policy_loss': -0.020256340503692627, 'vf_explained_var': 0.9860072731971741, 'entropy': 1.2219147682189941, 'cur_kl_coeff': 0.2703048884868622, 'vf_loss': 0.4971737861633301}, 'sample_time_ms': 9587.364, 'grad_time_ms': 280.181, 'update_time_ms': 4.658, 'num_steps_trained': 94400}",339.424659154922,2019-04-02_07-46-40,kronos,71,94400,0,592.1742815971375,{},94400,59,59,592.1742815971375,496.3960633046472,1600,1554191200,{},0b32d2eec3344b1fbde4822793b2e447,83.35802442090997
False,71,"{'input': 'sampler', 'callbacks': {'on_train_result': None, 'on_sample_end': None, 'on_episode_step': None, 'on_episode_start': None, 'on_episode_end': None}, 'sample_batch_size': 200, 'clip_actions': False, 'clip_rewards': None, 'tf_session_args': {'inter_op_parallelism_threads': 2, 'intra_op_parallelism_threads': 2, 'device_count': {'CPU': 1}, 'log_device_placement': False, 'allow_soft_placement': True, 'gpu_options': {'allow_growth': True}}, 'kl_target': 0.01, 'horizon': 1500, 'lr': 0.0005, 'sample_async': False, 'simple_optimizer': False, 'compress_observations': False, 'num_envs_per_worker': 1, 'gamma': 0.99, 'sgd_minibatch_size': 128, 'observation_filter': 'NoFilter', 'entropy_coeff': 0.0, 'batch_mode': 'truncate_episodes', 'straggler_mitigation': False, 'vf_share_layers': False, 'num_gpus': 0, 'synchronize_filters': True, 'num_sgd_iter': 10, 'train_batch_size': 1500, 'optimizer': {}, 'num_gpus_per_worker': 0, 'preprocessor_pref': 'deepmind', 'num_cpus_for_driver': 1, 'lr_schedule': None, 'use_gae': True, 'lambda': 0.97, 'vf_loss_coeff': 1.0, 'vf_clip_param': 1000000.0, 'log_level': 'INFO', 'env_config': {'run': 'PPO', 'flow_params': '{\n    ""env"": {\n        ""additional_params"": {\n            ""max_accel"": 3,\n            ""max_decel"": 3,\n            ""sort_vehicles"": false,\n            ""target_velocity"": 20\n        },\n        ""evaluate"": false,\n        ""horizon"": 1500,\n        ""sims_per_step"": 1,\n        ""warmup_steps"": 0\n    },\n    ""env_name"": ""AccelEnv"",\n    ""exp_tag"": ""figure_eight_0"",\n    ""initial"": {\n        ""additional_params"": {},\n        ""bunching"": 0,\n        ""edges_distribution"": ""all"",\n        ""lanes_distribution"": Infinity,\n        ""min_gap"": 0,\n        ""perturbation"": 0.0,\n        ""shuffle"": false,\n        ""spacing"": ""uniform"",\n        ""x0"": 0\n    },\n    ""net"": {\n        ""additional_params"": {\n            ""lanes"": 1,\n            ""radius_ring"": 30,\n            ""resolution"": 40,\n            ""speed_limit"": 30\n        },\n        ""inflows"": {\n            ""_InFlows__flows"": [],\n            ""num_flows"": 0\n        },\n        ""netfile"": null,\n        ""no_internal_links"": false,\n        ""osm_path"": null\n    },\n    ""scenario"": ""Figure8Scenario"",\n    ""sim"": {\n        ""emission_path"": null,\n        ""lateral_resolution"": null,\n        ""no_step_log"": true,\n        ""num_clients"": 1,\n        ""overtake_right"": false,\n        ""port"": null,\n        ""print_warnings"": true,\n        ""pxpm"": 2,\n        ""render"": false,\n        ""restart_instance"": false,\n        ""save_render"": false,\n        ""seed"": null,\n        ""show_radius"": false,\n        ""sight_radius"": 25,\n        ""sim_step"": 0.1,\n        ""teleport_time"": -1\n    },\n    ""simulator"": ""traci"",\n    ""veh"": [\n        {\n            ""acceleration_controller"": [\n                ""IDMController"",\n                {\n                    ""noise"": 0.2\n                }\n            ],\n            ""car_following_params"": {\n                ""controller_params"": {\n                    ""accel"": 1.0,\n                    ""carFollowModel"": ""IDM"",\n                    ""decel"": 1.5,\n                    ""impatience"": 0.5,\n                    ""maxSpeed"": 30,\n                    ""minGap"": 2.5,\n                    ""sigma"": 0.5,\n                    ""speedDev"": 0.1,\n                    ""speedFactor"": 1.0,\n                    ""tau"": 1.0\n                },\n                ""speed_mode"": 1\n            },\n            ""initial_speed"": 0,\n            ""lane_change_controller"": [\n                ""SimLaneChangeController"",\n                {}\n            ],\n            ""lane_change_params"": {\n                ""controller_params"": {\n                    ""laneChangeModel"": ""LC2013"",\n                    ""lcCooperative"": ""1.0"",\n                    ""lcKeepRight"": ""1.0"",\n                    ""lcSpeedGain"": ""1.0"",\n                    ""lcStrategic"": ""1.0""\n                },\n                ""lane_change_mode"": 512\n            },\n            ""num_vehicles"": 13,\n            ""routing_controller"": [\n                ""ContinuousRouter"",\n                {}\n            ],\n            ""veh_id"": ""human""\n        },\n        {\n            ""acceleration_controller"": [\n                ""RLController"",\n                {}\n            ],\n            ""car_following_params"": {\n                ""controller_params"": {\n                    ""accel"": 1.0,\n                    ""carFollowModel"": ""IDM"",\n                    ""decel"": 1.5,\n                    ""impatience"": 0.5,\n                    ""maxSpeed"": 30,\n                    ""minGap"": 2.5,\n                    ""sigma"": 0.5,\n                    ""speedDev"": 0.1,\n                    ""speedFactor"": 1.0,\n                    ""tau"": 1.0\n                },\n                ""speed_mode"": 1\n            },\n            ""initial_speed"": 0,\n            ""lane_change_controller"": [\n                ""SimLaneChangeController"",\n                {}\n            ],\n            ""lane_change_params"": {\n                ""controller_params"": {\n                    ""laneChangeModel"": ""LC2013"",\n                    ""lcCooperative"": ""1.0"",\n                    ""lcKeepRight"": ""1.0"",\n                    ""lcSpeedGain"": ""1.0"",\n                    ""lcStrategic"": ""1.0""\n                },\n                ""lane_change_mode"": 512\n            },\n            ""num_vehicles"": 1,\n            ""routing_controller"": [\n                ""ContinuousRouter"",\n                {}\n            ],\n            ""veh_id"": ""rl""\n        }\n    ]\n}'}, 'env': 'AccelEnv-v0', 'local_evaluator_tf_session_args': {'inter_op_parallelism_threads': 8, 'intra_op_parallelism_threads': 8}, 'model': {'free_log_std': False, 'custom_options': {}, 'framestack': True, 'channel_major': False, 'max_seq_len': 20, 'lstm_use_prev_action_reward': False, 'squash_to_range': False, 'dim': 84, 'grayscale': False, 'fcnet_hiddens': [100, 50, 25], 'use_lstm': False, 'custom_model': None, 'fcnet_activation': 'tanh', 'conv_filters': None, 'conv_activation': 'relu', 'lstm_cell_size': 256, 'zero_mean': True, 'custom_preprocessor': None}, 'output_compress_columns': ['obs', 'new_obs'], 'monitor': False, 'custom_resources_per_worker': {}, 'output_max_file_size': 67108864, 'num_workers': 1, 'clip_param': 0.3, 'kl_coeff': 0.2, 'multiagent': {'policy_graphs': {}, 'policy_mapping_fn': None, 'policies_to_train': None}, 'input_evaluation': None, 'output': None, 'collect_metrics_timeout': 180, 'num_cpus_per_worker': 1}",169.237.32.118,1,1344.0985915492959,9.81865119934082,"{'num_steps_sampled': 96000, 'load_time_ms': 1.154, 'default': {'kl': 0.006783032324165106, 'cur_lr': 0.0005000000237487257, 'total_loss': 7.370001316070557, 'policy_loss': -0.01083008199930191, 'vf_explained_var': 0.7802159190177917, 'entropy': 1.1586493253707886, 'cur_kl_coeff': 0.2703048884868622, 'vf_loss': 7.378997802734375}, 'sample_time_ms': 9567.044, 'grad_time_ms': 281.328, 'update_time_ms': 4.7, 'num_steps_trained': 96000}",340.47568551000194,2019-04-02_07-46-50,kronos,71,96000,0,601.9929327964783,{},96000,60,60,601.9929327964783,496.3960633046472,1600,1554191210,{},0b32d2eec3344b1fbde4822793b2e447,83.35802442090997
False,72,"{'input': 'sampler', 'callbacks': {'on_train_result': None, 'on_sample_end': None, 'on_episode_step': None, 'on_episode_start': None, 'on_episode_end': None}, 'sample_batch_size': 200, 'clip_actions': False, 'clip_rewards': None, 'tf_session_args': {'inter_op_parallelism_threads': 2, 'intra_op_parallelism_threads': 2, 'device_count': {'CPU': 1}, 'log_device_placement': False, 'allow_soft_placement': True, 'gpu_options': {'allow_growth': True}}, 'kl_target': 0.01, 'horizon': 1500, 'lr': 0.0005, 'sample_async': False, 'simple_optimizer': False, 'compress_observations': False, 'num_envs_per_worker': 1, 'gamma': 0.99, 'sgd_minibatch_size': 128, 'observation_filter': 'NoFilter', 'entropy_coeff': 0.0, 'batch_mode': 'truncate_episodes', 'straggler_mitigation': False, 'vf_share_layers': False, 'num_gpus': 0, 'synchronize_filters': True, 'num_sgd_iter': 10, 'train_batch_size': 1500, 'optimizer': {}, 'num_gpus_per_worker': 0, 'preprocessor_pref': 'deepmind', 'num_cpus_for_driver': 1, 'lr_schedule': None, 'use_gae': True, 'lambda': 0.97, 'vf_loss_coeff': 1.0, 'vf_clip_param': 1000000.0, 'log_level': 'INFO', 'env_config': {'run': 'PPO', 'flow_params': '{\n    ""env"": {\n        ""additional_params"": {\n            ""max_accel"": 3,\n            ""max_decel"": 3,\n            ""sort_vehicles"": false,\n            ""target_velocity"": 20\n        },\n        ""evaluate"": false,\n        ""horizon"": 1500,\n        ""sims_per_step"": 1,\n        ""warmup_steps"": 0\n    },\n    ""env_name"": ""AccelEnv"",\n    ""exp_tag"": ""figure_eight_0"",\n    ""initial"": {\n        ""additional_params"": {},\n        ""bunching"": 0,\n        ""edges_distribution"": ""all"",\n        ""lanes_distribution"": Infinity,\n        ""min_gap"": 0,\n        ""perturbation"": 0.0,\n        ""shuffle"": false,\n        ""spacing"": ""uniform"",\n        ""x0"": 0\n    },\n    ""net"": {\n        ""additional_params"": {\n            ""lanes"": 1,\n            ""radius_ring"": 30,\n            ""resolution"": 40,\n            ""speed_limit"": 30\n        },\n        ""inflows"": {\n            ""_InFlows__flows"": [],\n            ""num_flows"": 0\n        },\n        ""netfile"": null,\n        ""no_internal_links"": false,\n        ""osm_path"": null\n    },\n    ""scenario"": ""Figure8Scenario"",\n    ""sim"": {\n        ""emission_path"": null,\n        ""lateral_resolution"": null,\n        ""no_step_log"": true,\n        ""num_clients"": 1,\n        ""overtake_right"": false,\n        ""port"": null,\n        ""print_warnings"": true,\n        ""pxpm"": 2,\n        ""render"": false,\n        ""restart_instance"": false,\n        ""save_render"": false,\n        ""seed"": null,\n        ""show_radius"": false,\n        ""sight_radius"": 25,\n        ""sim_step"": 0.1,\n        ""teleport_time"": -1\n    },\n    ""simulator"": ""traci"",\n    ""veh"": [\n        {\n            ""acceleration_controller"": [\n                ""IDMController"",\n                {\n                    ""noise"": 0.2\n                }\n            ],\n            ""car_following_params"": {\n                ""controller_params"": {\n                    ""accel"": 1.0,\n                    ""carFollowModel"": ""IDM"",\n                    ""decel"": 1.5,\n                    ""impatience"": 0.5,\n                    ""maxSpeed"": 30,\n                    ""minGap"": 2.5,\n                    ""sigma"": 0.5,\n                    ""speedDev"": 0.1,\n                    ""speedFactor"": 1.0,\n                    ""tau"": 1.0\n                },\n                ""speed_mode"": 1\n            },\n            ""initial_speed"": 0,\n            ""lane_change_controller"": [\n                ""SimLaneChangeController"",\n                {}\n            ],\n            ""lane_change_params"": {\n                ""controller_params"": {\n                    ""laneChangeModel"": ""LC2013"",\n                    ""lcCooperative"": ""1.0"",\n                    ""lcKeepRight"": ""1.0"",\n                    ""lcSpeedGain"": ""1.0"",\n                    ""lcStrategic"": ""1.0""\n                },\n                ""lane_change_mode"": 512\n            },\n            ""num_vehicles"": 13,\n            ""routing_controller"": [\n                ""ContinuousRouter"",\n                {}\n            ],\n            ""veh_id"": ""human""\n        },\n        {\n            ""acceleration_controller"": [\n                ""RLController"",\n                {}\n            ],\n            ""car_following_params"": {\n                ""controller_params"": {\n                    ""accel"": 1.0,\n                    ""carFollowModel"": ""IDM"",\n                    ""decel"": 1.5,\n                    ""impatience"": 0.5,\n                    ""maxSpeed"": 30,\n                    ""minGap"": 2.5,\n                    ""sigma"": 0.5,\n                    ""speedDev"": 0.1,\n                    ""speedFactor"": 1.0,\n                    ""tau"": 1.0\n                },\n                ""speed_mode"": 1\n            },\n            ""initial_speed"": 0,\n            ""lane_change_controller"": [\n                ""SimLaneChangeController"",\n                {}\n            ],\n            ""lane_change_params"": {\n                ""controller_params"": {\n                    ""laneChangeModel"": ""LC2013"",\n                    ""lcCooperative"": ""1.0"",\n                    ""lcKeepRight"": ""1.0"",\n                    ""lcSpeedGain"": ""1.0"",\n                    ""lcStrategic"": ""1.0""\n                },\n                ""lane_change_mode"": 512\n            },\n            ""num_vehicles"": 1,\n            ""routing_controller"": [\n                ""ContinuousRouter"",\n                {}\n            ],\n            ""veh_id"": ""rl""\n        }\n    ]\n}'}, 'env': 'AccelEnv-v0', 'local_evaluator_tf_session_args': {'inter_op_parallelism_threads': 8, 'intra_op_parallelism_threads': 8}, 'model': {'free_log_std': False, 'custom_options': {}, 'framestack': True, 'channel_major': False, 'max_seq_len': 20, 'lstm_use_prev_action_reward': False, 'squash_to_range': False, 'dim': 84, 'grayscale': False, 'fcnet_hiddens': [100, 50, 25], 'use_lstm': False, 'custom_model': None, 'fcnet_activation': 'tanh', 'conv_filters': None, 'conv_activation': 'relu', 'lstm_cell_size': 256, 'zero_mean': True, 'custom_preprocessor': None}, 'output_compress_columns': ['obs', 'new_obs'], 'monitor': False, 'custom_resources_per_worker': {}, 'output_max_file_size': 67108864, 'num_workers': 1, 'clip_param': 0.3, 'kl_coeff': 0.2, 'multiagent': {'policy_graphs': {}, 'policy_mapping_fn': None, 'policies_to_train': None}, 'input_evaluation': None, 'output': None, 'collect_metrics_timeout': 180, 'num_cpus_per_worker': 1}",169.237.32.118,1,1346.263888888889,9.839417457580566,"{'num_steps_sampled': 97600, 'load_time_ms': 1.121, 'default': {'kl': 0.014535929076373577, 'cur_lr': 0.0005000000237487257, 'total_loss': 3.0902559757232666, 'policy_loss': -0.022329075261950493, 'vf_explained_var': 0.8607659339904785, 'entropy': 1.1763031482696533, 'cur_kl_coeff': 0.2703048884868622, 'vf_loss': 3.108656167984009}, 'sample_time_ms': 9556.154, 'grad_time_ms': 281.278, 'update_time_ms': 4.767, 'num_steps_trained': 97600}",341.8176846707495,2019-04-02_07-47-00,kronos,71,97600,0,611.8323502540588,{},97600,61,61,611.8323502540588,496.3960633046472,1600,1554191220,{},0b32d2eec3344b1fbde4822793b2e447,83.35802442090997
False,74,"{'input': 'sampler', 'callbacks': {'on_train_result': None, 'on_sample_end': None, 'on_episode_step': None, 'on_episode_start': None, 'on_episode_end': None}, 'sample_batch_size': 200, 'clip_actions': False, 'clip_rewards': None, 'tf_session_args': {'inter_op_parallelism_threads': 2, 'intra_op_parallelism_threads': 2, 'device_count': {'CPU': 1}, 'log_device_placement': False, 'allow_soft_placement': True, 'gpu_options': {'allow_growth': True}}, 'kl_target': 0.01, 'horizon': 1500, 'lr': 0.0005, 'sample_async': False, 'simple_optimizer': False, 'compress_observations': False, 'num_envs_per_worker': 1, 'gamma': 0.99, 'sgd_minibatch_size': 128, 'observation_filter': 'NoFilter', 'entropy_coeff': 0.0, 'batch_mode': 'truncate_episodes', 'straggler_mitigation': False, 'vf_share_layers': False, 'num_gpus': 0, 'synchronize_filters': True, 'num_sgd_iter': 10, 'train_batch_size': 1500, 'optimizer': {}, 'num_gpus_per_worker': 0, 'preprocessor_pref': 'deepmind', 'num_cpus_for_driver': 1, 'lr_schedule': None, 'use_gae': True, 'lambda': 0.97, 'vf_loss_coeff': 1.0, 'vf_clip_param': 1000000.0, 'log_level': 'INFO', 'env_config': {'run': 'PPO', 'flow_params': '{\n    ""env"": {\n        ""additional_params"": {\n            ""max_accel"": 3,\n            ""max_decel"": 3,\n            ""sort_vehicles"": false,\n            ""target_velocity"": 20\n        },\n        ""evaluate"": false,\n        ""horizon"": 1500,\n        ""sims_per_step"": 1,\n        ""warmup_steps"": 0\n    },\n    ""env_name"": ""AccelEnv"",\n    ""exp_tag"": ""figure_eight_0"",\n    ""initial"": {\n        ""additional_params"": {},\n        ""bunching"": 0,\n        ""edges_distribution"": ""all"",\n        ""lanes_distribution"": Infinity,\n        ""min_gap"": 0,\n        ""perturbation"": 0.0,\n        ""shuffle"": false,\n        ""spacing"": ""uniform"",\n        ""x0"": 0\n    },\n    ""net"": {\n        ""additional_params"": {\n            ""lanes"": 1,\n            ""radius_ring"": 30,\n            ""resolution"": 40,\n            ""speed_limit"": 30\n        },\n        ""inflows"": {\n            ""_InFlows__flows"": [],\n            ""num_flows"": 0\n        },\n        ""netfile"": null,\n        ""no_internal_links"": false,\n        ""osm_path"": null\n    },\n    ""scenario"": ""Figure8Scenario"",\n    ""sim"": {\n        ""emission_path"": null,\n        ""lateral_resolution"": null,\n        ""no_step_log"": true,\n        ""num_clients"": 1,\n        ""overtake_right"": false,\n        ""port"": null,\n        ""print_warnings"": true,\n        ""pxpm"": 2,\n        ""render"": false,\n        ""restart_instance"": false,\n        ""save_render"": false,\n        ""seed"": null,\n        ""show_radius"": false,\n        ""sight_radius"": 25,\n        ""sim_step"": 0.1,\n        ""teleport_time"": -1\n    },\n    ""simulator"": ""traci"",\n    ""veh"": [\n        {\n            ""acceleration_controller"": [\n                ""IDMController"",\n                {\n                    ""noise"": 0.2\n                }\n            ],\n            ""car_following_params"": {\n                ""controller_params"": {\n                    ""accel"": 1.0,\n                    ""carFollowModel"": ""IDM"",\n                    ""decel"": 1.5,\n                    ""impatience"": 0.5,\n                    ""maxSpeed"": 30,\n                    ""minGap"": 2.5,\n                    ""sigma"": 0.5,\n                    ""speedDev"": 0.1,\n                    ""speedFactor"": 1.0,\n                    ""tau"": 1.0\n                },\n                ""speed_mode"": 1\n            },\n            ""initial_speed"": 0,\n            ""lane_change_controller"": [\n                ""SimLaneChangeController"",\n                {}\n            ],\n            ""lane_change_params"": {\n                ""controller_params"": {\n                    ""laneChangeModel"": ""LC2013"",\n                    ""lcCooperative"": ""1.0"",\n                    ""lcKeepRight"": ""1.0"",\n                    ""lcSpeedGain"": ""1.0"",\n                    ""lcStrategic"": ""1.0""\n                },\n                ""lane_change_mode"": 512\n            },\n            ""num_vehicles"": 13,\n            ""routing_controller"": [\n                ""ContinuousRouter"",\n                {}\n            ],\n            ""veh_id"": ""human""\n        },\n        {\n            ""acceleration_controller"": [\n                ""RLController"",\n                {}\n            ],\n            ""car_following_params"": {\n                ""controller_params"": {\n                    ""accel"": 1.0,\n                    ""carFollowModel"": ""IDM"",\n                    ""decel"": 1.5,\n                    ""impatience"": 0.5,\n                    ""maxSpeed"": 30,\n                    ""minGap"": 2.5,\n                    ""sigma"": 0.5,\n                    ""speedDev"": 0.1,\n                    ""speedFactor"": 1.0,\n                    ""tau"": 1.0\n                },\n                ""speed_mode"": 1\n            },\n            ""initial_speed"": 0,\n            ""lane_change_controller"": [\n                ""SimLaneChangeController"",\n                {}\n            ],\n            ""lane_change_params"": {\n                ""controller_params"": {\n                    ""laneChangeModel"": ""LC2013"",\n                    ""lcCooperative"": ""1.0"",\n                    ""lcKeepRight"": ""1.0"",\n                    ""lcSpeedGain"": ""1.0"",\n                    ""lcStrategic"": ""1.0""\n                },\n                ""lane_change_mode"": 512\n            },\n            ""num_vehicles"": 1,\n            ""routing_controller"": [\n                ""ContinuousRouter"",\n                {}\n            ],\n            ""veh_id"": ""rl""\n        }\n    ]\n}'}, 'env': 'AccelEnv-v0', 'local_evaluator_tf_session_args': {'inter_op_parallelism_threads': 8, 'intra_op_parallelism_threads': 8}, 'model': {'free_log_std': False, 'custom_options': {}, 'framestack': True, 'channel_major': False, 'max_seq_len': 20, 'lstm_use_prev_action_reward': False, 'squash_to_range': False, 'dim': 84, 'grayscale': False, 'fcnet_hiddens': [100, 50, 25], 'use_lstm': False, 'custom_model': None, 'fcnet_activation': 'tanh', 'conv_filters': None, 'conv_activation': 'relu', 'lstm_cell_size': 256, 'zero_mean': True, 'custom_preprocessor': None}, 'output_compress_columns': ['obs', 'new_obs'], 'monitor': False, 'custom_resources_per_worker': {}, 'output_max_file_size': 67108864, 'num_workers': 1, 'clip_param': 0.3, 'kl_coeff': 0.2, 'multiagent': {'policy_graphs': {}, 'policy_mapping_fn': None, 'policies_to_train': None}, 'input_evaluation': None, 'output': None, 'collect_metrics_timeout': 180, 'num_cpus_per_worker': 1}",169.237.32.118,2,1338.3513513513512,9.855797529220581,"{'num_steps_sampled': 99200, 'load_time_ms': 1.119, 'default': {'kl': 0.014623183757066727, 'cur_lr': 0.0005000000237487257, 'total_loss': 2.3122150897979736, 'policy_loss': -0.010888505727052689, 'vf_explained_var': 0.9256868958473206, 'entropy': 1.2045072317123413, 'cur_kl_coeff': 0.2703048884868622, 'vf_loss': 2.319150924682617}, 'sample_time_ms': 9567.181, 'grad_time_ms': 281.085, 'update_time_ms': 4.748, 'num_steps_trained': 99200}",340.90453700794575,2019-04-02_07-47-09,kronos,71,99200,0,621.6881477832794,{},99200,62,62,621.6881477832794,496.3960633046472,1600,1554191229,{},0b32d2eec3344b1fbde4822793b2e447,83.35802442090997
False,75,"{'input': 'sampler', 'callbacks': {'on_train_result': None, 'on_sample_end': None, 'on_episode_step': None, 'on_episode_start': None, 'on_episode_end': None}, 'sample_batch_size': 200, 'clip_actions': False, 'clip_rewards': None, 'tf_session_args': {'inter_op_parallelism_threads': 2, 'intra_op_parallelism_threads': 2, 'device_count': {'CPU': 1}, 'log_device_placement': False, 'allow_soft_placement': True, 'gpu_options': {'allow_growth': True}}, 'kl_target': 0.01, 'horizon': 1500, 'lr': 0.0005, 'sample_async': False, 'simple_optimizer': False, 'compress_observations': False, 'num_envs_per_worker': 1, 'gamma': 0.99, 'sgd_minibatch_size': 128, 'observation_filter': 'NoFilter', 'entropy_coeff': 0.0, 'batch_mode': 'truncate_episodes', 'straggler_mitigation': False, 'vf_share_layers': False, 'num_gpus': 0, 'synchronize_filters': True, 'num_sgd_iter': 10, 'train_batch_size': 1500, 'optimizer': {}, 'num_gpus_per_worker': 0, 'preprocessor_pref': 'deepmind', 'num_cpus_for_driver': 1, 'lr_schedule': None, 'use_gae': True, 'lambda': 0.97, 'vf_loss_coeff': 1.0, 'vf_clip_param': 1000000.0, 'log_level': 'INFO', 'env_config': {'run': 'PPO', 'flow_params': '{\n    ""env"": {\n        ""additional_params"": {\n            ""max_accel"": 3,\n            ""max_decel"": 3,\n            ""sort_vehicles"": false,\n            ""target_velocity"": 20\n        },\n        ""evaluate"": false,\n        ""horizon"": 1500,\n        ""sims_per_step"": 1,\n        ""warmup_steps"": 0\n    },\n    ""env_name"": ""AccelEnv"",\n    ""exp_tag"": ""figure_eight_0"",\n    ""initial"": {\n        ""additional_params"": {},\n        ""bunching"": 0,\n        ""edges_distribution"": ""all"",\n        ""lanes_distribution"": Infinity,\n        ""min_gap"": 0,\n        ""perturbation"": 0.0,\n        ""shuffle"": false,\n        ""spacing"": ""uniform"",\n        ""x0"": 0\n    },\n    ""net"": {\n        ""additional_params"": {\n            ""lanes"": 1,\n            ""radius_ring"": 30,\n            ""resolution"": 40,\n            ""speed_limit"": 30\n        },\n        ""inflows"": {\n            ""_InFlows__flows"": [],\n            ""num_flows"": 0\n        },\n        ""netfile"": null,\n        ""no_internal_links"": false,\n        ""osm_path"": null\n    },\n    ""scenario"": ""Figure8Scenario"",\n    ""sim"": {\n        ""emission_path"": null,\n        ""lateral_resolution"": null,\n        ""no_step_log"": true,\n        ""num_clients"": 1,\n        ""overtake_right"": false,\n        ""port"": null,\n        ""print_warnings"": true,\n        ""pxpm"": 2,\n        ""render"": false,\n        ""restart_instance"": false,\n        ""save_render"": false,\n        ""seed"": null,\n        ""show_radius"": false,\n        ""sight_radius"": 25,\n        ""sim_step"": 0.1,\n        ""teleport_time"": -1\n    },\n    ""simulator"": ""traci"",\n    ""veh"": [\n        {\n            ""acceleration_controller"": [\n                ""IDMController"",\n                {\n                    ""noise"": 0.2\n                }\n            ],\n            ""car_following_params"": {\n                ""controller_params"": {\n                    ""accel"": 1.0,\n                    ""carFollowModel"": ""IDM"",\n                    ""decel"": 1.5,\n                    ""impatience"": 0.5,\n                    ""maxSpeed"": 30,\n                    ""minGap"": 2.5,\n                    ""sigma"": 0.5,\n                    ""speedDev"": 0.1,\n                    ""speedFactor"": 1.0,\n                    ""tau"": 1.0\n                },\n                ""speed_mode"": 1\n            },\n            ""initial_speed"": 0,\n            ""lane_change_controller"": [\n                ""SimLaneChangeController"",\n                {}\n            ],\n            ""lane_change_params"": {\n                ""controller_params"": {\n                    ""laneChangeModel"": ""LC2013"",\n                    ""lcCooperative"": ""1.0"",\n                    ""lcKeepRight"": ""1.0"",\n                    ""lcSpeedGain"": ""1.0"",\n                    ""lcStrategic"": ""1.0""\n                },\n                ""lane_change_mode"": 512\n            },\n            ""num_vehicles"": 13,\n            ""routing_controller"": [\n                ""ContinuousRouter"",\n                {}\n            ],\n            ""veh_id"": ""human""\n        },\n        {\n            ""acceleration_controller"": [\n                ""RLController"",\n                {}\n            ],\n            ""car_following_params"": {\n                ""controller_params"": {\n                    ""accel"": 1.0,\n                    ""carFollowModel"": ""IDM"",\n                    ""decel"": 1.5,\n                    ""impatience"": 0.5,\n                    ""maxSpeed"": 30,\n                    ""minGap"": 2.5,\n                    ""sigma"": 0.5,\n                    ""speedDev"": 0.1,\n                    ""speedFactor"": 1.0,\n                    ""tau"": 1.0\n                },\n                ""speed_mode"": 1\n            },\n            ""initial_speed"": 0,\n            ""lane_change_controller"": [\n                ""SimLaneChangeController"",\n                {}\n            ],\n            ""lane_change_params"": {\n                ""controller_params"": {\n                    ""laneChangeModel"": ""LC2013"",\n                    ""lcCooperative"": ""1.0"",\n                    ""lcKeepRight"": ""1.0"",\n                    ""lcSpeedGain"": ""1.0"",\n                    ""lcStrategic"": ""1.0""\n                },\n                ""lane_change_mode"": 512\n            },\n            ""num_vehicles"": 1,\n            ""routing_controller"": [\n                ""ContinuousRouter"",\n                {}\n            ],\n            ""veh_id"": ""rl""\n        }\n    ]\n}'}, 'env': 'AccelEnv-v0', 'local_evaluator_tf_session_args': {'inter_op_parallelism_threads': 8, 'intra_op_parallelism_threads': 8}, 'model': {'free_log_std': False, 'custom_options': {}, 'framestack': True, 'channel_major': False, 'max_seq_len': 20, 'lstm_use_prev_action_reward': False, 'squash_to_range': False, 'dim': 84, 'grayscale': False, 'fcnet_hiddens': [100, 50, 25], 'use_lstm': False, 'custom_model': None, 'fcnet_activation': 'tanh', 'conv_filters': None, 'conv_activation': 'relu', 'lstm_cell_size': 256, 'zero_mean': True, 'custom_preprocessor': None}, 'output_compress_columns': ['obs', 'new_obs'], 'monitor': False, 'custom_resources_per_worker': {}, 'output_max_file_size': 67108864, 'num_workers': 1, 'clip_param': 0.3, 'kl_coeff': 0.2, 'multiagent': {'policy_graphs': {}, 'policy_mapping_fn': None, 'policies_to_train': None}, 'input_evaluation': None, 'output': None, 'collect_metrics_timeout': 180, 'num_cpus_per_worker': 1}",169.237.32.118,1,1340.5066666666667,9.904616594314575,"{'num_steps_sampled': 100800, 'load_time_ms': 1.145, 'default': {'kl': 0.003611036343500018, 'cur_lr': 0.0005000000237487257, 'total_loss': 2.131267786026001, 'policy_loss': -0.008916224353015423, 'vf_explained_var': 0.9210438132286072, 'entropy': 1.2181073427200317, 'cur_kl_coeff': 0.2703048884868622, 'vf_loss': 2.1392080783843994}, 'sample_time_ms': 9576.923, 'grad_time_ms': 279.52, 'update_time_ms': 4.516, 'num_steps_trained': 100800}",341.83732160508487,2019-04-02_07-47-19,kronos,71,100800,0,631.592764377594,{},100800,63,63,631.592764377594,496.3960633046472,1600,1554191239,{},0b32d2eec3344b1fbde4822793b2e447,83.35802442090997
False,76,"{'input': 'sampler', 'callbacks': {'on_train_result': None, 'on_sample_end': None, 'on_episode_step': None, 'on_episode_start': None, 'on_episode_end': None}, 'sample_batch_size': 200, 'clip_actions': False, 'clip_rewards': None, 'tf_session_args': {'inter_op_parallelism_threads': 2, 'intra_op_parallelism_threads': 2, 'device_count': {'CPU': 1}, 'log_device_placement': False, 'allow_soft_placement': True, 'gpu_options': {'allow_growth': True}}, 'kl_target': 0.01, 'horizon': 1500, 'lr': 0.0005, 'sample_async': False, 'simple_optimizer': False, 'compress_observations': False, 'num_envs_per_worker': 1, 'gamma': 0.99, 'sgd_minibatch_size': 128, 'observation_filter': 'NoFilter', 'entropy_coeff': 0.0, 'batch_mode': 'truncate_episodes', 'straggler_mitigation': False, 'vf_share_layers': False, 'num_gpus': 0, 'synchronize_filters': True, 'num_sgd_iter': 10, 'train_batch_size': 1500, 'optimizer': {}, 'num_gpus_per_worker': 0, 'preprocessor_pref': 'deepmind', 'num_cpus_for_driver': 1, 'lr_schedule': None, 'use_gae': True, 'lambda': 0.97, 'vf_loss_coeff': 1.0, 'vf_clip_param': 1000000.0, 'log_level': 'INFO', 'env_config': {'run': 'PPO', 'flow_params': '{\n    ""env"": {\n        ""additional_params"": {\n            ""max_accel"": 3,\n            ""max_decel"": 3,\n            ""sort_vehicles"": false,\n            ""target_velocity"": 20\n        },\n        ""evaluate"": false,\n        ""horizon"": 1500,\n        ""sims_per_step"": 1,\n        ""warmup_steps"": 0\n    },\n    ""env_name"": ""AccelEnv"",\n    ""exp_tag"": ""figure_eight_0"",\n    ""initial"": {\n        ""additional_params"": {},\n        ""bunching"": 0,\n        ""edges_distribution"": ""all"",\n        ""lanes_distribution"": Infinity,\n        ""min_gap"": 0,\n        ""perturbation"": 0.0,\n        ""shuffle"": false,\n        ""spacing"": ""uniform"",\n        ""x0"": 0\n    },\n    ""net"": {\n        ""additional_params"": {\n            ""lanes"": 1,\n            ""radius_ring"": 30,\n            ""resolution"": 40,\n            ""speed_limit"": 30\n        },\n        ""inflows"": {\n            ""_InFlows__flows"": [],\n            ""num_flows"": 0\n        },\n        ""netfile"": null,\n        ""no_internal_links"": false,\n        ""osm_path"": null\n    },\n    ""scenario"": ""Figure8Scenario"",\n    ""sim"": {\n        ""emission_path"": null,\n        ""lateral_resolution"": null,\n        ""no_step_log"": true,\n        ""num_clients"": 1,\n        ""overtake_right"": false,\n        ""port"": null,\n        ""print_warnings"": true,\n        ""pxpm"": 2,\n        ""render"": false,\n        ""restart_instance"": false,\n        ""save_render"": false,\n        ""seed"": null,\n        ""show_radius"": false,\n        ""sight_radius"": 25,\n        ""sim_step"": 0.1,\n        ""teleport_time"": -1\n    },\n    ""simulator"": ""traci"",\n    ""veh"": [\n        {\n            ""acceleration_controller"": [\n                ""IDMController"",\n                {\n                    ""noise"": 0.2\n                }\n            ],\n            ""car_following_params"": {\n                ""controller_params"": {\n                    ""accel"": 1.0,\n                    ""carFollowModel"": ""IDM"",\n                    ""decel"": 1.5,\n                    ""impatience"": 0.5,\n                    ""maxSpeed"": 30,\n                    ""minGap"": 2.5,\n                    ""sigma"": 0.5,\n                    ""speedDev"": 0.1,\n                    ""speedFactor"": 1.0,\n                    ""tau"": 1.0\n                },\n                ""speed_mode"": 1\n            },\n            ""initial_speed"": 0,\n            ""lane_change_controller"": [\n                ""SimLaneChangeController"",\n                {}\n            ],\n            ""lane_change_params"": {\n                ""controller_params"": {\n                    ""laneChangeModel"": ""LC2013"",\n                    ""lcCooperative"": ""1.0"",\n                    ""lcKeepRight"": ""1.0"",\n                    ""lcSpeedGain"": ""1.0"",\n                    ""lcStrategic"": ""1.0""\n                },\n                ""lane_change_mode"": 512\n            },\n            ""num_vehicles"": 13,\n            ""routing_controller"": [\n                ""ContinuousRouter"",\n                {}\n            ],\n            ""veh_id"": ""human""\n        },\n        {\n            ""acceleration_controller"": [\n                ""RLController"",\n                {}\n            ],\n            ""car_following_params"": {\n                ""controller_params"": {\n                    ""accel"": 1.0,\n                    ""carFollowModel"": ""IDM"",\n                    ""decel"": 1.5,\n                    ""impatience"": 0.5,\n                    ""maxSpeed"": 30,\n                    ""minGap"": 2.5,\n                    ""sigma"": 0.5,\n                    ""speedDev"": 0.1,\n                    ""speedFactor"": 1.0,\n                    ""tau"": 1.0\n                },\n                ""speed_mode"": 1\n            },\n            ""initial_speed"": 0,\n            ""lane_change_controller"": [\n                ""SimLaneChangeController"",\n                {}\n            ],\n            ""lane_change_params"": {\n                ""controller_params"": {\n                    ""laneChangeModel"": ""LC2013"",\n                    ""lcCooperative"": ""1.0"",\n                    ""lcKeepRight"": ""1.0"",\n                    ""lcSpeedGain"": ""1.0"",\n                    ""lcStrategic"": ""1.0""\n                },\n                ""lane_change_mode"": 512\n            },\n            ""num_vehicles"": 1,\n            ""routing_controller"": [\n                ""ContinuousRouter"",\n                {}\n            ],\n            ""veh_id"": ""rl""\n        }\n    ]\n}'}, 'env': 'AccelEnv-v0', 'local_evaluator_tf_session_args': {'inter_op_parallelism_threads': 8, 'intra_op_parallelism_threads': 8}, 'model': {'free_log_std': False, 'custom_options': {}, 'framestack': True, 'channel_major': False, 'max_seq_len': 20, 'lstm_use_prev_action_reward': False, 'squash_to_range': False, 'dim': 84, 'grayscale': False, 'fcnet_hiddens': [100, 50, 25], 'use_lstm': False, 'custom_model': None, 'fcnet_activation': 'tanh', 'conv_filters': None, 'conv_activation': 'relu', 'lstm_cell_size': 256, 'zero_mean': True, 'custom_preprocessor': None}, 'output_compress_columns': ['obs', 'new_obs'], 'monitor': False, 'custom_resources_per_worker': {}, 'output_max_file_size': 67108864, 'num_workers': 1, 'clip_param': 0.3, 'kl_coeff': 0.2, 'multiagent': {'policy_graphs': {}, 'policy_mapping_fn': None, 'policies_to_train': None}, 'input_evaluation': None, 'output': None, 'collect_metrics_timeout': 180, 'num_cpus_per_worker': 1}",169.237.32.118,1,1342.6052631578948,9.913134098052979,"{'num_steps_sampled': 102400, 'load_time_ms': 1.18, 'default': {'kl': 0.015652457252144814, 'cur_lr': 0.0005000000237487257, 'total_loss': 1.251294732093811, 'policy_loss': -0.029669443145394325, 'vf_explained_var': 0.9524626135826111, 'entropy': 1.2908954620361328, 'cur_kl_coeff': 0.1351524442434311, 'vf_loss': 1.2788487672805786}, 'sample_time_ms': 9577.104, 'grad_time_ms': 277.856, 'update_time_ms': 4.563, 'num_steps_trained': 102400}",342.4956155355574,2019-04-02_07-47-29,kronos,71,102400,0,641.505898475647,{},102400,64,64,641.505898475647,496.3960633046472,1600,1554191249,{},0b32d2eec3344b1fbde4822793b2e447,83.35802442090997
False,77,"{'input': 'sampler', 'callbacks': {'on_train_result': None, 'on_sample_end': None, 'on_episode_step': None, 'on_episode_start': None, 'on_episode_end': None}, 'sample_batch_size': 200, 'clip_actions': False, 'clip_rewards': None, 'tf_session_args': {'inter_op_parallelism_threads': 2, 'intra_op_parallelism_threads': 2, 'device_count': {'CPU': 1}, 'log_device_placement': False, 'allow_soft_placement': True, 'gpu_options': {'allow_growth': True}}, 'kl_target': 0.01, 'horizon': 1500, 'lr': 0.0005, 'sample_async': False, 'simple_optimizer': False, 'compress_observations': False, 'num_envs_per_worker': 1, 'gamma': 0.99, 'sgd_minibatch_size': 128, 'observation_filter': 'NoFilter', 'entropy_coeff': 0.0, 'batch_mode': 'truncate_episodes', 'straggler_mitigation': False, 'vf_share_layers': False, 'num_gpus': 0, 'synchronize_filters': True, 'num_sgd_iter': 10, 'train_batch_size': 1500, 'optimizer': {}, 'num_gpus_per_worker': 0, 'preprocessor_pref': 'deepmind', 'num_cpus_for_driver': 1, 'lr_schedule': None, 'use_gae': True, 'lambda': 0.97, 'vf_loss_coeff': 1.0, 'vf_clip_param': 1000000.0, 'log_level': 'INFO', 'env_config': {'run': 'PPO', 'flow_params': '{\n    ""env"": {\n        ""additional_params"": {\n            ""max_accel"": 3,\n            ""max_decel"": 3,\n            ""sort_vehicles"": false,\n            ""target_velocity"": 20\n        },\n        ""evaluate"": false,\n        ""horizon"": 1500,\n        ""sims_per_step"": 1,\n        ""warmup_steps"": 0\n    },\n    ""env_name"": ""AccelEnv"",\n    ""exp_tag"": ""figure_eight_0"",\n    ""initial"": {\n        ""additional_params"": {},\n        ""bunching"": 0,\n        ""edges_distribution"": ""all"",\n        ""lanes_distribution"": Infinity,\n        ""min_gap"": 0,\n        ""perturbation"": 0.0,\n        ""shuffle"": false,\n        ""spacing"": ""uniform"",\n        ""x0"": 0\n    },\n    ""net"": {\n        ""additional_params"": {\n            ""lanes"": 1,\n            ""radius_ring"": 30,\n            ""resolution"": 40,\n            ""speed_limit"": 30\n        },\n        ""inflows"": {\n            ""_InFlows__flows"": [],\n            ""num_flows"": 0\n        },\n        ""netfile"": null,\n        ""no_internal_links"": false,\n        ""osm_path"": null\n    },\n    ""scenario"": ""Figure8Scenario"",\n    ""sim"": {\n        ""emission_path"": null,\n        ""lateral_resolution"": null,\n        ""no_step_log"": true,\n        ""num_clients"": 1,\n        ""overtake_right"": false,\n        ""port"": null,\n        ""print_warnings"": true,\n        ""pxpm"": 2,\n        ""render"": false,\n        ""restart_instance"": false,\n        ""save_render"": false,\n        ""seed"": null,\n        ""show_radius"": false,\n        ""sight_radius"": 25,\n        ""sim_step"": 0.1,\n        ""teleport_time"": -1\n    },\n    ""simulator"": ""traci"",\n    ""veh"": [\n        {\n            ""acceleration_controller"": [\n                ""IDMController"",\n                {\n                    ""noise"": 0.2\n                }\n            ],\n            ""car_following_params"": {\n                ""controller_params"": {\n                    ""accel"": 1.0,\n                    ""carFollowModel"": ""IDM"",\n                    ""decel"": 1.5,\n                    ""impatience"": 0.5,\n                    ""maxSpeed"": 30,\n                    ""minGap"": 2.5,\n                    ""sigma"": 0.5,\n                    ""speedDev"": 0.1,\n                    ""speedFactor"": 1.0,\n                    ""tau"": 1.0\n                },\n                ""speed_mode"": 1\n            },\n            ""initial_speed"": 0,\n            ""lane_change_controller"": [\n                ""SimLaneChangeController"",\n                {}\n            ],\n            ""lane_change_params"": {\n                ""controller_params"": {\n                    ""laneChangeModel"": ""LC2013"",\n                    ""lcCooperative"": ""1.0"",\n                    ""lcKeepRight"": ""1.0"",\n                    ""lcSpeedGain"": ""1.0"",\n                    ""lcStrategic"": ""1.0""\n                },\n                ""lane_change_mode"": 512\n            },\n            ""num_vehicles"": 13,\n            ""routing_controller"": [\n                ""ContinuousRouter"",\n                {}\n            ],\n            ""veh_id"": ""human""\n        },\n        {\n            ""acceleration_controller"": [\n                ""RLController"",\n                {}\n            ],\n            ""car_following_params"": {\n                ""controller_params"": {\n                    ""accel"": 1.0,\n                    ""carFollowModel"": ""IDM"",\n                    ""decel"": 1.5,\n                    ""impatience"": 0.5,\n                    ""maxSpeed"": 30,\n                    ""minGap"": 2.5,\n                    ""sigma"": 0.5,\n                    ""speedDev"": 0.1,\n                    ""speedFactor"": 1.0,\n                    ""tau"": 1.0\n                },\n                ""speed_mode"": 1\n            },\n            ""initial_speed"": 0,\n            ""lane_change_controller"": [\n                ""SimLaneChangeController"",\n                {}\n            ],\n            ""lane_change_params"": {\n                ""controller_params"": {\n                    ""laneChangeModel"": ""LC2013"",\n                    ""lcCooperative"": ""1.0"",\n                    ""lcKeepRight"": ""1.0"",\n                    ""lcSpeedGain"": ""1.0"",\n                    ""lcStrategic"": ""1.0""\n                },\n                ""lane_change_mode"": 512\n            },\n            ""num_vehicles"": 1,\n            ""routing_controller"": [\n                ""ContinuousRouter"",\n                {}\n            ],\n            ""veh_id"": ""rl""\n        }\n    ]\n}'}, 'env': 'AccelEnv-v0', 'local_evaluator_tf_session_args': {'inter_op_parallelism_threads': 8, 'intra_op_parallelism_threads': 8}, 'model': {'free_log_std': False, 'custom_options': {}, 'framestack': True, 'channel_major': False, 'max_seq_len': 20, 'lstm_use_prev_action_reward': False, 'squash_to_range': False, 'dim': 84, 'grayscale': False, 'fcnet_hiddens': [100, 50, 25], 'use_lstm': False, 'custom_model': None, 'fcnet_activation': 'tanh', 'conv_filters': None, 'conv_activation': 'relu', 'lstm_cell_size': 256, 'zero_mean': True, 'custom_preprocessor': None}, 'output_compress_columns': ['obs', 'new_obs'], 'monitor': False, 'custom_resources_per_worker': {}, 'output_max_file_size': 67108864, 'num_workers': 1, 'clip_param': 0.3, 'kl_coeff': 0.2, 'multiagent': {'policy_graphs': {}, 'policy_mapping_fn': None, 'policies_to_train': None}, 'input_evaluation': None, 'output': None, 'collect_metrics_timeout': 180, 'num_cpus_per_worker': 1}",169.237.32.118,1,1344.6493506493507,9.869238138198853,"{'num_steps_sampled': 104000, 'load_time_ms': 1.202, 'default': {'kl': 0.020795682445168495, 'cur_lr': 0.0005000000237487257, 'total_loss': 1.9016876220703125, 'policy_loss': -0.018855934962630272, 'vf_explained_var': 0.9605200290679932, 'entropy': 1.1880170106887817, 'cur_kl_coeff': 0.1351524442434311, 'vf_loss': 1.917732834815979}, 'sample_time_ms': 9577.003, 'grad_time_ms': 276.369, 'update_time_ms': 4.474, 'num_steps_trained': 104000}",343.19637737694165,2019-04-02_07-47-39,kronos,71,104000,0,651.3751366138458,{},104000,65,65,651.3751366138458,496.3960633046472,1600,1554191259,{},0b32d2eec3344b1fbde4822793b2e447,83.35802442090997
False,78,"{'input': 'sampler', 'callbacks': {'on_train_result': None, 'on_sample_end': None, 'on_episode_step': None, 'on_episode_start': None, 'on_episode_end': None}, 'sample_batch_size': 200, 'clip_actions': False, 'clip_rewards': None, 'tf_session_args': {'inter_op_parallelism_threads': 2, 'intra_op_parallelism_threads': 2, 'device_count': {'CPU': 1}, 'log_device_placement': False, 'allow_soft_placement': True, 'gpu_options': {'allow_growth': True}}, 'kl_target': 0.01, 'horizon': 1500, 'lr': 0.0005, 'sample_async': False, 'simple_optimizer': False, 'compress_observations': False, 'num_envs_per_worker': 1, 'gamma': 0.99, 'sgd_minibatch_size': 128, 'observation_filter': 'NoFilter', 'entropy_coeff': 0.0, 'batch_mode': 'truncate_episodes', 'straggler_mitigation': False, 'vf_share_layers': False, 'num_gpus': 0, 'synchronize_filters': True, 'num_sgd_iter': 10, 'train_batch_size': 1500, 'optimizer': {}, 'num_gpus_per_worker': 0, 'preprocessor_pref': 'deepmind', 'num_cpus_for_driver': 1, 'lr_schedule': None, 'use_gae': True, 'lambda': 0.97, 'vf_loss_coeff': 1.0, 'vf_clip_param': 1000000.0, 'log_level': 'INFO', 'env_config': {'run': 'PPO', 'flow_params': '{\n    ""env"": {\n        ""additional_params"": {\n            ""max_accel"": 3,\n            ""max_decel"": 3,\n            ""sort_vehicles"": false,\n            ""target_velocity"": 20\n        },\n        ""evaluate"": false,\n        ""horizon"": 1500,\n        ""sims_per_step"": 1,\n        ""warmup_steps"": 0\n    },\n    ""env_name"": ""AccelEnv"",\n    ""exp_tag"": ""figure_eight_0"",\n    ""initial"": {\n        ""additional_params"": {},\n        ""bunching"": 0,\n        ""edges_distribution"": ""all"",\n        ""lanes_distribution"": Infinity,\n        ""min_gap"": 0,\n        ""perturbation"": 0.0,\n        ""shuffle"": false,\n        ""spacing"": ""uniform"",\n        ""x0"": 0\n    },\n    ""net"": {\n        ""additional_params"": {\n            ""lanes"": 1,\n            ""radius_ring"": 30,\n            ""resolution"": 40,\n            ""speed_limit"": 30\n        },\n        ""inflows"": {\n            ""_InFlows__flows"": [],\n            ""num_flows"": 0\n        },\n        ""netfile"": null,\n        ""no_internal_links"": false,\n        ""osm_path"": null\n    },\n    ""scenario"": ""Figure8Scenario"",\n    ""sim"": {\n        ""emission_path"": null,\n        ""lateral_resolution"": null,\n        ""no_step_log"": true,\n        ""num_clients"": 1,\n        ""overtake_right"": false,\n        ""port"": null,\n        ""print_warnings"": true,\n        ""pxpm"": 2,\n        ""render"": false,\n        ""restart_instance"": false,\n        ""save_render"": false,\n        ""seed"": null,\n        ""show_radius"": false,\n        ""sight_radius"": 25,\n        ""sim_step"": 0.1,\n        ""teleport_time"": -1\n    },\n    ""simulator"": ""traci"",\n    ""veh"": [\n        {\n            ""acceleration_controller"": [\n                ""IDMController"",\n                {\n                    ""noise"": 0.2\n                }\n            ],\n            ""car_following_params"": {\n                ""controller_params"": {\n                    ""accel"": 1.0,\n                    ""carFollowModel"": ""IDM"",\n                    ""decel"": 1.5,\n                    ""impatience"": 0.5,\n                    ""maxSpeed"": 30,\n                    ""minGap"": 2.5,\n                    ""sigma"": 0.5,\n                    ""speedDev"": 0.1,\n                    ""speedFactor"": 1.0,\n                    ""tau"": 1.0\n                },\n                ""speed_mode"": 1\n            },\n            ""initial_speed"": 0,\n            ""lane_change_controller"": [\n                ""SimLaneChangeController"",\n                {}\n            ],\n            ""lane_change_params"": {\n                ""controller_params"": {\n                    ""laneChangeModel"": ""LC2013"",\n                    ""lcCooperative"": ""1.0"",\n                    ""lcKeepRight"": ""1.0"",\n                    ""lcSpeedGain"": ""1.0"",\n                    ""lcStrategic"": ""1.0""\n                },\n                ""lane_change_mode"": 512\n            },\n            ""num_vehicles"": 13,\n            ""routing_controller"": [\n                ""ContinuousRouter"",\n                {}\n            ],\n            ""veh_id"": ""human""\n        },\n        {\n            ""acceleration_controller"": [\n                ""RLController"",\n                {}\n            ],\n            ""car_following_params"": {\n                ""controller_params"": {\n                    ""accel"": 1.0,\n                    ""carFollowModel"": ""IDM"",\n                    ""decel"": 1.5,\n                    ""impatience"": 0.5,\n                    ""maxSpeed"": 30,\n                    ""minGap"": 2.5,\n                    ""sigma"": 0.5,\n                    ""speedDev"": 0.1,\n                    ""speedFactor"": 1.0,\n                    ""tau"": 1.0\n                },\n                ""speed_mode"": 1\n            },\n            ""initial_speed"": 0,\n            ""lane_change_controller"": [\n                ""SimLaneChangeController"",\n                {}\n            ],\n            ""lane_change_params"": {\n                ""controller_params"": {\n                    ""laneChangeModel"": ""LC2013"",\n                    ""lcCooperative"": ""1.0"",\n                    ""lcKeepRight"": ""1.0"",\n                    ""lcSpeedGain"": ""1.0"",\n                    ""lcStrategic"": ""1.0""\n                },\n                ""lane_change_mode"": 512\n            },\n            ""num_vehicles"": 1,\n            ""routing_controller"": [\n                ""ContinuousRouter"",\n                {}\n            ],\n            ""veh_id"": ""rl""\n        }\n    ]\n}'}, 'env': 'AccelEnv-v0', 'local_evaluator_tf_session_args': {'inter_op_parallelism_threads': 8, 'intra_op_parallelism_threads': 8}, 'model': {'free_log_std': False, 'custom_options': {}, 'framestack': True, 'channel_major': False, 'max_seq_len': 20, 'lstm_use_prev_action_reward': False, 'squash_to_range': False, 'dim': 84, 'grayscale': False, 'fcnet_hiddens': [100, 50, 25], 'use_lstm': False, 'custom_model': None, 'fcnet_activation': 'tanh', 'conv_filters': None, 'conv_activation': 'relu', 'lstm_cell_size': 256, 'zero_mean': True, 'custom_preprocessor': None}, 'output_compress_columns': ['obs', 'new_obs'], 'monitor': False, 'custom_resources_per_worker': {}, 'output_max_file_size': 67108864, 'num_workers': 1, 'clip_param': 0.3, 'kl_coeff': 0.2, 'multiagent': {'policy_graphs': {}, 'policy_mapping_fn': None, 'policies_to_train': None}, 'input_evaluation': None, 'output': None, 'collect_metrics_timeout': 180, 'num_cpus_per_worker': 1}",169.237.32.118,1,1335.1923076923076,9.888502597808838,"{'num_steps_sampled': 105600, 'load_time_ms': 1.238, 'default': {'kl': 0.04068031534552574, 'cur_lr': 0.0005000000237487257, 'total_loss': 0.9389021992683411, 'policy_loss': -0.023883527144789696, 'vf_explained_var': 0.9834613800048828, 'entropy': 1.177123785018921, 'cur_kl_coeff': 0.20272867381572723, 'vf_loss': 0.9545387625694275}, 'sample_time_ms': 9581.907, 'grad_time_ms': 275.686, 'update_time_ms': 4.505, 'num_steps_trained': 105600}",340.85945067532464,2019-04-02_07-47-49,kronos,71,105600,0,661.2636392116547,{},105600,66,66,661.2636392116547,496.3960633046472,1600,1554191269,{},0b32d2eec3344b1fbde4822793b2e447,83.35802442090997
False,80,"{'input': 'sampler', 'callbacks': {'on_train_result': None, 'on_sample_end': None, 'on_episode_step': None, 'on_episode_start': None, 'on_episode_end': None}, 'sample_batch_size': 200, 'clip_actions': False, 'clip_rewards': None, 'tf_session_args': {'inter_op_parallelism_threads': 2, 'intra_op_parallelism_threads': 2, 'device_count': {'CPU': 1}, 'log_device_placement': False, 'allow_soft_placement': True, 'gpu_options': {'allow_growth': True}}, 'kl_target': 0.01, 'horizon': 1500, 'lr': 0.0005, 'sample_async': False, 'simple_optimizer': False, 'compress_observations': False, 'num_envs_per_worker': 1, 'gamma': 0.99, 'sgd_minibatch_size': 128, 'observation_filter': 'NoFilter', 'entropy_coeff': 0.0, 'batch_mode': 'truncate_episodes', 'straggler_mitigation': False, 'vf_share_layers': False, 'num_gpus': 0, 'synchronize_filters': True, 'num_sgd_iter': 10, 'train_batch_size': 1500, 'optimizer': {}, 'num_gpus_per_worker': 0, 'preprocessor_pref': 'deepmind', 'num_cpus_for_driver': 1, 'lr_schedule': None, 'use_gae': True, 'lambda': 0.97, 'vf_loss_coeff': 1.0, 'vf_clip_param': 1000000.0, 'log_level': 'INFO', 'env_config': {'run': 'PPO', 'flow_params': '{\n    ""env"": {\n        ""additional_params"": {\n            ""max_accel"": 3,\n            ""max_decel"": 3,\n            ""sort_vehicles"": false,\n            ""target_velocity"": 20\n        },\n        ""evaluate"": false,\n        ""horizon"": 1500,\n        ""sims_per_step"": 1,\n        ""warmup_steps"": 0\n    },\n    ""env_name"": ""AccelEnv"",\n    ""exp_tag"": ""figure_eight_0"",\n    ""initial"": {\n        ""additional_params"": {},\n        ""bunching"": 0,\n        ""edges_distribution"": ""all"",\n        ""lanes_distribution"": Infinity,\n        ""min_gap"": 0,\n        ""perturbation"": 0.0,\n        ""shuffle"": false,\n        ""spacing"": ""uniform"",\n        ""x0"": 0\n    },\n    ""net"": {\n        ""additional_params"": {\n            ""lanes"": 1,\n            ""radius_ring"": 30,\n            ""resolution"": 40,\n            ""speed_limit"": 30\n        },\n        ""inflows"": {\n            ""_InFlows__flows"": [],\n            ""num_flows"": 0\n        },\n        ""netfile"": null,\n        ""no_internal_links"": false,\n        ""osm_path"": null\n    },\n    ""scenario"": ""Figure8Scenario"",\n    ""sim"": {\n        ""emission_path"": null,\n        ""lateral_resolution"": null,\n        ""no_step_log"": true,\n        ""num_clients"": 1,\n        ""overtake_right"": false,\n        ""port"": null,\n        ""print_warnings"": true,\n        ""pxpm"": 2,\n        ""render"": false,\n        ""restart_instance"": false,\n        ""save_render"": false,\n        ""seed"": null,\n        ""show_radius"": false,\n        ""sight_radius"": 25,\n        ""sim_step"": 0.1,\n        ""teleport_time"": -1\n    },\n    ""simulator"": ""traci"",\n    ""veh"": [\n        {\n            ""acceleration_controller"": [\n                ""IDMController"",\n                {\n                    ""noise"": 0.2\n                }\n            ],\n            ""car_following_params"": {\n                ""controller_params"": {\n                    ""accel"": 1.0,\n                    ""carFollowModel"": ""IDM"",\n                    ""decel"": 1.5,\n                    ""impatience"": 0.5,\n                    ""maxSpeed"": 30,\n                    ""minGap"": 2.5,\n                    ""sigma"": 0.5,\n                    ""speedDev"": 0.1,\n                    ""speedFactor"": 1.0,\n                    ""tau"": 1.0\n                },\n                ""speed_mode"": 1\n            },\n            ""initial_speed"": 0,\n            ""lane_change_controller"": [\n                ""SimLaneChangeController"",\n                {}\n            ],\n            ""lane_change_params"": {\n                ""controller_params"": {\n                    ""laneChangeModel"": ""LC2013"",\n                    ""lcCooperative"": ""1.0"",\n                    ""lcKeepRight"": ""1.0"",\n                    ""lcSpeedGain"": ""1.0"",\n                    ""lcStrategic"": ""1.0""\n                },\n                ""lane_change_mode"": 512\n            },\n            ""num_vehicles"": 13,\n            ""routing_controller"": [\n                ""ContinuousRouter"",\n                {}\n            ],\n            ""veh_id"": ""human""\n        },\n        {\n            ""acceleration_controller"": [\n                ""RLController"",\n                {}\n            ],\n            ""car_following_params"": {\n                ""controller_params"": {\n                    ""accel"": 1.0,\n                    ""carFollowModel"": ""IDM"",\n                    ""decel"": 1.5,\n                    ""impatience"": 0.5,\n                    ""maxSpeed"": 30,\n                    ""minGap"": 2.5,\n                    ""sigma"": 0.5,\n                    ""speedDev"": 0.1,\n                    ""speedFactor"": 1.0,\n                    ""tau"": 1.0\n                },\n                ""speed_mode"": 1\n            },\n            ""initial_speed"": 0,\n            ""lane_change_controller"": [\n                ""SimLaneChangeController"",\n                {}\n            ],\n            ""lane_change_params"": {\n                ""controller_params"": {\n                    ""laneChangeModel"": ""LC2013"",\n                    ""lcCooperative"": ""1.0"",\n                    ""lcKeepRight"": ""1.0"",\n                    ""lcSpeedGain"": ""1.0"",\n                    ""lcStrategic"": ""1.0""\n                },\n                ""lane_change_mode"": 512\n            },\n            ""num_vehicles"": 1,\n            ""routing_controller"": [\n                ""ContinuousRouter"",\n                {}\n            ],\n            ""veh_id"": ""rl""\n        }\n    ]\n}'}, 'env': 'AccelEnv-v0', 'local_evaluator_tf_session_args': {'inter_op_parallelism_threads': 8, 'intra_op_parallelism_threads': 8}, 'model': {'free_log_std': False, 'custom_options': {}, 'framestack': True, 'channel_major': False, 'max_seq_len': 20, 'lstm_use_prev_action_reward': False, 'squash_to_range': False, 'dim': 84, 'grayscale': False, 'fcnet_hiddens': [100, 50, 25], 'use_lstm': False, 'custom_model': None, 'fcnet_activation': 'tanh', 'conv_filters': None, 'conv_activation': 'relu', 'lstm_cell_size': 256, 'zero_mean': True, 'custom_preprocessor': None}, 'output_compress_columns': ['obs', 'new_obs'], 'monitor': False, 'custom_resources_per_worker': {}, 'output_max_file_size': 67108864, 'num_workers': 1, 'clip_param': 0.3, 'kl_coeff': 0.2, 'multiagent': {'policy_graphs': {}, 'policy_mapping_fn': None, 'policies_to_train': None}, 'input_evaluation': None, 'output': None, 'collect_metrics_timeout': 180, 'num_cpus_per_worker': 1}",169.237.32.118,2,1330.3125,9.645971536636353,"{'num_steps_sampled': 107200, 'load_time_ms': 1.239, 'default': {'kl': 0.012319815345108509, 'cur_lr': 0.0005000000237487257, 'total_loss': 0.6030480861663818, 'policy_loss': -0.011924944818019867, 'vf_explained_var': 0.9932928681373596, 'entropy': 1.245810866355896, 'cur_kl_coeff': 0.3040929436683655, 'vf_loss': 0.6112266182899475}, 'sample_time_ms': 9561.557, 'grad_time_ms': 275.186, 'update_time_ms': 4.434, 'num_steps_trained': 107200}",338.8018261864048,2019-04-02_07-47-59,kronos,71,107200,0,670.909610748291,{},107200,67,67,670.909610748291,496.3960633046472,1600,1554191279,{},0b32d2eec3344b1fbde4822793b2e447,83.35802442090997
False,81,"{'input': 'sampler', 'callbacks': {'on_train_result': None, 'on_sample_end': None, 'on_episode_step': None, 'on_episode_start': None, 'on_episode_end': None}, 'sample_batch_size': 200, 'clip_actions': False, 'clip_rewards': None, 'tf_session_args': {'inter_op_parallelism_threads': 2, 'intra_op_parallelism_threads': 2, 'device_count': {'CPU': 1}, 'log_device_placement': False, 'allow_soft_placement': True, 'gpu_options': {'allow_growth': True}}, 'kl_target': 0.01, 'horizon': 1500, 'lr': 0.0005, 'sample_async': False, 'simple_optimizer': False, 'compress_observations': False, 'num_envs_per_worker': 1, 'gamma': 0.99, 'sgd_minibatch_size': 128, 'observation_filter': 'NoFilter', 'entropy_coeff': 0.0, 'batch_mode': 'truncate_episodes', 'straggler_mitigation': False, 'vf_share_layers': False, 'num_gpus': 0, 'synchronize_filters': True, 'num_sgd_iter': 10, 'train_batch_size': 1500, 'optimizer': {}, 'num_gpus_per_worker': 0, 'preprocessor_pref': 'deepmind', 'num_cpus_for_driver': 1, 'lr_schedule': None, 'use_gae': True, 'lambda': 0.97, 'vf_loss_coeff': 1.0, 'vf_clip_param': 1000000.0, 'log_level': 'INFO', 'env_config': {'run': 'PPO', 'flow_params': '{\n    ""env"": {\n        ""additional_params"": {\n            ""max_accel"": 3,\n            ""max_decel"": 3,\n            ""sort_vehicles"": false,\n            ""target_velocity"": 20\n        },\n        ""evaluate"": false,\n        ""horizon"": 1500,\n        ""sims_per_step"": 1,\n        ""warmup_steps"": 0\n    },\n    ""env_name"": ""AccelEnv"",\n    ""exp_tag"": ""figure_eight_0"",\n    ""initial"": {\n        ""additional_params"": {},\n        ""bunching"": 0,\n        ""edges_distribution"": ""all"",\n        ""lanes_distribution"": Infinity,\n        ""min_gap"": 0,\n        ""perturbation"": 0.0,\n        ""shuffle"": false,\n        ""spacing"": ""uniform"",\n        ""x0"": 0\n    },\n    ""net"": {\n        ""additional_params"": {\n            ""lanes"": 1,\n            ""radius_ring"": 30,\n            ""resolution"": 40,\n            ""speed_limit"": 30\n        },\n        ""inflows"": {\n            ""_InFlows__flows"": [],\n            ""num_flows"": 0\n        },\n        ""netfile"": null,\n        ""no_internal_links"": false,\n        ""osm_path"": null\n    },\n    ""scenario"": ""Figure8Scenario"",\n    ""sim"": {\n        ""emission_path"": null,\n        ""lateral_resolution"": null,\n        ""no_step_log"": true,\n        ""num_clients"": 1,\n        ""overtake_right"": false,\n        ""port"": null,\n        ""print_warnings"": true,\n        ""pxpm"": 2,\n        ""render"": false,\n        ""restart_instance"": false,\n        ""save_render"": false,\n        ""seed"": null,\n        ""show_radius"": false,\n        ""sight_radius"": 25,\n        ""sim_step"": 0.1,\n        ""teleport_time"": -1\n    },\n    ""simulator"": ""traci"",\n    ""veh"": [\n        {\n            ""acceleration_controller"": [\n                ""IDMController"",\n                {\n                    ""noise"": 0.2\n                }\n            ],\n            ""car_following_params"": {\n                ""controller_params"": {\n                    ""accel"": 1.0,\n                    ""carFollowModel"": ""IDM"",\n                    ""decel"": 1.5,\n                    ""impatience"": 0.5,\n                    ""maxSpeed"": 30,\n                    ""minGap"": 2.5,\n                    ""sigma"": 0.5,\n                    ""speedDev"": 0.1,\n                    ""speedFactor"": 1.0,\n                    ""tau"": 1.0\n                },\n                ""speed_mode"": 1\n            },\n            ""initial_speed"": 0,\n            ""lane_change_controller"": [\n                ""SimLaneChangeController"",\n                {}\n            ],\n            ""lane_change_params"": {\n                ""controller_params"": {\n                    ""laneChangeModel"": ""LC2013"",\n                    ""lcCooperative"": ""1.0"",\n                    ""lcKeepRight"": ""1.0"",\n                    ""lcSpeedGain"": ""1.0"",\n                    ""lcStrategic"": ""1.0""\n                },\n                ""lane_change_mode"": 512\n            },\n            ""num_vehicles"": 13,\n            ""routing_controller"": [\n                ""ContinuousRouter"",\n                {}\n            ],\n            ""veh_id"": ""human""\n        },\n        {\n            ""acceleration_controller"": [\n                ""RLController"",\n                {}\n            ],\n            ""car_following_params"": {\n                ""controller_params"": {\n                    ""accel"": 1.0,\n                    ""carFollowModel"": ""IDM"",\n                    ""decel"": 1.5,\n                    ""impatience"": 0.5,\n                    ""maxSpeed"": 30,\n                    ""minGap"": 2.5,\n                    ""sigma"": 0.5,\n                    ""speedDev"": 0.1,\n                    ""speedFactor"": 1.0,\n                    ""tau"": 1.0\n                },\n                ""speed_mode"": 1\n            },\n            ""initial_speed"": 0,\n            ""lane_change_controller"": [\n                ""SimLaneChangeController"",\n                {}\n            ],\n            ""lane_change_params"": {\n                ""controller_params"": {\n                    ""laneChangeModel"": ""LC2013"",\n                    ""lcCooperative"": ""1.0"",\n                    ""lcKeepRight"": ""1.0"",\n                    ""lcSpeedGain"": ""1.0"",\n                    ""lcStrategic"": ""1.0""\n                },\n                ""lane_change_mode"": 512\n            },\n            ""num_vehicles"": 1,\n            ""routing_controller"": [\n                ""ContinuousRouter"",\n                {}\n            ],\n            ""veh_id"": ""rl""\n        }\n    ]\n}'}, 'env': 'AccelEnv-v0', 'local_evaluator_tf_session_args': {'inter_op_parallelism_threads': 8, 'intra_op_parallelism_threads': 8}, 'model': {'free_log_std': False, 'custom_options': {}, 'framestack': True, 'channel_major': False, 'max_seq_len': 20, 'lstm_use_prev_action_reward': False, 'squash_to_range': False, 'dim': 84, 'grayscale': False, 'fcnet_hiddens': [100, 50, 25], 'use_lstm': False, 'custom_model': None, 'fcnet_activation': 'tanh', 'conv_filters': None, 'conv_activation': 'relu', 'lstm_cell_size': 256, 'zero_mean': True, 'custom_preprocessor': None}, 'output_compress_columns': ['obs', 'new_obs'], 'monitor': False, 'custom_resources_per_worker': {}, 'output_max_file_size': 67108864, 'num_workers': 1, 'clip_param': 0.3, 'kl_coeff': 0.2, 'multiagent': {'policy_graphs': {}, 'policy_mapping_fn': None, 'policies_to_train': None}, 'input_evaluation': None, 'output': None, 'collect_metrics_timeout': 180, 'num_cpus_per_worker': 1}",169.237.32.118,1,1332.4074074074074,9.878036260604858,"{'num_steps_sampled': 108800, 'load_time_ms': 1.226, 'default': {'kl': 0.009590387344360352, 'cur_lr': 0.0005000000237487257, 'total_loss': 2.523681163787842, 'policy_loss': -0.009493709541857243, 'vf_explained_var': 0.9508137702941895, 'entropy': 1.176578402519226, 'cur_kl_coeff': 0.3040929436683655, 'vf_loss': 2.5302584171295166}, 'sample_time_ms': 9559.171, 'grad_time_ms': 275.17, 'update_time_ms': 4.321, 'num_steps_trained': 108800}",339.5115853300793,2019-04-02_07-48-09,kronos,71,108800,0,680.7876470088959,{},108800,68,68,680.7876470088959,496.3960633046472,1600,1554191289,{},0b32d2eec3344b1fbde4822793b2e447,83.35802442090997
False,84,"{'input': 'sampler', 'callbacks': {'on_train_result': None, 'on_sample_end': None, 'on_episode_step': None, 'on_episode_start': None, 'on_episode_end': None}, 'sample_batch_size': 200, 'clip_actions': False, 'clip_rewards': None, 'tf_session_args': {'inter_op_parallelism_threads': 2, 'intra_op_parallelism_threads': 2, 'device_count': {'CPU': 1}, 'log_device_placement': False, 'allow_soft_placement': True, 'gpu_options': {'allow_growth': True}}, 'kl_target': 0.01, 'horizon': 1500, 'lr': 0.0005, 'sample_async': False, 'simple_optimizer': False, 'compress_observations': False, 'num_envs_per_worker': 1, 'gamma': 0.99, 'sgd_minibatch_size': 128, 'observation_filter': 'NoFilter', 'entropy_coeff': 0.0, 'batch_mode': 'truncate_episodes', 'straggler_mitigation': False, 'vf_share_layers': False, 'num_gpus': 0, 'synchronize_filters': True, 'num_sgd_iter': 10, 'train_batch_size': 1500, 'optimizer': {}, 'num_gpus_per_worker': 0, 'preprocessor_pref': 'deepmind', 'num_cpus_for_driver': 1, 'lr_schedule': None, 'use_gae': True, 'lambda': 0.97, 'vf_loss_coeff': 1.0, 'vf_clip_param': 1000000.0, 'log_level': 'INFO', 'env_config': {'run': 'PPO', 'flow_params': '{\n    ""env"": {\n        ""additional_params"": {\n            ""max_accel"": 3,\n            ""max_decel"": 3,\n            ""sort_vehicles"": false,\n            ""target_velocity"": 20\n        },\n        ""evaluate"": false,\n        ""horizon"": 1500,\n        ""sims_per_step"": 1,\n        ""warmup_steps"": 0\n    },\n    ""env_name"": ""AccelEnv"",\n    ""exp_tag"": ""figure_eight_0"",\n    ""initial"": {\n        ""additional_params"": {},\n        ""bunching"": 0,\n        ""edges_distribution"": ""all"",\n        ""lanes_distribution"": Infinity,\n        ""min_gap"": 0,\n        ""perturbation"": 0.0,\n        ""shuffle"": false,\n        ""spacing"": ""uniform"",\n        ""x0"": 0\n    },\n    ""net"": {\n        ""additional_params"": {\n            ""lanes"": 1,\n            ""radius_ring"": 30,\n            ""resolution"": 40,\n            ""speed_limit"": 30\n        },\n        ""inflows"": {\n            ""_InFlows__flows"": [],\n            ""num_flows"": 0\n        },\n        ""netfile"": null,\n        ""no_internal_links"": false,\n        ""osm_path"": null\n    },\n    ""scenario"": ""Figure8Scenario"",\n    ""sim"": {\n        ""emission_path"": null,\n        ""lateral_resolution"": null,\n        ""no_step_log"": true,\n        ""num_clients"": 1,\n        ""overtake_right"": false,\n        ""port"": null,\n        ""print_warnings"": true,\n        ""pxpm"": 2,\n        ""render"": false,\n        ""restart_instance"": false,\n        ""save_render"": false,\n        ""seed"": null,\n        ""show_radius"": false,\n        ""sight_radius"": 25,\n        ""sim_step"": 0.1,\n        ""teleport_time"": -1\n    },\n    ""simulator"": ""traci"",\n    ""veh"": [\n        {\n            ""acceleration_controller"": [\n                ""IDMController"",\n                {\n                    ""noise"": 0.2\n                }\n            ],\n            ""car_following_params"": {\n                ""controller_params"": {\n                    ""accel"": 1.0,\n                    ""carFollowModel"": ""IDM"",\n                    ""decel"": 1.5,\n                    ""impatience"": 0.5,\n                    ""maxSpeed"": 30,\n                    ""minGap"": 2.5,\n                    ""sigma"": 0.5,\n                    ""speedDev"": 0.1,\n                    ""speedFactor"": 1.0,\n                    ""tau"": 1.0\n                },\n                ""speed_mode"": 1\n            },\n            ""initial_speed"": 0,\n            ""lane_change_controller"": [\n                ""SimLaneChangeController"",\n                {}\n            ],\n            ""lane_change_params"": {\n                ""controller_params"": {\n                    ""laneChangeModel"": ""LC2013"",\n                    ""lcCooperative"": ""1.0"",\n                    ""lcKeepRight"": ""1.0"",\n                    ""lcSpeedGain"": ""1.0"",\n                    ""lcStrategic"": ""1.0""\n                },\n                ""lane_change_mode"": 512\n            },\n            ""num_vehicles"": 13,\n            ""routing_controller"": [\n                ""ContinuousRouter"",\n                {}\n            ],\n            ""veh_id"": ""human""\n        },\n        {\n            ""acceleration_controller"": [\n                ""RLController"",\n                {}\n            ],\n            ""car_following_params"": {\n                ""controller_params"": {\n                    ""accel"": 1.0,\n                    ""carFollowModel"": ""IDM"",\n                    ""decel"": 1.5,\n                    ""impatience"": 0.5,\n                    ""maxSpeed"": 30,\n                    ""minGap"": 2.5,\n                    ""sigma"": 0.5,\n                    ""speedDev"": 0.1,\n                    ""speedFactor"": 1.0,\n                    ""tau"": 1.0\n                },\n                ""speed_mode"": 1\n            },\n            ""initial_speed"": 0,\n            ""lane_change_controller"": [\n                ""SimLaneChangeController"",\n                {}\n            ],\n            ""lane_change_params"": {\n                ""controller_params"": {\n                    ""laneChangeModel"": ""LC2013"",\n                    ""lcCooperative"": ""1.0"",\n                    ""lcKeepRight"": ""1.0"",\n                    ""lcSpeedGain"": ""1.0"",\n                    ""lcStrategic"": ""1.0""\n                },\n                ""lane_change_mode"": 512\n            },\n            ""num_vehicles"": 1,\n            ""routing_controller"": [\n                ""ContinuousRouter"",\n                {}\n            ],\n            ""veh_id"": ""rl""\n        }\n    ]\n}'}, 'env': 'AccelEnv-v0', 'local_evaluator_tf_session_args': {'inter_op_parallelism_threads': 8, 'intra_op_parallelism_threads': 8}, 'model': {'free_log_std': False, 'custom_options': {}, 'framestack': True, 'channel_major': False, 'max_seq_len': 20, 'lstm_use_prev_action_reward': False, 'squash_to_range': False, 'dim': 84, 'grayscale': False, 'fcnet_hiddens': [100, 50, 25], 'use_lstm': False, 'custom_model': None, 'fcnet_activation': 'tanh', 'conv_filters': None, 'conv_activation': 'relu', 'lstm_cell_size': 256, 'zero_mean': True, 'custom_preprocessor': None}, 'output_compress_columns': ['obs', 'new_obs'], 'monitor': False, 'custom_resources_per_worker': {}, 'output_max_file_size': 67108864, 'num_workers': 1, 'clip_param': 0.3, 'kl_coeff': 0.2, 'multiagent': {'policy_graphs': {}, 'policy_mapping_fn': None, 'policies_to_train': None}, 'input_evaluation': None, 'output': None, 'collect_metrics_timeout': 180, 'num_cpus_per_worker': 1}",169.237.32.118,3,1311.9285714285713,9.90369200706482,"{'num_steps_sampled': 110400, 'load_time_ms': 1.175, 'default': {'kl': 0.01934928633272648, 'cur_lr': 0.0005000000237487257, 'total_loss': 2.706362009048462, 'policy_loss': -0.02101595140993595, 'vf_explained_var': 0.9521534442901611, 'entropy': 1.1716645956039429, 'cur_kl_coeff': 0.3040929436683655, 'vf_loss': 2.72149395942688}, 'sample_time_ms': 9568.031, 'grad_time_ms': 272.99, 'update_time_ms': 4.324, 'num_steps_trained': 110400}",334.81531575479005,2019-04-02_07-48-19,kronos,71,110400,0,690.6913390159607,{},110400,69,69,690.6913390159607,496.3960633046472,1600,1554191299,{},0b32d2eec3344b1fbde4822793b2e447,54.45169917298337
False,85,"{'input': 'sampler', 'callbacks': {'on_train_result': None, 'on_sample_end': None, 'on_episode_step': None, 'on_episode_start': None, 'on_episode_end': None}, 'sample_batch_size': 200, 'clip_actions': False, 'clip_rewards': None, 'tf_session_args': {'inter_op_parallelism_threads': 2, 'intra_op_parallelism_threads': 2, 'device_count': {'CPU': 1}, 'log_device_placement': False, 'allow_soft_placement': True, 'gpu_options': {'allow_growth': True}}, 'kl_target': 0.01, 'horizon': 1500, 'lr': 0.0005, 'sample_async': False, 'simple_optimizer': False, 'compress_observations': False, 'num_envs_per_worker': 1, 'gamma': 0.99, 'sgd_minibatch_size': 128, 'observation_filter': 'NoFilter', 'entropy_coeff': 0.0, 'batch_mode': 'truncate_episodes', 'straggler_mitigation': False, 'vf_share_layers': False, 'num_gpus': 0, 'synchronize_filters': True, 'num_sgd_iter': 10, 'train_batch_size': 1500, 'optimizer': {}, 'num_gpus_per_worker': 0, 'preprocessor_pref': 'deepmind', 'num_cpus_for_driver': 1, 'lr_schedule': None, 'use_gae': True, 'lambda': 0.97, 'vf_loss_coeff': 1.0, 'vf_clip_param': 1000000.0, 'log_level': 'INFO', 'env_config': {'run': 'PPO', 'flow_params': '{\n    ""env"": {\n        ""additional_params"": {\n            ""max_accel"": 3,\n            ""max_decel"": 3,\n            ""sort_vehicles"": false,\n            ""target_velocity"": 20\n        },\n        ""evaluate"": false,\n        ""horizon"": 1500,\n        ""sims_per_step"": 1,\n        ""warmup_steps"": 0\n    },\n    ""env_name"": ""AccelEnv"",\n    ""exp_tag"": ""figure_eight_0"",\n    ""initial"": {\n        ""additional_params"": {},\n        ""bunching"": 0,\n        ""edges_distribution"": ""all"",\n        ""lanes_distribution"": Infinity,\n        ""min_gap"": 0,\n        ""perturbation"": 0.0,\n        ""shuffle"": false,\n        ""spacing"": ""uniform"",\n        ""x0"": 0\n    },\n    ""net"": {\n        ""additional_params"": {\n            ""lanes"": 1,\n            ""radius_ring"": 30,\n            ""resolution"": 40,\n            ""speed_limit"": 30\n        },\n        ""inflows"": {\n            ""_InFlows__flows"": [],\n            ""num_flows"": 0\n        },\n        ""netfile"": null,\n        ""no_internal_links"": false,\n        ""osm_path"": null\n    },\n    ""scenario"": ""Figure8Scenario"",\n    ""sim"": {\n        ""emission_path"": null,\n        ""lateral_resolution"": null,\n        ""no_step_log"": true,\n        ""num_clients"": 1,\n        ""overtake_right"": false,\n        ""port"": null,\n        ""print_warnings"": true,\n        ""pxpm"": 2,\n        ""render"": false,\n        ""restart_instance"": false,\n        ""save_render"": false,\n        ""seed"": null,\n        ""show_radius"": false,\n        ""sight_radius"": 25,\n        ""sim_step"": 0.1,\n        ""teleport_time"": -1\n    },\n    ""simulator"": ""traci"",\n    ""veh"": [\n        {\n            ""acceleration_controller"": [\n                ""IDMController"",\n                {\n                    ""noise"": 0.2\n                }\n            ],\n            ""car_following_params"": {\n                ""controller_params"": {\n                    ""accel"": 1.0,\n                    ""carFollowModel"": ""IDM"",\n                    ""decel"": 1.5,\n                    ""impatience"": 0.5,\n                    ""maxSpeed"": 30,\n                    ""minGap"": 2.5,\n                    ""sigma"": 0.5,\n                    ""speedDev"": 0.1,\n                    ""speedFactor"": 1.0,\n                    ""tau"": 1.0\n                },\n                ""speed_mode"": 1\n            },\n            ""initial_speed"": 0,\n            ""lane_change_controller"": [\n                ""SimLaneChangeController"",\n                {}\n            ],\n            ""lane_change_params"": {\n                ""controller_params"": {\n                    ""laneChangeModel"": ""LC2013"",\n                    ""lcCooperative"": ""1.0"",\n                    ""lcKeepRight"": ""1.0"",\n                    ""lcSpeedGain"": ""1.0"",\n                    ""lcStrategic"": ""1.0""\n                },\n                ""lane_change_mode"": 512\n            },\n            ""num_vehicles"": 13,\n            ""routing_controller"": [\n                ""ContinuousRouter"",\n                {}\n            ],\n            ""veh_id"": ""human""\n        },\n        {\n            ""acceleration_controller"": [\n                ""RLController"",\n                {}\n            ],\n            ""car_following_params"": {\n                ""controller_params"": {\n                    ""accel"": 1.0,\n                    ""carFollowModel"": ""IDM"",\n                    ""decel"": 1.5,\n                    ""impatience"": 0.5,\n                    ""maxSpeed"": 30,\n                    ""minGap"": 2.5,\n                    ""sigma"": 0.5,\n                    ""speedDev"": 0.1,\n                    ""speedFactor"": 1.0,\n                    ""tau"": 1.0\n                },\n                ""speed_mode"": 1\n            },\n            ""initial_speed"": 0,\n            ""lane_change_controller"": [\n                ""SimLaneChangeController"",\n                {}\n            ],\n            ""lane_change_params"": {\n                ""controller_params"": {\n                    ""laneChangeModel"": ""LC2013"",\n                    ""lcCooperative"": ""1.0"",\n                    ""lcKeepRight"": ""1.0"",\n                    ""lcSpeedGain"": ""1.0"",\n                    ""lcStrategic"": ""1.0""\n                },\n                ""lane_change_mode"": 512\n            },\n            ""num_vehicles"": 1,\n            ""routing_controller"": [\n                ""ContinuousRouter"",\n                {}\n            ],\n            ""veh_id"": ""rl""\n        }\n    ]\n}'}, 'env': 'AccelEnv-v0', 'local_evaluator_tf_session_args': {'inter_op_parallelism_threads': 8, 'intra_op_parallelism_threads': 8}, 'model': {'free_log_std': False, 'custom_options': {}, 'framestack': True, 'channel_major': False, 'max_seq_len': 20, 'lstm_use_prev_action_reward': False, 'squash_to_range': False, 'dim': 84, 'grayscale': False, 'fcnet_hiddens': [100, 50, 25], 'use_lstm': False, 'custom_model': None, 'fcnet_activation': 'tanh', 'conv_filters': None, 'conv_activation': 'relu', 'lstm_cell_size': 256, 'zero_mean': True, 'custom_preprocessor': None}, 'output_compress_columns': ['obs', 'new_obs'], 'monitor': False, 'custom_resources_per_worker': {}, 'output_max_file_size': 67108864, 'num_workers': 1, 'clip_param': 0.3, 'kl_coeff': 0.2, 'multiagent': {'policy_graphs': {}, 'policy_mapping_fn': None, 'policies_to_train': None}, 'input_evaluation': None, 'output': None, 'collect_metrics_timeout': 180, 'num_cpus_per_worker': 1}",169.237.32.118,1,1311.0941176470587,9.660049676895142,"{'num_steps_sampled': 112000, 'load_time_ms': 1.217, 'default': {'kl': 0.01071382686495781, 'cur_lr': 0.0005000000237487257, 'total_loss': 1.1393978595733643, 'policy_loss': -0.02293766476213932, 'vf_explained_var': 0.9703920483589172, 'entropy': 1.1611627340316772, 'cur_kl_coeff': 0.3040929436683655, 'vf_loss': 1.159077525138855}, 'sample_time_ms': 9552.624, 'grad_time_ms': 272.493, 'update_time_ms': 4.317, 'num_steps_trained': 112000}",335.0995455814076,2019-04-02_07-48-28,kronos,71,112000,0,700.3513886928558,{},112000,70,70,700.3513886928558,496.3960633046472,1600,1554191308,{},0b32d2eec3344b1fbde4822793b2e447,54.45169917298337
False,86,"{'input': 'sampler', 'callbacks': {'on_train_result': None, 'on_sample_end': None, 'on_episode_step': None, 'on_episode_start': None, 'on_episode_end': None}, 'sample_batch_size': 200, 'clip_actions': False, 'clip_rewards': None, 'tf_session_args': {'inter_op_parallelism_threads': 2, 'intra_op_parallelism_threads': 2, 'device_count': {'CPU': 1}, 'log_device_placement': False, 'allow_soft_placement': True, 'gpu_options': {'allow_growth': True}}, 'kl_target': 0.01, 'horizon': 1500, 'lr': 0.0005, 'sample_async': False, 'simple_optimizer': False, 'compress_observations': False, 'num_envs_per_worker': 1, 'gamma': 0.99, 'sgd_minibatch_size': 128, 'observation_filter': 'NoFilter', 'entropy_coeff': 0.0, 'batch_mode': 'truncate_episodes', 'straggler_mitigation': False, 'vf_share_layers': False, 'num_gpus': 0, 'synchronize_filters': True, 'num_sgd_iter': 10, 'train_batch_size': 1500, 'optimizer': {}, 'num_gpus_per_worker': 0, 'preprocessor_pref': 'deepmind', 'num_cpus_for_driver': 1, 'lr_schedule': None, 'use_gae': True, 'lambda': 0.97, 'vf_loss_coeff': 1.0, 'vf_clip_param': 1000000.0, 'log_level': 'INFO', 'env_config': {'run': 'PPO', 'flow_params': '{\n    ""env"": {\n        ""additional_params"": {\n            ""max_accel"": 3,\n            ""max_decel"": 3,\n            ""sort_vehicles"": false,\n            ""target_velocity"": 20\n        },\n        ""evaluate"": false,\n        ""horizon"": 1500,\n        ""sims_per_step"": 1,\n        ""warmup_steps"": 0\n    },\n    ""env_name"": ""AccelEnv"",\n    ""exp_tag"": ""figure_eight_0"",\n    ""initial"": {\n        ""additional_params"": {},\n        ""bunching"": 0,\n        ""edges_distribution"": ""all"",\n        ""lanes_distribution"": Infinity,\n        ""min_gap"": 0,\n        ""perturbation"": 0.0,\n        ""shuffle"": false,\n        ""spacing"": ""uniform"",\n        ""x0"": 0\n    },\n    ""net"": {\n        ""additional_params"": {\n            ""lanes"": 1,\n            ""radius_ring"": 30,\n            ""resolution"": 40,\n            ""speed_limit"": 30\n        },\n        ""inflows"": {\n            ""_InFlows__flows"": [],\n            ""num_flows"": 0\n        },\n        ""netfile"": null,\n        ""no_internal_links"": false,\n        ""osm_path"": null\n    },\n    ""scenario"": ""Figure8Scenario"",\n    ""sim"": {\n        ""emission_path"": null,\n        ""lateral_resolution"": null,\n        ""no_step_log"": true,\n        ""num_clients"": 1,\n        ""overtake_right"": false,\n        ""port"": null,\n        ""print_warnings"": true,\n        ""pxpm"": 2,\n        ""render"": false,\n        ""restart_instance"": false,\n        ""save_render"": false,\n        ""seed"": null,\n        ""show_radius"": false,\n        ""sight_radius"": 25,\n        ""sim_step"": 0.1,\n        ""teleport_time"": -1\n    },\n    ""simulator"": ""traci"",\n    ""veh"": [\n        {\n            ""acceleration_controller"": [\n                ""IDMController"",\n                {\n                    ""noise"": 0.2\n                }\n            ],\n            ""car_following_params"": {\n                ""controller_params"": {\n                    ""accel"": 1.0,\n                    ""carFollowModel"": ""IDM"",\n                    ""decel"": 1.5,\n                    ""impatience"": 0.5,\n                    ""maxSpeed"": 30,\n                    ""minGap"": 2.5,\n                    ""sigma"": 0.5,\n                    ""speedDev"": 0.1,\n                    ""speedFactor"": 1.0,\n                    ""tau"": 1.0\n                },\n                ""speed_mode"": 1\n            },\n            ""initial_speed"": 0,\n            ""lane_change_controller"": [\n                ""SimLaneChangeController"",\n                {}\n            ],\n            ""lane_change_params"": {\n                ""controller_params"": {\n                    ""laneChangeModel"": ""LC2013"",\n                    ""lcCooperative"": ""1.0"",\n                    ""lcKeepRight"": ""1.0"",\n                    ""lcSpeedGain"": ""1.0"",\n                    ""lcStrategic"": ""1.0""\n                },\n                ""lane_change_mode"": 512\n            },\n            ""num_vehicles"": 13,\n            ""routing_controller"": [\n                ""ContinuousRouter"",\n                {}\n            ],\n            ""veh_id"": ""human""\n        },\n        {\n            ""acceleration_controller"": [\n                ""RLController"",\n                {}\n            ],\n            ""car_following_params"": {\n                ""controller_params"": {\n                    ""accel"": 1.0,\n                    ""carFollowModel"": ""IDM"",\n                    ""decel"": 1.5,\n                    ""impatience"": 0.5,\n                    ""maxSpeed"": 30,\n                    ""minGap"": 2.5,\n                    ""sigma"": 0.5,\n                    ""speedDev"": 0.1,\n                    ""speedFactor"": 1.0,\n                    ""tau"": 1.0\n                },\n                ""speed_mode"": 1\n            },\n            ""initial_speed"": 0,\n            ""lane_change_controller"": [\n                ""SimLaneChangeController"",\n                {}\n            ],\n            ""lane_change_params"": {\n                ""controller_params"": {\n                    ""laneChangeModel"": ""LC2013"",\n                    ""lcCooperative"": ""1.0"",\n                    ""lcKeepRight"": ""1.0"",\n                    ""lcSpeedGain"": ""1.0"",\n                    ""lcStrategic"": ""1.0""\n                },\n                ""lane_change_mode"": 512\n            },\n            ""num_vehicles"": 1,\n            ""routing_controller"": [\n                ""ContinuousRouter"",\n                {}\n            ],\n            ""veh_id"": ""rl""\n        }\n    ]\n}'}, 'env': 'AccelEnv-v0', 'local_evaluator_tf_session_args': {'inter_op_parallelism_threads': 8, 'intra_op_parallelism_threads': 8}, 'model': {'free_log_std': False, 'custom_options': {}, 'framestack': True, 'channel_major': False, 'max_seq_len': 20, 'lstm_use_prev_action_reward': False, 'squash_to_range': False, 'dim': 84, 'grayscale': False, 'fcnet_hiddens': [100, 50, 25], 'use_lstm': False, 'custom_model': None, 'fcnet_activation': 'tanh', 'conv_filters': None, 'conv_activation': 'relu', 'lstm_cell_size': 256, 'zero_mean': True, 'custom_preprocessor': None}, 'output_compress_columns': ['obs', 'new_obs'], 'monitor': False, 'custom_resources_per_worker': {}, 'output_max_file_size': 67108864, 'num_workers': 1, 'clip_param': 0.3, 'kl_coeff': 0.2, 'multiagent': {'policy_graphs': {}, 'policy_mapping_fn': None, 'policies_to_train': None}, 'input_evaluation': None, 'output': None, 'collect_metrics_timeout': 180, 'num_cpus_per_worker': 1}",169.237.32.118,1,1313.2906976744187,9.839283466339111,"{'num_steps_sampled': 113600, 'load_time_ms': 1.226, 'default': {'kl': 0.015316599048674107, 'cur_lr': 0.0005000000237487257, 'total_loss': 1.163037896156311, 'policy_loss': -0.017347445711493492, 'vf_explained_var': 0.9740743637084961, 'entropy': 1.161173939704895, 'cur_kl_coeff': 0.3040929436683655, 'vf_loss': 1.1757277250289917}, 'sample_time_ms': 9551.725, 'grad_time_ms': 273.504, 'update_time_ms': 4.229, 'num_steps_trained': 113600}",336.15607638252624,2019-04-02_07-48-38,kronos,71,113600,0,710.190672159195,{},113600,71,71,710.190672159195,496.3960633046472,1600,1554191318,{},0b32d2eec3344b1fbde4822793b2e447,54.45169917298337
False,87,"{'input': 'sampler', 'callbacks': {'on_train_result': None, 'on_sample_end': None, 'on_episode_step': None, 'on_episode_start': None, 'on_episode_end': None}, 'sample_batch_size': 200, 'clip_actions': False, 'clip_rewards': None, 'tf_session_args': {'inter_op_parallelism_threads': 2, 'intra_op_parallelism_threads': 2, 'device_count': {'CPU': 1}, 'log_device_placement': False, 'allow_soft_placement': True, 'gpu_options': {'allow_growth': True}}, 'kl_target': 0.01, 'horizon': 1500, 'lr': 0.0005, 'sample_async': False, 'simple_optimizer': False, 'compress_observations': False, 'num_envs_per_worker': 1, 'gamma': 0.99, 'sgd_minibatch_size': 128, 'observation_filter': 'NoFilter', 'entropy_coeff': 0.0, 'batch_mode': 'truncate_episodes', 'straggler_mitigation': False, 'vf_share_layers': False, 'num_gpus': 0, 'synchronize_filters': True, 'num_sgd_iter': 10, 'train_batch_size': 1500, 'optimizer': {}, 'num_gpus_per_worker': 0, 'preprocessor_pref': 'deepmind', 'num_cpus_for_driver': 1, 'lr_schedule': None, 'use_gae': True, 'lambda': 0.97, 'vf_loss_coeff': 1.0, 'vf_clip_param': 1000000.0, 'log_level': 'INFO', 'env_config': {'run': 'PPO', 'flow_params': '{\n    ""env"": {\n        ""additional_params"": {\n            ""max_accel"": 3,\n            ""max_decel"": 3,\n            ""sort_vehicles"": false,\n            ""target_velocity"": 20\n        },\n        ""evaluate"": false,\n        ""horizon"": 1500,\n        ""sims_per_step"": 1,\n        ""warmup_steps"": 0\n    },\n    ""env_name"": ""AccelEnv"",\n    ""exp_tag"": ""figure_eight_0"",\n    ""initial"": {\n        ""additional_params"": {},\n        ""bunching"": 0,\n        ""edges_distribution"": ""all"",\n        ""lanes_distribution"": Infinity,\n        ""min_gap"": 0,\n        ""perturbation"": 0.0,\n        ""shuffle"": false,\n        ""spacing"": ""uniform"",\n        ""x0"": 0\n    },\n    ""net"": {\n        ""additional_params"": {\n            ""lanes"": 1,\n            ""radius_ring"": 30,\n            ""resolution"": 40,\n            ""speed_limit"": 30\n        },\n        ""inflows"": {\n            ""_InFlows__flows"": [],\n            ""num_flows"": 0\n        },\n        ""netfile"": null,\n        ""no_internal_links"": false,\n        ""osm_path"": null\n    },\n    ""scenario"": ""Figure8Scenario"",\n    ""sim"": {\n        ""emission_path"": null,\n        ""lateral_resolution"": null,\n        ""no_step_log"": true,\n        ""num_clients"": 1,\n        ""overtake_right"": false,\n        ""port"": null,\n        ""print_warnings"": true,\n        ""pxpm"": 2,\n        ""render"": false,\n        ""restart_instance"": false,\n        ""save_render"": false,\n        ""seed"": null,\n        ""show_radius"": false,\n        ""sight_radius"": 25,\n        ""sim_step"": 0.1,\n        ""teleport_time"": -1\n    },\n    ""simulator"": ""traci"",\n    ""veh"": [\n        {\n            ""acceleration_controller"": [\n                ""IDMController"",\n                {\n                    ""noise"": 0.2\n                }\n            ],\n            ""car_following_params"": {\n                ""controller_params"": {\n                    ""accel"": 1.0,\n                    ""carFollowModel"": ""IDM"",\n                    ""decel"": 1.5,\n                    ""impatience"": 0.5,\n                    ""maxSpeed"": 30,\n                    ""minGap"": 2.5,\n                    ""sigma"": 0.5,\n                    ""speedDev"": 0.1,\n                    ""speedFactor"": 1.0,\n                    ""tau"": 1.0\n                },\n                ""speed_mode"": 1\n            },\n            ""initial_speed"": 0,\n            ""lane_change_controller"": [\n                ""SimLaneChangeController"",\n                {}\n            ],\n            ""lane_change_params"": {\n                ""controller_params"": {\n                    ""laneChangeModel"": ""LC2013"",\n                    ""lcCooperative"": ""1.0"",\n                    ""lcKeepRight"": ""1.0"",\n                    ""lcSpeedGain"": ""1.0"",\n                    ""lcStrategic"": ""1.0""\n                },\n                ""lane_change_mode"": 512\n            },\n            ""num_vehicles"": 13,\n            ""routing_controller"": [\n                ""ContinuousRouter"",\n                {}\n            ],\n            ""veh_id"": ""human""\n        },\n        {\n            ""acceleration_controller"": [\n                ""RLController"",\n                {}\n            ],\n            ""car_following_params"": {\n                ""controller_params"": {\n                    ""accel"": 1.0,\n                    ""carFollowModel"": ""IDM"",\n                    ""decel"": 1.5,\n                    ""impatience"": 0.5,\n                    ""maxSpeed"": 30,\n                    ""minGap"": 2.5,\n                    ""sigma"": 0.5,\n                    ""speedDev"": 0.1,\n                    ""speedFactor"": 1.0,\n                    ""tau"": 1.0\n                },\n                ""speed_mode"": 1\n            },\n            ""initial_speed"": 0,\n            ""lane_change_controller"": [\n                ""SimLaneChangeController"",\n                {}\n            ],\n            ""lane_change_params"": {\n                ""controller_params"": {\n                    ""laneChangeModel"": ""LC2013"",\n                    ""lcCooperative"": ""1.0"",\n                    ""lcKeepRight"": ""1.0"",\n                    ""lcSpeedGain"": ""1.0"",\n                    ""lcStrategic"": ""1.0""\n                },\n                ""lane_change_mode"": 512\n            },\n            ""num_vehicles"": 1,\n            ""routing_controller"": [\n                ""ContinuousRouter"",\n                {}\n            ],\n            ""veh_id"": ""rl""\n        }\n    ]\n}'}, 'env': 'AccelEnv-v0', 'local_evaluator_tf_session_args': {'inter_op_parallelism_threads': 8, 'intra_op_parallelism_threads': 8}, 'model': {'free_log_std': False, 'custom_options': {}, 'framestack': True, 'channel_major': False, 'max_seq_len': 20, 'lstm_use_prev_action_reward': False, 'squash_to_range': False, 'dim': 84, 'grayscale': False, 'fcnet_hiddens': [100, 50, 25], 'use_lstm': False, 'custom_model': None, 'fcnet_activation': 'tanh', 'conv_filters': None, 'conv_activation': 'relu', 'lstm_cell_size': 256, 'zero_mean': True, 'custom_preprocessor': None}, 'output_compress_columns': ['obs', 'new_obs'], 'monitor': False, 'custom_resources_per_worker': {}, 'output_max_file_size': 67108864, 'num_workers': 1, 'clip_param': 0.3, 'kl_coeff': 0.2, 'multiagent': {'policy_graphs': {}, 'policy_mapping_fn': None, 'policies_to_train': None}, 'input_evaluation': None, 'output': None, 'collect_metrics_timeout': 180, 'num_cpus_per_worker': 1}",169.237.32.118,1,1315.4367816091954,9.953034162521362,"{'num_steps_sampled': 115200, 'load_time_ms': 1.243, 'default': {'kl': 0.008849813602864742, 'cur_lr': 0.0005000000237487257, 'total_loss': 3.1872661113739014, 'policy_loss': -0.01849968731403351, 'vf_explained_var': 0.9388380646705627, 'entropy': 1.2200584411621094, 'cur_kl_coeff': 0.3040929436683655, 'vf_loss': 3.2030742168426514}, 'sample_time_ms': 9559.177, 'grad_time_ms': 275.714, 'update_time_ms': 4.243, 'num_steps_trained': 115200}",336.85804839868666,2019-04-02_07-48-48,kronos,71,115200,0,720.1437063217163,{},115200,72,72,720.1437063217163,496.3960633046472,1600,1554191328,{},0b32d2eec3344b1fbde4822793b2e447,54.45169917298337
False,88,"{'input': 'sampler', 'callbacks': {'on_train_result': None, 'on_sample_end': None, 'on_episode_step': None, 'on_episode_start': None, 'on_episode_end': None}, 'sample_batch_size': 200, 'clip_actions': False, 'clip_rewards': None, 'tf_session_args': {'inter_op_parallelism_threads': 2, 'intra_op_parallelism_threads': 2, 'device_count': {'CPU': 1}, 'log_device_placement': False, 'allow_soft_placement': True, 'gpu_options': {'allow_growth': True}}, 'kl_target': 0.01, 'horizon': 1500, 'lr': 0.0005, 'sample_async': False, 'simple_optimizer': False, 'compress_observations': False, 'num_envs_per_worker': 1, 'gamma': 0.99, 'sgd_minibatch_size': 128, 'observation_filter': 'NoFilter', 'entropy_coeff': 0.0, 'batch_mode': 'truncate_episodes', 'straggler_mitigation': False, 'vf_share_layers': False, 'num_gpus': 0, 'synchronize_filters': True, 'num_sgd_iter': 10, 'train_batch_size': 1500, 'optimizer': {}, 'num_gpus_per_worker': 0, 'preprocessor_pref': 'deepmind', 'num_cpus_for_driver': 1, 'lr_schedule': None, 'use_gae': True, 'lambda': 0.97, 'vf_loss_coeff': 1.0, 'vf_clip_param': 1000000.0, 'log_level': 'INFO', 'env_config': {'run': 'PPO', 'flow_params': '{\n    ""env"": {\n        ""additional_params"": {\n            ""max_accel"": 3,\n            ""max_decel"": 3,\n            ""sort_vehicles"": false,\n            ""target_velocity"": 20\n        },\n        ""evaluate"": false,\n        ""horizon"": 1500,\n        ""sims_per_step"": 1,\n        ""warmup_steps"": 0\n    },\n    ""env_name"": ""AccelEnv"",\n    ""exp_tag"": ""figure_eight_0"",\n    ""initial"": {\n        ""additional_params"": {},\n        ""bunching"": 0,\n        ""edges_distribution"": ""all"",\n        ""lanes_distribution"": Infinity,\n        ""min_gap"": 0,\n        ""perturbation"": 0.0,\n        ""shuffle"": false,\n        ""spacing"": ""uniform"",\n        ""x0"": 0\n    },\n    ""net"": {\n        ""additional_params"": {\n            ""lanes"": 1,\n            ""radius_ring"": 30,\n            ""resolution"": 40,\n            ""speed_limit"": 30\n        },\n        ""inflows"": {\n            ""_InFlows__flows"": [],\n            ""num_flows"": 0\n        },\n        ""netfile"": null,\n        ""no_internal_links"": false,\n        ""osm_path"": null\n    },\n    ""scenario"": ""Figure8Scenario"",\n    ""sim"": {\n        ""emission_path"": null,\n        ""lateral_resolution"": null,\n        ""no_step_log"": true,\n        ""num_clients"": 1,\n        ""overtake_right"": false,\n        ""port"": null,\n        ""print_warnings"": true,\n        ""pxpm"": 2,\n        ""render"": false,\n        ""restart_instance"": false,\n        ""save_render"": false,\n        ""seed"": null,\n        ""show_radius"": false,\n        ""sight_radius"": 25,\n        ""sim_step"": 0.1,\n        ""teleport_time"": -1\n    },\n    ""simulator"": ""traci"",\n    ""veh"": [\n        {\n            ""acceleration_controller"": [\n                ""IDMController"",\n                {\n                    ""noise"": 0.2\n                }\n            ],\n            ""car_following_params"": {\n                ""controller_params"": {\n                    ""accel"": 1.0,\n                    ""carFollowModel"": ""IDM"",\n                    ""decel"": 1.5,\n                    ""impatience"": 0.5,\n                    ""maxSpeed"": 30,\n                    ""minGap"": 2.5,\n                    ""sigma"": 0.5,\n                    ""speedDev"": 0.1,\n                    ""speedFactor"": 1.0,\n                    ""tau"": 1.0\n                },\n                ""speed_mode"": 1\n            },\n            ""initial_speed"": 0,\n            ""lane_change_controller"": [\n                ""SimLaneChangeController"",\n                {}\n            ],\n            ""lane_change_params"": {\n                ""controller_params"": {\n                    ""laneChangeModel"": ""LC2013"",\n                    ""lcCooperative"": ""1.0"",\n                    ""lcKeepRight"": ""1.0"",\n                    ""lcSpeedGain"": ""1.0"",\n                    ""lcStrategic"": ""1.0""\n                },\n                ""lane_change_mode"": 512\n            },\n            ""num_vehicles"": 13,\n            ""routing_controller"": [\n                ""ContinuousRouter"",\n                {}\n            ],\n            ""veh_id"": ""human""\n        },\n        {\n            ""acceleration_controller"": [\n                ""RLController"",\n                {}\n            ],\n            ""car_following_params"": {\n                ""controller_params"": {\n                    ""accel"": 1.0,\n                    ""carFollowModel"": ""IDM"",\n                    ""decel"": 1.5,\n                    ""impatience"": 0.5,\n                    ""maxSpeed"": 30,\n                    ""minGap"": 2.5,\n                    ""sigma"": 0.5,\n                    ""speedDev"": 0.1,\n                    ""speedFactor"": 1.0,\n                    ""tau"": 1.0\n                },\n                ""speed_mode"": 1\n            },\n            ""initial_speed"": 0,\n            ""lane_change_controller"": [\n                ""SimLaneChangeController"",\n                {}\n            ],\n            ""lane_change_params"": {\n                ""controller_params"": {\n                    ""laneChangeModel"": ""LC2013"",\n                    ""lcCooperative"": ""1.0"",\n                    ""lcKeepRight"": ""1.0"",\n                    ""lcSpeedGain"": ""1.0"",\n                    ""lcStrategic"": ""1.0""\n                },\n                ""lane_change_mode"": 512\n            },\n            ""num_vehicles"": 1,\n            ""routing_controller"": [\n                ""ContinuousRouter"",\n                {}\n            ],\n            ""veh_id"": ""rl""\n        }\n    ]\n}'}, 'env': 'AccelEnv-v0', 'local_evaluator_tf_session_args': {'inter_op_parallelism_threads': 8, 'intra_op_parallelism_threads': 8}, 'model': {'free_log_std': False, 'custom_options': {}, 'framestack': True, 'channel_major': False, 'max_seq_len': 20, 'lstm_use_prev_action_reward': False, 'squash_to_range': False, 'dim': 84, 'grayscale': False, 'fcnet_hiddens': [100, 50, 25], 'use_lstm': False, 'custom_model': None, 'fcnet_activation': 'tanh', 'conv_filters': None, 'conv_activation': 'relu', 'lstm_cell_size': 256, 'zero_mean': True, 'custom_preprocessor': None}, 'output_compress_columns': ['obs', 'new_obs'], 'monitor': False, 'custom_resources_per_worker': {}, 'output_max_file_size': 67108864, 'num_workers': 1, 'clip_param': 0.3, 'kl_coeff': 0.2, 'multiagent': {'policy_graphs': {}, 'policy_mapping_fn': None, 'policies_to_train': None}, 'input_evaluation': None, 'output': None, 'collect_metrics_timeout': 180, 'num_cpus_per_worker': 1}",169.237.32.118,1,1317.534090909091,9.92569875717163,"{'num_steps_sampled': 116800, 'load_time_ms': 1.208, 'default': {'kl': 0.00950601976364851, 'cur_lr': 0.0005000000237487257, 'total_loss': 1.3514466285705566, 'policy_loss': -0.01014058105647564, 'vf_explained_var': 0.9811319708824158, 'entropy': 1.2674068212509155, 'cur_kl_coeff': 0.3040929436683655, 'vf_loss': 1.3586963415145874}, 'sample_time_ms': 9560.241, 'grad_time_ms': 276.766, 'update_time_ms': 4.27, 'num_steps_trained': 116800}",337.57954255699764,2019-04-02_07-48-58,kronos,71,116800,0,730.0694050788879,{},116800,73,73,730.0694050788879,496.3960633046472,1600,1554191338,{},0b32d2eec3344b1fbde4822793b2e447,54.45169917298337
False,90,"{'input': 'sampler', 'callbacks': {'on_train_result': None, 'on_sample_end': None, 'on_episode_step': None, 'on_episode_start': None, 'on_episode_end': None}, 'sample_batch_size': 200, 'clip_actions': False, 'clip_rewards': None, 'tf_session_args': {'inter_op_parallelism_threads': 2, 'intra_op_parallelism_threads': 2, 'device_count': {'CPU': 1}, 'log_device_placement': False, 'allow_soft_placement': True, 'gpu_options': {'allow_growth': True}}, 'kl_target': 0.01, 'horizon': 1500, 'lr': 0.0005, 'sample_async': False, 'simple_optimizer': False, 'compress_observations': False, 'num_envs_per_worker': 1, 'gamma': 0.99, 'sgd_minibatch_size': 128, 'observation_filter': 'NoFilter', 'entropy_coeff': 0.0, 'batch_mode': 'truncate_episodes', 'straggler_mitigation': False, 'vf_share_layers': False, 'num_gpus': 0, 'synchronize_filters': True, 'num_sgd_iter': 10, 'train_batch_size': 1500, 'optimizer': {}, 'num_gpus_per_worker': 0, 'preprocessor_pref': 'deepmind', 'num_cpus_for_driver': 1, 'lr_schedule': None, 'use_gae': True, 'lambda': 0.97, 'vf_loss_coeff': 1.0, 'vf_clip_param': 1000000.0, 'log_level': 'INFO', 'env_config': {'run': 'PPO', 'flow_params': '{\n    ""env"": {\n        ""additional_params"": {\n            ""max_accel"": 3,\n            ""max_decel"": 3,\n            ""sort_vehicles"": false,\n            ""target_velocity"": 20\n        },\n        ""evaluate"": false,\n        ""horizon"": 1500,\n        ""sims_per_step"": 1,\n        ""warmup_steps"": 0\n    },\n    ""env_name"": ""AccelEnv"",\n    ""exp_tag"": ""figure_eight_0"",\n    ""initial"": {\n        ""additional_params"": {},\n        ""bunching"": 0,\n        ""edges_distribution"": ""all"",\n        ""lanes_distribution"": Infinity,\n        ""min_gap"": 0,\n        ""perturbation"": 0.0,\n        ""shuffle"": false,\n        ""spacing"": ""uniform"",\n        ""x0"": 0\n    },\n    ""net"": {\n        ""additional_params"": {\n            ""lanes"": 1,\n            ""radius_ring"": 30,\n            ""resolution"": 40,\n            ""speed_limit"": 30\n        },\n        ""inflows"": {\n            ""_InFlows__flows"": [],\n            ""num_flows"": 0\n        },\n        ""netfile"": null,\n        ""no_internal_links"": false,\n        ""osm_path"": null\n    },\n    ""scenario"": ""Figure8Scenario"",\n    ""sim"": {\n        ""emission_path"": null,\n        ""lateral_resolution"": null,\n        ""no_step_log"": true,\n        ""num_clients"": 1,\n        ""overtake_right"": false,\n        ""port"": null,\n        ""print_warnings"": true,\n        ""pxpm"": 2,\n        ""render"": false,\n        ""restart_instance"": false,\n        ""save_render"": false,\n        ""seed"": null,\n        ""show_radius"": false,\n        ""sight_radius"": 25,\n        ""sim_step"": 0.1,\n        ""teleport_time"": -1\n    },\n    ""simulator"": ""traci"",\n    ""veh"": [\n        {\n            ""acceleration_controller"": [\n                ""IDMController"",\n                {\n                    ""noise"": 0.2\n                }\n            ],\n            ""car_following_params"": {\n                ""controller_params"": {\n                    ""accel"": 1.0,\n                    ""carFollowModel"": ""IDM"",\n                    ""decel"": 1.5,\n                    ""impatience"": 0.5,\n                    ""maxSpeed"": 30,\n                    ""minGap"": 2.5,\n                    ""sigma"": 0.5,\n                    ""speedDev"": 0.1,\n                    ""speedFactor"": 1.0,\n                    ""tau"": 1.0\n                },\n                ""speed_mode"": 1\n            },\n            ""initial_speed"": 0,\n            ""lane_change_controller"": [\n                ""SimLaneChangeController"",\n                {}\n            ],\n            ""lane_change_params"": {\n                ""controller_params"": {\n                    ""laneChangeModel"": ""LC2013"",\n                    ""lcCooperative"": ""1.0"",\n                    ""lcKeepRight"": ""1.0"",\n                    ""lcSpeedGain"": ""1.0"",\n                    ""lcStrategic"": ""1.0""\n                },\n                ""lane_change_mode"": 512\n            },\n            ""num_vehicles"": 13,\n            ""routing_controller"": [\n                ""ContinuousRouter"",\n                {}\n            ],\n            ""veh_id"": ""human""\n        },\n        {\n            ""acceleration_controller"": [\n                ""RLController"",\n                {}\n            ],\n            ""car_following_params"": {\n                ""controller_params"": {\n                    ""accel"": 1.0,\n                    ""carFollowModel"": ""IDM"",\n                    ""decel"": 1.5,\n                    ""impatience"": 0.5,\n                    ""maxSpeed"": 30,\n                    ""minGap"": 2.5,\n                    ""sigma"": 0.5,\n                    ""speedDev"": 0.1,\n                    ""speedFactor"": 1.0,\n                    ""tau"": 1.0\n                },\n                ""speed_mode"": 1\n            },\n            ""initial_speed"": 0,\n            ""lane_change_controller"": [\n                ""SimLaneChangeController"",\n                {}\n            ],\n            ""lane_change_params"": {\n                ""controller_params"": {\n                    ""laneChangeModel"": ""LC2013"",\n                    ""lcCooperative"": ""1.0"",\n                    ""lcKeepRight"": ""1.0"",\n                    ""lcSpeedGain"": ""1.0"",\n                    ""lcStrategic"": ""1.0""\n                },\n                ""lane_change_mode"": 512\n            },\n            ""num_vehicles"": 1,\n            ""routing_controller"": [\n                ""ContinuousRouter"",\n                {}\n            ],\n            ""veh_id"": ""rl""\n        }\n    ]\n}'}, 'env': 'AccelEnv-v0', 'local_evaluator_tf_session_args': {'inter_op_parallelism_threads': 8, 'intra_op_parallelism_threads': 8}, 'model': {'free_log_std': False, 'custom_options': {}, 'framestack': True, 'channel_major': False, 'max_seq_len': 20, 'lstm_use_prev_action_reward': False, 'squash_to_range': False, 'dim': 84, 'grayscale': False, 'fcnet_hiddens': [100, 50, 25], 'use_lstm': False, 'custom_model': None, 'fcnet_activation': 'tanh', 'conv_filters': None, 'conv_activation': 'relu', 'lstm_cell_size': 256, 'zero_mean': True, 'custom_preprocessor': None}, 'output_compress_columns': ['obs', 'new_obs'], 'monitor': False, 'custom_resources_per_worker': {}, 'output_max_file_size': 67108864, 'num_workers': 1, 'clip_param': 0.3, 'kl_coeff': 0.2, 'multiagent': {'policy_graphs': {}, 'policy_mapping_fn': None, 'policies_to_train': None}, 'input_evaluation': None, 'output': None, 'collect_metrics_timeout': 180, 'num_cpus_per_worker': 1}",169.237.32.118,2,1315.2555555555555,9.975364208221436,"{'num_steps_sampled': 118400, 'load_time_ms': 1.147, 'default': {'kl': 0.014230561442673206, 'cur_lr': 0.0005000000237487257, 'total_loss': 2.2730352878570557, 'policy_loss': -0.014746162109076977, 'vf_explained_var': 0.960212230682373, 'entropy': 1.2500829696655273, 'cur_kl_coeff': 0.3040929436683655, 'vf_loss': 2.283454418182373}, 'sample_time_ms': 9565.857, 'grad_time_ms': 277.469, 'update_time_ms': 4.191, 'num_steps_trained': 118400}",336.6367978045659,2019-04-02_07-49-08,kronos,71,118400,0,740.0447692871094,{},118400,74,74,740.0447692871094,496.3960633046472,1600,1554191348,{},0b32d2eec3344b1fbde4822793b2e447,54.45169917298337
False,92,"{'input': 'sampler', 'callbacks': {'on_train_result': None, 'on_sample_end': None, 'on_episode_step': None, 'on_episode_start': None, 'on_episode_end': None}, 'sample_batch_size': 200, 'clip_actions': False, 'clip_rewards': None, 'tf_session_args': {'inter_op_parallelism_threads': 2, 'intra_op_parallelism_threads': 2, 'device_count': {'CPU': 1}, 'log_device_placement': False, 'allow_soft_placement': True, 'gpu_options': {'allow_growth': True}}, 'kl_target': 0.01, 'horizon': 1500, 'lr': 0.0005, 'sample_async': False, 'simple_optimizer': False, 'compress_observations': False, 'num_envs_per_worker': 1, 'gamma': 0.99, 'sgd_minibatch_size': 128, 'observation_filter': 'NoFilter', 'entropy_coeff': 0.0, 'batch_mode': 'truncate_episodes', 'straggler_mitigation': False, 'vf_share_layers': False, 'num_gpus': 0, 'synchronize_filters': True, 'num_sgd_iter': 10, 'train_batch_size': 1500, 'optimizer': {}, 'num_gpus_per_worker': 0, 'preprocessor_pref': 'deepmind', 'num_cpus_for_driver': 1, 'lr_schedule': None, 'use_gae': True, 'lambda': 0.97, 'vf_loss_coeff': 1.0, 'vf_clip_param': 1000000.0, 'log_level': 'INFO', 'env_config': {'run': 'PPO', 'flow_params': '{\n    ""env"": {\n        ""additional_params"": {\n            ""max_accel"": 3,\n            ""max_decel"": 3,\n            ""sort_vehicles"": false,\n            ""target_velocity"": 20\n        },\n        ""evaluate"": false,\n        ""horizon"": 1500,\n        ""sims_per_step"": 1,\n        ""warmup_steps"": 0\n    },\n    ""env_name"": ""AccelEnv"",\n    ""exp_tag"": ""figure_eight_0"",\n    ""initial"": {\n        ""additional_params"": {},\n        ""bunching"": 0,\n        ""edges_distribution"": ""all"",\n        ""lanes_distribution"": Infinity,\n        ""min_gap"": 0,\n        ""perturbation"": 0.0,\n        ""shuffle"": false,\n        ""spacing"": ""uniform"",\n        ""x0"": 0\n    },\n    ""net"": {\n        ""additional_params"": {\n            ""lanes"": 1,\n            ""radius_ring"": 30,\n            ""resolution"": 40,\n            ""speed_limit"": 30\n        },\n        ""inflows"": {\n            ""_InFlows__flows"": [],\n            ""num_flows"": 0\n        },\n        ""netfile"": null,\n        ""no_internal_links"": false,\n        ""osm_path"": null\n    },\n    ""scenario"": ""Figure8Scenario"",\n    ""sim"": {\n        ""emission_path"": null,\n        ""lateral_resolution"": null,\n        ""no_step_log"": true,\n        ""num_clients"": 1,\n        ""overtake_right"": false,\n        ""port"": null,\n        ""print_warnings"": true,\n        ""pxpm"": 2,\n        ""render"": false,\n        ""restart_instance"": false,\n        ""save_render"": false,\n        ""seed"": null,\n        ""show_radius"": false,\n        ""sight_radius"": 25,\n        ""sim_step"": 0.1,\n        ""teleport_time"": -1\n    },\n    ""simulator"": ""traci"",\n    ""veh"": [\n        {\n            ""acceleration_controller"": [\n                ""IDMController"",\n                {\n                    ""noise"": 0.2\n                }\n            ],\n            ""car_following_params"": {\n                ""controller_params"": {\n                    ""accel"": 1.0,\n                    ""carFollowModel"": ""IDM"",\n                    ""decel"": 1.5,\n                    ""impatience"": 0.5,\n                    ""maxSpeed"": 30,\n                    ""minGap"": 2.5,\n                    ""sigma"": 0.5,\n                    ""speedDev"": 0.1,\n                    ""speedFactor"": 1.0,\n                    ""tau"": 1.0\n                },\n                ""speed_mode"": 1\n            },\n            ""initial_speed"": 0,\n            ""lane_change_controller"": [\n                ""SimLaneChangeController"",\n                {}\n            ],\n            ""lane_change_params"": {\n                ""controller_params"": {\n                    ""laneChangeModel"": ""LC2013"",\n                    ""lcCooperative"": ""1.0"",\n                    ""lcKeepRight"": ""1.0"",\n                    ""lcSpeedGain"": ""1.0"",\n                    ""lcStrategic"": ""1.0""\n                },\n                ""lane_change_mode"": 512\n            },\n            ""num_vehicles"": 13,\n            ""routing_controller"": [\n                ""ContinuousRouter"",\n                {}\n            ],\n            ""veh_id"": ""human""\n        },\n        {\n            ""acceleration_controller"": [\n                ""RLController"",\n                {}\n            ],\n            ""car_following_params"": {\n                ""controller_params"": {\n                    ""accel"": 1.0,\n                    ""carFollowModel"": ""IDM"",\n                    ""decel"": 1.5,\n                    ""impatience"": 0.5,\n                    ""maxSpeed"": 30,\n                    ""minGap"": 2.5,\n                    ""sigma"": 0.5,\n                    ""speedDev"": 0.1,\n                    ""speedFactor"": 1.0,\n                    ""tau"": 1.0\n                },\n                ""speed_mode"": 1\n            },\n            ""initial_speed"": 0,\n            ""lane_change_controller"": [\n                ""SimLaneChangeController"",\n                {}\n            ],\n            ""lane_change_params"": {\n                ""controller_params"": {\n                    ""laneChangeModel"": ""LC2013"",\n                    ""lcCooperative"": ""1.0"",\n                    ""lcKeepRight"": ""1.0"",\n                    ""lcSpeedGain"": ""1.0"",\n                    ""lcStrategic"": ""1.0""\n                },\n                ""lane_change_mode"": 512\n            },\n            ""num_vehicles"": 1,\n            ""routing_controller"": [\n                ""ContinuousRouter"",\n                {}\n            ],\n            ""veh_id"": ""rl""\n        }\n    ]\n}'}, 'env': 'AccelEnv-v0', 'local_evaluator_tf_session_args': {'inter_op_parallelism_threads': 8, 'intra_op_parallelism_threads': 8}, 'model': {'free_log_std': False, 'custom_options': {}, 'framestack': True, 'channel_major': False, 'max_seq_len': 20, 'lstm_use_prev_action_reward': False, 'squash_to_range': False, 'dim': 84, 'grayscale': False, 'fcnet_hiddens': [100, 50, 25], 'use_lstm': False, 'custom_model': None, 'fcnet_activation': 'tanh', 'conv_filters': None, 'conv_activation': 'relu', 'lstm_cell_size': 256, 'zero_mean': True, 'custom_preprocessor': None}, 'output_compress_columns': ['obs', 'new_obs'], 'monitor': False, 'custom_resources_per_worker': {}, 'output_max_file_size': 67108864, 'num_workers': 1, 'clip_param': 0.3, 'kl_coeff': 0.2, 'multiagent': {'policy_graphs': {}, 'policy_mapping_fn': None, 'policies_to_train': None}, 'input_evaluation': None, 'output': None, 'collect_metrics_timeout': 180, 'num_cpus_per_worker': 1}",169.237.32.118,2,1301.2282608695652,9.731575727462769,"{'num_steps_sampled': 120000, 'load_time_ms': 1.172, 'default': {'kl': 0.0208255797624588, 'cur_lr': 0.0005000000237487257, 'total_loss': 0.7100669741630554, 'policy_loss': -0.016452116891741753, 'vf_explained_var': 0.991627037525177, 'entropy': 1.1438205242156982, 'cur_kl_coeff': 0.3040929436683655, 'vf_loss': 0.7201860547065735}, 'sample_time_ms': 9548.236, 'grad_time_ms': 281.263, 'update_time_ms': 4.243, 'num_steps_trained': 120000}",332.92454314912413,2019-04-02_07-49-18,kronos,71,120000,0,749.7763450145721,{},120000,75,75,749.7763450145721,496.3960633046472,1600,1554191358,{},0b32d2eec3344b1fbde4822793b2e447,54.45169917298337
False,94,"{'input': 'sampler', 'callbacks': {'on_train_result': None, 'on_sample_end': None, 'on_episode_step': None, 'on_episode_start': None, 'on_episode_end': None}, 'sample_batch_size': 200, 'clip_actions': False, 'clip_rewards': None, 'tf_session_args': {'inter_op_parallelism_threads': 2, 'intra_op_parallelism_threads': 2, 'device_count': {'CPU': 1}, 'log_device_placement': False, 'allow_soft_placement': True, 'gpu_options': {'allow_growth': True}}, 'kl_target': 0.01, 'horizon': 1500, 'lr': 0.0005, 'sample_async': False, 'simple_optimizer': False, 'compress_observations': False, 'num_envs_per_worker': 1, 'gamma': 0.99, 'sgd_minibatch_size': 128, 'observation_filter': 'NoFilter', 'entropy_coeff': 0.0, 'batch_mode': 'truncate_episodes', 'straggler_mitigation': False, 'vf_share_layers': False, 'num_gpus': 0, 'synchronize_filters': True, 'num_sgd_iter': 10, 'train_batch_size': 1500, 'optimizer': {}, 'num_gpus_per_worker': 0, 'preprocessor_pref': 'deepmind', 'num_cpus_for_driver': 1, 'lr_schedule': None, 'use_gae': True, 'lambda': 0.97, 'vf_loss_coeff': 1.0, 'vf_clip_param': 1000000.0, 'log_level': 'INFO', 'env_config': {'run': 'PPO', 'flow_params': '{\n    ""env"": {\n        ""additional_params"": {\n            ""max_accel"": 3,\n            ""max_decel"": 3,\n            ""sort_vehicles"": false,\n            ""target_velocity"": 20\n        },\n        ""evaluate"": false,\n        ""horizon"": 1500,\n        ""sims_per_step"": 1,\n        ""warmup_steps"": 0\n    },\n    ""env_name"": ""AccelEnv"",\n    ""exp_tag"": ""figure_eight_0"",\n    ""initial"": {\n        ""additional_params"": {},\n        ""bunching"": 0,\n        ""edges_distribution"": ""all"",\n        ""lanes_distribution"": Infinity,\n        ""min_gap"": 0,\n        ""perturbation"": 0.0,\n        ""shuffle"": false,\n        ""spacing"": ""uniform"",\n        ""x0"": 0\n    },\n    ""net"": {\n        ""additional_params"": {\n            ""lanes"": 1,\n            ""radius_ring"": 30,\n            ""resolution"": 40,\n            ""speed_limit"": 30\n        },\n        ""inflows"": {\n            ""_InFlows__flows"": [],\n            ""num_flows"": 0\n        },\n        ""netfile"": null,\n        ""no_internal_links"": false,\n        ""osm_path"": null\n    },\n    ""scenario"": ""Figure8Scenario"",\n    ""sim"": {\n        ""emission_path"": null,\n        ""lateral_resolution"": null,\n        ""no_step_log"": true,\n        ""num_clients"": 1,\n        ""overtake_right"": false,\n        ""port"": null,\n        ""print_warnings"": true,\n        ""pxpm"": 2,\n        ""render"": false,\n        ""restart_instance"": false,\n        ""save_render"": false,\n        ""seed"": null,\n        ""show_radius"": false,\n        ""sight_radius"": 25,\n        ""sim_step"": 0.1,\n        ""teleport_time"": -1\n    },\n    ""simulator"": ""traci"",\n    ""veh"": [\n        {\n            ""acceleration_controller"": [\n                ""IDMController"",\n                {\n                    ""noise"": 0.2\n                }\n            ],\n            ""car_following_params"": {\n                ""controller_params"": {\n                    ""accel"": 1.0,\n                    ""carFollowModel"": ""IDM"",\n                    ""decel"": 1.5,\n                    ""impatience"": 0.5,\n                    ""maxSpeed"": 30,\n                    ""minGap"": 2.5,\n                    ""sigma"": 0.5,\n                    ""speedDev"": 0.1,\n                    ""speedFactor"": 1.0,\n                    ""tau"": 1.0\n                },\n                ""speed_mode"": 1\n            },\n            ""initial_speed"": 0,\n            ""lane_change_controller"": [\n                ""SimLaneChangeController"",\n                {}\n            ],\n            ""lane_change_params"": {\n                ""controller_params"": {\n                    ""laneChangeModel"": ""LC2013"",\n                    ""lcCooperative"": ""1.0"",\n                    ""lcKeepRight"": ""1.0"",\n                    ""lcSpeedGain"": ""1.0"",\n                    ""lcStrategic"": ""1.0""\n                },\n                ""lane_change_mode"": 512\n            },\n            ""num_vehicles"": 13,\n            ""routing_controller"": [\n                ""ContinuousRouter"",\n                {}\n            ],\n            ""veh_id"": ""human""\n        },\n        {\n            ""acceleration_controller"": [\n                ""RLController"",\n                {}\n            ],\n            ""car_following_params"": {\n                ""controller_params"": {\n                    ""accel"": 1.0,\n                    ""carFollowModel"": ""IDM"",\n                    ""decel"": 1.5,\n                    ""impatience"": 0.5,\n                    ""maxSpeed"": 30,\n                    ""minGap"": 2.5,\n                    ""sigma"": 0.5,\n                    ""speedDev"": 0.1,\n                    ""speedFactor"": 1.0,\n                    ""tau"": 1.0\n                },\n                ""speed_mode"": 1\n            },\n            ""initial_speed"": 0,\n            ""lane_change_controller"": [\n                ""SimLaneChangeController"",\n                {}\n            ],\n            ""lane_change_params"": {\n                ""controller_params"": {\n                    ""laneChangeModel"": ""LC2013"",\n                    ""lcCooperative"": ""1.0"",\n                    ""lcKeepRight"": ""1.0"",\n                    ""lcSpeedGain"": ""1.0"",\n                    ""lcStrategic"": ""1.0""\n                },\n                ""lane_change_mode"": 512\n            },\n            ""num_vehicles"": 1,\n            ""routing_controller"": [\n                ""ContinuousRouter"",\n                {}\n            ],\n            ""veh_id"": ""rl""\n        }\n    ]\n}'}, 'env': 'AccelEnv-v0', 'local_evaluator_tf_session_args': {'inter_op_parallelism_threads': 8, 'intra_op_parallelism_threads': 8}, 'model': {'free_log_std': False, 'custom_options': {}, 'framestack': True, 'channel_major': False, 'max_seq_len': 20, 'lstm_use_prev_action_reward': False, 'squash_to_range': False, 'dim': 84, 'grayscale': False, 'fcnet_hiddens': [100, 50, 25], 'use_lstm': False, 'custom_model': None, 'fcnet_activation': 'tanh', 'conv_filters': None, 'conv_activation': 'relu', 'lstm_cell_size': 256, 'zero_mean': True, 'custom_preprocessor': None}, 'output_compress_columns': ['obs', 'new_obs'], 'monitor': False, 'custom_resources_per_worker': {}, 'output_max_file_size': 67108864, 'num_workers': 1, 'clip_param': 0.3, 'kl_coeff': 0.2, 'multiagent': {'policy_graphs': {}, 'policy_mapping_fn': None, 'policies_to_train': None}, 'input_evaluation': None, 'output': None, 'collect_metrics_timeout': 180, 'num_cpus_per_worker': 1}",169.237.32.118,2,1286.1808510638298,9.604832649230957,"{'num_steps_sampled': 121600, 'load_time_ms': 1.173, 'default': {'kl': 0.014276762492954731, 'cur_lr': 0.0005000000237487257, 'total_loss': 1.3717050552368164, 'policy_loss': -0.018105527386069298, 'vf_explained_var': 0.9762007594108582, 'entropy': 1.092219591140747, 'cur_kl_coeff': 0.456139475107193, 'vf_loss': 1.383298397064209}, 'sample_time_ms': 9520.266, 'grad_time_ms': 280.739, 'update_time_ms': 4.369, 'num_steps_trained': 121600}",329.46676043228524,2019-04-02_07-49-27,kronos,71,121600,0,759.3811776638031,{},121600,76,76,759.3811776638031,496.3960633046472,1600,1554191367,{},0b32d2eec3344b1fbde4822793b2e447,54.45169917298337
False,95,"{'input': 'sampler', 'callbacks': {'on_train_result': None, 'on_sample_end': None, 'on_episode_step': None, 'on_episode_start': None, 'on_episode_end': None}, 'sample_batch_size': 200, 'clip_actions': False, 'clip_rewards': None, 'tf_session_args': {'inter_op_parallelism_threads': 2, 'intra_op_parallelism_threads': 2, 'device_count': {'CPU': 1}, 'log_device_placement': False, 'allow_soft_placement': True, 'gpu_options': {'allow_growth': True}}, 'kl_target': 0.01, 'horizon': 1500, 'lr': 0.0005, 'sample_async': False, 'simple_optimizer': False, 'compress_observations': False, 'num_envs_per_worker': 1, 'gamma': 0.99, 'sgd_minibatch_size': 128, 'observation_filter': 'NoFilter', 'entropy_coeff': 0.0, 'batch_mode': 'truncate_episodes', 'straggler_mitigation': False, 'vf_share_layers': False, 'num_gpus': 0, 'synchronize_filters': True, 'num_sgd_iter': 10, 'train_batch_size': 1500, 'optimizer': {}, 'num_gpus_per_worker': 0, 'preprocessor_pref': 'deepmind', 'num_cpus_for_driver': 1, 'lr_schedule': None, 'use_gae': True, 'lambda': 0.97, 'vf_loss_coeff': 1.0, 'vf_clip_param': 1000000.0, 'log_level': 'INFO', 'env_config': {'run': 'PPO', 'flow_params': '{\n    ""env"": {\n        ""additional_params"": {\n            ""max_accel"": 3,\n            ""max_decel"": 3,\n            ""sort_vehicles"": false,\n            ""target_velocity"": 20\n        },\n        ""evaluate"": false,\n        ""horizon"": 1500,\n        ""sims_per_step"": 1,\n        ""warmup_steps"": 0\n    },\n    ""env_name"": ""AccelEnv"",\n    ""exp_tag"": ""figure_eight_0"",\n    ""initial"": {\n        ""additional_params"": {},\n        ""bunching"": 0,\n        ""edges_distribution"": ""all"",\n        ""lanes_distribution"": Infinity,\n        ""min_gap"": 0,\n        ""perturbation"": 0.0,\n        ""shuffle"": false,\n        ""spacing"": ""uniform"",\n        ""x0"": 0\n    },\n    ""net"": {\n        ""additional_params"": {\n            ""lanes"": 1,\n            ""radius_ring"": 30,\n            ""resolution"": 40,\n            ""speed_limit"": 30\n        },\n        ""inflows"": {\n            ""_InFlows__flows"": [],\n            ""num_flows"": 0\n        },\n        ""netfile"": null,\n        ""no_internal_links"": false,\n        ""osm_path"": null\n    },\n    ""scenario"": ""Figure8Scenario"",\n    ""sim"": {\n        ""emission_path"": null,\n        ""lateral_resolution"": null,\n        ""no_step_log"": true,\n        ""num_clients"": 1,\n        ""overtake_right"": false,\n        ""port"": null,\n        ""print_warnings"": true,\n        ""pxpm"": 2,\n        ""render"": false,\n        ""restart_instance"": false,\n        ""save_render"": false,\n        ""seed"": null,\n        ""show_radius"": false,\n        ""sight_radius"": 25,\n        ""sim_step"": 0.1,\n        ""teleport_time"": -1\n    },\n    ""simulator"": ""traci"",\n    ""veh"": [\n        {\n            ""acceleration_controller"": [\n                ""IDMController"",\n                {\n                    ""noise"": 0.2\n                }\n            ],\n            ""car_following_params"": {\n                ""controller_params"": {\n                    ""accel"": 1.0,\n                    ""carFollowModel"": ""IDM"",\n                    ""decel"": 1.5,\n                    ""impatience"": 0.5,\n                    ""maxSpeed"": 30,\n                    ""minGap"": 2.5,\n                    ""sigma"": 0.5,\n                    ""speedDev"": 0.1,\n                    ""speedFactor"": 1.0,\n                    ""tau"": 1.0\n                },\n                ""speed_mode"": 1\n            },\n            ""initial_speed"": 0,\n            ""lane_change_controller"": [\n                ""SimLaneChangeController"",\n                {}\n            ],\n            ""lane_change_params"": {\n                ""controller_params"": {\n                    ""laneChangeModel"": ""LC2013"",\n                    ""lcCooperative"": ""1.0"",\n                    ""lcKeepRight"": ""1.0"",\n                    ""lcSpeedGain"": ""1.0"",\n                    ""lcStrategic"": ""1.0""\n                },\n                ""lane_change_mode"": 512\n            },\n            ""num_vehicles"": 13,\n            ""routing_controller"": [\n                ""ContinuousRouter"",\n                {}\n            ],\n            ""veh_id"": ""human""\n        },\n        {\n            ""acceleration_controller"": [\n                ""RLController"",\n                {}\n            ],\n            ""car_following_params"": {\n                ""controller_params"": {\n                    ""accel"": 1.0,\n                    ""carFollowModel"": ""IDM"",\n                    ""decel"": 1.5,\n                    ""impatience"": 0.5,\n                    ""maxSpeed"": 30,\n                    ""minGap"": 2.5,\n                    ""sigma"": 0.5,\n                    ""speedDev"": 0.1,\n                    ""speedFactor"": 1.0,\n                    ""tau"": 1.0\n                },\n                ""speed_mode"": 1\n            },\n            ""initial_speed"": 0,\n            ""lane_change_controller"": [\n                ""SimLaneChangeController"",\n                {}\n            ],\n            ""lane_change_params"": {\n                ""controller_params"": {\n                    ""laneChangeModel"": ""LC2013"",\n                    ""lcCooperative"": ""1.0"",\n                    ""lcKeepRight"": ""1.0"",\n                    ""lcSpeedGain"": ""1.0"",\n                    ""lcStrategic"": ""1.0""\n                },\n                ""lane_change_mode"": 512\n            },\n            ""num_vehicles"": 1,\n            ""routing_controller"": [\n                ""ContinuousRouter"",\n                {}\n            ],\n            ""veh_id"": ""rl""\n        }\n    ]\n}'}, 'env': 'AccelEnv-v0', 'local_evaluator_tf_session_args': {'inter_op_parallelism_threads': 8, 'intra_op_parallelism_threads': 8}, 'model': {'free_log_std': False, 'custom_options': {}, 'framestack': True, 'channel_major': False, 'max_seq_len': 20, 'lstm_use_prev_action_reward': False, 'squash_to_range': False, 'dim': 84, 'grayscale': False, 'fcnet_hiddens': [100, 50, 25], 'use_lstm': False, 'custom_model': None, 'fcnet_activation': 'tanh', 'conv_filters': None, 'conv_activation': 'relu', 'lstm_cell_size': 256, 'zero_mean': True, 'custom_preprocessor': None}, 'output_compress_columns': ['obs', 'new_obs'], 'monitor': False, 'custom_resources_per_worker': {}, 'output_max_file_size': 67108864, 'num_workers': 1, 'clip_param': 0.3, 'kl_coeff': 0.2, 'multiagent': {'policy_graphs': {}, 'policy_mapping_fn': None, 'policies_to_train': None}, 'input_evaluation': None, 'output': None, 'collect_metrics_timeout': 180, 'num_cpus_per_worker': 1}",169.237.32.118,1,1288.4315789473685,9.848185300827026,"{'num_steps_sampled': 123200, 'load_time_ms': 1.17, 'default': {'kl': 0.013913744129240513, 'cur_lr': 0.0005000000237487257, 'total_loss': 1.027633786201477, 'policy_loss': -0.01716826669871807, 'vf_explained_var': 0.9751965403556824, 'entropy': 1.2516752481460571, 'cur_kl_coeff': 0.456139475107193, 'vf_loss': 1.0384554862976074}, 'sample_time_ms': 9540.935, 'grad_time_ms': 280.24, 'update_time_ms': 4.435, 'num_steps_trained': 123200}",330.24468955348243,2019-04-02_07-49-37,kronos,71,123200,0,769.2293629646301,{},123200,77,77,769.2293629646301,496.3960633046472,1600,1554191377,{},0b32d2eec3344b1fbde4822793b2e447,54.45169917298337
False,96,"{'input': 'sampler', 'callbacks': {'on_train_result': None, 'on_sample_end': None, 'on_episode_step': None, 'on_episode_start': None, 'on_episode_end': None}, 'sample_batch_size': 200, 'clip_actions': False, 'clip_rewards': None, 'tf_session_args': {'inter_op_parallelism_threads': 2, 'intra_op_parallelism_threads': 2, 'device_count': {'CPU': 1}, 'log_device_placement': False, 'allow_soft_placement': True, 'gpu_options': {'allow_growth': True}}, 'kl_target': 0.01, 'horizon': 1500, 'lr': 0.0005, 'sample_async': False, 'simple_optimizer': False, 'compress_observations': False, 'num_envs_per_worker': 1, 'gamma': 0.99, 'sgd_minibatch_size': 128, 'observation_filter': 'NoFilter', 'entropy_coeff': 0.0, 'batch_mode': 'truncate_episodes', 'straggler_mitigation': False, 'vf_share_layers': False, 'num_gpus': 0, 'synchronize_filters': True, 'num_sgd_iter': 10, 'train_batch_size': 1500, 'optimizer': {}, 'num_gpus_per_worker': 0, 'preprocessor_pref': 'deepmind', 'num_cpus_for_driver': 1, 'lr_schedule': None, 'use_gae': True, 'lambda': 0.97, 'vf_loss_coeff': 1.0, 'vf_clip_param': 1000000.0, 'log_level': 'INFO', 'env_config': {'run': 'PPO', 'flow_params': '{\n    ""env"": {\n        ""additional_params"": {\n            ""max_accel"": 3,\n            ""max_decel"": 3,\n            ""sort_vehicles"": false,\n            ""target_velocity"": 20\n        },\n        ""evaluate"": false,\n        ""horizon"": 1500,\n        ""sims_per_step"": 1,\n        ""warmup_steps"": 0\n    },\n    ""env_name"": ""AccelEnv"",\n    ""exp_tag"": ""figure_eight_0"",\n    ""initial"": {\n        ""additional_params"": {},\n        ""bunching"": 0,\n        ""edges_distribution"": ""all"",\n        ""lanes_distribution"": Infinity,\n        ""min_gap"": 0,\n        ""perturbation"": 0.0,\n        ""shuffle"": false,\n        ""spacing"": ""uniform"",\n        ""x0"": 0\n    },\n    ""net"": {\n        ""additional_params"": {\n            ""lanes"": 1,\n            ""radius_ring"": 30,\n            ""resolution"": 40,\n            ""speed_limit"": 30\n        },\n        ""inflows"": {\n            ""_InFlows__flows"": [],\n            ""num_flows"": 0\n        },\n        ""netfile"": null,\n        ""no_internal_links"": false,\n        ""osm_path"": null\n    },\n    ""scenario"": ""Figure8Scenario"",\n    ""sim"": {\n        ""emission_path"": null,\n        ""lateral_resolution"": null,\n        ""no_step_log"": true,\n        ""num_clients"": 1,\n        ""overtake_right"": false,\n        ""port"": null,\n        ""print_warnings"": true,\n        ""pxpm"": 2,\n        ""render"": false,\n        ""restart_instance"": false,\n        ""save_render"": false,\n        ""seed"": null,\n        ""show_radius"": false,\n        ""sight_radius"": 25,\n        ""sim_step"": 0.1,\n        ""teleport_time"": -1\n    },\n    ""simulator"": ""traci"",\n    ""veh"": [\n        {\n            ""acceleration_controller"": [\n                ""IDMController"",\n                {\n                    ""noise"": 0.2\n                }\n            ],\n            ""car_following_params"": {\n                ""controller_params"": {\n                    ""accel"": 1.0,\n                    ""carFollowModel"": ""IDM"",\n                    ""decel"": 1.5,\n                    ""impatience"": 0.5,\n                    ""maxSpeed"": 30,\n                    ""minGap"": 2.5,\n                    ""sigma"": 0.5,\n                    ""speedDev"": 0.1,\n                    ""speedFactor"": 1.0,\n                    ""tau"": 1.0\n                },\n                ""speed_mode"": 1\n            },\n            ""initial_speed"": 0,\n            ""lane_change_controller"": [\n                ""SimLaneChangeController"",\n                {}\n            ],\n            ""lane_change_params"": {\n                ""controller_params"": {\n                    ""laneChangeModel"": ""LC2013"",\n                    ""lcCooperative"": ""1.0"",\n                    ""lcKeepRight"": ""1.0"",\n                    ""lcSpeedGain"": ""1.0"",\n                    ""lcStrategic"": ""1.0""\n                },\n                ""lane_change_mode"": 512\n            },\n            ""num_vehicles"": 13,\n            ""routing_controller"": [\n                ""ContinuousRouter"",\n                {}\n            ],\n            ""veh_id"": ""human""\n        },\n        {\n            ""acceleration_controller"": [\n                ""RLController"",\n                {}\n            ],\n            ""car_following_params"": {\n                ""controller_params"": {\n                    ""accel"": 1.0,\n                    ""carFollowModel"": ""IDM"",\n                    ""decel"": 1.5,\n                    ""impatience"": 0.5,\n                    ""maxSpeed"": 30,\n                    ""minGap"": 2.5,\n                    ""sigma"": 0.5,\n                    ""speedDev"": 0.1,\n                    ""speedFactor"": 1.0,\n                    ""tau"": 1.0\n                },\n                ""speed_mode"": 1\n            },\n            ""initial_speed"": 0,\n            ""lane_change_controller"": [\n                ""SimLaneChangeController"",\n                {}\n            ],\n            ""lane_change_params"": {\n                ""controller_params"": {\n                    ""laneChangeModel"": ""LC2013"",\n                    ""lcCooperative"": ""1.0"",\n                    ""lcKeepRight"": ""1.0"",\n                    ""lcSpeedGain"": ""1.0"",\n                    ""lcStrategic"": ""1.0""\n                },\n                ""lane_change_mode"": 512\n            },\n            ""num_vehicles"": 1,\n            ""routing_controller"": [\n                ""ContinuousRouter"",\n                {}\n            ],\n            ""veh_id"": ""rl""\n        }\n    ]\n}'}, 'env': 'AccelEnv-v0', 'local_evaluator_tf_session_args': {'inter_op_parallelism_threads': 8, 'intra_op_parallelism_threads': 8}, 'model': {'free_log_std': False, 'custom_options': {}, 'framestack': True, 'channel_major': False, 'max_seq_len': 20, 'lstm_use_prev_action_reward': False, 'squash_to_range': False, 'dim': 84, 'grayscale': False, 'fcnet_hiddens': [100, 50, 25], 'use_lstm': False, 'custom_model': None, 'fcnet_activation': 'tanh', 'conv_filters': None, 'conv_activation': 'relu', 'lstm_cell_size': 256, 'zero_mean': True, 'custom_preprocessor': None}, 'output_compress_columns': ['obs', 'new_obs'], 'monitor': False, 'custom_resources_per_worker': {}, 'output_max_file_size': 67108864, 'num_workers': 1, 'clip_param': 0.3, 'kl_coeff': 0.2, 'multiagent': {'policy_graphs': {}, 'policy_mapping_fn': None, 'policies_to_train': None}, 'input_evaluation': None, 'output': None, 'collect_metrics_timeout': 180, 'num_cpus_per_worker': 1}",169.237.32.118,1,1290.6354166666667,9.977352619171143,"{'num_steps_sampled': 124800, 'load_time_ms': 1.168, 'default': {'kl': 0.015342365950345993, 'cur_lr': 0.0005000000237487257, 'total_loss': 1.351574420928955, 'policy_loss': -0.03359800577163696, 'vf_explained_var': 0.9731094241142273, 'entropy': 1.2385658025741577, 'cur_kl_coeff': 0.456139475107193, 'vf_loss': 1.3781743049621582}, 'sample_time_ms': 9549.004, 'grad_time_ms': 282.066, 'update_time_ms': 4.441, 'num_steps_trained': 124800}",331.3173298318982,2019-04-02_07-49-47,kronos,71,124800,0,779.2067155838013,{},124800,78,78,779.2067155838013,496.3960633046472,1600,1554191387,{},0b32d2eec3344b1fbde4822793b2e447,54.45169917298337
False,98,"{'input': 'sampler', 'callbacks': {'on_train_result': None, 'on_sample_end': None, 'on_episode_step': None, 'on_episode_start': None, 'on_episode_end': None}, 'sample_batch_size': 200, 'clip_actions': False, 'clip_rewards': None, 'tf_session_args': {'inter_op_parallelism_threads': 2, 'intra_op_parallelism_threads': 2, 'device_count': {'CPU': 1}, 'log_device_placement': False, 'allow_soft_placement': True, 'gpu_options': {'allow_growth': True}}, 'kl_target': 0.01, 'horizon': 1500, 'lr': 0.0005, 'sample_async': False, 'simple_optimizer': False, 'compress_observations': False, 'num_envs_per_worker': 1, 'gamma': 0.99, 'sgd_minibatch_size': 128, 'observation_filter': 'NoFilter', 'entropy_coeff': 0.0, 'batch_mode': 'truncate_episodes', 'straggler_mitigation': False, 'vf_share_layers': False, 'num_gpus': 0, 'synchronize_filters': True, 'num_sgd_iter': 10, 'train_batch_size': 1500, 'optimizer': {}, 'num_gpus_per_worker': 0, 'preprocessor_pref': 'deepmind', 'num_cpus_for_driver': 1, 'lr_schedule': None, 'use_gae': True, 'lambda': 0.97, 'vf_loss_coeff': 1.0, 'vf_clip_param': 1000000.0, 'log_level': 'INFO', 'env_config': {'run': 'PPO', 'flow_params': '{\n    ""env"": {\n        ""additional_params"": {\n            ""max_accel"": 3,\n            ""max_decel"": 3,\n            ""sort_vehicles"": false,\n            ""target_velocity"": 20\n        },\n        ""evaluate"": false,\n        ""horizon"": 1500,\n        ""sims_per_step"": 1,\n        ""warmup_steps"": 0\n    },\n    ""env_name"": ""AccelEnv"",\n    ""exp_tag"": ""figure_eight_0"",\n    ""initial"": {\n        ""additional_params"": {},\n        ""bunching"": 0,\n        ""edges_distribution"": ""all"",\n        ""lanes_distribution"": Infinity,\n        ""min_gap"": 0,\n        ""perturbation"": 0.0,\n        ""shuffle"": false,\n        ""spacing"": ""uniform"",\n        ""x0"": 0\n    },\n    ""net"": {\n        ""additional_params"": {\n            ""lanes"": 1,\n            ""radius_ring"": 30,\n            ""resolution"": 40,\n            ""speed_limit"": 30\n        },\n        ""inflows"": {\n            ""_InFlows__flows"": [],\n            ""num_flows"": 0\n        },\n        ""netfile"": null,\n        ""no_internal_links"": false,\n        ""osm_path"": null\n    },\n    ""scenario"": ""Figure8Scenario"",\n    ""sim"": {\n        ""emission_path"": null,\n        ""lateral_resolution"": null,\n        ""no_step_log"": true,\n        ""num_clients"": 1,\n        ""overtake_right"": false,\n        ""port"": null,\n        ""print_warnings"": true,\n        ""pxpm"": 2,\n        ""render"": false,\n        ""restart_instance"": false,\n        ""save_render"": false,\n        ""seed"": null,\n        ""show_radius"": false,\n        ""sight_radius"": 25,\n        ""sim_step"": 0.1,\n        ""teleport_time"": -1\n    },\n    ""simulator"": ""traci"",\n    ""veh"": [\n        {\n            ""acceleration_controller"": [\n                ""IDMController"",\n                {\n                    ""noise"": 0.2\n                }\n            ],\n            ""car_following_params"": {\n                ""controller_params"": {\n                    ""accel"": 1.0,\n                    ""carFollowModel"": ""IDM"",\n                    ""decel"": 1.5,\n                    ""impatience"": 0.5,\n                    ""maxSpeed"": 30,\n                    ""minGap"": 2.5,\n                    ""sigma"": 0.5,\n                    ""speedDev"": 0.1,\n                    ""speedFactor"": 1.0,\n                    ""tau"": 1.0\n                },\n                ""speed_mode"": 1\n            },\n            ""initial_speed"": 0,\n            ""lane_change_controller"": [\n                ""SimLaneChangeController"",\n                {}\n            ],\n            ""lane_change_params"": {\n                ""controller_params"": {\n                    ""laneChangeModel"": ""LC2013"",\n                    ""lcCooperative"": ""1.0"",\n                    ""lcKeepRight"": ""1.0"",\n                    ""lcSpeedGain"": ""1.0"",\n                    ""lcStrategic"": ""1.0""\n                },\n                ""lane_change_mode"": 512\n            },\n            ""num_vehicles"": 13,\n            ""routing_controller"": [\n                ""ContinuousRouter"",\n                {}\n            ],\n            ""veh_id"": ""human""\n        },\n        {\n            ""acceleration_controller"": [\n                ""RLController"",\n                {}\n            ],\n            ""car_following_params"": {\n                ""controller_params"": {\n                    ""accel"": 1.0,\n                    ""carFollowModel"": ""IDM"",\n                    ""decel"": 1.5,\n                    ""impatience"": 0.5,\n                    ""maxSpeed"": 30,\n                    ""minGap"": 2.5,\n                    ""sigma"": 0.5,\n                    ""speedDev"": 0.1,\n                    ""speedFactor"": 1.0,\n                    ""tau"": 1.0\n                },\n                ""speed_mode"": 1\n            },\n            ""initial_speed"": 0,\n            ""lane_change_controller"": [\n                ""SimLaneChangeController"",\n                {}\n            ],\n            ""lane_change_params"": {\n                ""controller_params"": {\n                    ""laneChangeModel"": ""LC2013"",\n                    ""lcCooperative"": ""1.0"",\n                    ""lcKeepRight"": ""1.0"",\n                    ""lcSpeedGain"": ""1.0"",\n                    ""lcStrategic"": ""1.0""\n                },\n                ""lane_change_mode"": 512\n            },\n            ""num_vehicles"": 1,\n            ""routing_controller"": [\n                ""ContinuousRouter"",\n                {}\n            ],\n            ""veh_id"": ""rl""\n        }\n    ]\n}'}, 'env': 'AccelEnv-v0', 'local_evaluator_tf_session_args': {'inter_op_parallelism_threads': 8, 'intra_op_parallelism_threads': 8}, 'model': {'free_log_std': False, 'custom_options': {}, 'framestack': True, 'channel_major': False, 'max_seq_len': 20, 'lstm_use_prev_action_reward': False, 'squash_to_range': False, 'dim': 84, 'grayscale': False, 'fcnet_hiddens': [100, 50, 25], 'use_lstm': False, 'custom_model': None, 'fcnet_activation': 'tanh', 'conv_filters': None, 'conv_activation': 'relu', 'lstm_cell_size': 256, 'zero_mean': True, 'custom_preprocessor': None}, 'output_compress_columns': ['obs', 'new_obs'], 'monitor': False, 'custom_resources_per_worker': {}, 'output_max_file_size': 67108864, 'num_workers': 1, 'clip_param': 0.3, 'kl_coeff': 0.2, 'multiagent': {'policy_graphs': {}, 'policy_mapping_fn': None, 'policies_to_train': None}, 'input_evaluation': None, 'output': None, 'collect_metrics_timeout': 180, 'num_cpus_per_worker': 1}",169.237.32.118,2,1287.142857142857,9.808057069778442,"{'num_steps_sampled': 126400, 'load_time_ms': 1.208, 'default': {'kl': 0.008482112549245358, 'cur_lr': 0.0005000000237487257, 'total_loss': 1.1104902029037476, 'policy_loss': -0.021082311868667603, 'vf_explained_var': 0.9804707169532776, 'entropy': 1.189249873161316, 'cur_kl_coeff': 0.456139475107193, 'vf_loss': 1.1277035474777222}, 'sample_time_ms': 9539.36, 'grad_time_ms': 281.983, 'update_time_ms': 4.564, 'num_steps_trained': 126400}",330.3897088958196,2019-04-02_07-49-57,kronos,71,126400,0,789.0147726535797,{},126400,79,79,789.0147726535797,496.3960633046472,1600,1554191397,{},0b32d2eec3344b1fbde4822793b2e447,54.45169917298337
False,99,"{'input': 'sampler', 'callbacks': {'on_train_result': None, 'on_sample_end': None, 'on_episode_step': None, 'on_episode_start': None, 'on_episode_end': None}, 'sample_batch_size': 200, 'clip_actions': False, 'clip_rewards': None, 'tf_session_args': {'inter_op_parallelism_threads': 2, 'intra_op_parallelism_threads': 2, 'device_count': {'CPU': 1}, 'log_device_placement': False, 'allow_soft_placement': True, 'gpu_options': {'allow_growth': True}}, 'kl_target': 0.01, 'horizon': 1500, 'lr': 0.0005, 'sample_async': False, 'simple_optimizer': False, 'compress_observations': False, 'num_envs_per_worker': 1, 'gamma': 0.99, 'sgd_minibatch_size': 128, 'observation_filter': 'NoFilter', 'entropy_coeff': 0.0, 'batch_mode': 'truncate_episodes', 'straggler_mitigation': False, 'vf_share_layers': False, 'num_gpus': 0, 'synchronize_filters': True, 'num_sgd_iter': 10, 'train_batch_size': 1500, 'optimizer': {}, 'num_gpus_per_worker': 0, 'preprocessor_pref': 'deepmind', 'num_cpus_for_driver': 1, 'lr_schedule': None, 'use_gae': True, 'lambda': 0.97, 'vf_loss_coeff': 1.0, 'vf_clip_param': 1000000.0, 'log_level': 'INFO', 'env_config': {'run': 'PPO', 'flow_params': '{\n    ""env"": {\n        ""additional_params"": {\n            ""max_accel"": 3,\n            ""max_decel"": 3,\n            ""sort_vehicles"": false,\n            ""target_velocity"": 20\n        },\n        ""evaluate"": false,\n        ""horizon"": 1500,\n        ""sims_per_step"": 1,\n        ""warmup_steps"": 0\n    },\n    ""env_name"": ""AccelEnv"",\n    ""exp_tag"": ""figure_eight_0"",\n    ""initial"": {\n        ""additional_params"": {},\n        ""bunching"": 0,\n        ""edges_distribution"": ""all"",\n        ""lanes_distribution"": Infinity,\n        ""min_gap"": 0,\n        ""perturbation"": 0.0,\n        ""shuffle"": false,\n        ""spacing"": ""uniform"",\n        ""x0"": 0\n    },\n    ""net"": {\n        ""additional_params"": {\n            ""lanes"": 1,\n            ""radius_ring"": 30,\n            ""resolution"": 40,\n            ""speed_limit"": 30\n        },\n        ""inflows"": {\n            ""_InFlows__flows"": [],\n            ""num_flows"": 0\n        },\n        ""netfile"": null,\n        ""no_internal_links"": false,\n        ""osm_path"": null\n    },\n    ""scenario"": ""Figure8Scenario"",\n    ""sim"": {\n        ""emission_path"": null,\n        ""lateral_resolution"": null,\n        ""no_step_log"": true,\n        ""num_clients"": 1,\n        ""overtake_right"": false,\n        ""port"": null,\n        ""print_warnings"": true,\n        ""pxpm"": 2,\n        ""render"": false,\n        ""restart_instance"": false,\n        ""save_render"": false,\n        ""seed"": null,\n        ""show_radius"": false,\n        ""sight_radius"": 25,\n        ""sim_step"": 0.1,\n        ""teleport_time"": -1\n    },\n    ""simulator"": ""traci"",\n    ""veh"": [\n        {\n            ""acceleration_controller"": [\n                ""IDMController"",\n                {\n                    ""noise"": 0.2\n                }\n            ],\n            ""car_following_params"": {\n                ""controller_params"": {\n                    ""accel"": 1.0,\n                    ""carFollowModel"": ""IDM"",\n                    ""decel"": 1.5,\n                    ""impatience"": 0.5,\n                    ""maxSpeed"": 30,\n                    ""minGap"": 2.5,\n                    ""sigma"": 0.5,\n                    ""speedDev"": 0.1,\n                    ""speedFactor"": 1.0,\n                    ""tau"": 1.0\n                },\n                ""speed_mode"": 1\n            },\n            ""initial_speed"": 0,\n            ""lane_change_controller"": [\n                ""SimLaneChangeController"",\n                {}\n            ],\n            ""lane_change_params"": {\n                ""controller_params"": {\n                    ""laneChangeModel"": ""LC2013"",\n                    ""lcCooperative"": ""1.0"",\n                    ""lcKeepRight"": ""1.0"",\n                    ""lcSpeedGain"": ""1.0"",\n                    ""lcStrategic"": ""1.0""\n                },\n                ""lane_change_mode"": 512\n            },\n            ""num_vehicles"": 13,\n            ""routing_controller"": [\n                ""ContinuousRouter"",\n                {}\n            ],\n            ""veh_id"": ""human""\n        },\n        {\n            ""acceleration_controller"": [\n                ""RLController"",\n                {}\n            ],\n            ""car_following_params"": {\n                ""controller_params"": {\n                    ""accel"": 1.0,\n                    ""carFollowModel"": ""IDM"",\n                    ""decel"": 1.5,\n                    ""impatience"": 0.5,\n                    ""maxSpeed"": 30,\n                    ""minGap"": 2.5,\n                    ""sigma"": 0.5,\n                    ""speedDev"": 0.1,\n                    ""speedFactor"": 1.0,\n                    ""tau"": 1.0\n                },\n                ""speed_mode"": 1\n            },\n            ""initial_speed"": 0,\n            ""lane_change_controller"": [\n                ""SimLaneChangeController"",\n                {}\n            ],\n            ""lane_change_params"": {\n                ""controller_params"": {\n                    ""laneChangeModel"": ""LC2013"",\n                    ""lcCooperative"": ""1.0"",\n                    ""lcKeepRight"": ""1.0"",\n                    ""lcSpeedGain"": ""1.0"",\n                    ""lcStrategic"": ""1.0""\n                },\n                ""lane_change_mode"": 512\n            },\n            ""num_vehicles"": 1,\n            ""routing_controller"": [\n                ""ContinuousRouter"",\n                {}\n            ],\n            ""veh_id"": ""rl""\n        }\n    ]\n}'}, 'env': 'AccelEnv-v0', 'local_evaluator_tf_session_args': {'inter_op_parallelism_threads': 8, 'intra_op_parallelism_threads': 8}, 'model': {'free_log_std': False, 'custom_options': {}, 'framestack': True, 'channel_major': False, 'max_seq_len': 20, 'lstm_use_prev_action_reward': False, 'squash_to_range': False, 'dim': 84, 'grayscale': False, 'fcnet_hiddens': [100, 50, 25], 'use_lstm': False, 'custom_model': None, 'fcnet_activation': 'tanh', 'conv_filters': None, 'conv_activation': 'relu', 'lstm_cell_size': 256, 'zero_mean': True, 'custom_preprocessor': None}, 'output_compress_columns': ['obs', 'new_obs'], 'monitor': False, 'custom_resources_per_worker': {}, 'output_max_file_size': 67108864, 'num_workers': 1, 'clip_param': 0.3, 'kl_coeff': 0.2, 'multiagent': {'policy_graphs': {}, 'policy_mapping_fn': None, 'policies_to_train': None}, 'input_evaluation': None, 'output': None, 'collect_metrics_timeout': 180, 'num_cpus_per_worker': 1}",169.237.32.118,1,1284.828282828283,9.554274797439575,"{'num_steps_sampled': 128000, 'load_time_ms': 1.172, 'default': {'kl': 0.011494728736579418, 'cur_lr': 0.0005000000237487257, 'total_loss': 0.26929154992103577, 'policy_loss': -0.024279704317450523, 'vf_explained_var': 0.997793436050415, 'entropy': 1.204831600189209, 'cur_kl_coeff': 0.456139475107193, 'vf_loss': 0.28832805156707764}, 'sample_time_ms': 9530.109, 'grad_time_ms': 280.866, 'update_time_ms': 4.418, 'num_steps_trained': 128000}",328.67033364715735,2019-04-02_07-50-07,kronos,71,128000,0,798.5690474510193,{},128000,80,80,798.5690474510193,496.3960633046472,1600,1554191407,{},0b32d2eec3344b1fbde4822793b2e447,54.45169917298337
False,101,"{'input': 'sampler', 'callbacks': {'on_train_result': None, 'on_sample_end': None, 'on_episode_step': None, 'on_episode_start': None, 'on_episode_end': None}, 'sample_batch_size': 200, 'clip_actions': False, 'clip_rewards': None, 'tf_session_args': {'inter_op_parallelism_threads': 2, 'intra_op_parallelism_threads': 2, 'device_count': {'CPU': 1}, 'log_device_placement': False, 'allow_soft_placement': True, 'gpu_options': {'allow_growth': True}}, 'kl_target': 0.01, 'horizon': 1500, 'lr': 0.0005, 'sample_async': False, 'simple_optimizer': False, 'compress_observations': False, 'num_envs_per_worker': 1, 'gamma': 0.99, 'sgd_minibatch_size': 128, 'observation_filter': 'NoFilter', 'entropy_coeff': 0.0, 'batch_mode': 'truncate_episodes', 'straggler_mitigation': False, 'vf_share_layers': False, 'num_gpus': 0, 'synchronize_filters': True, 'num_sgd_iter': 10, 'train_batch_size': 1500, 'optimizer': {}, 'num_gpus_per_worker': 0, 'preprocessor_pref': 'deepmind', 'num_cpus_for_driver': 1, 'lr_schedule': None, 'use_gae': True, 'lambda': 0.97, 'vf_loss_coeff': 1.0, 'vf_clip_param': 1000000.0, 'log_level': 'INFO', 'env_config': {'run': 'PPO', 'flow_params': '{\n    ""env"": {\n        ""additional_params"": {\n            ""max_accel"": 3,\n            ""max_decel"": 3,\n            ""sort_vehicles"": false,\n            ""target_velocity"": 20\n        },\n        ""evaluate"": false,\n        ""horizon"": 1500,\n        ""sims_per_step"": 1,\n        ""warmup_steps"": 0\n    },\n    ""env_name"": ""AccelEnv"",\n    ""exp_tag"": ""figure_eight_0"",\n    ""initial"": {\n        ""additional_params"": {},\n        ""bunching"": 0,\n        ""edges_distribution"": ""all"",\n        ""lanes_distribution"": Infinity,\n        ""min_gap"": 0,\n        ""perturbation"": 0.0,\n        ""shuffle"": false,\n        ""spacing"": ""uniform"",\n        ""x0"": 0\n    },\n    ""net"": {\n        ""additional_params"": {\n            ""lanes"": 1,\n            ""radius_ring"": 30,\n            ""resolution"": 40,\n            ""speed_limit"": 30\n        },\n        ""inflows"": {\n            ""_InFlows__flows"": [],\n            ""num_flows"": 0\n        },\n        ""netfile"": null,\n        ""no_internal_links"": false,\n        ""osm_path"": null\n    },\n    ""scenario"": ""Figure8Scenario"",\n    ""sim"": {\n        ""emission_path"": null,\n        ""lateral_resolution"": null,\n        ""no_step_log"": true,\n        ""num_clients"": 1,\n        ""overtake_right"": false,\n        ""port"": null,\n        ""print_warnings"": true,\n        ""pxpm"": 2,\n        ""render"": false,\n        ""restart_instance"": false,\n        ""save_render"": false,\n        ""seed"": null,\n        ""show_radius"": false,\n        ""sight_radius"": 25,\n        ""sim_step"": 0.1,\n        ""teleport_time"": -1\n    },\n    ""simulator"": ""traci"",\n    ""veh"": [\n        {\n            ""acceleration_controller"": [\n                ""IDMController"",\n                {\n                    ""noise"": 0.2\n                }\n            ],\n            ""car_following_params"": {\n                ""controller_params"": {\n                    ""accel"": 1.0,\n                    ""carFollowModel"": ""IDM"",\n                    ""decel"": 1.5,\n                    ""impatience"": 0.5,\n                    ""maxSpeed"": 30,\n                    ""minGap"": 2.5,\n                    ""sigma"": 0.5,\n                    ""speedDev"": 0.1,\n                    ""speedFactor"": 1.0,\n                    ""tau"": 1.0\n                },\n                ""speed_mode"": 1\n            },\n            ""initial_speed"": 0,\n            ""lane_change_controller"": [\n                ""SimLaneChangeController"",\n                {}\n            ],\n            ""lane_change_params"": {\n                ""controller_params"": {\n                    ""laneChangeModel"": ""LC2013"",\n                    ""lcCooperative"": ""1.0"",\n                    ""lcKeepRight"": ""1.0"",\n                    ""lcSpeedGain"": ""1.0"",\n                    ""lcStrategic"": ""1.0""\n                },\n                ""lane_change_mode"": 512\n            },\n            ""num_vehicles"": 13,\n            ""routing_controller"": [\n                ""ContinuousRouter"",\n                {}\n            ],\n            ""veh_id"": ""human""\n        },\n        {\n            ""acceleration_controller"": [\n                ""RLController"",\n                {}\n            ],\n            ""car_following_params"": {\n                ""controller_params"": {\n                    ""accel"": 1.0,\n                    ""carFollowModel"": ""IDM"",\n                    ""decel"": 1.5,\n                    ""impatience"": 0.5,\n                    ""maxSpeed"": 30,\n                    ""minGap"": 2.5,\n                    ""sigma"": 0.5,\n                    ""speedDev"": 0.1,\n                    ""speedFactor"": 1.0,\n                    ""tau"": 1.0\n                },\n                ""speed_mode"": 1\n            },\n            ""initial_speed"": 0,\n            ""lane_change_controller"": [\n                ""SimLaneChangeController"",\n                {}\n            ],\n            ""lane_change_params"": {\n                ""controller_params"": {\n                    ""laneChangeModel"": ""LC2013"",\n                    ""lcCooperative"": ""1.0"",\n                    ""lcKeepRight"": ""1.0"",\n                    ""lcSpeedGain"": ""1.0"",\n                    ""lcStrategic"": ""1.0""\n                },\n                ""lane_change_mode"": 512\n            },\n            ""num_vehicles"": 1,\n            ""routing_controller"": [\n                ""ContinuousRouter"",\n                {}\n            ],\n            ""veh_id"": ""rl""\n        }\n    ]\n}'}, 'env': 'AccelEnv-v0', 'local_evaluator_tf_session_args': {'inter_op_parallelism_threads': 8, 'intra_op_parallelism_threads': 8}, 'model': {'free_log_std': False, 'custom_options': {}, 'framestack': True, 'channel_major': False, 'max_seq_len': 20, 'lstm_use_prev_action_reward': False, 'squash_to_range': False, 'dim': 84, 'grayscale': False, 'fcnet_hiddens': [100, 50, 25], 'use_lstm': False, 'custom_model': None, 'fcnet_activation': 'tanh', 'conv_filters': None, 'conv_activation': 'relu', 'lstm_cell_size': 256, 'zero_mean': True, 'custom_preprocessor': None}, 'output_compress_columns': ['obs', 'new_obs'], 'monitor': False, 'custom_resources_per_worker': {}, 'output_max_file_size': 67108864, 'num_workers': 1, 'clip_param': 0.3, 'kl_coeff': 0.2, 'multiagent': {'policy_graphs': {}, 'policy_mapping_fn': None, 'policies_to_train': None}, 'input_evaluation': None, 'output': None, 'collect_metrics_timeout': 180, 'num_cpus_per_worker': 1}",169.237.32.118,2,1279.95,9.767586708068848,"{'num_steps_sampled': 129600, 'load_time_ms': 1.17, 'default': {'kl': 0.012750047259032726, 'cur_lr': 0.0005000000237487257, 'total_loss': 0.5117067694664001, 'policy_loss': -0.014621554873883724, 'vf_explained_var': 0.9947722554206848, 'entropy': 1.1713093519210815, 'cur_kl_coeff': 0.456139475107193, 'vf_loss': 0.5205125212669373}, 'sample_time_ms': 9522.727, 'grad_time_ms': 280.972, 'update_time_ms': 4.573, 'num_steps_trained': 129600}",329.40495616733773,2019-04-02_07-50-16,kronos,71,129600,0,808.3366341590881,{},129600,81,81,808.3366341590881,496.3960633046472,1600,1554191416,{},0b32d2eec3344b1fbde4822793b2e447,54.45169917298337
False,102,"{'input': 'sampler', 'callbacks': {'on_train_result': None, 'on_sample_end': None, 'on_episode_step': None, 'on_episode_start': None, 'on_episode_end': None}, 'sample_batch_size': 200, 'clip_actions': False, 'clip_rewards': None, 'tf_session_args': {'inter_op_parallelism_threads': 2, 'intra_op_parallelism_threads': 2, 'device_count': {'CPU': 1}, 'log_device_placement': False, 'allow_soft_placement': True, 'gpu_options': {'allow_growth': True}}, 'kl_target': 0.01, 'horizon': 1500, 'lr': 0.0005, 'sample_async': False, 'simple_optimizer': False, 'compress_observations': False, 'num_envs_per_worker': 1, 'gamma': 0.99, 'sgd_minibatch_size': 128, 'observation_filter': 'NoFilter', 'entropy_coeff': 0.0, 'batch_mode': 'truncate_episodes', 'straggler_mitigation': False, 'vf_share_layers': False, 'num_gpus': 0, 'synchronize_filters': True, 'num_sgd_iter': 10, 'train_batch_size': 1500, 'optimizer': {}, 'num_gpus_per_worker': 0, 'preprocessor_pref': 'deepmind', 'num_cpus_for_driver': 1, 'lr_schedule': None, 'use_gae': True, 'lambda': 0.97, 'vf_loss_coeff': 1.0, 'vf_clip_param': 1000000.0, 'log_level': 'INFO', 'env_config': {'run': 'PPO', 'flow_params': '{\n    ""env"": {\n        ""additional_params"": {\n            ""max_accel"": 3,\n            ""max_decel"": 3,\n            ""sort_vehicles"": false,\n            ""target_velocity"": 20\n        },\n        ""evaluate"": false,\n        ""horizon"": 1500,\n        ""sims_per_step"": 1,\n        ""warmup_steps"": 0\n    },\n    ""env_name"": ""AccelEnv"",\n    ""exp_tag"": ""figure_eight_0"",\n    ""initial"": {\n        ""additional_params"": {},\n        ""bunching"": 0,\n        ""edges_distribution"": ""all"",\n        ""lanes_distribution"": Infinity,\n        ""min_gap"": 0,\n        ""perturbation"": 0.0,\n        ""shuffle"": false,\n        ""spacing"": ""uniform"",\n        ""x0"": 0\n    },\n    ""net"": {\n        ""additional_params"": {\n            ""lanes"": 1,\n            ""radius_ring"": 30,\n            ""resolution"": 40,\n            ""speed_limit"": 30\n        },\n        ""inflows"": {\n            ""_InFlows__flows"": [],\n            ""num_flows"": 0\n        },\n        ""netfile"": null,\n        ""no_internal_links"": false,\n        ""osm_path"": null\n    },\n    ""scenario"": ""Figure8Scenario"",\n    ""sim"": {\n        ""emission_path"": null,\n        ""lateral_resolution"": null,\n        ""no_step_log"": true,\n        ""num_clients"": 1,\n        ""overtake_right"": false,\n        ""port"": null,\n        ""print_warnings"": true,\n        ""pxpm"": 2,\n        ""render"": false,\n        ""restart_instance"": false,\n        ""save_render"": false,\n        ""seed"": null,\n        ""show_radius"": false,\n        ""sight_radius"": 25,\n        ""sim_step"": 0.1,\n        ""teleport_time"": -1\n    },\n    ""simulator"": ""traci"",\n    ""veh"": [\n        {\n            ""acceleration_controller"": [\n                ""IDMController"",\n                {\n                    ""noise"": 0.2\n                }\n            ],\n            ""car_following_params"": {\n                ""controller_params"": {\n                    ""accel"": 1.0,\n                    ""carFollowModel"": ""IDM"",\n                    ""decel"": 1.5,\n                    ""impatience"": 0.5,\n                    ""maxSpeed"": 30,\n                    ""minGap"": 2.5,\n                    ""sigma"": 0.5,\n                    ""speedDev"": 0.1,\n                    ""speedFactor"": 1.0,\n                    ""tau"": 1.0\n                },\n                ""speed_mode"": 1\n            },\n            ""initial_speed"": 0,\n            ""lane_change_controller"": [\n                ""SimLaneChangeController"",\n                {}\n            ],\n            ""lane_change_params"": {\n                ""controller_params"": {\n                    ""laneChangeModel"": ""LC2013"",\n                    ""lcCooperative"": ""1.0"",\n                    ""lcKeepRight"": ""1.0"",\n                    ""lcSpeedGain"": ""1.0"",\n                    ""lcStrategic"": ""1.0""\n                },\n                ""lane_change_mode"": 512\n            },\n            ""num_vehicles"": 13,\n            ""routing_controller"": [\n                ""ContinuousRouter"",\n                {}\n            ],\n            ""veh_id"": ""human""\n        },\n        {\n            ""acceleration_controller"": [\n                ""RLController"",\n                {}\n            ],\n            ""car_following_params"": {\n                ""controller_params"": {\n                    ""accel"": 1.0,\n                    ""carFollowModel"": ""IDM"",\n                    ""decel"": 1.5,\n                    ""impatience"": 0.5,\n                    ""maxSpeed"": 30,\n                    ""minGap"": 2.5,\n                    ""sigma"": 0.5,\n                    ""speedDev"": 0.1,\n                    ""speedFactor"": 1.0,\n                    ""tau"": 1.0\n                },\n                ""speed_mode"": 1\n            },\n            ""initial_speed"": 0,\n            ""lane_change_controller"": [\n                ""SimLaneChangeController"",\n                {}\n            ],\n            ""lane_change_params"": {\n                ""controller_params"": {\n                    ""laneChangeModel"": ""LC2013"",\n                    ""lcCooperative"": ""1.0"",\n                    ""lcKeepRight"": ""1.0"",\n                    ""lcSpeedGain"": ""1.0"",\n                    ""lcStrategic"": ""1.0""\n                },\n                ""lane_change_mode"": 512\n            },\n            ""num_vehicles"": 1,\n            ""routing_controller"": [\n                ""ContinuousRouter"",\n                {}\n            ],\n            ""veh_id"": ""rl""\n        }\n    ]\n}'}, 'env': 'AccelEnv-v0', 'local_evaluator_tf_session_args': {'inter_op_parallelism_threads': 8, 'intra_op_parallelism_threads': 8}, 'model': {'free_log_std': False, 'custom_options': {}, 'framestack': True, 'channel_major': False, 'max_seq_len': 20, 'lstm_use_prev_action_reward': False, 'squash_to_range': False, 'dim': 84, 'grayscale': False, 'fcnet_hiddens': [100, 50, 25], 'use_lstm': False, 'custom_model': None, 'fcnet_activation': 'tanh', 'conv_filters': None, 'conv_activation': 'relu', 'lstm_cell_size': 256, 'zero_mean': True, 'custom_preprocessor': None}, 'output_compress_columns': ['obs', 'new_obs'], 'monitor': False, 'custom_resources_per_worker': {}, 'output_max_file_size': 67108864, 'num_workers': 1, 'clip_param': 0.3, 'kl_coeff': 0.2, 'multiagent': {'policy_graphs': {}, 'policy_mapping_fn': None, 'policies_to_train': None}, 'input_evaluation': None, 'output': None, 'collect_metrics_timeout': 180, 'num_cpus_per_worker': 1}",169.237.32.118,1,1270.94,9.646711826324463,"{'num_steps_sampled': 131200, 'load_time_ms': 1.182, 'default': {'kl': 0.013504157774150372, 'cur_lr': 0.0005000000237487257, 'total_loss': 0.49541470408439636, 'policy_loss': -0.018474066630005836, 'vf_explained_var': 0.9886116981506348, 'entropy': 1.119769811630249, 'cur_kl_coeff': 0.456139475107193, 'vf_loss': 0.5077289938926697}, 'sample_time_ms': 9494.568, 'grad_time_ms': 278.439, 'update_time_ms': 4.624, 'num_steps_trained': 131200}",330.12981413309603,2019-04-02_07-50-26,kronos,71,131200,0,817.9833459854126,{},131200,82,82,817.9833459854126,496.3960633046472,1600,1554191426,{},0b32d2eec3344b1fbde4822793b2e447,54.45169917298337
False,104,"{'input': 'sampler', 'callbacks': {'on_train_result': None, 'on_sample_end': None, 'on_episode_step': None, 'on_episode_start': None, 'on_episode_end': None}, 'sample_batch_size': 200, 'clip_actions': False, 'clip_rewards': None, 'tf_session_args': {'inter_op_parallelism_threads': 2, 'intra_op_parallelism_threads': 2, 'device_count': {'CPU': 1}, 'log_device_placement': False, 'allow_soft_placement': True, 'gpu_options': {'allow_growth': True}}, 'kl_target': 0.01, 'horizon': 1500, 'lr': 0.0005, 'sample_async': False, 'simple_optimizer': False, 'compress_observations': False, 'num_envs_per_worker': 1, 'gamma': 0.99, 'sgd_minibatch_size': 128, 'observation_filter': 'NoFilter', 'entropy_coeff': 0.0, 'batch_mode': 'truncate_episodes', 'straggler_mitigation': False, 'vf_share_layers': False, 'num_gpus': 0, 'synchronize_filters': True, 'num_sgd_iter': 10, 'train_batch_size': 1500, 'optimizer': {}, 'num_gpus_per_worker': 0, 'preprocessor_pref': 'deepmind', 'num_cpus_for_driver': 1, 'lr_schedule': None, 'use_gae': True, 'lambda': 0.97, 'vf_loss_coeff': 1.0, 'vf_clip_param': 1000000.0, 'log_level': 'INFO', 'env_config': {'run': 'PPO', 'flow_params': '{\n    ""env"": {\n        ""additional_params"": {\n            ""max_accel"": 3,\n            ""max_decel"": 3,\n            ""sort_vehicles"": false,\n            ""target_velocity"": 20\n        },\n        ""evaluate"": false,\n        ""horizon"": 1500,\n        ""sims_per_step"": 1,\n        ""warmup_steps"": 0\n    },\n    ""env_name"": ""AccelEnv"",\n    ""exp_tag"": ""figure_eight_0"",\n    ""initial"": {\n        ""additional_params"": {},\n        ""bunching"": 0,\n        ""edges_distribution"": ""all"",\n        ""lanes_distribution"": Infinity,\n        ""min_gap"": 0,\n        ""perturbation"": 0.0,\n        ""shuffle"": false,\n        ""spacing"": ""uniform"",\n        ""x0"": 0\n    },\n    ""net"": {\n        ""additional_params"": {\n            ""lanes"": 1,\n            ""radius_ring"": 30,\n            ""resolution"": 40,\n            ""speed_limit"": 30\n        },\n        ""inflows"": {\n            ""_InFlows__flows"": [],\n            ""num_flows"": 0\n        },\n        ""netfile"": null,\n        ""no_internal_links"": false,\n        ""osm_path"": null\n    },\n    ""scenario"": ""Figure8Scenario"",\n    ""sim"": {\n        ""emission_path"": null,\n        ""lateral_resolution"": null,\n        ""no_step_log"": true,\n        ""num_clients"": 1,\n        ""overtake_right"": false,\n        ""port"": null,\n        ""print_warnings"": true,\n        ""pxpm"": 2,\n        ""render"": false,\n        ""restart_instance"": false,\n        ""save_render"": false,\n        ""seed"": null,\n        ""show_radius"": false,\n        ""sight_radius"": 25,\n        ""sim_step"": 0.1,\n        ""teleport_time"": -1\n    },\n    ""simulator"": ""traci"",\n    ""veh"": [\n        {\n            ""acceleration_controller"": [\n                ""IDMController"",\n                {\n                    ""noise"": 0.2\n                }\n            ],\n            ""car_following_params"": {\n                ""controller_params"": {\n                    ""accel"": 1.0,\n                    ""carFollowModel"": ""IDM"",\n                    ""decel"": 1.5,\n                    ""impatience"": 0.5,\n                    ""maxSpeed"": 30,\n                    ""minGap"": 2.5,\n                    ""sigma"": 0.5,\n                    ""speedDev"": 0.1,\n                    ""speedFactor"": 1.0,\n                    ""tau"": 1.0\n                },\n                ""speed_mode"": 1\n            },\n            ""initial_speed"": 0,\n            ""lane_change_controller"": [\n                ""SimLaneChangeController"",\n                {}\n            ],\n            ""lane_change_params"": {\n                ""controller_params"": {\n                    ""laneChangeModel"": ""LC2013"",\n                    ""lcCooperative"": ""1.0"",\n                    ""lcKeepRight"": ""1.0"",\n                    ""lcSpeedGain"": ""1.0"",\n                    ""lcStrategic"": ""1.0""\n                },\n                ""lane_change_mode"": 512\n            },\n            ""num_vehicles"": 13,\n            ""routing_controller"": [\n                ""ContinuousRouter"",\n                {}\n            ],\n            ""veh_id"": ""human""\n        },\n        {\n            ""acceleration_controller"": [\n                ""RLController"",\n                {}\n            ],\n            ""car_following_params"": {\n                ""controller_params"": {\n                    ""accel"": 1.0,\n                    ""carFollowModel"": ""IDM"",\n                    ""decel"": 1.5,\n                    ""impatience"": 0.5,\n                    ""maxSpeed"": 30,\n                    ""minGap"": 2.5,\n                    ""sigma"": 0.5,\n                    ""speedDev"": 0.1,\n                    ""speedFactor"": 1.0,\n                    ""tau"": 1.0\n                },\n                ""speed_mode"": 1\n            },\n            ""initial_speed"": 0,\n            ""lane_change_controller"": [\n                ""SimLaneChangeController"",\n                {}\n            ],\n            ""lane_change_params"": {\n                ""controller_params"": {\n                    ""laneChangeModel"": ""LC2013"",\n                    ""lcCooperative"": ""1.0"",\n                    ""lcKeepRight"": ""1.0"",\n                    ""lcSpeedGain"": ""1.0"",\n                    ""lcStrategic"": ""1.0""\n                },\n                ""lane_change_mode"": 512\n            },\n            ""num_vehicles"": 1,\n            ""routing_controller"": [\n                ""ContinuousRouter"",\n                {}\n            ],\n            ""veh_id"": ""rl""\n        }\n    ]\n}'}, 'env': 'AccelEnv-v0', 'local_evaluator_tf_session_args': {'inter_op_parallelism_threads': 8, 'intra_op_parallelism_threads': 8}, 'model': {'free_log_std': False, 'custom_options': {}, 'framestack': True, 'channel_major': False, 'max_seq_len': 20, 'lstm_use_prev_action_reward': False, 'squash_to_range': False, 'dim': 84, 'grayscale': False, 'fcnet_hiddens': [100, 50, 25], 'use_lstm': False, 'custom_model': None, 'fcnet_activation': 'tanh', 'conv_filters': None, 'conv_activation': 'relu', 'lstm_cell_size': 256, 'zero_mean': True, 'custom_preprocessor': None}, 'output_compress_columns': ['obs', 'new_obs'], 'monitor': False, 'custom_resources_per_worker': {}, 'output_max_file_size': 67108864, 'num_workers': 1, 'clip_param': 0.3, 'kl_coeff': 0.2, 'multiagent': {'policy_graphs': {}, 'policy_mapping_fn': None, 'policies_to_train': None}, 'input_evaluation': None, 'output': None, 'collect_metrics_timeout': 180, 'num_cpus_per_worker': 1}",169.237.32.118,2,1261.51,9.855965375900269,"{'num_steps_sampled': 132800, 'load_time_ms': 1.194, 'default': {'kl': 0.018282370641827583, 'cur_lr': 0.0005000000237487257, 'total_loss': 1.2072758674621582, 'policy_loss': -0.02784307859838009, 'vf_explained_var': 0.9751171469688416, 'entropy': 1.1622077226638794, 'cur_kl_coeff': 0.456139475107193, 'vf_loss': 1.226779580116272}, 'sample_time_ms': 9487.427, 'grad_time_ms': 278.744, 'update_time_ms': 4.505, 'num_steps_trained': 132800}",332.86106072989526,2019-04-02_07-50-36,kronos,71,132800,0,827.8393113613129,{},132800,83,83,827.8393113613129,496.3960633046472,1600,1554191436,{},0b32d2eec3344b1fbde4822793b2e447,54.45169917298337
False,105,"{'input': 'sampler', 'callbacks': {'on_train_result': None, 'on_sample_end': None, 'on_episode_step': None, 'on_episode_start': None, 'on_episode_end': None}, 'sample_batch_size': 200, 'clip_actions': False, 'clip_rewards': None, 'tf_session_args': {'inter_op_parallelism_threads': 2, 'intra_op_parallelism_threads': 2, 'device_count': {'CPU': 1}, 'log_device_placement': False, 'allow_soft_placement': True, 'gpu_options': {'allow_growth': True}}, 'kl_target': 0.01, 'horizon': 1500, 'lr': 0.0005, 'sample_async': False, 'simple_optimizer': False, 'compress_observations': False, 'num_envs_per_worker': 1, 'gamma': 0.99, 'sgd_minibatch_size': 128, 'observation_filter': 'NoFilter', 'entropy_coeff': 0.0, 'batch_mode': 'truncate_episodes', 'straggler_mitigation': False, 'vf_share_layers': False, 'num_gpus': 0, 'synchronize_filters': True, 'num_sgd_iter': 10, 'train_batch_size': 1500, 'optimizer': {}, 'num_gpus_per_worker': 0, 'preprocessor_pref': 'deepmind', 'num_cpus_for_driver': 1, 'lr_schedule': None, 'use_gae': True, 'lambda': 0.97, 'vf_loss_coeff': 1.0, 'vf_clip_param': 1000000.0, 'log_level': 'INFO', 'env_config': {'run': 'PPO', 'flow_params': '{\n    ""env"": {\n        ""additional_params"": {\n            ""max_accel"": 3,\n            ""max_decel"": 3,\n            ""sort_vehicles"": false,\n            ""target_velocity"": 20\n        },\n        ""evaluate"": false,\n        ""horizon"": 1500,\n        ""sims_per_step"": 1,\n        ""warmup_steps"": 0\n    },\n    ""env_name"": ""AccelEnv"",\n    ""exp_tag"": ""figure_eight_0"",\n    ""initial"": {\n        ""additional_params"": {},\n        ""bunching"": 0,\n        ""edges_distribution"": ""all"",\n        ""lanes_distribution"": Infinity,\n        ""min_gap"": 0,\n        ""perturbation"": 0.0,\n        ""shuffle"": false,\n        ""spacing"": ""uniform"",\n        ""x0"": 0\n    },\n    ""net"": {\n        ""additional_params"": {\n            ""lanes"": 1,\n            ""radius_ring"": 30,\n            ""resolution"": 40,\n            ""speed_limit"": 30\n        },\n        ""inflows"": {\n            ""_InFlows__flows"": [],\n            ""num_flows"": 0\n        },\n        ""netfile"": null,\n        ""no_internal_links"": false,\n        ""osm_path"": null\n    },\n    ""scenario"": ""Figure8Scenario"",\n    ""sim"": {\n        ""emission_path"": null,\n        ""lateral_resolution"": null,\n        ""no_step_log"": true,\n        ""num_clients"": 1,\n        ""overtake_right"": false,\n        ""port"": null,\n        ""print_warnings"": true,\n        ""pxpm"": 2,\n        ""render"": false,\n        ""restart_instance"": false,\n        ""save_render"": false,\n        ""seed"": null,\n        ""show_radius"": false,\n        ""sight_radius"": 25,\n        ""sim_step"": 0.1,\n        ""teleport_time"": -1\n    },\n    ""simulator"": ""traci"",\n    ""veh"": [\n        {\n            ""acceleration_controller"": [\n                ""IDMController"",\n                {\n                    ""noise"": 0.2\n                }\n            ],\n            ""car_following_params"": {\n                ""controller_params"": {\n                    ""accel"": 1.0,\n                    ""carFollowModel"": ""IDM"",\n                    ""decel"": 1.5,\n                    ""impatience"": 0.5,\n                    ""maxSpeed"": 30,\n                    ""minGap"": 2.5,\n                    ""sigma"": 0.5,\n                    ""speedDev"": 0.1,\n                    ""speedFactor"": 1.0,\n                    ""tau"": 1.0\n                },\n                ""speed_mode"": 1\n            },\n            ""initial_speed"": 0,\n            ""lane_change_controller"": [\n                ""SimLaneChangeController"",\n                {}\n            ],\n            ""lane_change_params"": {\n                ""controller_params"": {\n                    ""laneChangeModel"": ""LC2013"",\n                    ""lcCooperative"": ""1.0"",\n                    ""lcKeepRight"": ""1.0"",\n                    ""lcSpeedGain"": ""1.0"",\n                    ""lcStrategic"": ""1.0""\n                },\n                ""lane_change_mode"": 512\n            },\n            ""num_vehicles"": 13,\n            ""routing_controller"": [\n                ""ContinuousRouter"",\n                {}\n            ],\n            ""veh_id"": ""human""\n        },\n        {\n            ""acceleration_controller"": [\n                ""RLController"",\n                {}\n            ],\n            ""car_following_params"": {\n                ""controller_params"": {\n                    ""accel"": 1.0,\n                    ""carFollowModel"": ""IDM"",\n                    ""decel"": 1.5,\n                    ""impatience"": 0.5,\n                    ""maxSpeed"": 30,\n                    ""minGap"": 2.5,\n                    ""sigma"": 0.5,\n                    ""speedDev"": 0.1,\n                    ""speedFactor"": 1.0,\n                    ""tau"": 1.0\n                },\n                ""speed_mode"": 1\n            },\n            ""initial_speed"": 0,\n            ""lane_change_controller"": [\n                ""SimLaneChangeController"",\n                {}\n            ],\n            ""lane_change_params"": {\n                ""controller_params"": {\n                    ""laneChangeModel"": ""LC2013"",\n                    ""lcCooperative"": ""1.0"",\n                    ""lcKeepRight"": ""1.0"",\n                    ""lcSpeedGain"": ""1.0"",\n                    ""lcStrategic"": ""1.0""\n                },\n                ""lane_change_mode"": 512\n            },\n            ""num_vehicles"": 1,\n            ""routing_controller"": [\n                ""ContinuousRouter"",\n                {}\n            ],\n            ""veh_id"": ""rl""\n        }\n    ]\n}'}, 'env': 'AccelEnv-v0', 'local_evaluator_tf_session_args': {'inter_op_parallelism_threads': 8, 'intra_op_parallelism_threads': 8}, 'model': {'free_log_std': False, 'custom_options': {}, 'framestack': True, 'channel_major': False, 'max_seq_len': 20, 'lstm_use_prev_action_reward': False, 'squash_to_range': False, 'dim': 84, 'grayscale': False, 'fcnet_hiddens': [100, 50, 25], 'use_lstm': False, 'custom_model': None, 'fcnet_activation': 'tanh', 'conv_filters': None, 'conv_activation': 'relu', 'lstm_cell_size': 256, 'zero_mean': True, 'custom_preprocessor': None}, 'output_compress_columns': ['obs', 'new_obs'], 'monitor': False, 'custom_resources_per_worker': {}, 'output_max_file_size': 67108864, 'num_workers': 1, 'clip_param': 0.3, 'kl_coeff': 0.2, 'multiagent': {'policy_graphs': {}, 'policy_mapping_fn': None, 'policies_to_train': None}, 'input_evaluation': None, 'output': None, 'collect_metrics_timeout': 180, 'num_cpus_per_worker': 1}",169.237.32.118,1,1261.51,9.887158870697021,"{'num_steps_sampled': 134400, 'load_time_ms': 1.192, 'default': {'kl': 0.006701050791889429, 'cur_lr': 0.0005000000237487257, 'total_loss': 2.9345054626464844, 'policy_loss': -0.008393713273108006, 'vf_explained_var': 0.9550245404243469, 'entropy': 1.3063710927963257, 'cur_kl_coeff': 0.456139475107193, 'vf_loss': 2.939842939376831}, 'sample_time_ms': 9477.945, 'grad_time_ms': 279.408, 'update_time_ms': 4.478, 'num_steps_trained': 134400}",334.76851003062666,2019-04-02_07-50-46,kronos,71,134400,0,837.7264702320099,{},134400,84,84,837.7264702320099,496.3960633046472,1600,1554191446,{},0b32d2eec3344b1fbde4822793b2e447,54.45169917298337
False,106,"{'input': 'sampler', 'callbacks': {'on_train_result': None, 'on_sample_end': None, 'on_episode_step': None, 'on_episode_start': None, 'on_episode_end': None}, 'sample_batch_size': 200, 'clip_actions': False, 'clip_rewards': None, 'tf_session_args': {'inter_op_parallelism_threads': 2, 'intra_op_parallelism_threads': 2, 'device_count': {'CPU': 1}, 'log_device_placement': False, 'allow_soft_placement': True, 'gpu_options': {'allow_growth': True}}, 'kl_target': 0.01, 'horizon': 1500, 'lr': 0.0005, 'sample_async': False, 'simple_optimizer': False, 'compress_observations': False, 'num_envs_per_worker': 1, 'gamma': 0.99, 'sgd_minibatch_size': 128, 'observation_filter': 'NoFilter', 'entropy_coeff': 0.0, 'batch_mode': 'truncate_episodes', 'straggler_mitigation': False, 'vf_share_layers': False, 'num_gpus': 0, 'synchronize_filters': True, 'num_sgd_iter': 10, 'train_batch_size': 1500, 'optimizer': {}, 'num_gpus_per_worker': 0, 'preprocessor_pref': 'deepmind', 'num_cpus_for_driver': 1, 'lr_schedule': None, 'use_gae': True, 'lambda': 0.97, 'vf_loss_coeff': 1.0, 'vf_clip_param': 1000000.0, 'log_level': 'INFO', 'env_config': {'run': 'PPO', 'flow_params': '{\n    ""env"": {\n        ""additional_params"": {\n            ""max_accel"": 3,\n            ""max_decel"": 3,\n            ""sort_vehicles"": false,\n            ""target_velocity"": 20\n        },\n        ""evaluate"": false,\n        ""horizon"": 1500,\n        ""sims_per_step"": 1,\n        ""warmup_steps"": 0\n    },\n    ""env_name"": ""AccelEnv"",\n    ""exp_tag"": ""figure_eight_0"",\n    ""initial"": {\n        ""additional_params"": {},\n        ""bunching"": 0,\n        ""edges_distribution"": ""all"",\n        ""lanes_distribution"": Infinity,\n        ""min_gap"": 0,\n        ""perturbation"": 0.0,\n        ""shuffle"": false,\n        ""spacing"": ""uniform"",\n        ""x0"": 0\n    },\n    ""net"": {\n        ""additional_params"": {\n            ""lanes"": 1,\n            ""radius_ring"": 30,\n            ""resolution"": 40,\n            ""speed_limit"": 30\n        },\n        ""inflows"": {\n            ""_InFlows__flows"": [],\n            ""num_flows"": 0\n        },\n        ""netfile"": null,\n        ""no_internal_links"": false,\n        ""osm_path"": null\n    },\n    ""scenario"": ""Figure8Scenario"",\n    ""sim"": {\n        ""emission_path"": null,\n        ""lateral_resolution"": null,\n        ""no_step_log"": true,\n        ""num_clients"": 1,\n        ""overtake_right"": false,\n        ""port"": null,\n        ""print_warnings"": true,\n        ""pxpm"": 2,\n        ""render"": false,\n        ""restart_instance"": false,\n        ""save_render"": false,\n        ""seed"": null,\n        ""show_radius"": false,\n        ""sight_radius"": 25,\n        ""sim_step"": 0.1,\n        ""teleport_time"": -1\n    },\n    ""simulator"": ""traci"",\n    ""veh"": [\n        {\n            ""acceleration_controller"": [\n                ""IDMController"",\n                {\n                    ""noise"": 0.2\n                }\n            ],\n            ""car_following_params"": {\n                ""controller_params"": {\n                    ""accel"": 1.0,\n                    ""carFollowModel"": ""IDM"",\n                    ""decel"": 1.5,\n                    ""impatience"": 0.5,\n                    ""maxSpeed"": 30,\n                    ""minGap"": 2.5,\n                    ""sigma"": 0.5,\n                    ""speedDev"": 0.1,\n                    ""speedFactor"": 1.0,\n                    ""tau"": 1.0\n                },\n                ""speed_mode"": 1\n            },\n            ""initial_speed"": 0,\n            ""lane_change_controller"": [\n                ""SimLaneChangeController"",\n                {}\n            ],\n            ""lane_change_params"": {\n                ""controller_params"": {\n                    ""laneChangeModel"": ""LC2013"",\n                    ""lcCooperative"": ""1.0"",\n                    ""lcKeepRight"": ""1.0"",\n                    ""lcSpeedGain"": ""1.0"",\n                    ""lcStrategic"": ""1.0""\n                },\n                ""lane_change_mode"": 512\n            },\n            ""num_vehicles"": 13,\n            ""routing_controller"": [\n                ""ContinuousRouter"",\n                {}\n            ],\n            ""veh_id"": ""human""\n        },\n        {\n            ""acceleration_controller"": [\n                ""RLController"",\n                {}\n            ],\n            ""car_following_params"": {\n                ""controller_params"": {\n                    ""accel"": 1.0,\n                    ""carFollowModel"": ""IDM"",\n                    ""decel"": 1.5,\n                    ""impatience"": 0.5,\n                    ""maxSpeed"": 30,\n                    ""minGap"": 2.5,\n                    ""sigma"": 0.5,\n                    ""speedDev"": 0.1,\n                    ""speedFactor"": 1.0,\n                    ""tau"": 1.0\n                },\n                ""speed_mode"": 1\n            },\n            ""initial_speed"": 0,\n            ""lane_change_controller"": [\n                ""SimLaneChangeController"",\n                {}\n            ],\n            ""lane_change_params"": {\n                ""controller_params"": {\n                    ""laneChangeModel"": ""LC2013"",\n                    ""lcCooperative"": ""1.0"",\n                    ""lcKeepRight"": ""1.0"",\n                    ""lcSpeedGain"": ""1.0"",\n                    ""lcStrategic"": ""1.0""\n                },\n                ""lane_change_mode"": 512\n            },\n            ""num_vehicles"": 1,\n            ""routing_controller"": [\n                ""ContinuousRouter"",\n                {}\n            ],\n            ""veh_id"": ""rl""\n        }\n    ]\n}'}, 'env': 'AccelEnv-v0', 'local_evaluator_tf_session_args': {'inter_op_parallelism_threads': 8, 'intra_op_parallelism_threads': 8}, 'model': {'free_log_std': False, 'custom_options': {}, 'framestack': True, 'channel_major': False, 'max_seq_len': 20, 'lstm_use_prev_action_reward': False, 'squash_to_range': False, 'dim': 84, 'grayscale': False, 'fcnet_hiddens': [100, 50, 25], 'use_lstm': False, 'custom_model': None, 'fcnet_activation': 'tanh', 'conv_filters': None, 'conv_activation': 'relu', 'lstm_cell_size': 256, 'zero_mean': True, 'custom_preprocessor': None}, 'output_compress_columns': ['obs', 'new_obs'], 'monitor': False, 'custom_resources_per_worker': {}, 'output_max_file_size': 67108864, 'num_workers': 1, 'clip_param': 0.3, 'kl_coeff': 0.2, 'multiagent': {'policy_graphs': {}, 'policy_mapping_fn': None, 'policies_to_train': None}, 'input_evaluation': None, 'output': None, 'collect_metrics_timeout': 180, 'num_cpus_per_worker': 1}",169.237.32.118,1,1261.51,9.86794137954712,"{'num_steps_sampled': 136000, 'load_time_ms': 1.167, 'default': {'kl': 0.006905491929501295, 'cur_lr': 0.0005000000237487257, 'total_loss': 4.360570430755615, 'policy_loss': -0.012498105876147747, 'vf_explained_var': 0.8738721013069153, 'entropy': 1.282185435295105, 'cur_kl_coeff': 0.456139475107193, 'vf_loss': 4.369918346405029}, 'sample_time_ms': 9493.668, 'grad_time_ms': 277.257, 'update_time_ms': 4.531, 'num_steps_trained': 136000}",337.3271032492296,2019-04-02_07-50-56,kronos,71,136000,0,847.594411611557,{},136000,85,85,847.594411611557,496.3960633046472,1600,1554191456,{},0b32d2eec3344b1fbde4822793b2e447,54.45169917298337
False,107,"{'input': 'sampler', 'callbacks': {'on_train_result': None, 'on_sample_end': None, 'on_episode_step': None, 'on_episode_start': None, 'on_episode_end': None}, 'sample_batch_size': 200, 'clip_actions': False, 'clip_rewards': None, 'tf_session_args': {'inter_op_parallelism_threads': 2, 'intra_op_parallelism_threads': 2, 'device_count': {'CPU': 1}, 'log_device_placement': False, 'allow_soft_placement': True, 'gpu_options': {'allow_growth': True}}, 'kl_target': 0.01, 'horizon': 1500, 'lr': 0.0005, 'sample_async': False, 'simple_optimizer': False, 'compress_observations': False, 'num_envs_per_worker': 1, 'gamma': 0.99, 'sgd_minibatch_size': 128, 'observation_filter': 'NoFilter', 'entropy_coeff': 0.0, 'batch_mode': 'truncate_episodes', 'straggler_mitigation': False, 'vf_share_layers': False, 'num_gpus': 0, 'synchronize_filters': True, 'num_sgd_iter': 10, 'train_batch_size': 1500, 'optimizer': {}, 'num_gpus_per_worker': 0, 'preprocessor_pref': 'deepmind', 'num_cpus_for_driver': 1, 'lr_schedule': None, 'use_gae': True, 'lambda': 0.97, 'vf_loss_coeff': 1.0, 'vf_clip_param': 1000000.0, 'log_level': 'INFO', 'env_config': {'run': 'PPO', 'flow_params': '{\n    ""env"": {\n        ""additional_params"": {\n            ""max_accel"": 3,\n            ""max_decel"": 3,\n            ""sort_vehicles"": false,\n            ""target_velocity"": 20\n        },\n        ""evaluate"": false,\n        ""horizon"": 1500,\n        ""sims_per_step"": 1,\n        ""warmup_steps"": 0\n    },\n    ""env_name"": ""AccelEnv"",\n    ""exp_tag"": ""figure_eight_0"",\n    ""initial"": {\n        ""additional_params"": {},\n        ""bunching"": 0,\n        ""edges_distribution"": ""all"",\n        ""lanes_distribution"": Infinity,\n        ""min_gap"": 0,\n        ""perturbation"": 0.0,\n        ""shuffle"": false,\n        ""spacing"": ""uniform"",\n        ""x0"": 0\n    },\n    ""net"": {\n        ""additional_params"": {\n            ""lanes"": 1,\n            ""radius_ring"": 30,\n            ""resolution"": 40,\n            ""speed_limit"": 30\n        },\n        ""inflows"": {\n            ""_InFlows__flows"": [],\n            ""num_flows"": 0\n        },\n        ""netfile"": null,\n        ""no_internal_links"": false,\n        ""osm_path"": null\n    },\n    ""scenario"": ""Figure8Scenario"",\n    ""sim"": {\n        ""emission_path"": null,\n        ""lateral_resolution"": null,\n        ""no_step_log"": true,\n        ""num_clients"": 1,\n        ""overtake_right"": false,\n        ""port"": null,\n        ""print_warnings"": true,\n        ""pxpm"": 2,\n        ""render"": false,\n        ""restart_instance"": false,\n        ""save_render"": false,\n        ""seed"": null,\n        ""show_radius"": false,\n        ""sight_radius"": 25,\n        ""sim_step"": 0.1,\n        ""teleport_time"": -1\n    },\n    ""simulator"": ""traci"",\n    ""veh"": [\n        {\n            ""acceleration_controller"": [\n                ""IDMController"",\n                {\n                    ""noise"": 0.2\n                }\n            ],\n            ""car_following_params"": {\n                ""controller_params"": {\n                    ""accel"": 1.0,\n                    ""carFollowModel"": ""IDM"",\n                    ""decel"": 1.5,\n                    ""impatience"": 0.5,\n                    ""maxSpeed"": 30,\n                    ""minGap"": 2.5,\n                    ""sigma"": 0.5,\n                    ""speedDev"": 0.1,\n                    ""speedFactor"": 1.0,\n                    ""tau"": 1.0\n                },\n                ""speed_mode"": 1\n            },\n            ""initial_speed"": 0,\n            ""lane_change_controller"": [\n                ""SimLaneChangeController"",\n                {}\n            ],\n            ""lane_change_params"": {\n                ""controller_params"": {\n                    ""laneChangeModel"": ""LC2013"",\n                    ""lcCooperative"": ""1.0"",\n                    ""lcKeepRight"": ""1.0"",\n                    ""lcSpeedGain"": ""1.0"",\n                    ""lcStrategic"": ""1.0""\n                },\n                ""lane_change_mode"": 512\n            },\n            ""num_vehicles"": 13,\n            ""routing_controller"": [\n                ""ContinuousRouter"",\n                {}\n            ],\n            ""veh_id"": ""human""\n        },\n        {\n            ""acceleration_controller"": [\n                ""RLController"",\n                {}\n            ],\n            ""car_following_params"": {\n                ""controller_params"": {\n                    ""accel"": 1.0,\n                    ""carFollowModel"": ""IDM"",\n                    ""decel"": 1.5,\n                    ""impatience"": 0.5,\n                    ""maxSpeed"": 30,\n                    ""minGap"": 2.5,\n                    ""sigma"": 0.5,\n                    ""speedDev"": 0.1,\n                    ""speedFactor"": 1.0,\n                    ""tau"": 1.0\n                },\n                ""speed_mode"": 1\n            },\n            ""initial_speed"": 0,\n            ""lane_change_controller"": [\n                ""SimLaneChangeController"",\n                {}\n            ],\n            ""lane_change_params"": {\n                ""controller_params"": {\n                    ""laneChangeModel"": ""LC2013"",\n                    ""lcCooperative"": ""1.0"",\n                    ""lcKeepRight"": ""1.0"",\n                    ""lcSpeedGain"": ""1.0"",\n                    ""lcStrategic"": ""1.0""\n                },\n                ""lane_change_mode"": 512\n            },\n            ""num_vehicles"": 1,\n            ""routing_controller"": [\n                ""ContinuousRouter"",\n                {}\n            ],\n            ""veh_id"": ""rl""\n        }\n    ]\n}'}, 'env': 'AccelEnv-v0', 'local_evaluator_tf_session_args': {'inter_op_parallelism_threads': 8, 'intra_op_parallelism_threads': 8}, 'model': {'free_log_std': False, 'custom_options': {}, 'framestack': True, 'channel_major': False, 'max_seq_len': 20, 'lstm_use_prev_action_reward': False, 'squash_to_range': False, 'dim': 84, 'grayscale': False, 'fcnet_hiddens': [100, 50, 25], 'use_lstm': False, 'custom_model': None, 'fcnet_activation': 'tanh', 'conv_filters': None, 'conv_activation': 'relu', 'lstm_cell_size': 256, 'zero_mean': True, 'custom_preprocessor': None}, 'output_compress_columns': ['obs', 'new_obs'], 'monitor': False, 'custom_resources_per_worker': {}, 'output_max_file_size': 67108864, 'num_workers': 1, 'clip_param': 0.3, 'kl_coeff': 0.2, 'multiagent': {'policy_graphs': {}, 'policy_mapping_fn': None, 'policies_to_train': None}, 'input_evaluation': None, 'output': None, 'collect_metrics_timeout': 180, 'num_cpus_per_worker': 1}",169.237.32.118,1,1261.51,9.762577295303345,"{'num_steps_sampled': 137600, 'load_time_ms': 1.158, 'default': {'kl': 0.005847133230417967, 'cur_lr': 0.0005000000237487257, 'total_loss': 0.9729950428009033, 'policy_loss': -0.0074182432144880295, 'vf_explained_var': 0.9845990538597107, 'entropy': 1.3033432960510254, 'cur_kl_coeff': 0.456139475107193, 'vf_loss': 0.9777462482452393}, 'sample_time_ms': 9510.276, 'grad_time_ms': 276.489, 'update_time_ms': 4.506, 'num_steps_trained': 137600}",337.0129932866793,2019-04-02_07-51-05,kronos,71,137600,0,857.3569889068604,{},137600,86,86,857.3569889068604,496.3960633046472,1600,1554191465,{},0b32d2eec3344b1fbde4822793b2e447,54.45169917298337
False,108,"{'input': 'sampler', 'callbacks': {'on_train_result': None, 'on_sample_end': None, 'on_episode_step': None, 'on_episode_start': None, 'on_episode_end': None}, 'sample_batch_size': 200, 'clip_actions': False, 'clip_rewards': None, 'tf_session_args': {'inter_op_parallelism_threads': 2, 'intra_op_parallelism_threads': 2, 'device_count': {'CPU': 1}, 'log_device_placement': False, 'allow_soft_placement': True, 'gpu_options': {'allow_growth': True}}, 'kl_target': 0.01, 'horizon': 1500, 'lr': 0.0005, 'sample_async': False, 'simple_optimizer': False, 'compress_observations': False, 'num_envs_per_worker': 1, 'gamma': 0.99, 'sgd_minibatch_size': 128, 'observation_filter': 'NoFilter', 'entropy_coeff': 0.0, 'batch_mode': 'truncate_episodes', 'straggler_mitigation': False, 'vf_share_layers': False, 'num_gpus': 0, 'synchronize_filters': True, 'num_sgd_iter': 10, 'train_batch_size': 1500, 'optimizer': {}, 'num_gpus_per_worker': 0, 'preprocessor_pref': 'deepmind', 'num_cpus_for_driver': 1, 'lr_schedule': None, 'use_gae': True, 'lambda': 0.97, 'vf_loss_coeff': 1.0, 'vf_clip_param': 1000000.0, 'log_level': 'INFO', 'env_config': {'run': 'PPO', 'flow_params': '{\n    ""env"": {\n        ""additional_params"": {\n            ""max_accel"": 3,\n            ""max_decel"": 3,\n            ""sort_vehicles"": false,\n            ""target_velocity"": 20\n        },\n        ""evaluate"": false,\n        ""horizon"": 1500,\n        ""sims_per_step"": 1,\n        ""warmup_steps"": 0\n    },\n    ""env_name"": ""AccelEnv"",\n    ""exp_tag"": ""figure_eight_0"",\n    ""initial"": {\n        ""additional_params"": {},\n        ""bunching"": 0,\n        ""edges_distribution"": ""all"",\n        ""lanes_distribution"": Infinity,\n        ""min_gap"": 0,\n        ""perturbation"": 0.0,\n        ""shuffle"": false,\n        ""spacing"": ""uniform"",\n        ""x0"": 0\n    },\n    ""net"": {\n        ""additional_params"": {\n            ""lanes"": 1,\n            ""radius_ring"": 30,\n            ""resolution"": 40,\n            ""speed_limit"": 30\n        },\n        ""inflows"": {\n            ""_InFlows__flows"": [],\n            ""num_flows"": 0\n        },\n        ""netfile"": null,\n        ""no_internal_links"": false,\n        ""osm_path"": null\n    },\n    ""scenario"": ""Figure8Scenario"",\n    ""sim"": {\n        ""emission_path"": null,\n        ""lateral_resolution"": null,\n        ""no_step_log"": true,\n        ""num_clients"": 1,\n        ""overtake_right"": false,\n        ""port"": null,\n        ""print_warnings"": true,\n        ""pxpm"": 2,\n        ""render"": false,\n        ""restart_instance"": false,\n        ""save_render"": false,\n        ""seed"": null,\n        ""show_radius"": false,\n        ""sight_radius"": 25,\n        ""sim_step"": 0.1,\n        ""teleport_time"": -1\n    },\n    ""simulator"": ""traci"",\n    ""veh"": [\n        {\n            ""acceleration_controller"": [\n                ""IDMController"",\n                {\n                    ""noise"": 0.2\n                }\n            ],\n            ""car_following_params"": {\n                ""controller_params"": {\n                    ""accel"": 1.0,\n                    ""carFollowModel"": ""IDM"",\n                    ""decel"": 1.5,\n                    ""impatience"": 0.5,\n                    ""maxSpeed"": 30,\n                    ""minGap"": 2.5,\n                    ""sigma"": 0.5,\n                    ""speedDev"": 0.1,\n                    ""speedFactor"": 1.0,\n                    ""tau"": 1.0\n                },\n                ""speed_mode"": 1\n            },\n            ""initial_speed"": 0,\n            ""lane_change_controller"": [\n                ""SimLaneChangeController"",\n                {}\n            ],\n            ""lane_change_params"": {\n                ""controller_params"": {\n                    ""laneChangeModel"": ""LC2013"",\n                    ""lcCooperative"": ""1.0"",\n                    ""lcKeepRight"": ""1.0"",\n                    ""lcSpeedGain"": ""1.0"",\n                    ""lcStrategic"": ""1.0""\n                },\n                ""lane_change_mode"": 512\n            },\n            ""num_vehicles"": 13,\n            ""routing_controller"": [\n                ""ContinuousRouter"",\n                {}\n            ],\n            ""veh_id"": ""human""\n        },\n        {\n            ""acceleration_controller"": [\n                ""RLController"",\n                {}\n            ],\n            ""car_following_params"": {\n                ""controller_params"": {\n                    ""accel"": 1.0,\n                    ""carFollowModel"": ""IDM"",\n                    ""decel"": 1.5,\n                    ""impatience"": 0.5,\n                    ""maxSpeed"": 30,\n                    ""minGap"": 2.5,\n                    ""sigma"": 0.5,\n                    ""speedDev"": 0.1,\n                    ""speedFactor"": 1.0,\n                    ""tau"": 1.0\n                },\n                ""speed_mode"": 1\n            },\n            ""initial_speed"": 0,\n            ""lane_change_controller"": [\n                ""SimLaneChangeController"",\n                {}\n            ],\n            ""lane_change_params"": {\n                ""controller_params"": {\n                    ""laneChangeModel"": ""LC2013"",\n                    ""lcCooperative"": ""1.0"",\n                    ""lcKeepRight"": ""1.0"",\n                    ""lcSpeedGain"": ""1.0"",\n                    ""lcStrategic"": ""1.0""\n                },\n                ""lane_change_mode"": 512\n            },\n            ""num_vehicles"": 1,\n            ""routing_controller"": [\n                ""ContinuousRouter"",\n                {}\n            ],\n            ""veh_id"": ""rl""\n        }\n    ]\n}'}, 'env': 'AccelEnv-v0', 'local_evaluator_tf_session_args': {'inter_op_parallelism_threads': 8, 'intra_op_parallelism_threads': 8}, 'model': {'free_log_std': False, 'custom_options': {}, 'framestack': True, 'channel_major': False, 'max_seq_len': 20, 'lstm_use_prev_action_reward': False, 'squash_to_range': False, 'dim': 84, 'grayscale': False, 'fcnet_hiddens': [100, 50, 25], 'use_lstm': False, 'custom_model': None, 'fcnet_activation': 'tanh', 'conv_filters': None, 'conv_activation': 'relu', 'lstm_cell_size': 256, 'zero_mean': True, 'custom_preprocessor': None}, 'output_compress_columns': ['obs', 'new_obs'], 'monitor': False, 'custom_resources_per_worker': {}, 'output_max_file_size': 67108864, 'num_workers': 1, 'clip_param': 0.3, 'kl_coeff': 0.2, 'multiagent': {'policy_graphs': {}, 'policy_mapping_fn': None, 'policies_to_train': None}, 'input_evaluation': None, 'output': None, 'collect_metrics_timeout': 180, 'num_cpus_per_worker': 1}",169.237.32.118,1,1261.51,9.98309326171875,"{'num_steps_sampled': 139200, 'load_time_ms': 1.157, 'default': {'kl': 0.00956659484654665, 'cur_lr': 0.0005000000237487257, 'total_loss': 3.257380247116089, 'policy_loss': -0.009109985083341599, 'vf_explained_var': 0.8576528429985046, 'entropy': 1.1758699417114258, 'cur_kl_coeff': 0.456139475107193, 'vf_loss': 3.2621262073516846}, 'sample_time_ms': 9524.691, 'grad_time_ms': 275.479, 'update_time_ms': 4.536, 'num_steps_trained': 139200}",337.4736684241641,2019-04-02_07-51-15,kronos,71,139200,0,867.3400821685791,{},139200,87,87,867.3400821685791,496.3960633046472,1600,1554191475,{},0b32d2eec3344b1fbde4822793b2e447,54.45169917298337
False,109,"{'input': 'sampler', 'callbacks': {'on_train_result': None, 'on_sample_end': None, 'on_episode_step': None, 'on_episode_start': None, 'on_episode_end': None}, 'sample_batch_size': 200, 'clip_actions': False, 'clip_rewards': None, 'tf_session_args': {'inter_op_parallelism_threads': 2, 'intra_op_parallelism_threads': 2, 'device_count': {'CPU': 1}, 'log_device_placement': False, 'allow_soft_placement': True, 'gpu_options': {'allow_growth': True}}, 'kl_target': 0.01, 'horizon': 1500, 'lr': 0.0005, 'sample_async': False, 'simple_optimizer': False, 'compress_observations': False, 'num_envs_per_worker': 1, 'gamma': 0.99, 'sgd_minibatch_size': 128, 'observation_filter': 'NoFilter', 'entropy_coeff': 0.0, 'batch_mode': 'truncate_episodes', 'straggler_mitigation': False, 'vf_share_layers': False, 'num_gpus': 0, 'synchronize_filters': True, 'num_sgd_iter': 10, 'train_batch_size': 1500, 'optimizer': {}, 'num_gpus_per_worker': 0, 'preprocessor_pref': 'deepmind', 'num_cpus_for_driver': 1, 'lr_schedule': None, 'use_gae': True, 'lambda': 0.97, 'vf_loss_coeff': 1.0, 'vf_clip_param': 1000000.0, 'log_level': 'INFO', 'env_config': {'run': 'PPO', 'flow_params': '{\n    ""env"": {\n        ""additional_params"": {\n            ""max_accel"": 3,\n            ""max_decel"": 3,\n            ""sort_vehicles"": false,\n            ""target_velocity"": 20\n        },\n        ""evaluate"": false,\n        ""horizon"": 1500,\n        ""sims_per_step"": 1,\n        ""warmup_steps"": 0\n    },\n    ""env_name"": ""AccelEnv"",\n    ""exp_tag"": ""figure_eight_0"",\n    ""initial"": {\n        ""additional_params"": {},\n        ""bunching"": 0,\n        ""edges_distribution"": ""all"",\n        ""lanes_distribution"": Infinity,\n        ""min_gap"": 0,\n        ""perturbation"": 0.0,\n        ""shuffle"": false,\n        ""spacing"": ""uniform"",\n        ""x0"": 0\n    },\n    ""net"": {\n        ""additional_params"": {\n            ""lanes"": 1,\n            ""radius_ring"": 30,\n            ""resolution"": 40,\n            ""speed_limit"": 30\n        },\n        ""inflows"": {\n            ""_InFlows__flows"": [],\n            ""num_flows"": 0\n        },\n        ""netfile"": null,\n        ""no_internal_links"": false,\n        ""osm_path"": null\n    },\n    ""scenario"": ""Figure8Scenario"",\n    ""sim"": {\n        ""emission_path"": null,\n        ""lateral_resolution"": null,\n        ""no_step_log"": true,\n        ""num_clients"": 1,\n        ""overtake_right"": false,\n        ""port"": null,\n        ""print_warnings"": true,\n        ""pxpm"": 2,\n        ""render"": false,\n        ""restart_instance"": false,\n        ""save_render"": false,\n        ""seed"": null,\n        ""show_radius"": false,\n        ""sight_radius"": 25,\n        ""sim_step"": 0.1,\n        ""teleport_time"": -1\n    },\n    ""simulator"": ""traci"",\n    ""veh"": [\n        {\n            ""acceleration_controller"": [\n                ""IDMController"",\n                {\n                    ""noise"": 0.2\n                }\n            ],\n            ""car_following_params"": {\n                ""controller_params"": {\n                    ""accel"": 1.0,\n                    ""carFollowModel"": ""IDM"",\n                    ""decel"": 1.5,\n                    ""impatience"": 0.5,\n                    ""maxSpeed"": 30,\n                    ""minGap"": 2.5,\n                    ""sigma"": 0.5,\n                    ""speedDev"": 0.1,\n                    ""speedFactor"": 1.0,\n                    ""tau"": 1.0\n                },\n                ""speed_mode"": 1\n            },\n            ""initial_speed"": 0,\n            ""lane_change_controller"": [\n                ""SimLaneChangeController"",\n                {}\n            ],\n            ""lane_change_params"": {\n                ""controller_params"": {\n                    ""laneChangeModel"": ""LC2013"",\n                    ""lcCooperative"": ""1.0"",\n                    ""lcKeepRight"": ""1.0"",\n                    ""lcSpeedGain"": ""1.0"",\n                    ""lcStrategic"": ""1.0""\n                },\n                ""lane_change_mode"": 512\n            },\n            ""num_vehicles"": 13,\n            ""routing_controller"": [\n                ""ContinuousRouter"",\n                {}\n            ],\n            ""veh_id"": ""human""\n        },\n        {\n            ""acceleration_controller"": [\n                ""RLController"",\n                {}\n            ],\n            ""car_following_params"": {\n                ""controller_params"": {\n                    ""accel"": 1.0,\n                    ""carFollowModel"": ""IDM"",\n                    ""decel"": 1.5,\n                    ""impatience"": 0.5,\n                    ""maxSpeed"": 30,\n                    ""minGap"": 2.5,\n                    ""sigma"": 0.5,\n                    ""speedDev"": 0.1,\n                    ""speedFactor"": 1.0,\n                    ""tau"": 1.0\n                },\n                ""speed_mode"": 1\n            },\n            ""initial_speed"": 0,\n            ""lane_change_controller"": [\n                ""SimLaneChangeController"",\n                {}\n            ],\n            ""lane_change_params"": {\n                ""controller_params"": {\n                    ""laneChangeModel"": ""LC2013"",\n                    ""lcCooperative"": ""1.0"",\n                    ""lcKeepRight"": ""1.0"",\n                    ""lcSpeedGain"": ""1.0"",\n                    ""lcStrategic"": ""1.0""\n                },\n                ""lane_change_mode"": 512\n            },\n            ""num_vehicles"": 1,\n            ""routing_controller"": [\n                ""ContinuousRouter"",\n                {}\n            ],\n            ""veh_id"": ""rl""\n        }\n    ]\n}'}, 'env': 'AccelEnv-v0', 'local_evaluator_tf_session_args': {'inter_op_parallelism_threads': 8, 'intra_op_parallelism_threads': 8}, 'model': {'free_log_std': False, 'custom_options': {}, 'framestack': True, 'channel_major': False, 'max_seq_len': 20, 'lstm_use_prev_action_reward': False, 'squash_to_range': False, 'dim': 84, 'grayscale': False, 'fcnet_hiddens': [100, 50, 25], 'use_lstm': False, 'custom_model': None, 'fcnet_activation': 'tanh', 'conv_filters': None, 'conv_activation': 'relu', 'lstm_cell_size': 256, 'zero_mean': True, 'custom_preprocessor': None}, 'output_compress_columns': ['obs', 'new_obs'], 'monitor': False, 'custom_resources_per_worker': {}, 'output_max_file_size': 67108864, 'num_workers': 1, 'clip_param': 0.3, 'kl_coeff': 0.2, 'multiagent': {'policy_graphs': {}, 'policy_mapping_fn': None, 'policies_to_train': None}, 'input_evaluation': None, 'output': None, 'collect_metrics_timeout': 180, 'num_cpus_per_worker': 1}",169.237.32.118,1,1259.68,9.935325384140015,"{'num_steps_sampled': 140800, 'load_time_ms': 1.133, 'default': {'kl': 0.016808530315756798, 'cur_lr': 0.0005000000237487257, 'total_loss': 0.5423099994659424, 'policy_loss': -0.020214473828673363, 'vf_explained_var': 0.9948669075965881, 'entropy': 1.1474847793579102, 'cur_kl_coeff': 0.456139475107193, 'vf_loss': 0.5548574328422546}, 'sample_time_ms': 9523.912, 'grad_time_ms': 272.056, 'update_time_ms': 4.6, 'num_steps_trained': 140800}",337.113689881993,2019-04-02_07-51-25,kronos,71,140800,0,877.2754075527191,{},140800,88,88,877.2754075527191,496.3960633046472,1600,1554191485,{},0b32d2eec3344b1fbde4822793b2e447,54.45169917298337
False,110,"{'input': 'sampler', 'callbacks': {'on_train_result': None, 'on_sample_end': None, 'on_episode_step': None, 'on_episode_start': None, 'on_episode_end': None}, 'sample_batch_size': 200, 'clip_actions': False, 'clip_rewards': None, 'tf_session_args': {'inter_op_parallelism_threads': 2, 'intra_op_parallelism_threads': 2, 'device_count': {'CPU': 1}, 'log_device_placement': False, 'allow_soft_placement': True, 'gpu_options': {'allow_growth': True}}, 'kl_target': 0.01, 'horizon': 1500, 'lr': 0.0005, 'sample_async': False, 'simple_optimizer': False, 'compress_observations': False, 'num_envs_per_worker': 1, 'gamma': 0.99, 'sgd_minibatch_size': 128, 'observation_filter': 'NoFilter', 'entropy_coeff': 0.0, 'batch_mode': 'truncate_episodes', 'straggler_mitigation': False, 'vf_share_layers': False, 'num_gpus': 0, 'synchronize_filters': True, 'num_sgd_iter': 10, 'train_batch_size': 1500, 'optimizer': {}, 'num_gpus_per_worker': 0, 'preprocessor_pref': 'deepmind', 'num_cpus_for_driver': 1, 'lr_schedule': None, 'use_gae': True, 'lambda': 0.97, 'vf_loss_coeff': 1.0, 'vf_clip_param': 1000000.0, 'log_level': 'INFO', 'env_config': {'run': 'PPO', 'flow_params': '{\n    ""env"": {\n        ""additional_params"": {\n            ""max_accel"": 3,\n            ""max_decel"": 3,\n            ""sort_vehicles"": false,\n            ""target_velocity"": 20\n        },\n        ""evaluate"": false,\n        ""horizon"": 1500,\n        ""sims_per_step"": 1,\n        ""warmup_steps"": 0\n    },\n    ""env_name"": ""AccelEnv"",\n    ""exp_tag"": ""figure_eight_0"",\n    ""initial"": {\n        ""additional_params"": {},\n        ""bunching"": 0,\n        ""edges_distribution"": ""all"",\n        ""lanes_distribution"": Infinity,\n        ""min_gap"": 0,\n        ""perturbation"": 0.0,\n        ""shuffle"": false,\n        ""spacing"": ""uniform"",\n        ""x0"": 0\n    },\n    ""net"": {\n        ""additional_params"": {\n            ""lanes"": 1,\n            ""radius_ring"": 30,\n            ""resolution"": 40,\n            ""speed_limit"": 30\n        },\n        ""inflows"": {\n            ""_InFlows__flows"": [],\n            ""num_flows"": 0\n        },\n        ""netfile"": null,\n        ""no_internal_links"": false,\n        ""osm_path"": null\n    },\n    ""scenario"": ""Figure8Scenario"",\n    ""sim"": {\n        ""emission_path"": null,\n        ""lateral_resolution"": null,\n        ""no_step_log"": true,\n        ""num_clients"": 1,\n        ""overtake_right"": false,\n        ""port"": null,\n        ""print_warnings"": true,\n        ""pxpm"": 2,\n        ""render"": false,\n        ""restart_instance"": false,\n        ""save_render"": false,\n        ""seed"": null,\n        ""show_radius"": false,\n        ""sight_radius"": 25,\n        ""sim_step"": 0.1,\n        ""teleport_time"": -1\n    },\n    ""simulator"": ""traci"",\n    ""veh"": [\n        {\n            ""acceleration_controller"": [\n                ""IDMController"",\n                {\n                    ""noise"": 0.2\n                }\n            ],\n            ""car_following_params"": {\n                ""controller_params"": {\n                    ""accel"": 1.0,\n                    ""carFollowModel"": ""IDM"",\n                    ""decel"": 1.5,\n                    ""impatience"": 0.5,\n                    ""maxSpeed"": 30,\n                    ""minGap"": 2.5,\n                    ""sigma"": 0.5,\n                    ""speedDev"": 0.1,\n                    ""speedFactor"": 1.0,\n                    ""tau"": 1.0\n                },\n                ""speed_mode"": 1\n            },\n            ""initial_speed"": 0,\n            ""lane_change_controller"": [\n                ""SimLaneChangeController"",\n                {}\n            ],\n            ""lane_change_params"": {\n                ""controller_params"": {\n                    ""laneChangeModel"": ""LC2013"",\n                    ""lcCooperative"": ""1.0"",\n                    ""lcKeepRight"": ""1.0"",\n                    ""lcSpeedGain"": ""1.0"",\n                    ""lcStrategic"": ""1.0""\n                },\n                ""lane_change_mode"": 512\n            },\n            ""num_vehicles"": 13,\n            ""routing_controller"": [\n                ""ContinuousRouter"",\n                {}\n            ],\n            ""veh_id"": ""human""\n        },\n        {\n            ""acceleration_controller"": [\n                ""RLController"",\n                {}\n            ],\n            ""car_following_params"": {\n                ""controller_params"": {\n                    ""accel"": 1.0,\n                    ""carFollowModel"": ""IDM"",\n                    ""decel"": 1.5,\n                    ""impatience"": 0.5,\n                    ""maxSpeed"": 30,\n                    ""minGap"": 2.5,\n                    ""sigma"": 0.5,\n                    ""speedDev"": 0.1,\n                    ""speedFactor"": 1.0,\n                    ""tau"": 1.0\n                },\n                ""speed_mode"": 1\n            },\n            ""initial_speed"": 0,\n            ""lane_change_controller"": [\n                ""SimLaneChangeController"",\n                {}\n            ],\n            ""lane_change_params"": {\n                ""controller_params"": {\n                    ""laneChangeModel"": ""LC2013"",\n                    ""lcCooperative"": ""1.0"",\n                    ""lcKeepRight"": ""1.0"",\n                    ""lcSpeedGain"": ""1.0"",\n                    ""lcStrategic"": ""1.0""\n                },\n                ""lane_change_mode"": 512\n            },\n            ""num_vehicles"": 1,\n            ""routing_controller"": [\n                ""ContinuousRouter"",\n                {}\n            ],\n            ""veh_id"": ""rl""\n        }\n    ]\n}'}, 'env': 'AccelEnv-v0', 'local_evaluator_tf_session_args': {'inter_op_parallelism_threads': 8, 'intra_op_parallelism_threads': 8}, 'model': {'free_log_std': False, 'custom_options': {}, 'framestack': True, 'channel_major': False, 'max_seq_len': 20, 'lstm_use_prev_action_reward': False, 'squash_to_range': False, 'dim': 84, 'grayscale': False, 'fcnet_hiddens': [100, 50, 25], 'use_lstm': False, 'custom_model': None, 'fcnet_activation': 'tanh', 'conv_filters': None, 'conv_activation': 'relu', 'lstm_cell_size': 256, 'zero_mean': True, 'custom_preprocessor': None}, 'output_compress_columns': ['obs', 'new_obs'], 'monitor': False, 'custom_resources_per_worker': {}, 'output_max_file_size': 67108864, 'num_workers': 1, 'clip_param': 0.3, 'kl_coeff': 0.2, 'multiagent': {'policy_graphs': {}, 'policy_mapping_fn': None, 'policies_to_train': None}, 'input_evaluation': None, 'output': None, 'collect_metrics_timeout': 180, 'num_cpus_per_worker': 1}",169.237.32.118,1,1259.68,9.94796895980835,"{'num_steps_sampled': 142400, 'load_time_ms': 1.097, 'default': {'kl': 0.018731985241174698, 'cur_lr': 0.0005000000237487257, 'total_loss': 0.5109474658966064, 'policy_loss': -0.015944816172122955, 'vf_explained_var': 0.9936710000038147, 'entropy': 1.3161778450012207, 'cur_kl_coeff': 0.456139475107193, 'vf_loss': 0.5183479189872742}, 'sample_time_ms': 9537.216, 'grad_time_ms': 272.81, 'update_time_ms': 4.58, 'num_steps_trained': 142400}",336.44480350547894,2019-04-02_07-51-35,kronos,71,142400,0,887.2233765125275,{},142400,89,89,887.2233765125275,496.3960633046472,1600,1554191495,{},0b32d2eec3344b1fbde4822793b2e447,54.45169917298337
False,112,"{'input': 'sampler', 'callbacks': {'on_train_result': None, 'on_sample_end': None, 'on_episode_step': None, 'on_episode_start': None, 'on_episode_end': None}, 'sample_batch_size': 200, 'clip_actions': False, 'clip_rewards': None, 'tf_session_args': {'inter_op_parallelism_threads': 2, 'intra_op_parallelism_threads': 2, 'device_count': {'CPU': 1}, 'log_device_placement': False, 'allow_soft_placement': True, 'gpu_options': {'allow_growth': True}}, 'kl_target': 0.01, 'horizon': 1500, 'lr': 0.0005, 'sample_async': False, 'simple_optimizer': False, 'compress_observations': False, 'num_envs_per_worker': 1, 'gamma': 0.99, 'sgd_minibatch_size': 128, 'observation_filter': 'NoFilter', 'entropy_coeff': 0.0, 'batch_mode': 'truncate_episodes', 'straggler_mitigation': False, 'vf_share_layers': False, 'num_gpus': 0, 'synchronize_filters': True, 'num_sgd_iter': 10, 'train_batch_size': 1500, 'optimizer': {}, 'num_gpus_per_worker': 0, 'preprocessor_pref': 'deepmind', 'num_cpus_for_driver': 1, 'lr_schedule': None, 'use_gae': True, 'lambda': 0.97, 'vf_loss_coeff': 1.0, 'vf_clip_param': 1000000.0, 'log_level': 'INFO', 'env_config': {'run': 'PPO', 'flow_params': '{\n    ""env"": {\n        ""additional_params"": {\n            ""max_accel"": 3,\n            ""max_decel"": 3,\n            ""sort_vehicles"": false,\n            ""target_velocity"": 20\n        },\n        ""evaluate"": false,\n        ""horizon"": 1500,\n        ""sims_per_step"": 1,\n        ""warmup_steps"": 0\n    },\n    ""env_name"": ""AccelEnv"",\n    ""exp_tag"": ""figure_eight_0"",\n    ""initial"": {\n        ""additional_params"": {},\n        ""bunching"": 0,\n        ""edges_distribution"": ""all"",\n        ""lanes_distribution"": Infinity,\n        ""min_gap"": 0,\n        ""perturbation"": 0.0,\n        ""shuffle"": false,\n        ""spacing"": ""uniform"",\n        ""x0"": 0\n    },\n    ""net"": {\n        ""additional_params"": {\n            ""lanes"": 1,\n            ""radius_ring"": 30,\n            ""resolution"": 40,\n            ""speed_limit"": 30\n        },\n        ""inflows"": {\n            ""_InFlows__flows"": [],\n            ""num_flows"": 0\n        },\n        ""netfile"": null,\n        ""no_internal_links"": false,\n        ""osm_path"": null\n    },\n    ""scenario"": ""Figure8Scenario"",\n    ""sim"": {\n        ""emission_path"": null,\n        ""lateral_resolution"": null,\n        ""no_step_log"": true,\n        ""num_clients"": 1,\n        ""overtake_right"": false,\n        ""port"": null,\n        ""print_warnings"": true,\n        ""pxpm"": 2,\n        ""render"": false,\n        ""restart_instance"": false,\n        ""save_render"": false,\n        ""seed"": null,\n        ""show_radius"": false,\n        ""sight_radius"": 25,\n        ""sim_step"": 0.1,\n        ""teleport_time"": -1\n    },\n    ""simulator"": ""traci"",\n    ""veh"": [\n        {\n            ""acceleration_controller"": [\n                ""IDMController"",\n                {\n                    ""noise"": 0.2\n                }\n            ],\n            ""car_following_params"": {\n                ""controller_params"": {\n                    ""accel"": 1.0,\n                    ""carFollowModel"": ""IDM"",\n                    ""decel"": 1.5,\n                    ""impatience"": 0.5,\n                    ""maxSpeed"": 30,\n                    ""minGap"": 2.5,\n                    ""sigma"": 0.5,\n                    ""speedDev"": 0.1,\n                    ""speedFactor"": 1.0,\n                    ""tau"": 1.0\n                },\n                ""speed_mode"": 1\n            },\n            ""initial_speed"": 0,\n            ""lane_change_controller"": [\n                ""SimLaneChangeController"",\n                {}\n            ],\n            ""lane_change_params"": {\n                ""controller_params"": {\n                    ""laneChangeModel"": ""LC2013"",\n                    ""lcCooperative"": ""1.0"",\n                    ""lcKeepRight"": ""1.0"",\n                    ""lcSpeedGain"": ""1.0"",\n                    ""lcStrategic"": ""1.0""\n                },\n                ""lane_change_mode"": 512\n            },\n            ""num_vehicles"": 13,\n            ""routing_controller"": [\n                ""ContinuousRouter"",\n                {}\n            ],\n            ""veh_id"": ""human""\n        },\n        {\n            ""acceleration_controller"": [\n                ""RLController"",\n                {}\n            ],\n            ""car_following_params"": {\n                ""controller_params"": {\n                    ""accel"": 1.0,\n                    ""carFollowModel"": ""IDM"",\n                    ""decel"": 1.5,\n                    ""impatience"": 0.5,\n                    ""maxSpeed"": 30,\n                    ""minGap"": 2.5,\n                    ""sigma"": 0.5,\n                    ""speedDev"": 0.1,\n                    ""speedFactor"": 1.0,\n                    ""tau"": 1.0\n                },\n                ""speed_mode"": 1\n            },\n            ""initial_speed"": 0,\n            ""lane_change_controller"": [\n                ""SimLaneChangeController"",\n                {}\n            ],\n            ""lane_change_params"": {\n                ""controller_params"": {\n                    ""laneChangeModel"": ""LC2013"",\n                    ""lcCooperative"": ""1.0"",\n                    ""lcKeepRight"": ""1.0"",\n                    ""lcSpeedGain"": ""1.0"",\n                    ""lcStrategic"": ""1.0""\n                },\n                ""lane_change_mode"": 512\n            },\n            ""num_vehicles"": 1,\n            ""routing_controller"": [\n                ""ContinuousRouter"",\n                {}\n            ],\n            ""veh_id"": ""rl""\n        }\n    ]\n}'}, 'env': 'AccelEnv-v0', 'local_evaluator_tf_session_args': {'inter_op_parallelism_threads': 8, 'intra_op_parallelism_threads': 8}, 'model': {'free_log_std': False, 'custom_options': {}, 'framestack': True, 'channel_major': False, 'max_seq_len': 20, 'lstm_use_prev_action_reward': False, 'squash_to_range': False, 'dim': 84, 'grayscale': False, 'fcnet_hiddens': [100, 50, 25], 'use_lstm': False, 'custom_model': None, 'fcnet_activation': 'tanh', 'conv_filters': None, 'conv_activation': 'relu', 'lstm_cell_size': 256, 'zero_mean': True, 'custom_preprocessor': None}, 'output_compress_columns': ['obs', 'new_obs'], 'monitor': False, 'custom_resources_per_worker': {}, 'output_max_file_size': 67108864, 'num_workers': 1, 'clip_param': 0.3, 'kl_coeff': 0.2, 'multiagent': {'policy_graphs': {}, 'policy_mapping_fn': None, 'policies_to_train': None}, 'input_evaluation': None, 'output': None, 'collect_metrics_timeout': 180, 'num_cpus_per_worker': 1}",169.237.32.118,2,1259.68,9.834866523742676,"{'num_steps_sampled': 144000, 'load_time_ms': 1.092, 'default': {'kl': 0.009641651064157486, 'cur_lr': 0.0005000000237487257, 'total_loss': 5.336219310760498, 'policy_loss': -0.007403051946312189, 'vf_explained_var': 0.8470015525817871, 'entropy': 1.2966796159744263, 'cur_kl_coeff': 0.456139475107193, 'vf_loss': 5.3392252922058105}, 'sample_time_ms': 9564.517, 'grad_time_ms': 273.577, 'update_time_ms': 4.568, 'num_steps_trained': 144000}",337.5078329818523,2019-04-02_07-51-45,kronos,71,144000,0,897.0582430362701,{},144000,90,90,897.0582430362701,496.3960633046472,1600,1554191505,{},0b32d2eec3344b1fbde4822793b2e447,54.45169917298337
False,114,"{'input': 'sampler', 'callbacks': {'on_train_result': None, 'on_sample_end': None, 'on_episode_step': None, 'on_episode_start': None, 'on_episode_end': None}, 'sample_batch_size': 200, 'clip_actions': False, 'clip_rewards': None, 'tf_session_args': {'inter_op_parallelism_threads': 2, 'intra_op_parallelism_threads': 2, 'device_count': {'CPU': 1}, 'log_device_placement': False, 'allow_soft_placement': True, 'gpu_options': {'allow_growth': True}}, 'kl_target': 0.01, 'horizon': 1500, 'lr': 0.0005, 'sample_async': False, 'simple_optimizer': False, 'compress_observations': False, 'num_envs_per_worker': 1, 'gamma': 0.99, 'sgd_minibatch_size': 128, 'observation_filter': 'NoFilter', 'entropy_coeff': 0.0, 'batch_mode': 'truncate_episodes', 'straggler_mitigation': False, 'vf_share_layers': False, 'num_gpus': 0, 'synchronize_filters': True, 'num_sgd_iter': 10, 'train_batch_size': 1500, 'optimizer': {}, 'num_gpus_per_worker': 0, 'preprocessor_pref': 'deepmind', 'num_cpus_for_driver': 1, 'lr_schedule': None, 'use_gae': True, 'lambda': 0.97, 'vf_loss_coeff': 1.0, 'vf_clip_param': 1000000.0, 'log_level': 'INFO', 'env_config': {'run': 'PPO', 'flow_params': '{\n    ""env"": {\n        ""additional_params"": {\n            ""max_accel"": 3,\n            ""max_decel"": 3,\n            ""sort_vehicles"": false,\n            ""target_velocity"": 20\n        },\n        ""evaluate"": false,\n        ""horizon"": 1500,\n        ""sims_per_step"": 1,\n        ""warmup_steps"": 0\n    },\n    ""env_name"": ""AccelEnv"",\n    ""exp_tag"": ""figure_eight_0"",\n    ""initial"": {\n        ""additional_params"": {},\n        ""bunching"": 0,\n        ""edges_distribution"": ""all"",\n        ""lanes_distribution"": Infinity,\n        ""min_gap"": 0,\n        ""perturbation"": 0.0,\n        ""shuffle"": false,\n        ""spacing"": ""uniform"",\n        ""x0"": 0\n    },\n    ""net"": {\n        ""additional_params"": {\n            ""lanes"": 1,\n            ""radius_ring"": 30,\n            ""resolution"": 40,\n            ""speed_limit"": 30\n        },\n        ""inflows"": {\n            ""_InFlows__flows"": [],\n            ""num_flows"": 0\n        },\n        ""netfile"": null,\n        ""no_internal_links"": false,\n        ""osm_path"": null\n    },\n    ""scenario"": ""Figure8Scenario"",\n    ""sim"": {\n        ""emission_path"": null,\n        ""lateral_resolution"": null,\n        ""no_step_log"": true,\n        ""num_clients"": 1,\n        ""overtake_right"": false,\n        ""port"": null,\n        ""print_warnings"": true,\n        ""pxpm"": 2,\n        ""render"": false,\n        ""restart_instance"": false,\n        ""save_render"": false,\n        ""seed"": null,\n        ""show_radius"": false,\n        ""sight_radius"": 25,\n        ""sim_step"": 0.1,\n        ""teleport_time"": -1\n    },\n    ""simulator"": ""traci"",\n    ""veh"": [\n        {\n            ""acceleration_controller"": [\n                ""IDMController"",\n                {\n                    ""noise"": 0.2\n                }\n            ],\n            ""car_following_params"": {\n                ""controller_params"": {\n                    ""accel"": 1.0,\n                    ""carFollowModel"": ""IDM"",\n                    ""decel"": 1.5,\n                    ""impatience"": 0.5,\n                    ""maxSpeed"": 30,\n                    ""minGap"": 2.5,\n                    ""sigma"": 0.5,\n                    ""speedDev"": 0.1,\n                    ""speedFactor"": 1.0,\n                    ""tau"": 1.0\n                },\n                ""speed_mode"": 1\n            },\n            ""initial_speed"": 0,\n            ""lane_change_controller"": [\n                ""SimLaneChangeController"",\n                {}\n            ],\n            ""lane_change_params"": {\n                ""controller_params"": {\n                    ""laneChangeModel"": ""LC2013"",\n                    ""lcCooperative"": ""1.0"",\n                    ""lcKeepRight"": ""1.0"",\n                    ""lcSpeedGain"": ""1.0"",\n                    ""lcStrategic"": ""1.0""\n                },\n                ""lane_change_mode"": 512\n            },\n            ""num_vehicles"": 13,\n            ""routing_controller"": [\n                ""ContinuousRouter"",\n                {}\n            ],\n            ""veh_id"": ""human""\n        },\n        {\n            ""acceleration_controller"": [\n                ""RLController"",\n                {}\n            ],\n            ""car_following_params"": {\n                ""controller_params"": {\n                    ""accel"": 1.0,\n                    ""carFollowModel"": ""IDM"",\n                    ""decel"": 1.5,\n                    ""impatience"": 0.5,\n                    ""maxSpeed"": 30,\n                    ""minGap"": 2.5,\n                    ""sigma"": 0.5,\n                    ""speedDev"": 0.1,\n                    ""speedFactor"": 1.0,\n                    ""tau"": 1.0\n                },\n                ""speed_mode"": 1\n            },\n            ""initial_speed"": 0,\n            ""lane_change_controller"": [\n                ""SimLaneChangeController"",\n                {}\n            ],\n            ""lane_change_params"": {\n                ""controller_params"": {\n                    ""laneChangeModel"": ""LC2013"",\n                    ""lcCooperative"": ""1.0"",\n                    ""lcKeepRight"": ""1.0"",\n                    ""lcSpeedGain"": ""1.0"",\n                    ""lcStrategic"": ""1.0""\n                },\n                ""lane_change_mode"": 512\n            },\n            ""num_vehicles"": 1,\n            ""routing_controller"": [\n                ""ContinuousRouter"",\n                {}\n            ],\n            ""veh_id"": ""rl""\n        }\n    ]\n}'}, 'env': 'AccelEnv-v0', 'local_evaluator_tf_session_args': {'inter_op_parallelism_threads': 8, 'intra_op_parallelism_threads': 8}, 'model': {'free_log_std': False, 'custom_options': {}, 'framestack': True, 'channel_major': False, 'max_seq_len': 20, 'lstm_use_prev_action_reward': False, 'squash_to_range': False, 'dim': 84, 'grayscale': False, 'fcnet_hiddens': [100, 50, 25], 'use_lstm': False, 'custom_model': None, 'fcnet_activation': 'tanh', 'conv_filters': None, 'conv_activation': 'relu', 'lstm_cell_size': 256, 'zero_mean': True, 'custom_preprocessor': None}, 'output_compress_columns': ['obs', 'new_obs'], 'monitor': False, 'custom_resources_per_worker': {}, 'output_max_file_size': 67108864, 'num_workers': 1, 'clip_param': 0.3, 'kl_coeff': 0.2, 'multiagent': {'policy_graphs': {}, 'policy_mapping_fn': None, 'policies_to_train': None}, 'input_evaluation': None, 'output': None, 'collect_metrics_timeout': 180, 'num_cpus_per_worker': 1}",169.237.32.118,2,1241.4,9.44939136505127,"{'num_steps_sampled': 145600, 'load_time_ms': 1.119, 'default': {'kl': 0.010580266825854778, 'cur_lr': 0.0005000000237487257, 'total_loss': 0.6765194535255432, 'policy_loss': -0.008967623114585876, 'vf_explained_var': 0.9854845404624939, 'entropy': 1.1761692762374878, 'cur_kl_coeff': 0.456139475107193, 'vf_loss': 0.6806609630584717}, 'sample_time_ms': 9532.645, 'grad_time_ms': 273.636, 'update_time_ms': 4.519, 'num_steps_trained': 145600}",335.17072856799393,2019-04-02_07-51-55,kronos,71,145600,0,906.5076344013214,{},145600,91,91,906.5076344013214,496.3960633046472,1600,1554191515,{},0b32d2eec3344b1fbde4822793b2e447,54.45169917298337
False,115,"{'input': 'sampler', 'callbacks': {'on_train_result': None, 'on_sample_end': None, 'on_episode_step': None, 'on_episode_start': None, 'on_episode_end': None}, 'sample_batch_size': 200, 'clip_actions': False, 'clip_rewards': None, 'tf_session_args': {'inter_op_parallelism_threads': 2, 'intra_op_parallelism_threads': 2, 'device_count': {'CPU': 1}, 'log_device_placement': False, 'allow_soft_placement': True, 'gpu_options': {'allow_growth': True}}, 'kl_target': 0.01, 'horizon': 1500, 'lr': 0.0005, 'sample_async': False, 'simple_optimizer': False, 'compress_observations': False, 'num_envs_per_worker': 1, 'gamma': 0.99, 'sgd_minibatch_size': 128, 'observation_filter': 'NoFilter', 'entropy_coeff': 0.0, 'batch_mode': 'truncate_episodes', 'straggler_mitigation': False, 'vf_share_layers': False, 'num_gpus': 0, 'synchronize_filters': True, 'num_sgd_iter': 10, 'train_batch_size': 1500, 'optimizer': {}, 'num_gpus_per_worker': 0, 'preprocessor_pref': 'deepmind', 'num_cpus_for_driver': 1, 'lr_schedule': None, 'use_gae': True, 'lambda': 0.97, 'vf_loss_coeff': 1.0, 'vf_clip_param': 1000000.0, 'log_level': 'INFO', 'env_config': {'run': 'PPO', 'flow_params': '{\n    ""env"": {\n        ""additional_params"": {\n            ""max_accel"": 3,\n            ""max_decel"": 3,\n            ""sort_vehicles"": false,\n            ""target_velocity"": 20\n        },\n        ""evaluate"": false,\n        ""horizon"": 1500,\n        ""sims_per_step"": 1,\n        ""warmup_steps"": 0\n    },\n    ""env_name"": ""AccelEnv"",\n    ""exp_tag"": ""figure_eight_0"",\n    ""initial"": {\n        ""additional_params"": {},\n        ""bunching"": 0,\n        ""edges_distribution"": ""all"",\n        ""lanes_distribution"": Infinity,\n        ""min_gap"": 0,\n        ""perturbation"": 0.0,\n        ""shuffle"": false,\n        ""spacing"": ""uniform"",\n        ""x0"": 0\n    },\n    ""net"": {\n        ""additional_params"": {\n            ""lanes"": 1,\n            ""radius_ring"": 30,\n            ""resolution"": 40,\n            ""speed_limit"": 30\n        },\n        ""inflows"": {\n            ""_InFlows__flows"": [],\n            ""num_flows"": 0\n        },\n        ""netfile"": null,\n        ""no_internal_links"": false,\n        ""osm_path"": null\n    },\n    ""scenario"": ""Figure8Scenario"",\n    ""sim"": {\n        ""emission_path"": null,\n        ""lateral_resolution"": null,\n        ""no_step_log"": true,\n        ""num_clients"": 1,\n        ""overtake_right"": false,\n        ""port"": null,\n        ""print_warnings"": true,\n        ""pxpm"": 2,\n        ""render"": false,\n        ""restart_instance"": false,\n        ""save_render"": false,\n        ""seed"": null,\n        ""show_radius"": false,\n        ""sight_radius"": 25,\n        ""sim_step"": 0.1,\n        ""teleport_time"": -1\n    },\n    ""simulator"": ""traci"",\n    ""veh"": [\n        {\n            ""acceleration_controller"": [\n                ""IDMController"",\n                {\n                    ""noise"": 0.2\n                }\n            ],\n            ""car_following_params"": {\n                ""controller_params"": {\n                    ""accel"": 1.0,\n                    ""carFollowModel"": ""IDM"",\n                    ""decel"": 1.5,\n                    ""impatience"": 0.5,\n                    ""maxSpeed"": 30,\n                    ""minGap"": 2.5,\n                    ""sigma"": 0.5,\n                    ""speedDev"": 0.1,\n                    ""speedFactor"": 1.0,\n                    ""tau"": 1.0\n                },\n                ""speed_mode"": 1\n            },\n            ""initial_speed"": 0,\n            ""lane_change_controller"": [\n                ""SimLaneChangeController"",\n                {}\n            ],\n            ""lane_change_params"": {\n                ""controller_params"": {\n                    ""laneChangeModel"": ""LC2013"",\n                    ""lcCooperative"": ""1.0"",\n                    ""lcKeepRight"": ""1.0"",\n                    ""lcSpeedGain"": ""1.0"",\n                    ""lcStrategic"": ""1.0""\n                },\n                ""lane_change_mode"": 512\n            },\n            ""num_vehicles"": 13,\n            ""routing_controller"": [\n                ""ContinuousRouter"",\n                {}\n            ],\n            ""veh_id"": ""human""\n        },\n        {\n            ""acceleration_controller"": [\n                ""RLController"",\n                {}\n            ],\n            ""car_following_params"": {\n                ""controller_params"": {\n                    ""accel"": 1.0,\n                    ""carFollowModel"": ""IDM"",\n                    ""decel"": 1.5,\n                    ""impatience"": 0.5,\n                    ""maxSpeed"": 30,\n                    ""minGap"": 2.5,\n                    ""sigma"": 0.5,\n                    ""speedDev"": 0.1,\n                    ""speedFactor"": 1.0,\n                    ""tau"": 1.0\n                },\n                ""speed_mode"": 1\n            },\n            ""initial_speed"": 0,\n            ""lane_change_controller"": [\n                ""SimLaneChangeController"",\n                {}\n            ],\n            ""lane_change_params"": {\n                ""controller_params"": {\n                    ""laneChangeModel"": ""LC2013"",\n                    ""lcCooperative"": ""1.0"",\n                    ""lcKeepRight"": ""1.0"",\n                    ""lcSpeedGain"": ""1.0"",\n                    ""lcStrategic"": ""1.0""\n                },\n                ""lane_change_mode"": 512\n            },\n            ""num_vehicles"": 1,\n            ""routing_controller"": [\n                ""ContinuousRouter"",\n                {}\n            ],\n            ""veh_id"": ""rl""\n        }\n    ]\n}'}, 'env': 'AccelEnv-v0', 'local_evaluator_tf_session_args': {'inter_op_parallelism_threads': 8, 'intra_op_parallelism_threads': 8}, 'model': {'free_log_std': False, 'custom_options': {}, 'framestack': True, 'channel_major': False, 'max_seq_len': 20, 'lstm_use_prev_action_reward': False, 'squash_to_range': False, 'dim': 84, 'grayscale': False, 'fcnet_hiddens': [100, 50, 25], 'use_lstm': False, 'custom_model': None, 'fcnet_activation': 'tanh', 'conv_filters': None, 'conv_activation': 'relu', 'lstm_cell_size': 256, 'zero_mean': True, 'custom_preprocessor': None}, 'output_compress_columns': ['obs', 'new_obs'], 'monitor': False, 'custom_resources_per_worker': {}, 'output_max_file_size': 67108864, 'num_workers': 1, 'clip_param': 0.3, 'kl_coeff': 0.2, 'multiagent': {'policy_graphs': {}, 'policy_mapping_fn': None, 'policies_to_train': None}, 'input_evaluation': None, 'output': None, 'collect_metrics_timeout': 180, 'num_cpus_per_worker': 1}",169.237.32.118,1,1239.73,9.786295890808105,"{'num_steps_sampled': 147200, 'load_time_ms': 1.114, 'default': {'kl': 0.004002039786428213, 'cur_lr': 0.0005000000237487257, 'total_loss': 0.8559332489967346, 'policy_loss': 0.0006680910591967404, 'vf_explained_var': 0.9836243987083435, 'entropy': 1.2403465509414673, 'cur_kl_coeff': 0.456139475107193, 'vf_loss': 0.8534398078918457}, 'sample_time_ms': 9546.082, 'grad_time_ms': 274.272, 'update_time_ms': 4.428, 'num_steps_trained': 147200}",334.72650584145345,2019-04-02_07-52-04,kronos,71,147200,0,916.2939302921295,{},147200,92,92,916.2939302921295,496.3960633046472,1600,1554191524,{},0b32d2eec3344b1fbde4822793b2e447,54.45169917298337
False,116,"{'input': 'sampler', 'callbacks': {'on_train_result': None, 'on_sample_end': None, 'on_episode_step': None, 'on_episode_start': None, 'on_episode_end': None}, 'sample_batch_size': 200, 'clip_actions': False, 'clip_rewards': None, 'tf_session_args': {'inter_op_parallelism_threads': 2, 'intra_op_parallelism_threads': 2, 'device_count': {'CPU': 1}, 'log_device_placement': False, 'allow_soft_placement': True, 'gpu_options': {'allow_growth': True}}, 'kl_target': 0.01, 'horizon': 1500, 'lr': 0.0005, 'sample_async': False, 'simple_optimizer': False, 'compress_observations': False, 'num_envs_per_worker': 1, 'gamma': 0.99, 'sgd_minibatch_size': 128, 'observation_filter': 'NoFilter', 'entropy_coeff': 0.0, 'batch_mode': 'truncate_episodes', 'straggler_mitigation': False, 'vf_share_layers': False, 'num_gpus': 0, 'synchronize_filters': True, 'num_sgd_iter': 10, 'train_batch_size': 1500, 'optimizer': {}, 'num_gpus_per_worker': 0, 'preprocessor_pref': 'deepmind', 'num_cpus_for_driver': 1, 'lr_schedule': None, 'use_gae': True, 'lambda': 0.97, 'vf_loss_coeff': 1.0, 'vf_clip_param': 1000000.0, 'log_level': 'INFO', 'env_config': {'run': 'PPO', 'flow_params': '{\n    ""env"": {\n        ""additional_params"": {\n            ""max_accel"": 3,\n            ""max_decel"": 3,\n            ""sort_vehicles"": false,\n            ""target_velocity"": 20\n        },\n        ""evaluate"": false,\n        ""horizon"": 1500,\n        ""sims_per_step"": 1,\n        ""warmup_steps"": 0\n    },\n    ""env_name"": ""AccelEnv"",\n    ""exp_tag"": ""figure_eight_0"",\n    ""initial"": {\n        ""additional_params"": {},\n        ""bunching"": 0,\n        ""edges_distribution"": ""all"",\n        ""lanes_distribution"": Infinity,\n        ""min_gap"": 0,\n        ""perturbation"": 0.0,\n        ""shuffle"": false,\n        ""spacing"": ""uniform"",\n        ""x0"": 0\n    },\n    ""net"": {\n        ""additional_params"": {\n            ""lanes"": 1,\n            ""radius_ring"": 30,\n            ""resolution"": 40,\n            ""speed_limit"": 30\n        },\n        ""inflows"": {\n            ""_InFlows__flows"": [],\n            ""num_flows"": 0\n        },\n        ""netfile"": null,\n        ""no_internal_links"": false,\n        ""osm_path"": null\n    },\n    ""scenario"": ""Figure8Scenario"",\n    ""sim"": {\n        ""emission_path"": null,\n        ""lateral_resolution"": null,\n        ""no_step_log"": true,\n        ""num_clients"": 1,\n        ""overtake_right"": false,\n        ""port"": null,\n        ""print_warnings"": true,\n        ""pxpm"": 2,\n        ""render"": false,\n        ""restart_instance"": false,\n        ""save_render"": false,\n        ""seed"": null,\n        ""show_radius"": false,\n        ""sight_radius"": 25,\n        ""sim_step"": 0.1,\n        ""teleport_time"": -1\n    },\n    ""simulator"": ""traci"",\n    ""veh"": [\n        {\n            ""acceleration_controller"": [\n                ""IDMController"",\n                {\n                    ""noise"": 0.2\n                }\n            ],\n            ""car_following_params"": {\n                ""controller_params"": {\n                    ""accel"": 1.0,\n                    ""carFollowModel"": ""IDM"",\n                    ""decel"": 1.5,\n                    ""impatience"": 0.5,\n                    ""maxSpeed"": 30,\n                    ""minGap"": 2.5,\n                    ""sigma"": 0.5,\n                    ""speedDev"": 0.1,\n                    ""speedFactor"": 1.0,\n                    ""tau"": 1.0\n                },\n                ""speed_mode"": 1\n            },\n            ""initial_speed"": 0,\n            ""lane_change_controller"": [\n                ""SimLaneChangeController"",\n                {}\n            ],\n            ""lane_change_params"": {\n                ""controller_params"": {\n                    ""laneChangeModel"": ""LC2013"",\n                    ""lcCooperative"": ""1.0"",\n                    ""lcKeepRight"": ""1.0"",\n                    ""lcSpeedGain"": ""1.0"",\n                    ""lcStrategic"": ""1.0""\n                },\n                ""lane_change_mode"": 512\n            },\n            ""num_vehicles"": 13,\n            ""routing_controller"": [\n                ""ContinuousRouter"",\n                {}\n            ],\n            ""veh_id"": ""human""\n        },\n        {\n            ""acceleration_controller"": [\n                ""RLController"",\n                {}\n            ],\n            ""car_following_params"": {\n                ""controller_params"": {\n                    ""accel"": 1.0,\n                    ""carFollowModel"": ""IDM"",\n                    ""decel"": 1.5,\n                    ""impatience"": 0.5,\n                    ""maxSpeed"": 30,\n                    ""minGap"": 2.5,\n                    ""sigma"": 0.5,\n                    ""speedDev"": 0.1,\n                    ""speedFactor"": 1.0,\n                    ""tau"": 1.0\n                },\n                ""speed_mode"": 1\n            },\n            ""initial_speed"": 0,\n            ""lane_change_controller"": [\n                ""SimLaneChangeController"",\n                {}\n            ],\n            ""lane_change_params"": {\n                ""controller_params"": {\n                    ""laneChangeModel"": ""LC2013"",\n                    ""lcCooperative"": ""1.0"",\n                    ""lcKeepRight"": ""1.0"",\n                    ""lcSpeedGain"": ""1.0"",\n                    ""lcStrategic"": ""1.0""\n                },\n                ""lane_change_mode"": 512\n            },\n            ""num_vehicles"": 1,\n            ""routing_controller"": [\n                ""ContinuousRouter"",\n                {}\n            ],\n            ""veh_id"": ""rl""\n        }\n    ]\n}'}, 'env': 'AccelEnv-v0', 'local_evaluator_tf_session_args': {'inter_op_parallelism_threads': 8, 'intra_op_parallelism_threads': 8}, 'model': {'free_log_std': False, 'custom_options': {}, 'framestack': True, 'channel_major': False, 'max_seq_len': 20, 'lstm_use_prev_action_reward': False, 'squash_to_range': False, 'dim': 84, 'grayscale': False, 'fcnet_hiddens': [100, 50, 25], 'use_lstm': False, 'custom_model': None, 'fcnet_activation': 'tanh', 'conv_filters': None, 'conv_activation': 'relu', 'lstm_cell_size': 256, 'zero_mean': True, 'custom_preprocessor': None}, 'output_compress_columns': ['obs', 'new_obs'], 'monitor': False, 'custom_resources_per_worker': {}, 'output_max_file_size': 67108864, 'num_workers': 1, 'clip_param': 0.3, 'kl_coeff': 0.2, 'multiagent': {'policy_graphs': {}, 'policy_mapping_fn': None, 'policies_to_train': None}, 'input_evaluation': None, 'output': None, 'collect_metrics_timeout': 180, 'num_cpus_per_worker': 1}",169.237.32.118,1,1239.73,9.935147285461426,"{'num_steps_sampled': 148800, 'load_time_ms': 1.111, 'default': {'kl': 0.004356933292001486, 'cur_lr': 0.0005000000237487257, 'total_loss': 4.088741779327393, 'policy_loss': -0.009784568101167679, 'vf_explained_var': 0.9014706015586853, 'entropy': 1.330800175666809, 'cur_kl_coeff': 0.2280697375535965, 'vf_loss': 4.097532749176025}, 'sample_time_ms': 9555.123, 'grad_time_ms': 272.992, 'update_time_ms': 4.496, 'num_steps_trained': 148800}",334.90232402631665,2019-04-02_07-52-14,kronos,71,148800,0,926.2290775775909,{},148800,93,93,926.2290775775909,496.3960633046472,1600,1554191534,{},0b32d2eec3344b1fbde4822793b2e447,54.45169917298337
False,117,"{'input': 'sampler', 'callbacks': {'on_train_result': None, 'on_sample_end': None, 'on_episode_step': None, 'on_episode_start': None, 'on_episode_end': None}, 'sample_batch_size': 200, 'clip_actions': False, 'clip_rewards': None, 'tf_session_args': {'inter_op_parallelism_threads': 2, 'intra_op_parallelism_threads': 2, 'device_count': {'CPU': 1}, 'log_device_placement': False, 'allow_soft_placement': True, 'gpu_options': {'allow_growth': True}}, 'kl_target': 0.01, 'horizon': 1500, 'lr': 0.0005, 'sample_async': False, 'simple_optimizer': False, 'compress_observations': False, 'num_envs_per_worker': 1, 'gamma': 0.99, 'sgd_minibatch_size': 128, 'observation_filter': 'NoFilter', 'entropy_coeff': 0.0, 'batch_mode': 'truncate_episodes', 'straggler_mitigation': False, 'vf_share_layers': False, 'num_gpus': 0, 'synchronize_filters': True, 'num_sgd_iter': 10, 'train_batch_size': 1500, 'optimizer': {}, 'num_gpus_per_worker': 0, 'preprocessor_pref': 'deepmind', 'num_cpus_for_driver': 1, 'lr_schedule': None, 'use_gae': True, 'lambda': 0.97, 'vf_loss_coeff': 1.0, 'vf_clip_param': 1000000.0, 'log_level': 'INFO', 'env_config': {'run': 'PPO', 'flow_params': '{\n    ""env"": {\n        ""additional_params"": {\n            ""max_accel"": 3,\n            ""max_decel"": 3,\n            ""sort_vehicles"": false,\n            ""target_velocity"": 20\n        },\n        ""evaluate"": false,\n        ""horizon"": 1500,\n        ""sims_per_step"": 1,\n        ""warmup_steps"": 0\n    },\n    ""env_name"": ""AccelEnv"",\n    ""exp_tag"": ""figure_eight_0"",\n    ""initial"": {\n        ""additional_params"": {},\n        ""bunching"": 0,\n        ""edges_distribution"": ""all"",\n        ""lanes_distribution"": Infinity,\n        ""min_gap"": 0,\n        ""perturbation"": 0.0,\n        ""shuffle"": false,\n        ""spacing"": ""uniform"",\n        ""x0"": 0\n    },\n    ""net"": {\n        ""additional_params"": {\n            ""lanes"": 1,\n            ""radius_ring"": 30,\n            ""resolution"": 40,\n            ""speed_limit"": 30\n        },\n        ""inflows"": {\n            ""_InFlows__flows"": [],\n            ""num_flows"": 0\n        },\n        ""netfile"": null,\n        ""no_internal_links"": false,\n        ""osm_path"": null\n    },\n    ""scenario"": ""Figure8Scenario"",\n    ""sim"": {\n        ""emission_path"": null,\n        ""lateral_resolution"": null,\n        ""no_step_log"": true,\n        ""num_clients"": 1,\n        ""overtake_right"": false,\n        ""port"": null,\n        ""print_warnings"": true,\n        ""pxpm"": 2,\n        ""render"": false,\n        ""restart_instance"": false,\n        ""save_render"": false,\n        ""seed"": null,\n        ""show_radius"": false,\n        ""sight_radius"": 25,\n        ""sim_step"": 0.1,\n        ""teleport_time"": -1\n    },\n    ""simulator"": ""traci"",\n    ""veh"": [\n        {\n            ""acceleration_controller"": [\n                ""IDMController"",\n                {\n                    ""noise"": 0.2\n                }\n            ],\n            ""car_following_params"": {\n                ""controller_params"": {\n                    ""accel"": 1.0,\n                    ""carFollowModel"": ""IDM"",\n                    ""decel"": 1.5,\n                    ""impatience"": 0.5,\n                    ""maxSpeed"": 30,\n                    ""minGap"": 2.5,\n                    ""sigma"": 0.5,\n                    ""speedDev"": 0.1,\n                    ""speedFactor"": 1.0,\n                    ""tau"": 1.0\n                },\n                ""speed_mode"": 1\n            },\n            ""initial_speed"": 0,\n            ""lane_change_controller"": [\n                ""SimLaneChangeController"",\n                {}\n            ],\n            ""lane_change_params"": {\n                ""controller_params"": {\n                    ""laneChangeModel"": ""LC2013"",\n                    ""lcCooperative"": ""1.0"",\n                    ""lcKeepRight"": ""1.0"",\n                    ""lcSpeedGain"": ""1.0"",\n                    ""lcStrategic"": ""1.0""\n                },\n                ""lane_change_mode"": 512\n            },\n            ""num_vehicles"": 13,\n            ""routing_controller"": [\n                ""ContinuousRouter"",\n                {}\n            ],\n            ""veh_id"": ""human""\n        },\n        {\n            ""acceleration_controller"": [\n                ""RLController"",\n                {}\n            ],\n            ""car_following_params"": {\n                ""controller_params"": {\n                    ""accel"": 1.0,\n                    ""carFollowModel"": ""IDM"",\n                    ""decel"": 1.5,\n                    ""impatience"": 0.5,\n                    ""maxSpeed"": 30,\n                    ""minGap"": 2.5,\n                    ""sigma"": 0.5,\n                    ""speedDev"": 0.1,\n                    ""speedFactor"": 1.0,\n                    ""tau"": 1.0\n                },\n                ""speed_mode"": 1\n            },\n            ""initial_speed"": 0,\n            ""lane_change_controller"": [\n                ""SimLaneChangeController"",\n                {}\n            ],\n            ""lane_change_params"": {\n                ""controller_params"": {\n                    ""laneChangeModel"": ""LC2013"",\n                    ""lcCooperative"": ""1.0"",\n                    ""lcKeepRight"": ""1.0"",\n                    ""lcSpeedGain"": ""1.0"",\n                    ""lcStrategic"": ""1.0""\n                },\n                ""lane_change_mode"": 512\n            },\n            ""num_vehicles"": 1,\n            ""routing_controller"": [\n                ""ContinuousRouter"",\n                {}\n            ],\n            ""veh_id"": ""rl""\n        }\n    ]\n}'}, 'env': 'AccelEnv-v0', 'local_evaluator_tf_session_args': {'inter_op_parallelism_threads': 8, 'intra_op_parallelism_threads': 8}, 'model': {'free_log_std': False, 'custom_options': {}, 'framestack': True, 'channel_major': False, 'max_seq_len': 20, 'lstm_use_prev_action_reward': False, 'squash_to_range': False, 'dim': 84, 'grayscale': False, 'fcnet_hiddens': [100, 50, 25], 'use_lstm': False, 'custom_model': None, 'fcnet_activation': 'tanh', 'conv_filters': None, 'conv_activation': 'relu', 'lstm_cell_size': 256, 'zero_mean': True, 'custom_preprocessor': None}, 'output_compress_columns': ['obs', 'new_obs'], 'monitor': False, 'custom_resources_per_worker': {}, 'output_max_file_size': 67108864, 'num_workers': 1, 'clip_param': 0.3, 'kl_coeff': 0.2, 'multiagent': {'policy_graphs': {}, 'policy_mapping_fn': None, 'policies_to_train': None}, 'input_evaluation': None, 'output': None, 'collect_metrics_timeout': 180, 'num_cpus_per_worker': 1}",169.237.32.118,1,1239.73,9.915339469909668,"{'num_steps_sampled': 150400, 'load_time_ms': 1.137, 'default': {'kl': 0.01951943151652813, 'cur_lr': 0.0005000000237487257, 'total_loss': 1.82377290725708, 'policy_loss': -0.02272607386112213, 'vf_explained_var': 0.9510295987129211, 'entropy': 1.284960389137268, 'cur_kl_coeff': 0.11403486877679825, 'vf_loss': 1.8442729711532593}, 'sample_time_ms': 9557.816, 'grad_time_ms': 273.097, 'update_time_ms': 4.562, 'num_steps_trained': 150400}",334.7439424077539,2019-04-02_07-52-24,kronos,71,150400,0,936.1444170475006,{},150400,94,94,936.1444170475006,496.3960633046472,1600,1554191544,{},0b32d2eec3344b1fbde4822793b2e447,54.45169917298337
False,118,"{'input': 'sampler', 'callbacks': {'on_train_result': None, 'on_sample_end': None, 'on_episode_step': None, 'on_episode_start': None, 'on_episode_end': None}, 'sample_batch_size': 200, 'clip_actions': False, 'clip_rewards': None, 'tf_session_args': {'inter_op_parallelism_threads': 2, 'intra_op_parallelism_threads': 2, 'device_count': {'CPU': 1}, 'log_device_placement': False, 'allow_soft_placement': True, 'gpu_options': {'allow_growth': True}}, 'kl_target': 0.01, 'horizon': 1500, 'lr': 0.0005, 'sample_async': False, 'simple_optimizer': False, 'compress_observations': False, 'num_envs_per_worker': 1, 'gamma': 0.99, 'sgd_minibatch_size': 128, 'observation_filter': 'NoFilter', 'entropy_coeff': 0.0, 'batch_mode': 'truncate_episodes', 'straggler_mitigation': False, 'vf_share_layers': False, 'num_gpus': 0, 'synchronize_filters': True, 'num_sgd_iter': 10, 'train_batch_size': 1500, 'optimizer': {}, 'num_gpus_per_worker': 0, 'preprocessor_pref': 'deepmind', 'num_cpus_for_driver': 1, 'lr_schedule': None, 'use_gae': True, 'lambda': 0.97, 'vf_loss_coeff': 1.0, 'vf_clip_param': 1000000.0, 'log_level': 'INFO', 'env_config': {'run': 'PPO', 'flow_params': '{\n    ""env"": {\n        ""additional_params"": {\n            ""max_accel"": 3,\n            ""max_decel"": 3,\n            ""sort_vehicles"": false,\n            ""target_velocity"": 20\n        },\n        ""evaluate"": false,\n        ""horizon"": 1500,\n        ""sims_per_step"": 1,\n        ""warmup_steps"": 0\n    },\n    ""env_name"": ""AccelEnv"",\n    ""exp_tag"": ""figure_eight_0"",\n    ""initial"": {\n        ""additional_params"": {},\n        ""bunching"": 0,\n        ""edges_distribution"": ""all"",\n        ""lanes_distribution"": Infinity,\n        ""min_gap"": 0,\n        ""perturbation"": 0.0,\n        ""shuffle"": false,\n        ""spacing"": ""uniform"",\n        ""x0"": 0\n    },\n    ""net"": {\n        ""additional_params"": {\n            ""lanes"": 1,\n            ""radius_ring"": 30,\n            ""resolution"": 40,\n            ""speed_limit"": 30\n        },\n        ""inflows"": {\n            ""_InFlows__flows"": [],\n            ""num_flows"": 0\n        },\n        ""netfile"": null,\n        ""no_internal_links"": false,\n        ""osm_path"": null\n    },\n    ""scenario"": ""Figure8Scenario"",\n    ""sim"": {\n        ""emission_path"": null,\n        ""lateral_resolution"": null,\n        ""no_step_log"": true,\n        ""num_clients"": 1,\n        ""overtake_right"": false,\n        ""port"": null,\n        ""print_warnings"": true,\n        ""pxpm"": 2,\n        ""render"": false,\n        ""restart_instance"": false,\n        ""save_render"": false,\n        ""seed"": null,\n        ""show_radius"": false,\n        ""sight_radius"": 25,\n        ""sim_step"": 0.1,\n        ""teleport_time"": -1\n    },\n    ""simulator"": ""traci"",\n    ""veh"": [\n        {\n            ""acceleration_controller"": [\n                ""IDMController"",\n                {\n                    ""noise"": 0.2\n                }\n            ],\n            ""car_following_params"": {\n                ""controller_params"": {\n                    ""accel"": 1.0,\n                    ""carFollowModel"": ""IDM"",\n                    ""decel"": 1.5,\n                    ""impatience"": 0.5,\n                    ""maxSpeed"": 30,\n                    ""minGap"": 2.5,\n                    ""sigma"": 0.5,\n                    ""speedDev"": 0.1,\n                    ""speedFactor"": 1.0,\n                    ""tau"": 1.0\n                },\n                ""speed_mode"": 1\n            },\n            ""initial_speed"": 0,\n            ""lane_change_controller"": [\n                ""SimLaneChangeController"",\n                {}\n            ],\n            ""lane_change_params"": {\n                ""controller_params"": {\n                    ""laneChangeModel"": ""LC2013"",\n                    ""lcCooperative"": ""1.0"",\n                    ""lcKeepRight"": ""1.0"",\n                    ""lcSpeedGain"": ""1.0"",\n                    ""lcStrategic"": ""1.0""\n                },\n                ""lane_change_mode"": 512\n            },\n            ""num_vehicles"": 13,\n            ""routing_controller"": [\n                ""ContinuousRouter"",\n                {}\n            ],\n            ""veh_id"": ""human""\n        },\n        {\n            ""acceleration_controller"": [\n                ""RLController"",\n                {}\n            ],\n            ""car_following_params"": {\n                ""controller_params"": {\n                    ""accel"": 1.0,\n                    ""carFollowModel"": ""IDM"",\n                    ""decel"": 1.5,\n                    ""impatience"": 0.5,\n                    ""maxSpeed"": 30,\n                    ""minGap"": 2.5,\n                    ""sigma"": 0.5,\n                    ""speedDev"": 0.1,\n                    ""speedFactor"": 1.0,\n                    ""tau"": 1.0\n                },\n                ""speed_mode"": 1\n            },\n            ""initial_speed"": 0,\n            ""lane_change_controller"": [\n                ""SimLaneChangeController"",\n                {}\n            ],\n            ""lane_change_params"": {\n                ""controller_params"": {\n                    ""laneChangeModel"": ""LC2013"",\n                    ""lcCooperative"": ""1.0"",\n                    ""lcKeepRight"": ""1.0"",\n                    ""lcSpeedGain"": ""1.0"",\n                    ""lcStrategic"": ""1.0""\n                },\n                ""lane_change_mode"": 512\n            },\n            ""num_vehicles"": 1,\n            ""routing_controller"": [\n                ""ContinuousRouter"",\n                {}\n            ],\n            ""veh_id"": ""rl""\n        }\n    ]\n}'}, 'env': 'AccelEnv-v0', 'local_evaluator_tf_session_args': {'inter_op_parallelism_threads': 8, 'intra_op_parallelism_threads': 8}, 'model': {'free_log_std': False, 'custom_options': {}, 'framestack': True, 'channel_major': False, 'max_seq_len': 20, 'lstm_use_prev_action_reward': False, 'squash_to_range': False, 'dim': 84, 'grayscale': False, 'fcnet_hiddens': [100, 50, 25], 'use_lstm': False, 'custom_model': None, 'fcnet_activation': 'tanh', 'conv_filters': None, 'conv_activation': 'relu', 'lstm_cell_size': 256, 'zero_mean': True, 'custom_preprocessor': None}, 'output_compress_columns': ['obs', 'new_obs'], 'monitor': False, 'custom_resources_per_worker': {}, 'output_max_file_size': 67108864, 'num_workers': 1, 'clip_param': 0.3, 'kl_coeff': 0.2, 'multiagent': {'policy_graphs': {}, 'policy_mapping_fn': None, 'policies_to_train': None}, 'input_evaluation': None, 'output': None, 'collect_metrics_timeout': 180, 'num_cpus_per_worker': 1}",169.237.32.118,1,1238.51,9.71495008468628,"{'num_steps_sampled': 152000, 'load_time_ms': 1.139, 'default': {'kl': 0.022420501336455345, 'cur_lr': 0.0005000000237487257, 'total_loss': 0.4267767667770386, 'policy_loss': -0.023144075646996498, 'vf_explained_var': 0.9893400073051453, 'entropy': 1.2263058423995972, 'cur_kl_coeff': 0.11403486877679825, 'vf_loss': 0.44736409187316895}, 'sample_time_ms': 9543.53, 'grad_time_ms': 272.154, 'update_time_ms': 4.524, 'num_steps_trained': 152000}",334.1285628680628,2019-04-02_07-52-34,kronos,71,152000,0,945.8593671321869,{},152000,95,95,945.8593671321869,496.3960633046472,1600,1554191554,{},0b32d2eec3344b1fbde4822793b2e447,54.45169917298337
False,120,"{'input': 'sampler', 'callbacks': {'on_train_result': None, 'on_sample_end': None, 'on_episode_step': None, 'on_episode_start': None, 'on_episode_end': None}, 'sample_batch_size': 200, 'clip_actions': False, 'clip_rewards': None, 'tf_session_args': {'inter_op_parallelism_threads': 2, 'intra_op_parallelism_threads': 2, 'device_count': {'CPU': 1}, 'log_device_placement': False, 'allow_soft_placement': True, 'gpu_options': {'allow_growth': True}}, 'kl_target': 0.01, 'horizon': 1500, 'lr': 0.0005, 'sample_async': False, 'simple_optimizer': False, 'compress_observations': False, 'num_envs_per_worker': 1, 'gamma': 0.99, 'sgd_minibatch_size': 128, 'observation_filter': 'NoFilter', 'entropy_coeff': 0.0, 'batch_mode': 'truncate_episodes', 'straggler_mitigation': False, 'vf_share_layers': False, 'num_gpus': 0, 'synchronize_filters': True, 'num_sgd_iter': 10, 'train_batch_size': 1500, 'optimizer': {}, 'num_gpus_per_worker': 0, 'preprocessor_pref': 'deepmind', 'num_cpus_for_driver': 1, 'lr_schedule': None, 'use_gae': True, 'lambda': 0.97, 'vf_loss_coeff': 1.0, 'vf_clip_param': 1000000.0, 'log_level': 'INFO', 'env_config': {'run': 'PPO', 'flow_params': '{\n    ""env"": {\n        ""additional_params"": {\n            ""max_accel"": 3,\n            ""max_decel"": 3,\n            ""sort_vehicles"": false,\n            ""target_velocity"": 20\n        },\n        ""evaluate"": false,\n        ""horizon"": 1500,\n        ""sims_per_step"": 1,\n        ""warmup_steps"": 0\n    },\n    ""env_name"": ""AccelEnv"",\n    ""exp_tag"": ""figure_eight_0"",\n    ""initial"": {\n        ""additional_params"": {},\n        ""bunching"": 0,\n        ""edges_distribution"": ""all"",\n        ""lanes_distribution"": Infinity,\n        ""min_gap"": 0,\n        ""perturbation"": 0.0,\n        ""shuffle"": false,\n        ""spacing"": ""uniform"",\n        ""x0"": 0\n    },\n    ""net"": {\n        ""additional_params"": {\n            ""lanes"": 1,\n            ""radius_ring"": 30,\n            ""resolution"": 40,\n            ""speed_limit"": 30\n        },\n        ""inflows"": {\n            ""_InFlows__flows"": [],\n            ""num_flows"": 0\n        },\n        ""netfile"": null,\n        ""no_internal_links"": false,\n        ""osm_path"": null\n    },\n    ""scenario"": ""Figure8Scenario"",\n    ""sim"": {\n        ""emission_path"": null,\n        ""lateral_resolution"": null,\n        ""no_step_log"": true,\n        ""num_clients"": 1,\n        ""overtake_right"": false,\n        ""port"": null,\n        ""print_warnings"": true,\n        ""pxpm"": 2,\n        ""render"": false,\n        ""restart_instance"": false,\n        ""save_render"": false,\n        ""seed"": null,\n        ""show_radius"": false,\n        ""sight_radius"": 25,\n        ""sim_step"": 0.1,\n        ""teleport_time"": -1\n    },\n    ""simulator"": ""traci"",\n    ""veh"": [\n        {\n            ""acceleration_controller"": [\n                ""IDMController"",\n                {\n                    ""noise"": 0.2\n                }\n            ],\n            ""car_following_params"": {\n                ""controller_params"": {\n                    ""accel"": 1.0,\n                    ""carFollowModel"": ""IDM"",\n                    ""decel"": 1.5,\n                    ""impatience"": 0.5,\n                    ""maxSpeed"": 30,\n                    ""minGap"": 2.5,\n                    ""sigma"": 0.5,\n                    ""speedDev"": 0.1,\n                    ""speedFactor"": 1.0,\n                    ""tau"": 1.0\n                },\n                ""speed_mode"": 1\n            },\n            ""initial_speed"": 0,\n            ""lane_change_controller"": [\n                ""SimLaneChangeController"",\n                {}\n            ],\n            ""lane_change_params"": {\n                ""controller_params"": {\n                    ""laneChangeModel"": ""LC2013"",\n                    ""lcCooperative"": ""1.0"",\n                    ""lcKeepRight"": ""1.0"",\n                    ""lcSpeedGain"": ""1.0"",\n                    ""lcStrategic"": ""1.0""\n                },\n                ""lane_change_mode"": 512\n            },\n            ""num_vehicles"": 13,\n            ""routing_controller"": [\n                ""ContinuousRouter"",\n                {}\n            ],\n            ""veh_id"": ""human""\n        },\n        {\n            ""acceleration_controller"": [\n                ""RLController"",\n                {}\n            ],\n            ""car_following_params"": {\n                ""controller_params"": {\n                    ""accel"": 1.0,\n                    ""carFollowModel"": ""IDM"",\n                    ""decel"": 1.5,\n                    ""impatience"": 0.5,\n                    ""maxSpeed"": 30,\n                    ""minGap"": 2.5,\n                    ""sigma"": 0.5,\n                    ""speedDev"": 0.1,\n                    ""speedFactor"": 1.0,\n                    ""tau"": 1.0\n                },\n                ""speed_mode"": 1\n            },\n            ""initial_speed"": 0,\n            ""lane_change_controller"": [\n                ""SimLaneChangeController"",\n                {}\n            ],\n            ""lane_change_params"": {\n                ""controller_params"": {\n                    ""laneChangeModel"": ""LC2013"",\n                    ""lcCooperative"": ""1.0"",\n                    ""lcKeepRight"": ""1.0"",\n                    ""lcSpeedGain"": ""1.0"",\n                    ""lcStrategic"": ""1.0""\n                },\n                ""lane_change_mode"": 512\n            },\n            ""num_vehicles"": 1,\n            ""routing_controller"": [\n                ""ContinuousRouter"",\n                {}\n            ],\n            ""veh_id"": ""rl""\n        }\n    ]\n}'}, 'env': 'AccelEnv-v0', 'local_evaluator_tf_session_args': {'inter_op_parallelism_threads': 8, 'intra_op_parallelism_threads': 8}, 'model': {'free_log_std': False, 'custom_options': {}, 'framestack': True, 'channel_major': False, 'max_seq_len': 20, 'lstm_use_prev_action_reward': False, 'squash_to_range': False, 'dim': 84, 'grayscale': False, 'fcnet_hiddens': [100, 50, 25], 'use_lstm': False, 'custom_model': None, 'fcnet_activation': 'tanh', 'conv_filters': None, 'conv_activation': 'relu', 'lstm_cell_size': 256, 'zero_mean': True, 'custom_preprocessor': None}, 'output_compress_columns': ['obs', 'new_obs'], 'monitor': False, 'custom_resources_per_worker': {}, 'output_max_file_size': 67108864, 'num_workers': 1, 'clip_param': 0.3, 'kl_coeff': 0.2, 'multiagent': {'policy_graphs': {}, 'policy_mapping_fn': None, 'policies_to_train': None}, 'input_evaluation': None, 'output': None, 'collect_metrics_timeout': 180, 'num_cpus_per_worker': 1}",169.237.32.118,2,1230.21,9.84351921081543,"{'num_steps_sampled': 153600, 'load_time_ms': 1.111, 'default': {'kl': 0.017501726746559143, 'cur_lr': 0.0005000000237487257, 'total_loss': 1.5362321138381958, 'policy_loss': -0.010914226062595844, 'vf_explained_var': 0.9838311672210693, 'entropy': 1.2828731536865234, 'cur_kl_coeff': 0.17105232179164886, 'vf_loss': 1.544152855873108}, 'sample_time_ms': 9551.748, 'grad_time_ms': 272.081, 'update_time_ms': 4.504, 'num_steps_trained': 153600}",332.12422466198615,2019-04-02_07-52-44,kronos,71,153600,0,955.7028863430023,{},153600,96,96,955.7028863430023,496.3960633046472,1600,1554191564,{},0b32d2eec3344b1fbde4822793b2e447,54.45169917298337
False,121,"{'input': 'sampler', 'callbacks': {'on_train_result': None, 'on_sample_end': None, 'on_episode_step': None, 'on_episode_start': None, 'on_episode_end': None}, 'sample_batch_size': 200, 'clip_actions': False, 'clip_rewards': None, 'tf_session_args': {'inter_op_parallelism_threads': 2, 'intra_op_parallelism_threads': 2, 'device_count': {'CPU': 1}, 'log_device_placement': False, 'allow_soft_placement': True, 'gpu_options': {'allow_growth': True}}, 'kl_target': 0.01, 'horizon': 1500, 'lr': 0.0005, 'sample_async': False, 'simple_optimizer': False, 'compress_observations': False, 'num_envs_per_worker': 1, 'gamma': 0.99, 'sgd_minibatch_size': 128, 'observation_filter': 'NoFilter', 'entropy_coeff': 0.0, 'batch_mode': 'truncate_episodes', 'straggler_mitigation': False, 'vf_share_layers': False, 'num_gpus': 0, 'synchronize_filters': True, 'num_sgd_iter': 10, 'train_batch_size': 1500, 'optimizer': {}, 'num_gpus_per_worker': 0, 'preprocessor_pref': 'deepmind', 'num_cpus_for_driver': 1, 'lr_schedule': None, 'use_gae': True, 'lambda': 0.97, 'vf_loss_coeff': 1.0, 'vf_clip_param': 1000000.0, 'log_level': 'INFO', 'env_config': {'run': 'PPO', 'flow_params': '{\n    ""env"": {\n        ""additional_params"": {\n            ""max_accel"": 3,\n            ""max_decel"": 3,\n            ""sort_vehicles"": false,\n            ""target_velocity"": 20\n        },\n        ""evaluate"": false,\n        ""horizon"": 1500,\n        ""sims_per_step"": 1,\n        ""warmup_steps"": 0\n    },\n    ""env_name"": ""AccelEnv"",\n    ""exp_tag"": ""figure_eight_0"",\n    ""initial"": {\n        ""additional_params"": {},\n        ""bunching"": 0,\n        ""edges_distribution"": ""all"",\n        ""lanes_distribution"": Infinity,\n        ""min_gap"": 0,\n        ""perturbation"": 0.0,\n        ""shuffle"": false,\n        ""spacing"": ""uniform"",\n        ""x0"": 0\n    },\n    ""net"": {\n        ""additional_params"": {\n            ""lanes"": 1,\n            ""radius_ring"": 30,\n            ""resolution"": 40,\n            ""speed_limit"": 30\n        },\n        ""inflows"": {\n            ""_InFlows__flows"": [],\n            ""num_flows"": 0\n        },\n        ""netfile"": null,\n        ""no_internal_links"": false,\n        ""osm_path"": null\n    },\n    ""scenario"": ""Figure8Scenario"",\n    ""sim"": {\n        ""emission_path"": null,\n        ""lateral_resolution"": null,\n        ""no_step_log"": true,\n        ""num_clients"": 1,\n        ""overtake_right"": false,\n        ""port"": null,\n        ""print_warnings"": true,\n        ""pxpm"": 2,\n        ""render"": false,\n        ""restart_instance"": false,\n        ""save_render"": false,\n        ""seed"": null,\n        ""show_radius"": false,\n        ""sight_radius"": 25,\n        ""sim_step"": 0.1,\n        ""teleport_time"": -1\n    },\n    ""simulator"": ""traci"",\n    ""veh"": [\n        {\n            ""acceleration_controller"": [\n                ""IDMController"",\n                {\n                    ""noise"": 0.2\n                }\n            ],\n            ""car_following_params"": {\n                ""controller_params"": {\n                    ""accel"": 1.0,\n                    ""carFollowModel"": ""IDM"",\n                    ""decel"": 1.5,\n                    ""impatience"": 0.5,\n                    ""maxSpeed"": 30,\n                    ""minGap"": 2.5,\n                    ""sigma"": 0.5,\n                    ""speedDev"": 0.1,\n                    ""speedFactor"": 1.0,\n                    ""tau"": 1.0\n                },\n                ""speed_mode"": 1\n            },\n            ""initial_speed"": 0,\n            ""lane_change_controller"": [\n                ""SimLaneChangeController"",\n                {}\n            ],\n            ""lane_change_params"": {\n                ""controller_params"": {\n                    ""laneChangeModel"": ""LC2013"",\n                    ""lcCooperative"": ""1.0"",\n                    ""lcKeepRight"": ""1.0"",\n                    ""lcSpeedGain"": ""1.0"",\n                    ""lcStrategic"": ""1.0""\n                },\n                ""lane_change_mode"": 512\n            },\n            ""num_vehicles"": 13,\n            ""routing_controller"": [\n                ""ContinuousRouter"",\n                {}\n            ],\n            ""veh_id"": ""human""\n        },\n        {\n            ""acceleration_controller"": [\n                ""RLController"",\n                {}\n            ],\n            ""car_following_params"": {\n                ""controller_params"": {\n                    ""accel"": 1.0,\n                    ""carFollowModel"": ""IDM"",\n                    ""decel"": 1.5,\n                    ""impatience"": 0.5,\n                    ""maxSpeed"": 30,\n                    ""minGap"": 2.5,\n                    ""sigma"": 0.5,\n                    ""speedDev"": 0.1,\n                    ""speedFactor"": 1.0,\n                    ""tau"": 1.0\n                },\n                ""speed_mode"": 1\n            },\n            ""initial_speed"": 0,\n            ""lane_change_controller"": [\n                ""SimLaneChangeController"",\n                {}\n            ],\n            ""lane_change_params"": {\n                ""controller_params"": {\n                    ""laneChangeModel"": ""LC2013"",\n                    ""lcCooperative"": ""1.0"",\n                    ""lcKeepRight"": ""1.0"",\n                    ""lcSpeedGain"": ""1.0"",\n                    ""lcStrategic"": ""1.0""\n                },\n                ""lane_change_mode"": 512\n            },\n            ""num_vehicles"": 1,\n            ""routing_controller"": [\n                ""ContinuousRouter"",\n                {}\n            ],\n            ""veh_id"": ""rl""\n        }\n    ]\n}'}, 'env': 'AccelEnv-v0', 'local_evaluator_tf_session_args': {'inter_op_parallelism_threads': 8, 'intra_op_parallelism_threads': 8}, 'model': {'free_log_std': False, 'custom_options': {}, 'framestack': True, 'channel_major': False, 'max_seq_len': 20, 'lstm_use_prev_action_reward': False, 'squash_to_range': False, 'dim': 84, 'grayscale': False, 'fcnet_hiddens': [100, 50, 25], 'use_lstm': False, 'custom_model': None, 'fcnet_activation': 'tanh', 'conv_filters': None, 'conv_activation': 'relu', 'lstm_cell_size': 256, 'zero_mean': True, 'custom_preprocessor': None}, 'output_compress_columns': ['obs', 'new_obs'], 'monitor': False, 'custom_resources_per_worker': {}, 'output_max_file_size': 67108864, 'num_workers': 1, 'clip_param': 0.3, 'kl_coeff': 0.2, 'multiagent': {'policy_graphs': {}, 'policy_mapping_fn': None, 'policies_to_train': None}, 'input_evaluation': None, 'output': None, 'collect_metrics_timeout': 180, 'num_cpus_per_worker': 1}",169.237.32.118,1,1230.21,9.997149229049683,"{'num_steps_sampled': 155200, 'load_time_ms': 1.128, 'default': {'kl': 0.030684202909469604, 'cur_lr': 0.0005000000237487257, 'total_loss': 2.0479729175567627, 'policy_loss': -0.03287849947810173, 'vf_explained_var': 0.9607112407684326, 'entropy': 1.2605319023132324, 'cur_kl_coeff': 0.17105232179164886, 'vf_loss': 2.0756022930145264}, 'sample_time_ms': 9553.357, 'grad_time_ms': 271.942, 'update_time_ms': 4.452, 'num_steps_trained': 155200}",332.3486184481885,2019-04-02_07-52-54,kronos,71,155200,0,965.700035572052,{},155200,97,97,965.700035572052,496.3960633046472,1600,1554191574,{},0b32d2eec3344b1fbde4822793b2e447,54.45169917298337
False,122,"{'input': 'sampler', 'callbacks': {'on_train_result': None, 'on_sample_end': None, 'on_episode_step': None, 'on_episode_start': None, 'on_episode_end': None}, 'sample_batch_size': 200, 'clip_actions': False, 'clip_rewards': None, 'tf_session_args': {'inter_op_parallelism_threads': 2, 'intra_op_parallelism_threads': 2, 'device_count': {'CPU': 1}, 'log_device_placement': False, 'allow_soft_placement': True, 'gpu_options': {'allow_growth': True}}, 'kl_target': 0.01, 'horizon': 1500, 'lr': 0.0005, 'sample_async': False, 'simple_optimizer': False, 'compress_observations': False, 'num_envs_per_worker': 1, 'gamma': 0.99, 'sgd_minibatch_size': 128, 'observation_filter': 'NoFilter', 'entropy_coeff': 0.0, 'batch_mode': 'truncate_episodes', 'straggler_mitigation': False, 'vf_share_layers': False, 'num_gpus': 0, 'synchronize_filters': True, 'num_sgd_iter': 10, 'train_batch_size': 1500, 'optimizer': {}, 'num_gpus_per_worker': 0, 'preprocessor_pref': 'deepmind', 'num_cpus_for_driver': 1, 'lr_schedule': None, 'use_gae': True, 'lambda': 0.97, 'vf_loss_coeff': 1.0, 'vf_clip_param': 1000000.0, 'log_level': 'INFO', 'env_config': {'run': 'PPO', 'flow_params': '{\n    ""env"": {\n        ""additional_params"": {\n            ""max_accel"": 3,\n            ""max_decel"": 3,\n            ""sort_vehicles"": false,\n            ""target_velocity"": 20\n        },\n        ""evaluate"": false,\n        ""horizon"": 1500,\n        ""sims_per_step"": 1,\n        ""warmup_steps"": 0\n    },\n    ""env_name"": ""AccelEnv"",\n    ""exp_tag"": ""figure_eight_0"",\n    ""initial"": {\n        ""additional_params"": {},\n        ""bunching"": 0,\n        ""edges_distribution"": ""all"",\n        ""lanes_distribution"": Infinity,\n        ""min_gap"": 0,\n        ""perturbation"": 0.0,\n        ""shuffle"": false,\n        ""spacing"": ""uniform"",\n        ""x0"": 0\n    },\n    ""net"": {\n        ""additional_params"": {\n            ""lanes"": 1,\n            ""radius_ring"": 30,\n            ""resolution"": 40,\n            ""speed_limit"": 30\n        },\n        ""inflows"": {\n            ""_InFlows__flows"": [],\n            ""num_flows"": 0\n        },\n        ""netfile"": null,\n        ""no_internal_links"": false,\n        ""osm_path"": null\n    },\n    ""scenario"": ""Figure8Scenario"",\n    ""sim"": {\n        ""emission_path"": null,\n        ""lateral_resolution"": null,\n        ""no_step_log"": true,\n        ""num_clients"": 1,\n        ""overtake_right"": false,\n        ""port"": null,\n        ""print_warnings"": true,\n        ""pxpm"": 2,\n        ""render"": false,\n        ""restart_instance"": false,\n        ""save_render"": false,\n        ""seed"": null,\n        ""show_radius"": false,\n        ""sight_radius"": 25,\n        ""sim_step"": 0.1,\n        ""teleport_time"": -1\n    },\n    ""simulator"": ""traci"",\n    ""veh"": [\n        {\n            ""acceleration_controller"": [\n                ""IDMController"",\n                {\n                    ""noise"": 0.2\n                }\n            ],\n            ""car_following_params"": {\n                ""controller_params"": {\n                    ""accel"": 1.0,\n                    ""carFollowModel"": ""IDM"",\n                    ""decel"": 1.5,\n                    ""impatience"": 0.5,\n                    ""maxSpeed"": 30,\n                    ""minGap"": 2.5,\n                    ""sigma"": 0.5,\n                    ""speedDev"": 0.1,\n                    ""speedFactor"": 1.0,\n                    ""tau"": 1.0\n                },\n                ""speed_mode"": 1\n            },\n            ""initial_speed"": 0,\n            ""lane_change_controller"": [\n                ""SimLaneChangeController"",\n                {}\n            ],\n            ""lane_change_params"": {\n                ""controller_params"": {\n                    ""laneChangeModel"": ""LC2013"",\n                    ""lcCooperative"": ""1.0"",\n                    ""lcKeepRight"": ""1.0"",\n                    ""lcSpeedGain"": ""1.0"",\n                    ""lcStrategic"": ""1.0""\n                },\n                ""lane_change_mode"": 512\n            },\n            ""num_vehicles"": 13,\n            ""routing_controller"": [\n                ""ContinuousRouter"",\n                {}\n            ],\n            ""veh_id"": ""human""\n        },\n        {\n            ""acceleration_controller"": [\n                ""RLController"",\n                {}\n            ],\n            ""car_following_params"": {\n                ""controller_params"": {\n                    ""accel"": 1.0,\n                    ""carFollowModel"": ""IDM"",\n                    ""decel"": 1.5,\n                    ""impatience"": 0.5,\n                    ""maxSpeed"": 30,\n                    ""minGap"": 2.5,\n                    ""sigma"": 0.5,\n                    ""speedDev"": 0.1,\n                    ""speedFactor"": 1.0,\n                    ""tau"": 1.0\n                },\n                ""speed_mode"": 1\n            },\n            ""initial_speed"": 0,\n            ""lane_change_controller"": [\n                ""SimLaneChangeController"",\n                {}\n            ],\n            ""lane_change_params"": {\n                ""controller_params"": {\n                    ""laneChangeModel"": ""LC2013"",\n                    ""lcCooperative"": ""1.0"",\n                    ""lcKeepRight"": ""1.0"",\n                    ""lcSpeedGain"": ""1.0"",\n                    ""lcStrategic"": ""1.0""\n                },\n                ""lane_change_mode"": 512\n            },\n            ""num_vehicles"": 1,\n            ""routing_controller"": [\n                ""ContinuousRouter"",\n                {}\n            ],\n            ""veh_id"": ""rl""\n        }\n    ]\n}'}, 'env': 'AccelEnv-v0', 'local_evaluator_tf_session_args': {'inter_op_parallelism_threads': 8, 'intra_op_parallelism_threads': 8}, 'model': {'free_log_std': False, 'custom_options': {}, 'framestack': True, 'channel_major': False, 'max_seq_len': 20, 'lstm_use_prev_action_reward': False, 'squash_to_range': False, 'dim': 84, 'grayscale': False, 'fcnet_hiddens': [100, 50, 25], 'use_lstm': False, 'custom_model': None, 'fcnet_activation': 'tanh', 'conv_filters': None, 'conv_activation': 'relu', 'lstm_cell_size': 256, 'zero_mean': True, 'custom_preprocessor': None}, 'output_compress_columns': ['obs', 'new_obs'], 'monitor': False, 'custom_resources_per_worker': {}, 'output_max_file_size': 67108864, 'num_workers': 1, 'clip_param': 0.3, 'kl_coeff': 0.2, 'multiagent': {'policy_graphs': {}, 'policy_mapping_fn': None, 'policies_to_train': None}, 'input_evaluation': None, 'output': None, 'collect_metrics_timeout': 180, 'num_cpus_per_worker': 1}",169.237.32.118,1,1232.08,9.8794686794281,"{'num_steps_sampled': 156800, 'load_time_ms': 1.12, 'default': {'kl': 0.014987897127866745, 'cur_lr': 0.0005000000237487257, 'total_loss': 0.4596080482006073, 'policy_loss': -0.024653734639286995, 'vf_explained_var': 0.9963087439537048, 'entropy': 1.3428744077682495, 'cur_kl_coeff': 0.2565784454345703, 'vf_loss': 0.4804161489009857}, 'sample_time_ms': 9546.96, 'grad_time_ms': 272.707, 'update_time_ms': 4.498, 'num_steps_trained': 156800}",332.40440752040564,2019-04-02_07-53-04,kronos,71,156800,0,975.5795042514801,{},156800,98,98,975.5795042514801,496.3960633046472,1600,1554191584,{},0b32d2eec3344b1fbde4822793b2e447,54.45169917298337
False,124,"{'input': 'sampler', 'callbacks': {'on_train_result': None, 'on_sample_end': None, 'on_episode_step': None, 'on_episode_start': None, 'on_episode_end': None}, 'sample_batch_size': 200, 'clip_actions': False, 'clip_rewards': None, 'tf_session_args': {'inter_op_parallelism_threads': 2, 'intra_op_parallelism_threads': 2, 'device_count': {'CPU': 1}, 'log_device_placement': False, 'allow_soft_placement': True, 'gpu_options': {'allow_growth': True}}, 'kl_target': 0.01, 'horizon': 1500, 'lr': 0.0005, 'sample_async': False, 'simple_optimizer': False, 'compress_observations': False, 'num_envs_per_worker': 1, 'gamma': 0.99, 'sgd_minibatch_size': 128, 'observation_filter': 'NoFilter', 'entropy_coeff': 0.0, 'batch_mode': 'truncate_episodes', 'straggler_mitigation': False, 'vf_share_layers': False, 'num_gpus': 0, 'synchronize_filters': True, 'num_sgd_iter': 10, 'train_batch_size': 1500, 'optimizer': {}, 'num_gpus_per_worker': 0, 'preprocessor_pref': 'deepmind', 'num_cpus_for_driver': 1, 'lr_schedule': None, 'use_gae': True, 'lambda': 0.97, 'vf_loss_coeff': 1.0, 'vf_clip_param': 1000000.0, 'log_level': 'INFO', 'env_config': {'run': 'PPO', 'flow_params': '{\n    ""env"": {\n        ""additional_params"": {\n            ""max_accel"": 3,\n            ""max_decel"": 3,\n            ""sort_vehicles"": false,\n            ""target_velocity"": 20\n        },\n        ""evaluate"": false,\n        ""horizon"": 1500,\n        ""sims_per_step"": 1,\n        ""warmup_steps"": 0\n    },\n    ""env_name"": ""AccelEnv"",\n    ""exp_tag"": ""figure_eight_0"",\n    ""initial"": {\n        ""additional_params"": {},\n        ""bunching"": 0,\n        ""edges_distribution"": ""all"",\n        ""lanes_distribution"": Infinity,\n        ""min_gap"": 0,\n        ""perturbation"": 0.0,\n        ""shuffle"": false,\n        ""spacing"": ""uniform"",\n        ""x0"": 0\n    },\n    ""net"": {\n        ""additional_params"": {\n            ""lanes"": 1,\n            ""radius_ring"": 30,\n            ""resolution"": 40,\n            ""speed_limit"": 30\n        },\n        ""inflows"": {\n            ""_InFlows__flows"": [],\n            ""num_flows"": 0\n        },\n        ""netfile"": null,\n        ""no_internal_links"": false,\n        ""osm_path"": null\n    },\n    ""scenario"": ""Figure8Scenario"",\n    ""sim"": {\n        ""emission_path"": null,\n        ""lateral_resolution"": null,\n        ""no_step_log"": true,\n        ""num_clients"": 1,\n        ""overtake_right"": false,\n        ""port"": null,\n        ""print_warnings"": true,\n        ""pxpm"": 2,\n        ""render"": false,\n        ""restart_instance"": false,\n        ""save_render"": false,\n        ""seed"": null,\n        ""show_radius"": false,\n        ""sight_radius"": 25,\n        ""sim_step"": 0.1,\n        ""teleport_time"": -1\n    },\n    ""simulator"": ""traci"",\n    ""veh"": [\n        {\n            ""acceleration_controller"": [\n                ""IDMController"",\n                {\n                    ""noise"": 0.2\n                }\n            ],\n            ""car_following_params"": {\n                ""controller_params"": {\n                    ""accel"": 1.0,\n                    ""carFollowModel"": ""IDM"",\n                    ""decel"": 1.5,\n                    ""impatience"": 0.5,\n                    ""maxSpeed"": 30,\n                    ""minGap"": 2.5,\n                    ""sigma"": 0.5,\n                    ""speedDev"": 0.1,\n                    ""speedFactor"": 1.0,\n                    ""tau"": 1.0\n                },\n                ""speed_mode"": 1\n            },\n            ""initial_speed"": 0,\n            ""lane_change_controller"": [\n                ""SimLaneChangeController"",\n                {}\n            ],\n            ""lane_change_params"": {\n                ""controller_params"": {\n                    ""laneChangeModel"": ""LC2013"",\n                    ""lcCooperative"": ""1.0"",\n                    ""lcKeepRight"": ""1.0"",\n                    ""lcSpeedGain"": ""1.0"",\n                    ""lcStrategic"": ""1.0""\n                },\n                ""lane_change_mode"": 512\n            },\n            ""num_vehicles"": 13,\n            ""routing_controller"": [\n                ""ContinuousRouter"",\n                {}\n            ],\n            ""veh_id"": ""human""\n        },\n        {\n            ""acceleration_controller"": [\n                ""RLController"",\n                {}\n            ],\n            ""car_following_params"": {\n                ""controller_params"": {\n                    ""accel"": 1.0,\n                    ""carFollowModel"": ""IDM"",\n                    ""decel"": 1.5,\n                    ""impatience"": 0.5,\n                    ""maxSpeed"": 30,\n                    ""minGap"": 2.5,\n                    ""sigma"": 0.5,\n                    ""speedDev"": 0.1,\n                    ""speedFactor"": 1.0,\n                    ""tau"": 1.0\n                },\n                ""speed_mode"": 1\n            },\n            ""initial_speed"": 0,\n            ""lane_change_controller"": [\n                ""SimLaneChangeController"",\n                {}\n            ],\n            ""lane_change_params"": {\n                ""controller_params"": {\n                    ""laneChangeModel"": ""LC2013"",\n                    ""lcCooperative"": ""1.0"",\n                    ""lcKeepRight"": ""1.0"",\n                    ""lcSpeedGain"": ""1.0"",\n                    ""lcStrategic"": ""1.0""\n                },\n                ""lane_change_mode"": 512\n            },\n            ""num_vehicles"": 1,\n            ""routing_controller"": [\n                ""ContinuousRouter"",\n                {}\n            ],\n            ""veh_id"": ""rl""\n        }\n    ]\n}'}, 'env': 'AccelEnv-v0', 'local_evaluator_tf_session_args': {'inter_op_parallelism_threads': 8, 'intra_op_parallelism_threads': 8}, 'model': {'free_log_std': False, 'custom_options': {}, 'framestack': True, 'channel_major': False, 'max_seq_len': 20, 'lstm_use_prev_action_reward': False, 'squash_to_range': False, 'dim': 84, 'grayscale': False, 'fcnet_hiddens': [100, 50, 25], 'use_lstm': False, 'custom_model': None, 'fcnet_activation': 'tanh', 'conv_filters': None, 'conv_activation': 'relu', 'lstm_cell_size': 256, 'zero_mean': True, 'custom_preprocessor': None}, 'output_compress_columns': ['obs', 'new_obs'], 'monitor': False, 'custom_resources_per_worker': {}, 'output_max_file_size': 67108864, 'num_workers': 1, 'clip_param': 0.3, 'kl_coeff': 0.2, 'multiagent': {'policy_graphs': {}, 'policy_mapping_fn': None, 'policies_to_train': None}, 'input_evaluation': None, 'output': None, 'collect_metrics_timeout': 180, 'num_cpus_per_worker': 1}",169.237.32.118,2,1240.3,10.031609535217285,"{'num_steps_sampled': 158400, 'load_time_ms': 1.206, 'default': {'kl': 0.023190444335341454, 'cur_lr': 0.0005000000237487257, 'total_loss': 0.6202122569084167, 'policy_loss': -0.016530262306332588, 'vf_explained_var': 0.9887810349464417, 'entropy': 1.2963002920150757, 'cur_kl_coeff': 0.2565784454345703, 'vf_loss': 0.6307923793792725}, 'sample_time_ms': 9554.185, 'grad_time_ms': 273.77, 'update_time_ms': 4.475, 'num_steps_trained': 158400}",335.69490066388556,2019-04-02_07-53-14,kronos,71,158400,0,985.6111137866974,{},158400,99,99,985.6111137866974,496.3960633046472,1600,1554191594,{},0b32d2eec3344b1fbde4822793b2e447,54.45169917298337
False,125,"{'input': 'sampler', 'callbacks': {'on_train_result': None, 'on_sample_end': None, 'on_episode_step': None, 'on_episode_start': None, 'on_episode_end': None}, 'sample_batch_size': 200, 'clip_actions': False, 'clip_rewards': None, 'tf_session_args': {'inter_op_parallelism_threads': 2, 'intra_op_parallelism_threads': 2, 'device_count': {'CPU': 1}, 'log_device_placement': False, 'allow_soft_placement': True, 'gpu_options': {'allow_growth': True}}, 'kl_target': 0.01, 'horizon': 1500, 'lr': 0.0005, 'sample_async': False, 'simple_optimizer': False, 'compress_observations': False, 'num_envs_per_worker': 1, 'gamma': 0.99, 'sgd_minibatch_size': 128, 'observation_filter': 'NoFilter', 'entropy_coeff': 0.0, 'batch_mode': 'truncate_episodes', 'straggler_mitigation': False, 'vf_share_layers': False, 'num_gpus': 0, 'synchronize_filters': True, 'num_sgd_iter': 10, 'train_batch_size': 1500, 'optimizer': {}, 'num_gpus_per_worker': 0, 'preprocessor_pref': 'deepmind', 'num_cpus_for_driver': 1, 'lr_schedule': None, 'use_gae': True, 'lambda': 0.97, 'vf_loss_coeff': 1.0, 'vf_clip_param': 1000000.0, 'log_level': 'INFO', 'env_config': {'run': 'PPO', 'flow_params': '{\n    ""env"": {\n        ""additional_params"": {\n            ""max_accel"": 3,\n            ""max_decel"": 3,\n            ""sort_vehicles"": false,\n            ""target_velocity"": 20\n        },\n        ""evaluate"": false,\n        ""horizon"": 1500,\n        ""sims_per_step"": 1,\n        ""warmup_steps"": 0\n    },\n    ""env_name"": ""AccelEnv"",\n    ""exp_tag"": ""figure_eight_0"",\n    ""initial"": {\n        ""additional_params"": {},\n        ""bunching"": 0,\n        ""edges_distribution"": ""all"",\n        ""lanes_distribution"": Infinity,\n        ""min_gap"": 0,\n        ""perturbation"": 0.0,\n        ""shuffle"": false,\n        ""spacing"": ""uniform"",\n        ""x0"": 0\n    },\n    ""net"": {\n        ""additional_params"": {\n            ""lanes"": 1,\n            ""radius_ring"": 30,\n            ""resolution"": 40,\n            ""speed_limit"": 30\n        },\n        ""inflows"": {\n            ""_InFlows__flows"": [],\n            ""num_flows"": 0\n        },\n        ""netfile"": null,\n        ""no_internal_links"": false,\n        ""osm_path"": null\n    },\n    ""scenario"": ""Figure8Scenario"",\n    ""sim"": {\n        ""emission_path"": null,\n        ""lateral_resolution"": null,\n        ""no_step_log"": true,\n        ""num_clients"": 1,\n        ""overtake_right"": false,\n        ""port"": null,\n        ""print_warnings"": true,\n        ""pxpm"": 2,\n        ""render"": false,\n        ""restart_instance"": false,\n        ""save_render"": false,\n        ""seed"": null,\n        ""show_radius"": false,\n        ""sight_radius"": 25,\n        ""sim_step"": 0.1,\n        ""teleport_time"": -1\n    },\n    ""simulator"": ""traci"",\n    ""veh"": [\n        {\n            ""acceleration_controller"": [\n                ""IDMController"",\n                {\n                    ""noise"": 0.2\n                }\n            ],\n            ""car_following_params"": {\n                ""controller_params"": {\n                    ""accel"": 1.0,\n                    ""carFollowModel"": ""IDM"",\n                    ""decel"": 1.5,\n                    ""impatience"": 0.5,\n                    ""maxSpeed"": 30,\n                    ""minGap"": 2.5,\n                    ""sigma"": 0.5,\n                    ""speedDev"": 0.1,\n                    ""speedFactor"": 1.0,\n                    ""tau"": 1.0\n                },\n                ""speed_mode"": 1\n            },\n            ""initial_speed"": 0,\n            ""lane_change_controller"": [\n                ""SimLaneChangeController"",\n                {}\n            ],\n            ""lane_change_params"": {\n                ""controller_params"": {\n                    ""laneChangeModel"": ""LC2013"",\n                    ""lcCooperative"": ""1.0"",\n                    ""lcKeepRight"": ""1.0"",\n                    ""lcSpeedGain"": ""1.0"",\n                    ""lcStrategic"": ""1.0""\n                },\n                ""lane_change_mode"": 512\n            },\n            ""num_vehicles"": 13,\n            ""routing_controller"": [\n                ""ContinuousRouter"",\n                {}\n            ],\n            ""veh_id"": ""human""\n        },\n        {\n            ""acceleration_controller"": [\n                ""RLController"",\n                {}\n            ],\n            ""car_following_params"": {\n                ""controller_params"": {\n                    ""accel"": 1.0,\n                    ""carFollowModel"": ""IDM"",\n                    ""decel"": 1.5,\n                    ""impatience"": 0.5,\n                    ""maxSpeed"": 30,\n                    ""minGap"": 2.5,\n                    ""sigma"": 0.5,\n                    ""speedDev"": 0.1,\n                    ""speedFactor"": 1.0,\n                    ""tau"": 1.0\n                },\n                ""speed_mode"": 1\n            },\n            ""initial_speed"": 0,\n            ""lane_change_controller"": [\n                ""SimLaneChangeController"",\n                {}\n            ],\n            ""lane_change_params"": {\n                ""controller_params"": {\n                    ""laneChangeModel"": ""LC2013"",\n                    ""lcCooperative"": ""1.0"",\n                    ""lcKeepRight"": ""1.0"",\n                    ""lcSpeedGain"": ""1.0"",\n                    ""lcStrategic"": ""1.0""\n                },\n                ""lane_change_mode"": 512\n            },\n            ""num_vehicles"": 1,\n            ""routing_controller"": [\n                ""ContinuousRouter"",\n                {}\n            ],\n            ""veh_id"": ""rl""\n        }\n    ]\n}'}, 'env': 'AccelEnv-v0', 'local_evaluator_tf_session_args': {'inter_op_parallelism_threads': 8, 'intra_op_parallelism_threads': 8}, 'model': {'free_log_std': False, 'custom_options': {}, 'framestack': True, 'channel_major': False, 'max_seq_len': 20, 'lstm_use_prev_action_reward': False, 'squash_to_range': False, 'dim': 84, 'grayscale': False, 'fcnet_hiddens': [100, 50, 25], 'use_lstm': False, 'custom_model': None, 'fcnet_activation': 'tanh', 'conv_filters': None, 'conv_activation': 'relu', 'lstm_cell_size': 256, 'zero_mean': True, 'custom_preprocessor': None}, 'output_compress_columns': ['obs', 'new_obs'], 'monitor': False, 'custom_resources_per_worker': {}, 'output_max_file_size': 67108864, 'num_workers': 1, 'clip_param': 0.3, 'kl_coeff': 0.2, 'multiagent': {'policy_graphs': {}, 'policy_mapping_fn': None, 'policies_to_train': None}, 'input_evaluation': None, 'output': None, 'collect_metrics_timeout': 180, 'num_cpus_per_worker': 1}",169.237.32.118,1,1240.3,10.04700779914856,"{'num_steps_sampled': 160000, 'load_time_ms': 1.24, 'default': {'kl': 0.010433283634483814, 'cur_lr': 0.0005000000237487257, 'total_loss': 0.9202099442481995, 'policy_loss': -0.015945063903927803, 'vf_explained_var': 0.9899436831474304, 'entropy': 1.2507048845291138, 'cur_kl_coeff': 0.38486766815185547, 'vf_loss': 0.9321395754814148}, 'sample_time_ms': 9574.992, 'grad_time_ms': 273.886, 'update_time_ms': 4.629, 'num_steps_trained': 160000}",335.50201501660626,2019-04-02_07-53-24,kronos,71,160000,0,995.658121585846,{},160000,100,100,995.658121585846,496.3960633046472,1600,1554191604,{},0b32d2eec3344b1fbde4822793b2e447,54.45169917298337
False,126,"{'input': 'sampler', 'callbacks': {'on_train_result': None, 'on_sample_end': None, 'on_episode_step': None, 'on_episode_start': None, 'on_episode_end': None}, 'sample_batch_size': 200, 'clip_actions': False, 'clip_rewards': None, 'tf_session_args': {'inter_op_parallelism_threads': 2, 'intra_op_parallelism_threads': 2, 'device_count': {'CPU': 1}, 'log_device_placement': False, 'allow_soft_placement': True, 'gpu_options': {'allow_growth': True}}, 'kl_target': 0.01, 'horizon': 1500, 'lr': 0.0005, 'sample_async': False, 'simple_optimizer': False, 'compress_observations': False, 'num_envs_per_worker': 1, 'gamma': 0.99, 'sgd_minibatch_size': 128, 'observation_filter': 'NoFilter', 'entropy_coeff': 0.0, 'batch_mode': 'truncate_episodes', 'straggler_mitigation': False, 'vf_share_layers': False, 'num_gpus': 0, 'synchronize_filters': True, 'num_sgd_iter': 10, 'train_batch_size': 1500, 'optimizer': {}, 'num_gpus_per_worker': 0, 'preprocessor_pref': 'deepmind', 'num_cpus_for_driver': 1, 'lr_schedule': None, 'use_gae': True, 'lambda': 0.97, 'vf_loss_coeff': 1.0, 'vf_clip_param': 1000000.0, 'log_level': 'INFO', 'env_config': {'run': 'PPO', 'flow_params': '{\n    ""env"": {\n        ""additional_params"": {\n            ""max_accel"": 3,\n            ""max_decel"": 3,\n            ""sort_vehicles"": false,\n            ""target_velocity"": 20\n        },\n        ""evaluate"": false,\n        ""horizon"": 1500,\n        ""sims_per_step"": 1,\n        ""warmup_steps"": 0\n    },\n    ""env_name"": ""AccelEnv"",\n    ""exp_tag"": ""figure_eight_0"",\n    ""initial"": {\n        ""additional_params"": {},\n        ""bunching"": 0,\n        ""edges_distribution"": ""all"",\n        ""lanes_distribution"": Infinity,\n        ""min_gap"": 0,\n        ""perturbation"": 0.0,\n        ""shuffle"": false,\n        ""spacing"": ""uniform"",\n        ""x0"": 0\n    },\n    ""net"": {\n        ""additional_params"": {\n            ""lanes"": 1,\n            ""radius_ring"": 30,\n            ""resolution"": 40,\n            ""speed_limit"": 30\n        },\n        ""inflows"": {\n            ""_InFlows__flows"": [],\n            ""num_flows"": 0\n        },\n        ""netfile"": null,\n        ""no_internal_links"": false,\n        ""osm_path"": null\n    },\n    ""scenario"": ""Figure8Scenario"",\n    ""sim"": {\n        ""emission_path"": null,\n        ""lateral_resolution"": null,\n        ""no_step_log"": true,\n        ""num_clients"": 1,\n        ""overtake_right"": false,\n        ""port"": null,\n        ""print_warnings"": true,\n        ""pxpm"": 2,\n        ""render"": false,\n        ""restart_instance"": false,\n        ""save_render"": false,\n        ""seed"": null,\n        ""show_radius"": false,\n        ""sight_radius"": 25,\n        ""sim_step"": 0.1,\n        ""teleport_time"": -1\n    },\n    ""simulator"": ""traci"",\n    ""veh"": [\n        {\n            ""acceleration_controller"": [\n                ""IDMController"",\n                {\n                    ""noise"": 0.2\n                }\n            ],\n            ""car_following_params"": {\n                ""controller_params"": {\n                    ""accel"": 1.0,\n                    ""carFollowModel"": ""IDM"",\n                    ""decel"": 1.5,\n                    ""impatience"": 0.5,\n                    ""maxSpeed"": 30,\n                    ""minGap"": 2.5,\n                    ""sigma"": 0.5,\n                    ""speedDev"": 0.1,\n                    ""speedFactor"": 1.0,\n                    ""tau"": 1.0\n                },\n                ""speed_mode"": 1\n            },\n            ""initial_speed"": 0,\n            ""lane_change_controller"": [\n                ""SimLaneChangeController"",\n                {}\n            ],\n            ""lane_change_params"": {\n                ""controller_params"": {\n                    ""laneChangeModel"": ""LC2013"",\n                    ""lcCooperative"": ""1.0"",\n                    ""lcKeepRight"": ""1.0"",\n                    ""lcSpeedGain"": ""1.0"",\n                    ""lcStrategic"": ""1.0""\n                },\n                ""lane_change_mode"": 512\n            },\n            ""num_vehicles"": 13,\n            ""routing_controller"": [\n                ""ContinuousRouter"",\n                {}\n            ],\n            ""veh_id"": ""human""\n        },\n        {\n            ""acceleration_controller"": [\n                ""RLController"",\n                {}\n            ],\n            ""car_following_params"": {\n                ""controller_params"": {\n                    ""accel"": 1.0,\n                    ""carFollowModel"": ""IDM"",\n                    ""decel"": 1.5,\n                    ""impatience"": 0.5,\n                    ""maxSpeed"": 30,\n                    ""minGap"": 2.5,\n                    ""sigma"": 0.5,\n                    ""speedDev"": 0.1,\n                    ""speedFactor"": 1.0,\n                    ""tau"": 1.0\n                },\n                ""speed_mode"": 1\n            },\n            ""initial_speed"": 0,\n            ""lane_change_controller"": [\n                ""SimLaneChangeController"",\n                {}\n            ],\n            ""lane_change_params"": {\n                ""controller_params"": {\n                    ""laneChangeModel"": ""LC2013"",\n                    ""lcCooperative"": ""1.0"",\n                    ""lcKeepRight"": ""1.0"",\n                    ""lcSpeedGain"": ""1.0"",\n                    ""lcStrategic"": ""1.0""\n                },\n                ""lane_change_mode"": 512\n            },\n            ""num_vehicles"": 1,\n            ""routing_controller"": [\n                ""ContinuousRouter"",\n                {}\n            ],\n            ""veh_id"": ""rl""\n        }\n    ]\n}'}, 'env': 'AccelEnv-v0', 'local_evaluator_tf_session_args': {'inter_op_parallelism_threads': 8, 'intra_op_parallelism_threads': 8}, 'model': {'free_log_std': False, 'custom_options': {}, 'framestack': True, 'channel_major': False, 'max_seq_len': 20, 'lstm_use_prev_action_reward': False, 'squash_to_range': False, 'dim': 84, 'grayscale': False, 'fcnet_hiddens': [100, 50, 25], 'use_lstm': False, 'custom_model': None, 'fcnet_activation': 'tanh', 'conv_filters': None, 'conv_activation': 'relu', 'lstm_cell_size': 256, 'zero_mean': True, 'custom_preprocessor': None}, 'output_compress_columns': ['obs', 'new_obs'], 'monitor': False, 'custom_resources_per_worker': {}, 'output_max_file_size': 67108864, 'num_workers': 1, 'clip_param': 0.3, 'kl_coeff': 0.2, 'multiagent': {'policy_graphs': {}, 'policy_mapping_fn': None, 'policies_to_train': None}, 'input_evaluation': None, 'output': None, 'collect_metrics_timeout': 180, 'num_cpus_per_worker': 1}",169.237.32.118,1,1237.26,9.798523187637329,"{'num_steps_sampled': 161600, 'load_time_ms': 1.21, 'default': {'kl': 0.013174514286220074, 'cur_lr': 0.0005000000237487257, 'total_loss': 0.9692673683166504, 'policy_loss': -0.01693872921168804, 'vf_explained_var': 0.9840810298919678, 'entropy': 1.2167881727218628, 'cur_kl_coeff': 0.38486766815185547, 'vf_loss': 0.9811357855796814}, 'sample_time_ms': 9609.029, 'grad_time_ms': 274.729, 'update_time_ms': 4.717, 'num_steps_trained': 161600}",335.13715091669155,2019-04-02_07-53-34,kronos,71,161600,0,1005.4566447734833,{},161600,101,101,1005.4566447734833,496.3960633046472,1600,1554191614,{},0b32d2eec3344b1fbde4822793b2e447,54.45169917298337
False,128,"{'input': 'sampler', 'callbacks': {'on_train_result': None, 'on_sample_end': None, 'on_episode_step': None, 'on_episode_start': None, 'on_episode_end': None}, 'sample_batch_size': 200, 'clip_actions': False, 'clip_rewards': None, 'tf_session_args': {'inter_op_parallelism_threads': 2, 'intra_op_parallelism_threads': 2, 'device_count': {'CPU': 1}, 'log_device_placement': False, 'allow_soft_placement': True, 'gpu_options': {'allow_growth': True}}, 'kl_target': 0.01, 'horizon': 1500, 'lr': 0.0005, 'sample_async': False, 'simple_optimizer': False, 'compress_observations': False, 'num_envs_per_worker': 1, 'gamma': 0.99, 'sgd_minibatch_size': 128, 'observation_filter': 'NoFilter', 'entropy_coeff': 0.0, 'batch_mode': 'truncate_episodes', 'straggler_mitigation': False, 'vf_share_layers': False, 'num_gpus': 0, 'synchronize_filters': True, 'num_sgd_iter': 10, 'train_batch_size': 1500, 'optimizer': {}, 'num_gpus_per_worker': 0, 'preprocessor_pref': 'deepmind', 'num_cpus_for_driver': 1, 'lr_schedule': None, 'use_gae': True, 'lambda': 0.97, 'vf_loss_coeff': 1.0, 'vf_clip_param': 1000000.0, 'log_level': 'INFO', 'env_config': {'run': 'PPO', 'flow_params': '{\n    ""env"": {\n        ""additional_params"": {\n            ""max_accel"": 3,\n            ""max_decel"": 3,\n            ""sort_vehicles"": false,\n            ""target_velocity"": 20\n        },\n        ""evaluate"": false,\n        ""horizon"": 1500,\n        ""sims_per_step"": 1,\n        ""warmup_steps"": 0\n    },\n    ""env_name"": ""AccelEnv"",\n    ""exp_tag"": ""figure_eight_0"",\n    ""initial"": {\n        ""additional_params"": {},\n        ""bunching"": 0,\n        ""edges_distribution"": ""all"",\n        ""lanes_distribution"": Infinity,\n        ""min_gap"": 0,\n        ""perturbation"": 0.0,\n        ""shuffle"": false,\n        ""spacing"": ""uniform"",\n        ""x0"": 0\n    },\n    ""net"": {\n        ""additional_params"": {\n            ""lanes"": 1,\n            ""radius_ring"": 30,\n            ""resolution"": 40,\n            ""speed_limit"": 30\n        },\n        ""inflows"": {\n            ""_InFlows__flows"": [],\n            ""num_flows"": 0\n        },\n        ""netfile"": null,\n        ""no_internal_links"": false,\n        ""osm_path"": null\n    },\n    ""scenario"": ""Figure8Scenario"",\n    ""sim"": {\n        ""emission_path"": null,\n        ""lateral_resolution"": null,\n        ""no_step_log"": true,\n        ""num_clients"": 1,\n        ""overtake_right"": false,\n        ""port"": null,\n        ""print_warnings"": true,\n        ""pxpm"": 2,\n        ""render"": false,\n        ""restart_instance"": false,\n        ""save_render"": false,\n        ""seed"": null,\n        ""show_radius"": false,\n        ""sight_radius"": 25,\n        ""sim_step"": 0.1,\n        ""teleport_time"": -1\n    },\n    ""simulator"": ""traci"",\n    ""veh"": [\n        {\n            ""acceleration_controller"": [\n                ""IDMController"",\n                {\n                    ""noise"": 0.2\n                }\n            ],\n            ""car_following_params"": {\n                ""controller_params"": {\n                    ""accel"": 1.0,\n                    ""carFollowModel"": ""IDM"",\n                    ""decel"": 1.5,\n                    ""impatience"": 0.5,\n                    ""maxSpeed"": 30,\n                    ""minGap"": 2.5,\n                    ""sigma"": 0.5,\n                    ""speedDev"": 0.1,\n                    ""speedFactor"": 1.0,\n                    ""tau"": 1.0\n                },\n                ""speed_mode"": 1\n            },\n            ""initial_speed"": 0,\n            ""lane_change_controller"": [\n                ""SimLaneChangeController"",\n                {}\n            ],\n            ""lane_change_params"": {\n                ""controller_params"": {\n                    ""laneChangeModel"": ""LC2013"",\n                    ""lcCooperative"": ""1.0"",\n                    ""lcKeepRight"": ""1.0"",\n                    ""lcSpeedGain"": ""1.0"",\n                    ""lcStrategic"": ""1.0""\n                },\n                ""lane_change_mode"": 512\n            },\n            ""num_vehicles"": 13,\n            ""routing_controller"": [\n                ""ContinuousRouter"",\n                {}\n            ],\n            ""veh_id"": ""human""\n        },\n        {\n            ""acceleration_controller"": [\n                ""RLController"",\n                {}\n            ],\n            ""car_following_params"": {\n                ""controller_params"": {\n                    ""accel"": 1.0,\n                    ""carFollowModel"": ""IDM"",\n                    ""decel"": 1.5,\n                    ""impatience"": 0.5,\n                    ""maxSpeed"": 30,\n                    ""minGap"": 2.5,\n                    ""sigma"": 0.5,\n                    ""speedDev"": 0.1,\n                    ""speedFactor"": 1.0,\n                    ""tau"": 1.0\n                },\n                ""speed_mode"": 1\n            },\n            ""initial_speed"": 0,\n            ""lane_change_controller"": [\n                ""SimLaneChangeController"",\n                {}\n            ],\n            ""lane_change_params"": {\n                ""controller_params"": {\n                    ""laneChangeModel"": ""LC2013"",\n                    ""lcCooperative"": ""1.0"",\n                    ""lcKeepRight"": ""1.0"",\n                    ""lcSpeedGain"": ""1.0"",\n                    ""lcStrategic"": ""1.0""\n                },\n                ""lane_change_mode"": 512\n            },\n            ""num_vehicles"": 1,\n            ""routing_controller"": [\n                ""ContinuousRouter"",\n                {}\n            ],\n            ""veh_id"": ""rl""\n        }\n    ]\n}'}, 'env': 'AccelEnv-v0', 'local_evaluator_tf_session_args': {'inter_op_parallelism_threads': 8, 'intra_op_parallelism_threads': 8}, 'model': {'free_log_std': False, 'custom_options': {}, 'framestack': True, 'channel_major': False, 'max_seq_len': 20, 'lstm_use_prev_action_reward': False, 'squash_to_range': False, 'dim': 84, 'grayscale': False, 'fcnet_hiddens': [100, 50, 25], 'use_lstm': False, 'custom_model': None, 'fcnet_activation': 'tanh', 'conv_filters': None, 'conv_activation': 'relu', 'lstm_cell_size': 256, 'zero_mean': True, 'custom_preprocessor': None}, 'output_compress_columns': ['obs', 'new_obs'], 'monitor': False, 'custom_resources_per_worker': {}, 'output_max_file_size': 67108864, 'num_workers': 1, 'clip_param': 0.3, 'kl_coeff': 0.2, 'multiagent': {'policy_graphs': {}, 'policy_mapping_fn': None, 'policies_to_train': None}, 'input_evaluation': None, 'output': None, 'collect_metrics_timeout': 180, 'num_cpus_per_worker': 1}",169.237.32.118,2,1227.4,9.956745862960815,"{'num_steps_sampled': 163200, 'load_time_ms': 1.178, 'default': {'kl': 0.007116327062249184, 'cur_lr': 0.0005000000237487257, 'total_loss': 0.7346644997596741, 'policy_loss': -0.012806599028408527, 'vf_explained_var': 0.9960379004478455, 'entropy': 1.3432985544204712, 'cur_kl_coeff': 0.38486766815185547, 'vf_loss': 0.7447323799133301}, 'sample_time_ms': 9625.961, 'grad_time_ms': 274.821, 'update_time_ms': 4.772, 'num_steps_trained': 163200}",332.28503825829677,2019-04-02_07-53-44,kronos,71,163200,0,1015.4133906364441,{},163200,102,102,1015.4133906364441,496.3960633046472,1600,1554191624,{},0b32d2eec3344b1fbde4822793b2e447,54.45169917298337
False,129,"{'input': 'sampler', 'callbacks': {'on_train_result': None, 'on_sample_end': None, 'on_episode_step': None, 'on_episode_start': None, 'on_episode_end': None}, 'sample_batch_size': 200, 'clip_actions': False, 'clip_rewards': None, 'tf_session_args': {'inter_op_parallelism_threads': 2, 'intra_op_parallelism_threads': 2, 'device_count': {'CPU': 1}, 'log_device_placement': False, 'allow_soft_placement': True, 'gpu_options': {'allow_growth': True}}, 'kl_target': 0.01, 'horizon': 1500, 'lr': 0.0005, 'sample_async': False, 'simple_optimizer': False, 'compress_observations': False, 'num_envs_per_worker': 1, 'gamma': 0.99, 'sgd_minibatch_size': 128, 'observation_filter': 'NoFilter', 'entropy_coeff': 0.0, 'batch_mode': 'truncate_episodes', 'straggler_mitigation': False, 'vf_share_layers': False, 'num_gpus': 0, 'synchronize_filters': True, 'num_sgd_iter': 10, 'train_batch_size': 1500, 'optimizer': {}, 'num_gpus_per_worker': 0, 'preprocessor_pref': 'deepmind', 'num_cpus_for_driver': 1, 'lr_schedule': None, 'use_gae': True, 'lambda': 0.97, 'vf_loss_coeff': 1.0, 'vf_clip_param': 1000000.0, 'log_level': 'INFO', 'env_config': {'run': 'PPO', 'flow_params': '{\n    ""env"": {\n        ""additional_params"": {\n            ""max_accel"": 3,\n            ""max_decel"": 3,\n            ""sort_vehicles"": false,\n            ""target_velocity"": 20\n        },\n        ""evaluate"": false,\n        ""horizon"": 1500,\n        ""sims_per_step"": 1,\n        ""warmup_steps"": 0\n    },\n    ""env_name"": ""AccelEnv"",\n    ""exp_tag"": ""figure_eight_0"",\n    ""initial"": {\n        ""additional_params"": {},\n        ""bunching"": 0,\n        ""edges_distribution"": ""all"",\n        ""lanes_distribution"": Infinity,\n        ""min_gap"": 0,\n        ""perturbation"": 0.0,\n        ""shuffle"": false,\n        ""spacing"": ""uniform"",\n        ""x0"": 0\n    },\n    ""net"": {\n        ""additional_params"": {\n            ""lanes"": 1,\n            ""radius_ring"": 30,\n            ""resolution"": 40,\n            ""speed_limit"": 30\n        },\n        ""inflows"": {\n            ""_InFlows__flows"": [],\n            ""num_flows"": 0\n        },\n        ""netfile"": null,\n        ""no_internal_links"": false,\n        ""osm_path"": null\n    },\n    ""scenario"": ""Figure8Scenario"",\n    ""sim"": {\n        ""emission_path"": null,\n        ""lateral_resolution"": null,\n        ""no_step_log"": true,\n        ""num_clients"": 1,\n        ""overtake_right"": false,\n        ""port"": null,\n        ""print_warnings"": true,\n        ""pxpm"": 2,\n        ""render"": false,\n        ""restart_instance"": false,\n        ""save_render"": false,\n        ""seed"": null,\n        ""show_radius"": false,\n        ""sight_radius"": 25,\n        ""sim_step"": 0.1,\n        ""teleport_time"": -1\n    },\n    ""simulator"": ""traci"",\n    ""veh"": [\n        {\n            ""acceleration_controller"": [\n                ""IDMController"",\n                {\n                    ""noise"": 0.2\n                }\n            ],\n            ""car_following_params"": {\n                ""controller_params"": {\n                    ""accel"": 1.0,\n                    ""carFollowModel"": ""IDM"",\n                    ""decel"": 1.5,\n                    ""impatience"": 0.5,\n                    ""maxSpeed"": 30,\n                    ""minGap"": 2.5,\n                    ""sigma"": 0.5,\n                    ""speedDev"": 0.1,\n                    ""speedFactor"": 1.0,\n                    ""tau"": 1.0\n                },\n                ""speed_mode"": 1\n            },\n            ""initial_speed"": 0,\n            ""lane_change_controller"": [\n                ""SimLaneChangeController"",\n                {}\n            ],\n            ""lane_change_params"": {\n                ""controller_params"": {\n                    ""laneChangeModel"": ""LC2013"",\n                    ""lcCooperative"": ""1.0"",\n                    ""lcKeepRight"": ""1.0"",\n                    ""lcSpeedGain"": ""1.0"",\n                    ""lcStrategic"": ""1.0""\n                },\n                ""lane_change_mode"": 512\n            },\n            ""num_vehicles"": 13,\n            ""routing_controller"": [\n                ""ContinuousRouter"",\n                {}\n            ],\n            ""veh_id"": ""human""\n        },\n        {\n            ""acceleration_controller"": [\n                ""RLController"",\n                {}\n            ],\n            ""car_following_params"": {\n                ""controller_params"": {\n                    ""accel"": 1.0,\n                    ""carFollowModel"": ""IDM"",\n                    ""decel"": 1.5,\n                    ""impatience"": 0.5,\n                    ""maxSpeed"": 30,\n                    ""minGap"": 2.5,\n                    ""sigma"": 0.5,\n                    ""speedDev"": 0.1,\n                    ""speedFactor"": 1.0,\n                    ""tau"": 1.0\n                },\n                ""speed_mode"": 1\n            },\n            ""initial_speed"": 0,\n            ""lane_change_controller"": [\n                ""SimLaneChangeController"",\n                {}\n            ],\n            ""lane_change_params"": {\n                ""controller_params"": {\n                    ""laneChangeModel"": ""LC2013"",\n                    ""lcCooperative"": ""1.0"",\n                    ""lcKeepRight"": ""1.0"",\n                    ""lcSpeedGain"": ""1.0"",\n                    ""lcStrategic"": ""1.0""\n                },\n                ""lane_change_mode"": 512\n            },\n            ""num_vehicles"": 1,\n            ""routing_controller"": [\n                ""ContinuousRouter"",\n                {}\n            ],\n            ""veh_id"": ""rl""\n        }\n    ]\n}'}, 'env': 'AccelEnv-v0', 'local_evaluator_tf_session_args': {'inter_op_parallelism_threads': 8, 'intra_op_parallelism_threads': 8}, 'model': {'free_log_std': False, 'custom_options': {}, 'framestack': True, 'channel_major': False, 'max_seq_len': 20, 'lstm_use_prev_action_reward': False, 'squash_to_range': False, 'dim': 84, 'grayscale': False, 'fcnet_hiddens': [100, 50, 25], 'use_lstm': False, 'custom_model': None, 'fcnet_activation': 'tanh', 'conv_filters': None, 'conv_activation': 'relu', 'lstm_cell_size': 256, 'zero_mean': True, 'custom_preprocessor': None}, 'output_compress_columns': ['obs', 'new_obs'], 'monitor': False, 'custom_resources_per_worker': {}, 'output_max_file_size': 67108864, 'num_workers': 1, 'clip_param': 0.3, 'kl_coeff': 0.2, 'multiagent': {'policy_graphs': {}, 'policy_mapping_fn': None, 'policies_to_train': None}, 'input_evaluation': None, 'output': None, 'collect_metrics_timeout': 180, 'num_cpus_per_worker': 1}",169.237.32.118,1,1227.4,9.934268712997437,"{'num_steps_sampled': 164800, 'load_time_ms': 1.178, 'default': {'kl': 0.00891928095370531, 'cur_lr': 0.0005000000237487257, 'total_loss': 0.9513065218925476, 'policy_loss': -0.01596887782216072, 'vf_explained_var': 0.9652613997459412, 'entropy': 1.292229175567627, 'cur_kl_coeff': 0.38486766815185547, 'vf_loss': 0.9638426303863525}, 'sample_time_ms': 9625.576, 'grad_time_ms': 275.177, 'update_time_ms': 4.809, 'num_steps_trained': 164800}",332.59551849061165,2019-04-02_07-53-54,kronos,71,164800,0,1025.3476593494415,{},164800,103,103,1025.3476593494415,496.3960633046472,1600,1554191634,{},0b32d2eec3344b1fbde4822793b2e447,54.45169917298337
False,131,"{'input': 'sampler', 'callbacks': {'on_train_result': None, 'on_sample_end': None, 'on_episode_step': None, 'on_episode_start': None, 'on_episode_end': None}, 'sample_batch_size': 200, 'clip_actions': False, 'clip_rewards': None, 'tf_session_args': {'inter_op_parallelism_threads': 2, 'intra_op_parallelism_threads': 2, 'device_count': {'CPU': 1}, 'log_device_placement': False, 'allow_soft_placement': True, 'gpu_options': {'allow_growth': True}}, 'kl_target': 0.01, 'horizon': 1500, 'lr': 0.0005, 'sample_async': False, 'simple_optimizer': False, 'compress_observations': False, 'num_envs_per_worker': 1, 'gamma': 0.99, 'sgd_minibatch_size': 128, 'observation_filter': 'NoFilter', 'entropy_coeff': 0.0, 'batch_mode': 'truncate_episodes', 'straggler_mitigation': False, 'vf_share_layers': False, 'num_gpus': 0, 'synchronize_filters': True, 'num_sgd_iter': 10, 'train_batch_size': 1500, 'optimizer': {}, 'num_gpus_per_worker': 0, 'preprocessor_pref': 'deepmind', 'num_cpus_for_driver': 1, 'lr_schedule': None, 'use_gae': True, 'lambda': 0.97, 'vf_loss_coeff': 1.0, 'vf_clip_param': 1000000.0, 'log_level': 'INFO', 'env_config': {'run': 'PPO', 'flow_params': '{\n    ""env"": {\n        ""additional_params"": {\n            ""max_accel"": 3,\n            ""max_decel"": 3,\n            ""sort_vehicles"": false,\n            ""target_velocity"": 20\n        },\n        ""evaluate"": false,\n        ""horizon"": 1500,\n        ""sims_per_step"": 1,\n        ""warmup_steps"": 0\n    },\n    ""env_name"": ""AccelEnv"",\n    ""exp_tag"": ""figure_eight_0"",\n    ""initial"": {\n        ""additional_params"": {},\n        ""bunching"": 0,\n        ""edges_distribution"": ""all"",\n        ""lanes_distribution"": Infinity,\n        ""min_gap"": 0,\n        ""perturbation"": 0.0,\n        ""shuffle"": false,\n        ""spacing"": ""uniform"",\n        ""x0"": 0\n    },\n    ""net"": {\n        ""additional_params"": {\n            ""lanes"": 1,\n            ""radius_ring"": 30,\n            ""resolution"": 40,\n            ""speed_limit"": 30\n        },\n        ""inflows"": {\n            ""_InFlows__flows"": [],\n            ""num_flows"": 0\n        },\n        ""netfile"": null,\n        ""no_internal_links"": false,\n        ""osm_path"": null\n    },\n    ""scenario"": ""Figure8Scenario"",\n    ""sim"": {\n        ""emission_path"": null,\n        ""lateral_resolution"": null,\n        ""no_step_log"": true,\n        ""num_clients"": 1,\n        ""overtake_right"": false,\n        ""port"": null,\n        ""print_warnings"": true,\n        ""pxpm"": 2,\n        ""render"": false,\n        ""restart_instance"": false,\n        ""save_render"": false,\n        ""seed"": null,\n        ""show_radius"": false,\n        ""sight_radius"": 25,\n        ""sim_step"": 0.1,\n        ""teleport_time"": -1\n    },\n    ""simulator"": ""traci"",\n    ""veh"": [\n        {\n            ""acceleration_controller"": [\n                ""IDMController"",\n                {\n                    ""noise"": 0.2\n                }\n            ],\n            ""car_following_params"": {\n                ""controller_params"": {\n                    ""accel"": 1.0,\n                    ""carFollowModel"": ""IDM"",\n                    ""decel"": 1.5,\n                    ""impatience"": 0.5,\n                    ""maxSpeed"": 30,\n                    ""minGap"": 2.5,\n                    ""sigma"": 0.5,\n                    ""speedDev"": 0.1,\n                    ""speedFactor"": 1.0,\n                    ""tau"": 1.0\n                },\n                ""speed_mode"": 1\n            },\n            ""initial_speed"": 0,\n            ""lane_change_controller"": [\n                ""SimLaneChangeController"",\n                {}\n            ],\n            ""lane_change_params"": {\n                ""controller_params"": {\n                    ""laneChangeModel"": ""LC2013"",\n                    ""lcCooperative"": ""1.0"",\n                    ""lcKeepRight"": ""1.0"",\n                    ""lcSpeedGain"": ""1.0"",\n                    ""lcStrategic"": ""1.0""\n                },\n                ""lane_change_mode"": 512\n            },\n            ""num_vehicles"": 13,\n            ""routing_controller"": [\n                ""ContinuousRouter"",\n                {}\n            ],\n            ""veh_id"": ""human""\n        },\n        {\n            ""acceleration_controller"": [\n                ""RLController"",\n                {}\n            ],\n            ""car_following_params"": {\n                ""controller_params"": {\n                    ""accel"": 1.0,\n                    ""carFollowModel"": ""IDM"",\n                    ""decel"": 1.5,\n                    ""impatience"": 0.5,\n                    ""maxSpeed"": 30,\n                    ""minGap"": 2.5,\n                    ""sigma"": 0.5,\n                    ""speedDev"": 0.1,\n                    ""speedFactor"": 1.0,\n                    ""tau"": 1.0\n                },\n                ""speed_mode"": 1\n            },\n            ""initial_speed"": 0,\n            ""lane_change_controller"": [\n                ""SimLaneChangeController"",\n                {}\n            ],\n            ""lane_change_params"": {\n                ""controller_params"": {\n                    ""laneChangeModel"": ""LC2013"",\n                    ""lcCooperative"": ""1.0"",\n                    ""lcKeepRight"": ""1.0"",\n                    ""lcSpeedGain"": ""1.0"",\n                    ""lcStrategic"": ""1.0""\n                },\n                ""lane_change_mode"": 512\n            },\n            ""num_vehicles"": 1,\n            ""routing_controller"": [\n                ""ContinuousRouter"",\n                {}\n            ],\n            ""veh_id"": ""rl""\n        }\n    ]\n}'}, 'env': 'AccelEnv-v0', 'local_evaluator_tf_session_args': {'inter_op_parallelism_threads': 8, 'intra_op_parallelism_threads': 8}, 'model': {'free_log_std': False, 'custom_options': {}, 'framestack': True, 'channel_major': False, 'max_seq_len': 20, 'lstm_use_prev_action_reward': False, 'squash_to_range': False, 'dim': 84, 'grayscale': False, 'fcnet_hiddens': [100, 50, 25], 'use_lstm': False, 'custom_model': None, 'fcnet_activation': 'tanh', 'conv_filters': None, 'conv_activation': 'relu', 'lstm_cell_size': 256, 'zero_mean': True, 'custom_preprocessor': None}, 'output_compress_columns': ['obs', 'new_obs'], 'monitor': False, 'custom_resources_per_worker': {}, 'output_max_file_size': 67108864, 'num_workers': 1, 'clip_param': 0.3, 'kl_coeff': 0.2, 'multiagent': {'policy_graphs': {}, 'policy_mapping_fn': None, 'policies_to_train': None}, 'input_evaluation': None, 'output': None, 'collect_metrics_timeout': 180, 'num_cpus_per_worker': 1}",169.237.32.118,2,1210.65,9.607647180557251,"{'num_steps_sampled': 166400, 'load_time_ms': 1.185, 'default': {'kl': 0.010341770015656948, 'cur_lr': 0.0005000000237487257, 'total_loss': 1.0992696285247803, 'policy_loss': -0.013022015802562237, 'vf_explained_var': 0.9867356419563293, 'entropy': 1.2818803787231445, 'cur_kl_coeff': 0.38486766815185547, 'vf_loss': 1.108311414718628}, 'sample_time_ms': 9595.007, 'grad_time_ms': 274.924, 'update_time_ms': 4.851, 'num_steps_trained': 166400}",327.75350490774065,2019-04-02_07-54-03,kronos,71,166400,0,1034.9553065299988,{},166400,104,104,1034.9553065299988,496.3960633046472,1600,1554191643,{},0b32d2eec3344b1fbde4822793b2e447,54.45169917298337
False,133,"{'input': 'sampler', 'callbacks': {'on_train_result': None, 'on_sample_end': None, 'on_episode_step': None, 'on_episode_start': None, 'on_episode_end': None}, 'sample_batch_size': 200, 'clip_actions': False, 'clip_rewards': None, 'tf_session_args': {'inter_op_parallelism_threads': 2, 'intra_op_parallelism_threads': 2, 'device_count': {'CPU': 1}, 'log_device_placement': False, 'allow_soft_placement': True, 'gpu_options': {'allow_growth': True}}, 'kl_target': 0.01, 'horizon': 1500, 'lr': 0.0005, 'sample_async': False, 'simple_optimizer': False, 'compress_observations': False, 'num_envs_per_worker': 1, 'gamma': 0.99, 'sgd_minibatch_size': 128, 'observation_filter': 'NoFilter', 'entropy_coeff': 0.0, 'batch_mode': 'truncate_episodes', 'straggler_mitigation': False, 'vf_share_layers': False, 'num_gpus': 0, 'synchronize_filters': True, 'num_sgd_iter': 10, 'train_batch_size': 1500, 'optimizer': {}, 'num_gpus_per_worker': 0, 'preprocessor_pref': 'deepmind', 'num_cpus_for_driver': 1, 'lr_schedule': None, 'use_gae': True, 'lambda': 0.97, 'vf_loss_coeff': 1.0, 'vf_clip_param': 1000000.0, 'log_level': 'INFO', 'env_config': {'run': 'PPO', 'flow_params': '{\n    ""env"": {\n        ""additional_params"": {\n            ""max_accel"": 3,\n            ""max_decel"": 3,\n            ""sort_vehicles"": false,\n            ""target_velocity"": 20\n        },\n        ""evaluate"": false,\n        ""horizon"": 1500,\n        ""sims_per_step"": 1,\n        ""warmup_steps"": 0\n    },\n    ""env_name"": ""AccelEnv"",\n    ""exp_tag"": ""figure_eight_0"",\n    ""initial"": {\n        ""additional_params"": {},\n        ""bunching"": 0,\n        ""edges_distribution"": ""all"",\n        ""lanes_distribution"": Infinity,\n        ""min_gap"": 0,\n        ""perturbation"": 0.0,\n        ""shuffle"": false,\n        ""spacing"": ""uniform"",\n        ""x0"": 0\n    },\n    ""net"": {\n        ""additional_params"": {\n            ""lanes"": 1,\n            ""radius_ring"": 30,\n            ""resolution"": 40,\n            ""speed_limit"": 30\n        },\n        ""inflows"": {\n            ""_InFlows__flows"": [],\n            ""num_flows"": 0\n        },\n        ""netfile"": null,\n        ""no_internal_links"": false,\n        ""osm_path"": null\n    },\n    ""scenario"": ""Figure8Scenario"",\n    ""sim"": {\n        ""emission_path"": null,\n        ""lateral_resolution"": null,\n        ""no_step_log"": true,\n        ""num_clients"": 1,\n        ""overtake_right"": false,\n        ""port"": null,\n        ""print_warnings"": true,\n        ""pxpm"": 2,\n        ""render"": false,\n        ""restart_instance"": false,\n        ""save_render"": false,\n        ""seed"": null,\n        ""show_radius"": false,\n        ""sight_radius"": 25,\n        ""sim_step"": 0.1,\n        ""teleport_time"": -1\n    },\n    ""simulator"": ""traci"",\n    ""veh"": [\n        {\n            ""acceleration_controller"": [\n                ""IDMController"",\n                {\n                    ""noise"": 0.2\n                }\n            ],\n            ""car_following_params"": {\n                ""controller_params"": {\n                    ""accel"": 1.0,\n                    ""carFollowModel"": ""IDM"",\n                    ""decel"": 1.5,\n                    ""impatience"": 0.5,\n                    ""maxSpeed"": 30,\n                    ""minGap"": 2.5,\n                    ""sigma"": 0.5,\n                    ""speedDev"": 0.1,\n                    ""speedFactor"": 1.0,\n                    ""tau"": 1.0\n                },\n                ""speed_mode"": 1\n            },\n            ""initial_speed"": 0,\n            ""lane_change_controller"": [\n                ""SimLaneChangeController"",\n                {}\n            ],\n            ""lane_change_params"": {\n                ""controller_params"": {\n                    ""laneChangeModel"": ""LC2013"",\n                    ""lcCooperative"": ""1.0"",\n                    ""lcKeepRight"": ""1.0"",\n                    ""lcSpeedGain"": ""1.0"",\n                    ""lcStrategic"": ""1.0""\n                },\n                ""lane_change_mode"": 512\n            },\n            ""num_vehicles"": 13,\n            ""routing_controller"": [\n                ""ContinuousRouter"",\n                {}\n            ],\n            ""veh_id"": ""human""\n        },\n        {\n            ""acceleration_controller"": [\n                ""RLController"",\n                {}\n            ],\n            ""car_following_params"": {\n                ""controller_params"": {\n                    ""accel"": 1.0,\n                    ""carFollowModel"": ""IDM"",\n                    ""decel"": 1.5,\n                    ""impatience"": 0.5,\n                    ""maxSpeed"": 30,\n                    ""minGap"": 2.5,\n                    ""sigma"": 0.5,\n                    ""speedDev"": 0.1,\n                    ""speedFactor"": 1.0,\n                    ""tau"": 1.0\n                },\n                ""speed_mode"": 1\n            },\n            ""initial_speed"": 0,\n            ""lane_change_controller"": [\n                ""SimLaneChangeController"",\n                {}\n            ],\n            ""lane_change_params"": {\n                ""controller_params"": {\n                    ""laneChangeModel"": ""LC2013"",\n                    ""lcCooperative"": ""1.0"",\n                    ""lcKeepRight"": ""1.0"",\n                    ""lcSpeedGain"": ""1.0"",\n                    ""lcStrategic"": ""1.0""\n                },\n                ""lane_change_mode"": 512\n            },\n            ""num_vehicles"": 1,\n            ""routing_controller"": [\n                ""ContinuousRouter"",\n                {}\n            ],\n            ""veh_id"": ""rl""\n        }\n    ]\n}'}, 'env': 'AccelEnv-v0', 'local_evaluator_tf_session_args': {'inter_op_parallelism_threads': 8, 'intra_op_parallelism_threads': 8}, 'model': {'free_log_std': False, 'custom_options': {}, 'framestack': True, 'channel_major': False, 'max_seq_len': 20, 'lstm_use_prev_action_reward': False, 'squash_to_range': False, 'dim': 84, 'grayscale': False, 'fcnet_hiddens': [100, 50, 25], 'use_lstm': False, 'custom_model': None, 'fcnet_activation': 'tanh', 'conv_filters': None, 'conv_activation': 'relu', 'lstm_cell_size': 256, 'zero_mean': True, 'custom_preprocessor': None}, 'output_compress_columns': ['obs', 'new_obs'], 'monitor': False, 'custom_resources_per_worker': {}, 'output_max_file_size': 67108864, 'num_workers': 1, 'clip_param': 0.3, 'kl_coeff': 0.2, 'multiagent': {'policy_graphs': {}, 'policy_mapping_fn': None, 'policies_to_train': None}, 'input_evaluation': None, 'output': None, 'collect_metrics_timeout': 180, 'num_cpus_per_worker': 1}",169.237.32.118,2,1201.13,10.170637845993042,"{'num_steps_sampled': 168000, 'load_time_ms': 1.188, 'default': {'kl': 0.013302494771778584, 'cur_lr': 0.0005000000237487257, 'total_loss': 0.9711535573005676, 'policy_loss': -0.029928429052233696, 'vf_explained_var': 0.9889393448829651, 'entropy': 1.335817813873291, 'cur_kl_coeff': 0.38486766815185547, 'vf_loss': 0.9959622025489807}, 'sample_time_ms': 9640.808, 'grad_time_ms': 274.707, 'update_time_ms': 4.816, 'num_steps_trained': 168000}",325.9334875264218,2019-04-02_07-54-13,kronos,71,168000,0,1045.1259443759918,{},168000,105,105,1045.1259443759918,496.3960633046472,1600,1554191653,{},0b32d2eec3344b1fbde4822793b2e447,54.45169917298337
False,134,"{'input': 'sampler', 'callbacks': {'on_train_result': None, 'on_sample_end': None, 'on_episode_step': None, 'on_episode_start': None, 'on_episode_end': None}, 'sample_batch_size': 200, 'clip_actions': False, 'clip_rewards': None, 'tf_session_args': {'inter_op_parallelism_threads': 2, 'intra_op_parallelism_threads': 2, 'device_count': {'CPU': 1}, 'log_device_placement': False, 'allow_soft_placement': True, 'gpu_options': {'allow_growth': True}}, 'kl_target': 0.01, 'horizon': 1500, 'lr': 0.0005, 'sample_async': False, 'simple_optimizer': False, 'compress_observations': False, 'num_envs_per_worker': 1, 'gamma': 0.99, 'sgd_minibatch_size': 128, 'observation_filter': 'NoFilter', 'entropy_coeff': 0.0, 'batch_mode': 'truncate_episodes', 'straggler_mitigation': False, 'vf_share_layers': False, 'num_gpus': 0, 'synchronize_filters': True, 'num_sgd_iter': 10, 'train_batch_size': 1500, 'optimizer': {}, 'num_gpus_per_worker': 0, 'preprocessor_pref': 'deepmind', 'num_cpus_for_driver': 1, 'lr_schedule': None, 'use_gae': True, 'lambda': 0.97, 'vf_loss_coeff': 1.0, 'vf_clip_param': 1000000.0, 'log_level': 'INFO', 'env_config': {'run': 'PPO', 'flow_params': '{\n    ""env"": {\n        ""additional_params"": {\n            ""max_accel"": 3,\n            ""max_decel"": 3,\n            ""sort_vehicles"": false,\n            ""target_velocity"": 20\n        },\n        ""evaluate"": false,\n        ""horizon"": 1500,\n        ""sims_per_step"": 1,\n        ""warmup_steps"": 0\n    },\n    ""env_name"": ""AccelEnv"",\n    ""exp_tag"": ""figure_eight_0"",\n    ""initial"": {\n        ""additional_params"": {},\n        ""bunching"": 0,\n        ""edges_distribution"": ""all"",\n        ""lanes_distribution"": Infinity,\n        ""min_gap"": 0,\n        ""perturbation"": 0.0,\n        ""shuffle"": false,\n        ""spacing"": ""uniform"",\n        ""x0"": 0\n    },\n    ""net"": {\n        ""additional_params"": {\n            ""lanes"": 1,\n            ""radius_ring"": 30,\n            ""resolution"": 40,\n            ""speed_limit"": 30\n        },\n        ""inflows"": {\n            ""_InFlows__flows"": [],\n            ""num_flows"": 0\n        },\n        ""netfile"": null,\n        ""no_internal_links"": false,\n        ""osm_path"": null\n    },\n    ""scenario"": ""Figure8Scenario"",\n    ""sim"": {\n        ""emission_path"": null,\n        ""lateral_resolution"": null,\n        ""no_step_log"": true,\n        ""num_clients"": 1,\n        ""overtake_right"": false,\n        ""port"": null,\n        ""print_warnings"": true,\n        ""pxpm"": 2,\n        ""render"": false,\n        ""restart_instance"": false,\n        ""save_render"": false,\n        ""seed"": null,\n        ""show_radius"": false,\n        ""sight_radius"": 25,\n        ""sim_step"": 0.1,\n        ""teleport_time"": -1\n    },\n    ""simulator"": ""traci"",\n    ""veh"": [\n        {\n            ""acceleration_controller"": [\n                ""IDMController"",\n                {\n                    ""noise"": 0.2\n                }\n            ],\n            ""car_following_params"": {\n                ""controller_params"": {\n                    ""accel"": 1.0,\n                    ""carFollowModel"": ""IDM"",\n                    ""decel"": 1.5,\n                    ""impatience"": 0.5,\n                    ""maxSpeed"": 30,\n                    ""minGap"": 2.5,\n                    ""sigma"": 0.5,\n                    ""speedDev"": 0.1,\n                    ""speedFactor"": 1.0,\n                    ""tau"": 1.0\n                },\n                ""speed_mode"": 1\n            },\n            ""initial_speed"": 0,\n            ""lane_change_controller"": [\n                ""SimLaneChangeController"",\n                {}\n            ],\n            ""lane_change_params"": {\n                ""controller_params"": {\n                    ""laneChangeModel"": ""LC2013"",\n                    ""lcCooperative"": ""1.0"",\n                    ""lcKeepRight"": ""1.0"",\n                    ""lcSpeedGain"": ""1.0"",\n                    ""lcStrategic"": ""1.0""\n                },\n                ""lane_change_mode"": 512\n            },\n            ""num_vehicles"": 13,\n            ""routing_controller"": [\n                ""ContinuousRouter"",\n                {}\n            ],\n            ""veh_id"": ""human""\n        },\n        {\n            ""acceleration_controller"": [\n                ""RLController"",\n                {}\n            ],\n            ""car_following_params"": {\n                ""controller_params"": {\n                    ""accel"": 1.0,\n                    ""carFollowModel"": ""IDM"",\n                    ""decel"": 1.5,\n                    ""impatience"": 0.5,\n                    ""maxSpeed"": 30,\n                    ""minGap"": 2.5,\n                    ""sigma"": 0.5,\n                    ""speedDev"": 0.1,\n                    ""speedFactor"": 1.0,\n                    ""tau"": 1.0\n                },\n                ""speed_mode"": 1\n            },\n            ""initial_speed"": 0,\n            ""lane_change_controller"": [\n                ""SimLaneChangeController"",\n                {}\n            ],\n            ""lane_change_params"": {\n                ""controller_params"": {\n                    ""laneChangeModel"": ""LC2013"",\n                    ""lcCooperative"": ""1.0"",\n                    ""lcKeepRight"": ""1.0"",\n                    ""lcSpeedGain"": ""1.0"",\n                    ""lcStrategic"": ""1.0""\n                },\n                ""lane_change_mode"": 512\n            },\n            ""num_vehicles"": 1,\n            ""routing_controller"": [\n                ""ContinuousRouter"",\n                {}\n            ],\n            ""veh_id"": ""rl""\n        }\n    ]\n}'}, 'env': 'AccelEnv-v0', 'local_evaluator_tf_session_args': {'inter_op_parallelism_threads': 8, 'intra_op_parallelism_threads': 8}, 'model': {'free_log_std': False, 'custom_options': {}, 'framestack': True, 'channel_major': False, 'max_seq_len': 20, 'lstm_use_prev_action_reward': False, 'squash_to_range': False, 'dim': 84, 'grayscale': False, 'fcnet_hiddens': [100, 50, 25], 'use_lstm': False, 'custom_model': None, 'fcnet_activation': 'tanh', 'conv_filters': None, 'conv_activation': 'relu', 'lstm_cell_size': 256, 'zero_mean': True, 'custom_preprocessor': None}, 'output_compress_columns': ['obs', 'new_obs'], 'monitor': False, 'custom_resources_per_worker': {}, 'output_max_file_size': 67108864, 'num_workers': 1, 'clip_param': 0.3, 'kl_coeff': 0.2, 'multiagent': {'policy_graphs': {}, 'policy_mapping_fn': None, 'policies_to_train': None}, 'input_evaluation': None, 'output': None, 'collect_metrics_timeout': 180, 'num_cpus_per_worker': 1}",169.237.32.118,1,1201.13,9.881852865219116,"{'num_steps_sampled': 169600, 'load_time_ms': 1.187, 'default': {'kl': 0.007697527762502432, 'cur_lr': 0.0005000000237487257, 'total_loss': 1.6341958045959473, 'policy_loss': -0.02715482749044895, 'vf_explained_var': 0.9644424319267273, 'entropy': 1.3344913721084595, 'cur_kl_coeff': 0.38486766815185547, 'vf_loss': 1.6583881378173828}, 'sample_time_ms': 9644.682, 'grad_time_ms': 274.733, 'update_time_ms': 4.745, 'num_steps_trained': 169600}",326.1538503292323,2019-04-02_07-54-23,kronos,71,169600,0,1055.007797241211,{},169600,106,106,1055.007797241211,496.3960633046472,1600,1554191663,{},0b32d2eec3344b1fbde4822793b2e447,54.45169917298337
False,135,"{'input': 'sampler', 'callbacks': {'on_train_result': None, 'on_sample_end': None, 'on_episode_step': None, 'on_episode_start': None, 'on_episode_end': None}, 'sample_batch_size': 200, 'clip_actions': False, 'clip_rewards': None, 'tf_session_args': {'inter_op_parallelism_threads': 2, 'intra_op_parallelism_threads': 2, 'device_count': {'CPU': 1}, 'log_device_placement': False, 'allow_soft_placement': True, 'gpu_options': {'allow_growth': True}}, 'kl_target': 0.01, 'horizon': 1500, 'lr': 0.0005, 'sample_async': False, 'simple_optimizer': False, 'compress_observations': False, 'num_envs_per_worker': 1, 'gamma': 0.99, 'sgd_minibatch_size': 128, 'observation_filter': 'NoFilter', 'entropy_coeff': 0.0, 'batch_mode': 'truncate_episodes', 'straggler_mitigation': False, 'vf_share_layers': False, 'num_gpus': 0, 'synchronize_filters': True, 'num_sgd_iter': 10, 'train_batch_size': 1500, 'optimizer': {}, 'num_gpus_per_worker': 0, 'preprocessor_pref': 'deepmind', 'num_cpus_for_driver': 1, 'lr_schedule': None, 'use_gae': True, 'lambda': 0.97, 'vf_loss_coeff': 1.0, 'vf_clip_param': 1000000.0, 'log_level': 'INFO', 'env_config': {'run': 'PPO', 'flow_params': '{\n    ""env"": {\n        ""additional_params"": {\n            ""max_accel"": 3,\n            ""max_decel"": 3,\n            ""sort_vehicles"": false,\n            ""target_velocity"": 20\n        },\n        ""evaluate"": false,\n        ""horizon"": 1500,\n        ""sims_per_step"": 1,\n        ""warmup_steps"": 0\n    },\n    ""env_name"": ""AccelEnv"",\n    ""exp_tag"": ""figure_eight_0"",\n    ""initial"": {\n        ""additional_params"": {},\n        ""bunching"": 0,\n        ""edges_distribution"": ""all"",\n        ""lanes_distribution"": Infinity,\n        ""min_gap"": 0,\n        ""perturbation"": 0.0,\n        ""shuffle"": false,\n        ""spacing"": ""uniform"",\n        ""x0"": 0\n    },\n    ""net"": {\n        ""additional_params"": {\n            ""lanes"": 1,\n            ""radius_ring"": 30,\n            ""resolution"": 40,\n            ""speed_limit"": 30\n        },\n        ""inflows"": {\n            ""_InFlows__flows"": [],\n            ""num_flows"": 0\n        },\n        ""netfile"": null,\n        ""no_internal_links"": false,\n        ""osm_path"": null\n    },\n    ""scenario"": ""Figure8Scenario"",\n    ""sim"": {\n        ""emission_path"": null,\n        ""lateral_resolution"": null,\n        ""no_step_log"": true,\n        ""num_clients"": 1,\n        ""overtake_right"": false,\n        ""port"": null,\n        ""print_warnings"": true,\n        ""pxpm"": 2,\n        ""render"": false,\n        ""restart_instance"": false,\n        ""save_render"": false,\n        ""seed"": null,\n        ""show_radius"": false,\n        ""sight_radius"": 25,\n        ""sim_step"": 0.1,\n        ""teleport_time"": -1\n    },\n    ""simulator"": ""traci"",\n    ""veh"": [\n        {\n            ""acceleration_controller"": [\n                ""IDMController"",\n                {\n                    ""noise"": 0.2\n                }\n            ],\n            ""car_following_params"": {\n                ""controller_params"": {\n                    ""accel"": 1.0,\n                    ""carFollowModel"": ""IDM"",\n                    ""decel"": 1.5,\n                    ""impatience"": 0.5,\n                    ""maxSpeed"": 30,\n                    ""minGap"": 2.5,\n                    ""sigma"": 0.5,\n                    ""speedDev"": 0.1,\n                    ""speedFactor"": 1.0,\n                    ""tau"": 1.0\n                },\n                ""speed_mode"": 1\n            },\n            ""initial_speed"": 0,\n            ""lane_change_controller"": [\n                ""SimLaneChangeController"",\n                {}\n            ],\n            ""lane_change_params"": {\n                ""controller_params"": {\n                    ""laneChangeModel"": ""LC2013"",\n                    ""lcCooperative"": ""1.0"",\n                    ""lcKeepRight"": ""1.0"",\n                    ""lcSpeedGain"": ""1.0"",\n                    ""lcStrategic"": ""1.0""\n                },\n                ""lane_change_mode"": 512\n            },\n            ""num_vehicles"": 13,\n            ""routing_controller"": [\n                ""ContinuousRouter"",\n                {}\n            ],\n            ""veh_id"": ""human""\n        },\n        {\n            ""acceleration_controller"": [\n                ""RLController"",\n                {}\n            ],\n            ""car_following_params"": {\n                ""controller_params"": {\n                    ""accel"": 1.0,\n                    ""carFollowModel"": ""IDM"",\n                    ""decel"": 1.5,\n                    ""impatience"": 0.5,\n                    ""maxSpeed"": 30,\n                    ""minGap"": 2.5,\n                    ""sigma"": 0.5,\n                    ""speedDev"": 0.1,\n                    ""speedFactor"": 1.0,\n                    ""tau"": 1.0\n                },\n                ""speed_mode"": 1\n            },\n            ""initial_speed"": 0,\n            ""lane_change_controller"": [\n                ""SimLaneChangeController"",\n                {}\n            ],\n            ""lane_change_params"": {\n                ""controller_params"": {\n                    ""laneChangeModel"": ""LC2013"",\n                    ""lcCooperative"": ""1.0"",\n                    ""lcKeepRight"": ""1.0"",\n                    ""lcSpeedGain"": ""1.0"",\n                    ""lcStrategic"": ""1.0""\n                },\n                ""lane_change_mode"": 512\n            },\n            ""num_vehicles"": 1,\n            ""routing_controller"": [\n                ""ContinuousRouter"",\n                {}\n            ],\n            ""veh_id"": ""rl""\n        }\n    ]\n}'}, 'env': 'AccelEnv-v0', 'local_evaluator_tf_session_args': {'inter_op_parallelism_threads': 8, 'intra_op_parallelism_threads': 8}, 'model': {'free_log_std': False, 'custom_options': {}, 'framestack': True, 'channel_major': False, 'max_seq_len': 20, 'lstm_use_prev_action_reward': False, 'squash_to_range': False, 'dim': 84, 'grayscale': False, 'fcnet_hiddens': [100, 50, 25], 'use_lstm': False, 'custom_model': None, 'fcnet_activation': 'tanh', 'conv_filters': None, 'conv_activation': 'relu', 'lstm_cell_size': 256, 'zero_mean': True, 'custom_preprocessor': None}, 'output_compress_columns': ['obs', 'new_obs'], 'monitor': False, 'custom_resources_per_worker': {}, 'output_max_file_size': 67108864, 'num_workers': 1, 'clip_param': 0.3, 'kl_coeff': 0.2, 'multiagent': {'policy_graphs': {}, 'policy_mapping_fn': None, 'policies_to_train': None}, 'input_evaluation': None, 'output': None, 'collect_metrics_timeout': 180, 'num_cpus_per_worker': 1}",169.237.32.118,1,1207.97,10.024605989456177,"{'num_steps_sampled': 171200, 'load_time_ms': 1.175, 'default': {'kl': 0.019829580560326576, 'cur_lr': 0.0005000000237487257, 'total_loss': 1.0337611436843872, 'policy_loss': -0.034124378114938736, 'vf_explained_var': 0.9789999127388, 'entropy': 1.4011483192443848, 'cur_kl_coeff': 0.38486766815185547, 'vf_loss': 1.060253620147705}, 'sample_time_ms': 9645.808, 'grad_time_ms': 276.459, 'update_time_ms': 4.684, 'num_steps_trained': 171200}",328.09072249513673,2019-04-02_07-54-33,kronos,71,171200,0,1065.0324032306671,{},171200,107,107,1065.0324032306671,496.3960633046472,1600,1554191673,{},0b32d2eec3344b1fbde4822793b2e447,54.45169917298337
False,136,"{'input': 'sampler', 'callbacks': {'on_train_result': None, 'on_sample_end': None, 'on_episode_step': None, 'on_episode_start': None, 'on_episode_end': None}, 'sample_batch_size': 200, 'clip_actions': False, 'clip_rewards': None, 'tf_session_args': {'inter_op_parallelism_threads': 2, 'intra_op_parallelism_threads': 2, 'device_count': {'CPU': 1}, 'log_device_placement': False, 'allow_soft_placement': True, 'gpu_options': {'allow_growth': True}}, 'kl_target': 0.01, 'horizon': 1500, 'lr': 0.0005, 'sample_async': False, 'simple_optimizer': False, 'compress_observations': False, 'num_envs_per_worker': 1, 'gamma': 0.99, 'sgd_minibatch_size': 128, 'observation_filter': 'NoFilter', 'entropy_coeff': 0.0, 'batch_mode': 'truncate_episodes', 'straggler_mitigation': False, 'vf_share_layers': False, 'num_gpus': 0, 'synchronize_filters': True, 'num_sgd_iter': 10, 'train_batch_size': 1500, 'optimizer': {}, 'num_gpus_per_worker': 0, 'preprocessor_pref': 'deepmind', 'num_cpus_for_driver': 1, 'lr_schedule': None, 'use_gae': True, 'lambda': 0.97, 'vf_loss_coeff': 1.0, 'vf_clip_param': 1000000.0, 'log_level': 'INFO', 'env_config': {'run': 'PPO', 'flow_params': '{\n    ""env"": {\n        ""additional_params"": {\n            ""max_accel"": 3,\n            ""max_decel"": 3,\n            ""sort_vehicles"": false,\n            ""target_velocity"": 20\n        },\n        ""evaluate"": false,\n        ""horizon"": 1500,\n        ""sims_per_step"": 1,\n        ""warmup_steps"": 0\n    },\n    ""env_name"": ""AccelEnv"",\n    ""exp_tag"": ""figure_eight_0"",\n    ""initial"": {\n        ""additional_params"": {},\n        ""bunching"": 0,\n        ""edges_distribution"": ""all"",\n        ""lanes_distribution"": Infinity,\n        ""min_gap"": 0,\n        ""perturbation"": 0.0,\n        ""shuffle"": false,\n        ""spacing"": ""uniform"",\n        ""x0"": 0\n    },\n    ""net"": {\n        ""additional_params"": {\n            ""lanes"": 1,\n            ""radius_ring"": 30,\n            ""resolution"": 40,\n            ""speed_limit"": 30\n        },\n        ""inflows"": {\n            ""_InFlows__flows"": [],\n            ""num_flows"": 0\n        },\n        ""netfile"": null,\n        ""no_internal_links"": false,\n        ""osm_path"": null\n    },\n    ""scenario"": ""Figure8Scenario"",\n    ""sim"": {\n        ""emission_path"": null,\n        ""lateral_resolution"": null,\n        ""no_step_log"": true,\n        ""num_clients"": 1,\n        ""overtake_right"": false,\n        ""port"": null,\n        ""print_warnings"": true,\n        ""pxpm"": 2,\n        ""render"": false,\n        ""restart_instance"": false,\n        ""save_render"": false,\n        ""seed"": null,\n        ""show_radius"": false,\n        ""sight_radius"": 25,\n        ""sim_step"": 0.1,\n        ""teleport_time"": -1\n    },\n    ""simulator"": ""traci"",\n    ""veh"": [\n        {\n            ""acceleration_controller"": [\n                ""IDMController"",\n                {\n                    ""noise"": 0.2\n                }\n            ],\n            ""car_following_params"": {\n                ""controller_params"": {\n                    ""accel"": 1.0,\n                    ""carFollowModel"": ""IDM"",\n                    ""decel"": 1.5,\n                    ""impatience"": 0.5,\n                    ""maxSpeed"": 30,\n                    ""minGap"": 2.5,\n                    ""sigma"": 0.5,\n                    ""speedDev"": 0.1,\n                    ""speedFactor"": 1.0,\n                    ""tau"": 1.0\n                },\n                ""speed_mode"": 1\n            },\n            ""initial_speed"": 0,\n            ""lane_change_controller"": [\n                ""SimLaneChangeController"",\n                {}\n            ],\n            ""lane_change_params"": {\n                ""controller_params"": {\n                    ""laneChangeModel"": ""LC2013"",\n                    ""lcCooperative"": ""1.0"",\n                    ""lcKeepRight"": ""1.0"",\n                    ""lcSpeedGain"": ""1.0"",\n                    ""lcStrategic"": ""1.0""\n                },\n                ""lane_change_mode"": 512\n            },\n            ""num_vehicles"": 13,\n            ""routing_controller"": [\n                ""ContinuousRouter"",\n                {}\n            ],\n            ""veh_id"": ""human""\n        },\n        {\n            ""acceleration_controller"": [\n                ""RLController"",\n                {}\n            ],\n            ""car_following_params"": {\n                ""controller_params"": {\n                    ""accel"": 1.0,\n                    ""carFollowModel"": ""IDM"",\n                    ""decel"": 1.5,\n                    ""impatience"": 0.5,\n                    ""maxSpeed"": 30,\n                    ""minGap"": 2.5,\n                    ""sigma"": 0.5,\n                    ""speedDev"": 0.1,\n                    ""speedFactor"": 1.0,\n                    ""tau"": 1.0\n                },\n                ""speed_mode"": 1\n            },\n            ""initial_speed"": 0,\n            ""lane_change_controller"": [\n                ""SimLaneChangeController"",\n                {}\n            ],\n            ""lane_change_params"": {\n                ""controller_params"": {\n                    ""laneChangeModel"": ""LC2013"",\n                    ""lcCooperative"": ""1.0"",\n                    ""lcKeepRight"": ""1.0"",\n                    ""lcSpeedGain"": ""1.0"",\n                    ""lcStrategic"": ""1.0""\n                },\n                ""lane_change_mode"": 512\n            },\n            ""num_vehicles"": 1,\n            ""routing_controller"": [\n                ""ContinuousRouter"",\n                {}\n            ],\n            ""veh_id"": ""rl""\n        }\n    ]\n}'}, 'env': 'AccelEnv-v0', 'local_evaluator_tf_session_args': {'inter_op_parallelism_threads': 8, 'intra_op_parallelism_threads': 8}, 'model': {'free_log_std': False, 'custom_options': {}, 'framestack': True, 'channel_major': False, 'max_seq_len': 20, 'lstm_use_prev_action_reward': False, 'squash_to_range': False, 'dim': 84, 'grayscale': False, 'fcnet_hiddens': [100, 50, 25], 'use_lstm': False, 'custom_model': None, 'fcnet_activation': 'tanh', 'conv_filters': None, 'conv_activation': 'relu', 'lstm_cell_size': 256, 'zero_mean': True, 'custom_preprocessor': None}, 'output_compress_columns': ['obs', 'new_obs'], 'monitor': False, 'custom_resources_per_worker': {}, 'output_max_file_size': 67108864, 'num_workers': 1, 'clip_param': 0.3, 'kl_coeff': 0.2, 'multiagent': {'policy_graphs': {}, 'policy_mapping_fn': None, 'policies_to_train': None}, 'input_evaluation': None, 'output': None, 'collect_metrics_timeout': 180, 'num_cpus_per_worker': 1}",169.237.32.118,1,1215.69,9.92461109161377,"{'num_steps_sampled': 172800, 'load_time_ms': 1.207, 'default': {'kl': 0.010516512207686901, 'cur_lr': 0.0005000000237487257, 'total_loss': 1.632959246635437, 'policy_loss': -0.017633510753512383, 'vf_explained_var': 0.9760870337486267, 'entropy': 1.4105817079544067, 'cur_kl_coeff': 0.38486766815185547, 'vf_loss': 1.6465450525283813}, 'sample_time_ms': 9649.264, 'grad_time_ms': 277.555, 'update_time_ms': 4.622, 'num_steps_trained': 172800}",330.8548797761606,2019-04-02_07-54-43,kronos,71,172800,0,1074.9570143222809,{},172800,108,108,1074.9570143222809,496.3960633046472,1600,1554191683,{},0b32d2eec3344b1fbde4822793b2e447,54.45169917298337
False,138,"{'input': 'sampler', 'callbacks': {'on_train_result': None, 'on_sample_end': None, 'on_episode_step': None, 'on_episode_start': None, 'on_episode_end': None}, 'sample_batch_size': 200, 'clip_actions': False, 'clip_rewards': None, 'tf_session_args': {'inter_op_parallelism_threads': 2, 'intra_op_parallelism_threads': 2, 'device_count': {'CPU': 1}, 'log_device_placement': False, 'allow_soft_placement': True, 'gpu_options': {'allow_growth': True}}, 'kl_target': 0.01, 'horizon': 1500, 'lr': 0.0005, 'sample_async': False, 'simple_optimizer': False, 'compress_observations': False, 'num_envs_per_worker': 1, 'gamma': 0.99, 'sgd_minibatch_size': 128, 'observation_filter': 'NoFilter', 'entropy_coeff': 0.0, 'batch_mode': 'truncate_episodes', 'straggler_mitigation': False, 'vf_share_layers': False, 'num_gpus': 0, 'synchronize_filters': True, 'num_sgd_iter': 10, 'train_batch_size': 1500, 'optimizer': {}, 'num_gpus_per_worker': 0, 'preprocessor_pref': 'deepmind', 'num_cpus_for_driver': 1, 'lr_schedule': None, 'use_gae': True, 'lambda': 0.97, 'vf_loss_coeff': 1.0, 'vf_clip_param': 1000000.0, 'log_level': 'INFO', 'env_config': {'run': 'PPO', 'flow_params': '{\n    ""env"": {\n        ""additional_params"": {\n            ""max_accel"": 3,\n            ""max_decel"": 3,\n            ""sort_vehicles"": false,\n            ""target_velocity"": 20\n        },\n        ""evaluate"": false,\n        ""horizon"": 1500,\n        ""sims_per_step"": 1,\n        ""warmup_steps"": 0\n    },\n    ""env_name"": ""AccelEnv"",\n    ""exp_tag"": ""figure_eight_0"",\n    ""initial"": {\n        ""additional_params"": {},\n        ""bunching"": 0,\n        ""edges_distribution"": ""all"",\n        ""lanes_distribution"": Infinity,\n        ""min_gap"": 0,\n        ""perturbation"": 0.0,\n        ""shuffle"": false,\n        ""spacing"": ""uniform"",\n        ""x0"": 0\n    },\n    ""net"": {\n        ""additional_params"": {\n            ""lanes"": 1,\n            ""radius_ring"": 30,\n            ""resolution"": 40,\n            ""speed_limit"": 30\n        },\n        ""inflows"": {\n            ""_InFlows__flows"": [],\n            ""num_flows"": 0\n        },\n        ""netfile"": null,\n        ""no_internal_links"": false,\n        ""osm_path"": null\n    },\n    ""scenario"": ""Figure8Scenario"",\n    ""sim"": {\n        ""emission_path"": null,\n        ""lateral_resolution"": null,\n        ""no_step_log"": true,\n        ""num_clients"": 1,\n        ""overtake_right"": false,\n        ""port"": null,\n        ""print_warnings"": true,\n        ""pxpm"": 2,\n        ""render"": false,\n        ""restart_instance"": false,\n        ""save_render"": false,\n        ""seed"": null,\n        ""show_radius"": false,\n        ""sight_radius"": 25,\n        ""sim_step"": 0.1,\n        ""teleport_time"": -1\n    },\n    ""simulator"": ""traci"",\n    ""veh"": [\n        {\n            ""acceleration_controller"": [\n                ""IDMController"",\n                {\n                    ""noise"": 0.2\n                }\n            ],\n            ""car_following_params"": {\n                ""controller_params"": {\n                    ""accel"": 1.0,\n                    ""carFollowModel"": ""IDM"",\n                    ""decel"": 1.5,\n                    ""impatience"": 0.5,\n                    ""maxSpeed"": 30,\n                    ""minGap"": 2.5,\n                    ""sigma"": 0.5,\n                    ""speedDev"": 0.1,\n                    ""speedFactor"": 1.0,\n                    ""tau"": 1.0\n                },\n                ""speed_mode"": 1\n            },\n            ""initial_speed"": 0,\n            ""lane_change_controller"": [\n                ""SimLaneChangeController"",\n                {}\n            ],\n            ""lane_change_params"": {\n                ""controller_params"": {\n                    ""laneChangeModel"": ""LC2013"",\n                    ""lcCooperative"": ""1.0"",\n                    ""lcKeepRight"": ""1.0"",\n                    ""lcSpeedGain"": ""1.0"",\n                    ""lcStrategic"": ""1.0""\n                },\n                ""lane_change_mode"": 512\n            },\n            ""num_vehicles"": 13,\n            ""routing_controller"": [\n                ""ContinuousRouter"",\n                {}\n            ],\n            ""veh_id"": ""human""\n        },\n        {\n            ""acceleration_controller"": [\n                ""RLController"",\n                {}\n            ],\n            ""car_following_params"": {\n                ""controller_params"": {\n                    ""accel"": 1.0,\n                    ""carFollowModel"": ""IDM"",\n                    ""decel"": 1.5,\n                    ""impatience"": 0.5,\n                    ""maxSpeed"": 30,\n                    ""minGap"": 2.5,\n                    ""sigma"": 0.5,\n                    ""speedDev"": 0.1,\n                    ""speedFactor"": 1.0,\n                    ""tau"": 1.0\n                },\n                ""speed_mode"": 1\n            },\n            ""initial_speed"": 0,\n            ""lane_change_controller"": [\n                ""SimLaneChangeController"",\n                {}\n            ],\n            ""lane_change_params"": {\n                ""controller_params"": {\n                    ""laneChangeModel"": ""LC2013"",\n                    ""lcCooperative"": ""1.0"",\n                    ""lcKeepRight"": ""1.0"",\n                    ""lcSpeedGain"": ""1.0"",\n                    ""lcStrategic"": ""1.0""\n                },\n                ""lane_change_mode"": 512\n            },\n            ""num_vehicles"": 1,\n            ""routing_controller"": [\n                ""ContinuousRouter"",\n                {}\n            ],\n            ""veh_id"": ""rl""\n        }\n    ]\n}'}, 'env': 'AccelEnv-v0', 'local_evaluator_tf_session_args': {'inter_op_parallelism_threads': 8, 'intra_op_parallelism_threads': 8}, 'model': {'free_log_std': False, 'custom_options': {}, 'framestack': True, 'channel_major': False, 'max_seq_len': 20, 'lstm_use_prev_action_reward': False, 'squash_to_range': False, 'dim': 84, 'grayscale': False, 'fcnet_hiddens': [100, 50, 25], 'use_lstm': False, 'custom_model': None, 'fcnet_activation': 'tanh', 'conv_filters': None, 'conv_activation': 'relu', 'lstm_cell_size': 256, 'zero_mean': True, 'custom_preprocessor': None}, 'output_compress_columns': ['obs', 'new_obs'], 'monitor': False, 'custom_resources_per_worker': {}, 'output_max_file_size': 67108864, 'num_workers': 1, 'clip_param': 0.3, 'kl_coeff': 0.2, 'multiagent': {'policy_graphs': {}, 'policy_mapping_fn': None, 'policies_to_train': None}, 'input_evaluation': None, 'output': None, 'collect_metrics_timeout': 180, 'num_cpus_per_worker': 1}",169.237.32.118,2,1218.02,9.841962575912476,"{'num_steps_sampled': 174400, 'load_time_ms': 1.128, 'default': {'kl': 0.02017292194068432, 'cur_lr': 0.0005000000237487257, 'total_loss': 0.935309886932373, 'policy_loss': -0.026347815990447998, 'vf_explained_var': 0.9906420111656189, 'entropy': 1.4263325929641724, 'cur_kl_coeff': 0.38486766815185547, 'vf_loss': 0.9538938403129578}, 'sample_time_ms': 9629.439, 'grad_time_ms': 278.382, 'update_time_ms': 4.69, 'num_steps_trained': 174400}",331.58449432415597,2019-04-02_07-54-53,kronos,71,174400,0,1084.7989768981934,{},174400,109,109,1084.7989768981934,496.3960633046472,1600,1554191693,{},0b32d2eec3344b1fbde4822793b2e447,54.45169917298337
False,139,"{'input': 'sampler', 'callbacks': {'on_train_result': None, 'on_sample_end': None, 'on_episode_step': None, 'on_episode_start': None, 'on_episode_end': None}, 'sample_batch_size': 200, 'clip_actions': False, 'clip_rewards': None, 'tf_session_args': {'inter_op_parallelism_threads': 2, 'intra_op_parallelism_threads': 2, 'device_count': {'CPU': 1}, 'log_device_placement': False, 'allow_soft_placement': True, 'gpu_options': {'allow_growth': True}}, 'kl_target': 0.01, 'horizon': 1500, 'lr': 0.0005, 'sample_async': False, 'simple_optimizer': False, 'compress_observations': False, 'num_envs_per_worker': 1, 'gamma': 0.99, 'sgd_minibatch_size': 128, 'observation_filter': 'NoFilter', 'entropy_coeff': 0.0, 'batch_mode': 'truncate_episodes', 'straggler_mitigation': False, 'vf_share_layers': False, 'num_gpus': 0, 'synchronize_filters': True, 'num_sgd_iter': 10, 'train_batch_size': 1500, 'optimizer': {}, 'num_gpus_per_worker': 0, 'preprocessor_pref': 'deepmind', 'num_cpus_for_driver': 1, 'lr_schedule': None, 'use_gae': True, 'lambda': 0.97, 'vf_loss_coeff': 1.0, 'vf_clip_param': 1000000.0, 'log_level': 'INFO', 'env_config': {'run': 'PPO', 'flow_params': '{\n    ""env"": {\n        ""additional_params"": {\n            ""max_accel"": 3,\n            ""max_decel"": 3,\n            ""sort_vehicles"": false,\n            ""target_velocity"": 20\n        },\n        ""evaluate"": false,\n        ""horizon"": 1500,\n        ""sims_per_step"": 1,\n        ""warmup_steps"": 0\n    },\n    ""env_name"": ""AccelEnv"",\n    ""exp_tag"": ""figure_eight_0"",\n    ""initial"": {\n        ""additional_params"": {},\n        ""bunching"": 0,\n        ""edges_distribution"": ""all"",\n        ""lanes_distribution"": Infinity,\n        ""min_gap"": 0,\n        ""perturbation"": 0.0,\n        ""shuffle"": false,\n        ""spacing"": ""uniform"",\n        ""x0"": 0\n    },\n    ""net"": {\n        ""additional_params"": {\n            ""lanes"": 1,\n            ""radius_ring"": 30,\n            ""resolution"": 40,\n            ""speed_limit"": 30\n        },\n        ""inflows"": {\n            ""_InFlows__flows"": [],\n            ""num_flows"": 0\n        },\n        ""netfile"": null,\n        ""no_internal_links"": false,\n        ""osm_path"": null\n    },\n    ""scenario"": ""Figure8Scenario"",\n    ""sim"": {\n        ""emission_path"": null,\n        ""lateral_resolution"": null,\n        ""no_step_log"": true,\n        ""num_clients"": 1,\n        ""overtake_right"": false,\n        ""port"": null,\n        ""print_warnings"": true,\n        ""pxpm"": 2,\n        ""render"": false,\n        ""restart_instance"": false,\n        ""save_render"": false,\n        ""seed"": null,\n        ""show_radius"": false,\n        ""sight_radius"": 25,\n        ""sim_step"": 0.1,\n        ""teleport_time"": -1\n    },\n    ""simulator"": ""traci"",\n    ""veh"": [\n        {\n            ""acceleration_controller"": [\n                ""IDMController"",\n                {\n                    ""noise"": 0.2\n                }\n            ],\n            ""car_following_params"": {\n                ""controller_params"": {\n                    ""accel"": 1.0,\n                    ""carFollowModel"": ""IDM"",\n                    ""decel"": 1.5,\n                    ""impatience"": 0.5,\n                    ""maxSpeed"": 30,\n                    ""minGap"": 2.5,\n                    ""sigma"": 0.5,\n                    ""speedDev"": 0.1,\n                    ""speedFactor"": 1.0,\n                    ""tau"": 1.0\n                },\n                ""speed_mode"": 1\n            },\n            ""initial_speed"": 0,\n            ""lane_change_controller"": [\n                ""SimLaneChangeController"",\n                {}\n            ],\n            ""lane_change_params"": {\n                ""controller_params"": {\n                    ""laneChangeModel"": ""LC2013"",\n                    ""lcCooperative"": ""1.0"",\n                    ""lcKeepRight"": ""1.0"",\n                    ""lcSpeedGain"": ""1.0"",\n                    ""lcStrategic"": ""1.0""\n                },\n                ""lane_change_mode"": 512\n            },\n            ""num_vehicles"": 13,\n            ""routing_controller"": [\n                ""ContinuousRouter"",\n                {}\n            ],\n            ""veh_id"": ""human""\n        },\n        {\n            ""acceleration_controller"": [\n                ""RLController"",\n                {}\n            ],\n            ""car_following_params"": {\n                ""controller_params"": {\n                    ""accel"": 1.0,\n                    ""carFollowModel"": ""IDM"",\n                    ""decel"": 1.5,\n                    ""impatience"": 0.5,\n                    ""maxSpeed"": 30,\n                    ""minGap"": 2.5,\n                    ""sigma"": 0.5,\n                    ""speedDev"": 0.1,\n                    ""speedFactor"": 1.0,\n                    ""tau"": 1.0\n                },\n                ""speed_mode"": 1\n            },\n            ""initial_speed"": 0,\n            ""lane_change_controller"": [\n                ""SimLaneChangeController"",\n                {}\n            ],\n            ""lane_change_params"": {\n                ""controller_params"": {\n                    ""laneChangeModel"": ""LC2013"",\n                    ""lcCooperative"": ""1.0"",\n                    ""lcKeepRight"": ""1.0"",\n                    ""lcSpeedGain"": ""1.0"",\n                    ""lcStrategic"": ""1.0""\n                },\n                ""lane_change_mode"": 512\n            },\n            ""num_vehicles"": 1,\n            ""routing_controller"": [\n                ""ContinuousRouter"",\n                {}\n            ],\n            ""veh_id"": ""rl""\n        }\n    ]\n}'}, 'env': 'AccelEnv-v0', 'local_evaluator_tf_session_args': {'inter_op_parallelism_threads': 8, 'intra_op_parallelism_threads': 8}, 'model': {'free_log_std': False, 'custom_options': {}, 'framestack': True, 'channel_major': False, 'max_seq_len': 20, 'lstm_use_prev_action_reward': False, 'squash_to_range': False, 'dim': 84, 'grayscale': False, 'fcnet_hiddens': [100, 50, 25], 'use_lstm': False, 'custom_model': None, 'fcnet_activation': 'tanh', 'conv_filters': None, 'conv_activation': 'relu', 'lstm_cell_size': 256, 'zero_mean': True, 'custom_preprocessor': None}, 'output_compress_columns': ['obs', 'new_obs'], 'monitor': False, 'custom_resources_per_worker': {}, 'output_max_file_size': 67108864, 'num_workers': 1, 'clip_param': 0.3, 'kl_coeff': 0.2, 'multiagent': {'policy_graphs': {}, 'policy_mapping_fn': None, 'policies_to_train': None}, 'input_evaluation': None, 'output': None, 'collect_metrics_timeout': 180, 'num_cpus_per_worker': 1}",169.237.32.118,1,1222.8,9.768655061721802,"{'num_steps_sampled': 176000, 'load_time_ms': 1.127, 'default': {'kl': 0.009405594319105148, 'cur_lr': 0.0005000000237487257, 'total_loss': 0.8689096570014954, 'policy_loss': -0.012317291460931301, 'vf_explained_var': 0.9712921977043152, 'entropy': 1.3377896547317505, 'cur_kl_coeff': 0.5773015022277832, 'vf_loss': 0.8757970929145813}, 'sample_time_ms': 9601.809, 'grad_time_ms': 278.309, 'update_time_ms': 4.643, 'num_steps_trained': 176000}",333.6651943287607,2019-04-02_07-55-03,kronos,71,176000,0,1094.5676319599152,{},176000,110,110,1094.5676319599152,496.3960633046472,1600,1554191703,{},0b32d2eec3344b1fbde4822793b2e447,54.45169917298337
False,141,"{'input': 'sampler', 'callbacks': {'on_train_result': None, 'on_sample_end': None, 'on_episode_step': None, 'on_episode_start': None, 'on_episode_end': None}, 'sample_batch_size': 200, 'clip_actions': False, 'clip_rewards': None, 'tf_session_args': {'inter_op_parallelism_threads': 2, 'intra_op_parallelism_threads': 2, 'device_count': {'CPU': 1}, 'log_device_placement': False, 'allow_soft_placement': True, 'gpu_options': {'allow_growth': True}}, 'kl_target': 0.01, 'horizon': 1500, 'lr': 0.0005, 'sample_async': False, 'simple_optimizer': False, 'compress_observations': False, 'num_envs_per_worker': 1, 'gamma': 0.99, 'sgd_minibatch_size': 128, 'observation_filter': 'NoFilter', 'entropy_coeff': 0.0, 'batch_mode': 'truncate_episodes', 'straggler_mitigation': False, 'vf_share_layers': False, 'num_gpus': 0, 'synchronize_filters': True, 'num_sgd_iter': 10, 'train_batch_size': 1500, 'optimizer': {}, 'num_gpus_per_worker': 0, 'preprocessor_pref': 'deepmind', 'num_cpus_for_driver': 1, 'lr_schedule': None, 'use_gae': True, 'lambda': 0.97, 'vf_loss_coeff': 1.0, 'vf_clip_param': 1000000.0, 'log_level': 'INFO', 'env_config': {'run': 'PPO', 'flow_params': '{\n    ""env"": {\n        ""additional_params"": {\n            ""max_accel"": 3,\n            ""max_decel"": 3,\n            ""sort_vehicles"": false,\n            ""target_velocity"": 20\n        },\n        ""evaluate"": false,\n        ""horizon"": 1500,\n        ""sims_per_step"": 1,\n        ""warmup_steps"": 0\n    },\n    ""env_name"": ""AccelEnv"",\n    ""exp_tag"": ""figure_eight_0"",\n    ""initial"": {\n        ""additional_params"": {},\n        ""bunching"": 0,\n        ""edges_distribution"": ""all"",\n        ""lanes_distribution"": Infinity,\n        ""min_gap"": 0,\n        ""perturbation"": 0.0,\n        ""shuffle"": false,\n        ""spacing"": ""uniform"",\n        ""x0"": 0\n    },\n    ""net"": {\n        ""additional_params"": {\n            ""lanes"": 1,\n            ""radius_ring"": 30,\n            ""resolution"": 40,\n            ""speed_limit"": 30\n        },\n        ""inflows"": {\n            ""_InFlows__flows"": [],\n            ""num_flows"": 0\n        },\n        ""netfile"": null,\n        ""no_internal_links"": false,\n        ""osm_path"": null\n    },\n    ""scenario"": ""Figure8Scenario"",\n    ""sim"": {\n        ""emission_path"": null,\n        ""lateral_resolution"": null,\n        ""no_step_log"": true,\n        ""num_clients"": 1,\n        ""overtake_right"": false,\n        ""port"": null,\n        ""print_warnings"": true,\n        ""pxpm"": 2,\n        ""render"": false,\n        ""restart_instance"": false,\n        ""save_render"": false,\n        ""seed"": null,\n        ""show_radius"": false,\n        ""sight_radius"": 25,\n        ""sim_step"": 0.1,\n        ""teleport_time"": -1\n    },\n    ""simulator"": ""traci"",\n    ""veh"": [\n        {\n            ""acceleration_controller"": [\n                ""IDMController"",\n                {\n                    ""noise"": 0.2\n                }\n            ],\n            ""car_following_params"": {\n                ""controller_params"": {\n                    ""accel"": 1.0,\n                    ""carFollowModel"": ""IDM"",\n                    ""decel"": 1.5,\n                    ""impatience"": 0.5,\n                    ""maxSpeed"": 30,\n                    ""minGap"": 2.5,\n                    ""sigma"": 0.5,\n                    ""speedDev"": 0.1,\n                    ""speedFactor"": 1.0,\n                    ""tau"": 1.0\n                },\n                ""speed_mode"": 1\n            },\n            ""initial_speed"": 0,\n            ""lane_change_controller"": [\n                ""SimLaneChangeController"",\n                {}\n            ],\n            ""lane_change_params"": {\n                ""controller_params"": {\n                    ""laneChangeModel"": ""LC2013"",\n                    ""lcCooperative"": ""1.0"",\n                    ""lcKeepRight"": ""1.0"",\n                    ""lcSpeedGain"": ""1.0"",\n                    ""lcStrategic"": ""1.0""\n                },\n                ""lane_change_mode"": 512\n            },\n            ""num_vehicles"": 13,\n            ""routing_controller"": [\n                ""ContinuousRouter"",\n                {}\n            ],\n            ""veh_id"": ""human""\n        },\n        {\n            ""acceleration_controller"": [\n                ""RLController"",\n                {}\n            ],\n            ""car_following_params"": {\n                ""controller_params"": {\n                    ""accel"": 1.0,\n                    ""carFollowModel"": ""IDM"",\n                    ""decel"": 1.5,\n                    ""impatience"": 0.5,\n                    ""maxSpeed"": 30,\n                    ""minGap"": 2.5,\n                    ""sigma"": 0.5,\n                    ""speedDev"": 0.1,\n                    ""speedFactor"": 1.0,\n                    ""tau"": 1.0\n                },\n                ""speed_mode"": 1\n            },\n            ""initial_speed"": 0,\n            ""lane_change_controller"": [\n                ""SimLaneChangeController"",\n                {}\n            ],\n            ""lane_change_params"": {\n                ""controller_params"": {\n                    ""laneChangeModel"": ""LC2013"",\n                    ""lcCooperative"": ""1.0"",\n                    ""lcKeepRight"": ""1.0"",\n                    ""lcSpeedGain"": ""1.0"",\n                    ""lcStrategic"": ""1.0""\n                },\n                ""lane_change_mode"": 512\n            },\n            ""num_vehicles"": 1,\n            ""routing_controller"": [\n                ""ContinuousRouter"",\n                {}\n            ],\n            ""veh_id"": ""rl""\n        }\n    ]\n}'}, 'env': 'AccelEnv-v0', 'local_evaluator_tf_session_args': {'inter_op_parallelism_threads': 8, 'intra_op_parallelism_threads': 8}, 'model': {'free_log_std': False, 'custom_options': {}, 'framestack': True, 'channel_major': False, 'max_seq_len': 20, 'lstm_use_prev_action_reward': False, 'squash_to_range': False, 'dim': 84, 'grayscale': False, 'fcnet_hiddens': [100, 50, 25], 'use_lstm': False, 'custom_model': None, 'fcnet_activation': 'tanh', 'conv_filters': None, 'conv_activation': 'relu', 'lstm_cell_size': 256, 'zero_mean': True, 'custom_preprocessor': None}, 'output_compress_columns': ['obs', 'new_obs'], 'monitor': False, 'custom_resources_per_worker': {}, 'output_max_file_size': 67108864, 'num_workers': 1, 'clip_param': 0.3, 'kl_coeff': 0.2, 'multiagent': {'policy_graphs': {}, 'policy_mapping_fn': None, 'policies_to_train': None}, 'input_evaluation': None, 'output': None, 'collect_metrics_timeout': 180, 'num_cpus_per_worker': 1}",169.237.32.118,2,1211.61,9.950084447860718,"{'num_steps_sampled': 177600, 'load_time_ms': 1.156, 'default': {'kl': 0.005088381003588438, 'cur_lr': 0.0005000000237487257, 'total_loss': 2.3498213291168213, 'policy_loss': -0.008665010333061218, 'vf_explained_var': 0.9615225195884705, 'entropy': 1.414607048034668, 'cur_kl_coeff': 0.5773015022277832, 'vf_loss': 2.3555490970611572}, 'sample_time_ms': 9618.018, 'grad_time_ms': 277.386, 'update_time_ms': 4.475, 'num_steps_trained': 177600}",330.84598896905663,2019-04-02_07-55-13,kronos,71,177600,0,1104.5177164077759,{},177600,111,111,1104.5177164077759,496.3960633046472,1600,1554191713,{},0b32d2eec3344b1fbde4822793b2e447,54.45169917298337
False,142,"{'input': 'sampler', 'callbacks': {'on_train_result': None, 'on_sample_end': None, 'on_episode_step': None, 'on_episode_start': None, 'on_episode_end': None}, 'sample_batch_size': 200, 'clip_actions': False, 'clip_rewards': None, 'tf_session_args': {'inter_op_parallelism_threads': 2, 'intra_op_parallelism_threads': 2, 'device_count': {'CPU': 1}, 'log_device_placement': False, 'allow_soft_placement': True, 'gpu_options': {'allow_growth': True}}, 'kl_target': 0.01, 'horizon': 1500, 'lr': 0.0005, 'sample_async': False, 'simple_optimizer': False, 'compress_observations': False, 'num_envs_per_worker': 1, 'gamma': 0.99, 'sgd_minibatch_size': 128, 'observation_filter': 'NoFilter', 'entropy_coeff': 0.0, 'batch_mode': 'truncate_episodes', 'straggler_mitigation': False, 'vf_share_layers': False, 'num_gpus': 0, 'synchronize_filters': True, 'num_sgd_iter': 10, 'train_batch_size': 1500, 'optimizer': {}, 'num_gpus_per_worker': 0, 'preprocessor_pref': 'deepmind', 'num_cpus_for_driver': 1, 'lr_schedule': None, 'use_gae': True, 'lambda': 0.97, 'vf_loss_coeff': 1.0, 'vf_clip_param': 1000000.0, 'log_level': 'INFO', 'env_config': {'run': 'PPO', 'flow_params': '{\n    ""env"": {\n        ""additional_params"": {\n            ""max_accel"": 3,\n            ""max_decel"": 3,\n            ""sort_vehicles"": false,\n            ""target_velocity"": 20\n        },\n        ""evaluate"": false,\n        ""horizon"": 1500,\n        ""sims_per_step"": 1,\n        ""warmup_steps"": 0\n    },\n    ""env_name"": ""AccelEnv"",\n    ""exp_tag"": ""figure_eight_0"",\n    ""initial"": {\n        ""additional_params"": {},\n        ""bunching"": 0,\n        ""edges_distribution"": ""all"",\n        ""lanes_distribution"": Infinity,\n        ""min_gap"": 0,\n        ""perturbation"": 0.0,\n        ""shuffle"": false,\n        ""spacing"": ""uniform"",\n        ""x0"": 0\n    },\n    ""net"": {\n        ""additional_params"": {\n            ""lanes"": 1,\n            ""radius_ring"": 30,\n            ""resolution"": 40,\n            ""speed_limit"": 30\n        },\n        ""inflows"": {\n            ""_InFlows__flows"": [],\n            ""num_flows"": 0\n        },\n        ""netfile"": null,\n        ""no_internal_links"": false,\n        ""osm_path"": null\n    },\n    ""scenario"": ""Figure8Scenario"",\n    ""sim"": {\n        ""emission_path"": null,\n        ""lateral_resolution"": null,\n        ""no_step_log"": true,\n        ""num_clients"": 1,\n        ""overtake_right"": false,\n        ""port"": null,\n        ""print_warnings"": true,\n        ""pxpm"": 2,\n        ""render"": false,\n        ""restart_instance"": false,\n        ""save_render"": false,\n        ""seed"": null,\n        ""show_radius"": false,\n        ""sight_radius"": 25,\n        ""sim_step"": 0.1,\n        ""teleport_time"": -1\n    },\n    ""simulator"": ""traci"",\n    ""veh"": [\n        {\n            ""acceleration_controller"": [\n                ""IDMController"",\n                {\n                    ""noise"": 0.2\n                }\n            ],\n            ""car_following_params"": {\n                ""controller_params"": {\n                    ""accel"": 1.0,\n                    ""carFollowModel"": ""IDM"",\n                    ""decel"": 1.5,\n                    ""impatience"": 0.5,\n                    ""maxSpeed"": 30,\n                    ""minGap"": 2.5,\n                    ""sigma"": 0.5,\n                    ""speedDev"": 0.1,\n                    ""speedFactor"": 1.0,\n                    ""tau"": 1.0\n                },\n                ""speed_mode"": 1\n            },\n            ""initial_speed"": 0,\n            ""lane_change_controller"": [\n                ""SimLaneChangeController"",\n                {}\n            ],\n            ""lane_change_params"": {\n                ""controller_params"": {\n                    ""laneChangeModel"": ""LC2013"",\n                    ""lcCooperative"": ""1.0"",\n                    ""lcKeepRight"": ""1.0"",\n                    ""lcSpeedGain"": ""1.0"",\n                    ""lcStrategic"": ""1.0""\n                },\n                ""lane_change_mode"": 512\n            },\n            ""num_vehicles"": 13,\n            ""routing_controller"": [\n                ""ContinuousRouter"",\n                {}\n            ],\n            ""veh_id"": ""human""\n        },\n        {\n            ""acceleration_controller"": [\n                ""RLController"",\n                {}\n            ],\n            ""car_following_params"": {\n                ""controller_params"": {\n                    ""accel"": 1.0,\n                    ""carFollowModel"": ""IDM"",\n                    ""decel"": 1.5,\n                    ""impatience"": 0.5,\n                    ""maxSpeed"": 30,\n                    ""minGap"": 2.5,\n                    ""sigma"": 0.5,\n                    ""speedDev"": 0.1,\n                    ""speedFactor"": 1.0,\n                    ""tau"": 1.0\n                },\n                ""speed_mode"": 1\n            },\n            ""initial_speed"": 0,\n            ""lane_change_controller"": [\n                ""SimLaneChangeController"",\n                {}\n            ],\n            ""lane_change_params"": {\n                ""controller_params"": {\n                    ""laneChangeModel"": ""LC2013"",\n                    ""lcCooperative"": ""1.0"",\n                    ""lcKeepRight"": ""1.0"",\n                    ""lcSpeedGain"": ""1.0"",\n                    ""lcStrategic"": ""1.0""\n                },\n                ""lane_change_mode"": 512\n            },\n            ""num_vehicles"": 1,\n            ""routing_controller"": [\n                ""ContinuousRouter"",\n                {}\n            ],\n            ""veh_id"": ""rl""\n        }\n    ]\n}'}, 'env': 'AccelEnv-v0', 'local_evaluator_tf_session_args': {'inter_op_parallelism_threads': 8, 'intra_op_parallelism_threads': 8}, 'model': {'free_log_std': False, 'custom_options': {}, 'framestack': True, 'channel_major': False, 'max_seq_len': 20, 'lstm_use_prev_action_reward': False, 'squash_to_range': False, 'dim': 84, 'grayscale': False, 'fcnet_hiddens': [100, 50, 25], 'use_lstm': False, 'custom_model': None, 'fcnet_activation': 'tanh', 'conv_filters': None, 'conv_activation': 'relu', 'lstm_cell_size': 256, 'zero_mean': True, 'custom_preprocessor': None}, 'output_compress_columns': ['obs', 'new_obs'], 'monitor': False, 'custom_resources_per_worker': {}, 'output_max_file_size': 67108864, 'num_workers': 1, 'clip_param': 0.3, 'kl_coeff': 0.2, 'multiagent': {'policy_graphs': {}, 'policy_mapping_fn': None, 'policies_to_train': None}, 'input_evaluation': None, 'output': None, 'collect_metrics_timeout': 180, 'num_cpus_per_worker': 1}",169.237.32.118,1,1200.17,9.69404673576355,"{'num_steps_sampled': 179200, 'load_time_ms': 1.155, 'default': {'kl': 0.00830760132521391, 'cur_lr': 0.0005000000237487257, 'total_loss': 0.9637429118156433, 'policy_loss': -0.02228320576250553, 'vf_explained_var': 0.9725515842437744, 'entropy': 1.336711049079895, 'cur_kl_coeff': 0.5773015022277832, 'vf_loss': 0.9812300205230713}, 'sample_time_ms': 9592.862, 'grad_time_ms': 276.276, 'update_time_ms': 4.448, 'num_steps_trained': 179200}",327.6818539545726,2019-04-02_07-55-23,kronos,71,179200,0,1114.2117631435394,{},179200,112,112,1114.2117631435394,496.3960633046472,1600,1554191723,{},0b32d2eec3344b1fbde4822793b2e447,54.45169917298337
False,145,"{'input': 'sampler', 'callbacks': {'on_train_result': None, 'on_sample_end': None, 'on_episode_step': None, 'on_episode_start': None, 'on_episode_end': None}, 'sample_batch_size': 200, 'clip_actions': False, 'clip_rewards': None, 'tf_session_args': {'inter_op_parallelism_threads': 2, 'intra_op_parallelism_threads': 2, 'device_count': {'CPU': 1}, 'log_device_placement': False, 'allow_soft_placement': True, 'gpu_options': {'allow_growth': True}}, 'kl_target': 0.01, 'horizon': 1500, 'lr': 0.0005, 'sample_async': False, 'simple_optimizer': False, 'compress_observations': False, 'num_envs_per_worker': 1, 'gamma': 0.99, 'sgd_minibatch_size': 128, 'observation_filter': 'NoFilter', 'entropy_coeff': 0.0, 'batch_mode': 'truncate_episodes', 'straggler_mitigation': False, 'vf_share_layers': False, 'num_gpus': 0, 'synchronize_filters': True, 'num_sgd_iter': 10, 'train_batch_size': 1500, 'optimizer': {}, 'num_gpus_per_worker': 0, 'preprocessor_pref': 'deepmind', 'num_cpus_for_driver': 1, 'lr_schedule': None, 'use_gae': True, 'lambda': 0.97, 'vf_loss_coeff': 1.0, 'vf_clip_param': 1000000.0, 'log_level': 'INFO', 'env_config': {'run': 'PPO', 'flow_params': '{\n    ""env"": {\n        ""additional_params"": {\n            ""max_accel"": 3,\n            ""max_decel"": 3,\n            ""sort_vehicles"": false,\n            ""target_velocity"": 20\n        },\n        ""evaluate"": false,\n        ""horizon"": 1500,\n        ""sims_per_step"": 1,\n        ""warmup_steps"": 0\n    },\n    ""env_name"": ""AccelEnv"",\n    ""exp_tag"": ""figure_eight_0"",\n    ""initial"": {\n        ""additional_params"": {},\n        ""bunching"": 0,\n        ""edges_distribution"": ""all"",\n        ""lanes_distribution"": Infinity,\n        ""min_gap"": 0,\n        ""perturbation"": 0.0,\n        ""shuffle"": false,\n        ""spacing"": ""uniform"",\n        ""x0"": 0\n    },\n    ""net"": {\n        ""additional_params"": {\n            ""lanes"": 1,\n            ""radius_ring"": 30,\n            ""resolution"": 40,\n            ""speed_limit"": 30\n        },\n        ""inflows"": {\n            ""_InFlows__flows"": [],\n            ""num_flows"": 0\n        },\n        ""netfile"": null,\n        ""no_internal_links"": false,\n        ""osm_path"": null\n    },\n    ""scenario"": ""Figure8Scenario"",\n    ""sim"": {\n        ""emission_path"": null,\n        ""lateral_resolution"": null,\n        ""no_step_log"": true,\n        ""num_clients"": 1,\n        ""overtake_right"": false,\n        ""port"": null,\n        ""print_warnings"": true,\n        ""pxpm"": 2,\n        ""render"": false,\n        ""restart_instance"": false,\n        ""save_render"": false,\n        ""seed"": null,\n        ""show_radius"": false,\n        ""sight_radius"": 25,\n        ""sim_step"": 0.1,\n        ""teleport_time"": -1\n    },\n    ""simulator"": ""traci"",\n    ""veh"": [\n        {\n            ""acceleration_controller"": [\n                ""IDMController"",\n                {\n                    ""noise"": 0.2\n                }\n            ],\n            ""car_following_params"": {\n                ""controller_params"": {\n                    ""accel"": 1.0,\n                    ""carFollowModel"": ""IDM"",\n                    ""decel"": 1.5,\n                    ""impatience"": 0.5,\n                    ""maxSpeed"": 30,\n                    ""minGap"": 2.5,\n                    ""sigma"": 0.5,\n                    ""speedDev"": 0.1,\n                    ""speedFactor"": 1.0,\n                    ""tau"": 1.0\n                },\n                ""speed_mode"": 1\n            },\n            ""initial_speed"": 0,\n            ""lane_change_controller"": [\n                ""SimLaneChangeController"",\n                {}\n            ],\n            ""lane_change_params"": {\n                ""controller_params"": {\n                    ""laneChangeModel"": ""LC2013"",\n                    ""lcCooperative"": ""1.0"",\n                    ""lcKeepRight"": ""1.0"",\n                    ""lcSpeedGain"": ""1.0"",\n                    ""lcStrategic"": ""1.0""\n                },\n                ""lane_change_mode"": 512\n            },\n            ""num_vehicles"": 13,\n            ""routing_controller"": [\n                ""ContinuousRouter"",\n                {}\n            ],\n            ""veh_id"": ""human""\n        },\n        {\n            ""acceleration_controller"": [\n                ""RLController"",\n                {}\n            ],\n            ""car_following_params"": {\n                ""controller_params"": {\n                    ""accel"": 1.0,\n                    ""carFollowModel"": ""IDM"",\n                    ""decel"": 1.5,\n                    ""impatience"": 0.5,\n                    ""maxSpeed"": 30,\n                    ""minGap"": 2.5,\n                    ""sigma"": 0.5,\n                    ""speedDev"": 0.1,\n                    ""speedFactor"": 1.0,\n                    ""tau"": 1.0\n                },\n                ""speed_mode"": 1\n            },\n            ""initial_speed"": 0,\n            ""lane_change_controller"": [\n                ""SimLaneChangeController"",\n                {}\n            ],\n            ""lane_change_params"": {\n                ""controller_params"": {\n                    ""laneChangeModel"": ""LC2013"",\n                    ""lcCooperative"": ""1.0"",\n                    ""lcKeepRight"": ""1.0"",\n                    ""lcSpeedGain"": ""1.0"",\n                    ""lcStrategic"": ""1.0""\n                },\n                ""lane_change_mode"": 512\n            },\n            ""num_vehicles"": 1,\n            ""routing_controller"": [\n                ""ContinuousRouter"",\n                {}\n            ],\n            ""veh_id"": ""rl""\n        }\n    ]\n}'}, 'env': 'AccelEnv-v0', 'local_evaluator_tf_session_args': {'inter_op_parallelism_threads': 8, 'intra_op_parallelism_threads': 8}, 'model': {'free_log_std': False, 'custom_options': {}, 'framestack': True, 'channel_major': False, 'max_seq_len': 20, 'lstm_use_prev_action_reward': False, 'squash_to_range': False, 'dim': 84, 'grayscale': False, 'fcnet_hiddens': [100, 50, 25], 'use_lstm': False, 'custom_model': None, 'fcnet_activation': 'tanh', 'conv_filters': None, 'conv_activation': 'relu', 'lstm_cell_size': 256, 'zero_mean': True, 'custom_preprocessor': None}, 'output_compress_columns': ['obs', 'new_obs'], 'monitor': False, 'custom_resources_per_worker': {}, 'output_max_file_size': 67108864, 'num_workers': 1, 'clip_param': 0.3, 'kl_coeff': 0.2, 'multiagent': {'policy_graphs': {}, 'policy_mapping_fn': None, 'policies_to_train': None}, 'input_evaluation': None, 'output': None, 'collect_metrics_timeout': 180, 'num_cpus_per_worker': 1}",169.237.32.118,3,1185.98,9.698858976364136,"{'num_steps_sampled': 180800, 'load_time_ms': 1.207, 'default': {'kl': 0.015509597025811672, 'cur_lr': 0.0005000000237487257, 'total_loss': 3.363013505935669, 'policy_loss': -0.031481701880693436, 'vf_explained_var': 0.9703745245933533, 'entropy': 1.4215197563171387, 'cur_kl_coeff': 0.5773015022277832, 'vf_loss': 3.3855416774749756}, 'sample_time_ms': 9568.737, 'grad_time_ms': 276.78, 'update_time_ms': 4.433, 'num_steps_trained': 180800}",324.88986331707383,2019-04-02_07-55-32,kronos,71,180800,0,1123.9106221199036,{},180800,113,113,1123.9106221199036,496.3960633046472,1600,1554191732,{},0b32d2eec3344b1fbde4822793b2e447,54.45169917298337
False,146,"{'input': 'sampler', 'callbacks': {'on_train_result': None, 'on_sample_end': None, 'on_episode_step': None, 'on_episode_start': None, 'on_episode_end': None}, 'sample_batch_size': 200, 'clip_actions': False, 'clip_rewards': None, 'tf_session_args': {'inter_op_parallelism_threads': 2, 'intra_op_parallelism_threads': 2, 'device_count': {'CPU': 1}, 'log_device_placement': False, 'allow_soft_placement': True, 'gpu_options': {'allow_growth': True}}, 'kl_target': 0.01, 'horizon': 1500, 'lr': 0.0005, 'sample_async': False, 'simple_optimizer': False, 'compress_observations': False, 'num_envs_per_worker': 1, 'gamma': 0.99, 'sgd_minibatch_size': 128, 'observation_filter': 'NoFilter', 'entropy_coeff': 0.0, 'batch_mode': 'truncate_episodes', 'straggler_mitigation': False, 'vf_share_layers': False, 'num_gpus': 0, 'synchronize_filters': True, 'num_sgd_iter': 10, 'train_batch_size': 1500, 'optimizer': {}, 'num_gpus_per_worker': 0, 'preprocessor_pref': 'deepmind', 'num_cpus_for_driver': 1, 'lr_schedule': None, 'use_gae': True, 'lambda': 0.97, 'vf_loss_coeff': 1.0, 'vf_clip_param': 1000000.0, 'log_level': 'INFO', 'env_config': {'run': 'PPO', 'flow_params': '{\n    ""env"": {\n        ""additional_params"": {\n            ""max_accel"": 3,\n            ""max_decel"": 3,\n            ""sort_vehicles"": false,\n            ""target_velocity"": 20\n        },\n        ""evaluate"": false,\n        ""horizon"": 1500,\n        ""sims_per_step"": 1,\n        ""warmup_steps"": 0\n    },\n    ""env_name"": ""AccelEnv"",\n    ""exp_tag"": ""figure_eight_0"",\n    ""initial"": {\n        ""additional_params"": {},\n        ""bunching"": 0,\n        ""edges_distribution"": ""all"",\n        ""lanes_distribution"": Infinity,\n        ""min_gap"": 0,\n        ""perturbation"": 0.0,\n        ""shuffle"": false,\n        ""spacing"": ""uniform"",\n        ""x0"": 0\n    },\n    ""net"": {\n        ""additional_params"": {\n            ""lanes"": 1,\n            ""radius_ring"": 30,\n            ""resolution"": 40,\n            ""speed_limit"": 30\n        },\n        ""inflows"": {\n            ""_InFlows__flows"": [],\n            ""num_flows"": 0\n        },\n        ""netfile"": null,\n        ""no_internal_links"": false,\n        ""osm_path"": null\n    },\n    ""scenario"": ""Figure8Scenario"",\n    ""sim"": {\n        ""emission_path"": null,\n        ""lateral_resolution"": null,\n        ""no_step_log"": true,\n        ""num_clients"": 1,\n        ""overtake_right"": false,\n        ""port"": null,\n        ""print_warnings"": true,\n        ""pxpm"": 2,\n        ""render"": false,\n        ""restart_instance"": false,\n        ""save_render"": false,\n        ""seed"": null,\n        ""show_radius"": false,\n        ""sight_radius"": 25,\n        ""sim_step"": 0.1,\n        ""teleport_time"": -1\n    },\n    ""simulator"": ""traci"",\n    ""veh"": [\n        {\n            ""acceleration_controller"": [\n                ""IDMController"",\n                {\n                    ""noise"": 0.2\n                }\n            ],\n            ""car_following_params"": {\n                ""controller_params"": {\n                    ""accel"": 1.0,\n                    ""carFollowModel"": ""IDM"",\n                    ""decel"": 1.5,\n                    ""impatience"": 0.5,\n                    ""maxSpeed"": 30,\n                    ""minGap"": 2.5,\n                    ""sigma"": 0.5,\n                    ""speedDev"": 0.1,\n                    ""speedFactor"": 1.0,\n                    ""tau"": 1.0\n                },\n                ""speed_mode"": 1\n            },\n            ""initial_speed"": 0,\n            ""lane_change_controller"": [\n                ""SimLaneChangeController"",\n                {}\n            ],\n            ""lane_change_params"": {\n                ""controller_params"": {\n                    ""laneChangeModel"": ""LC2013"",\n                    ""lcCooperative"": ""1.0"",\n                    ""lcKeepRight"": ""1.0"",\n                    ""lcSpeedGain"": ""1.0"",\n                    ""lcStrategic"": ""1.0""\n                },\n                ""lane_change_mode"": 512\n            },\n            ""num_vehicles"": 13,\n            ""routing_controller"": [\n                ""ContinuousRouter"",\n                {}\n            ],\n            ""veh_id"": ""human""\n        },\n        {\n            ""acceleration_controller"": [\n                ""RLController"",\n                {}\n            ],\n            ""car_following_params"": {\n                ""controller_params"": {\n                    ""accel"": 1.0,\n                    ""carFollowModel"": ""IDM"",\n                    ""decel"": 1.5,\n                    ""impatience"": 0.5,\n                    ""maxSpeed"": 30,\n                    ""minGap"": 2.5,\n                    ""sigma"": 0.5,\n                    ""speedDev"": 0.1,\n                    ""speedFactor"": 1.0,\n                    ""tau"": 1.0\n                },\n                ""speed_mode"": 1\n            },\n            ""initial_speed"": 0,\n            ""lane_change_controller"": [\n                ""SimLaneChangeController"",\n                {}\n            ],\n            ""lane_change_params"": {\n                ""controller_params"": {\n                    ""laneChangeModel"": ""LC2013"",\n                    ""lcCooperative"": ""1.0"",\n                    ""lcKeepRight"": ""1.0"",\n                    ""lcSpeedGain"": ""1.0"",\n                    ""lcStrategic"": ""1.0""\n                },\n                ""lane_change_mode"": 512\n            },\n            ""num_vehicles"": 1,\n            ""routing_controller"": [\n                ""ContinuousRouter"",\n                {}\n            ],\n            ""veh_id"": ""rl""\n        }\n    ]\n}'}, 'env': 'AccelEnv-v0', 'local_evaluator_tf_session_args': {'inter_op_parallelism_threads': 8, 'intra_op_parallelism_threads': 8}, 'model': {'free_log_std': False, 'custom_options': {}, 'framestack': True, 'channel_major': False, 'max_seq_len': 20, 'lstm_use_prev_action_reward': False, 'squash_to_range': False, 'dim': 84, 'grayscale': False, 'fcnet_hiddens': [100, 50, 25], 'use_lstm': False, 'custom_model': None, 'fcnet_activation': 'tanh', 'conv_filters': None, 'conv_activation': 'relu', 'lstm_cell_size': 256, 'zero_mean': True, 'custom_preprocessor': None}, 'output_compress_columns': ['obs', 'new_obs'], 'monitor': False, 'custom_resources_per_worker': {}, 'output_max_file_size': 67108864, 'num_workers': 1, 'clip_param': 0.3, 'kl_coeff': 0.2, 'multiagent': {'policy_graphs': {}, 'policy_mapping_fn': None, 'policies_to_train': None}, 'input_evaluation': None, 'output': None, 'collect_metrics_timeout': 180, 'num_cpus_per_worker': 1}",169.237.32.118,1,1190.2,9.902713775634766,"{'num_steps_sampled': 182400, 'load_time_ms': 1.215, 'default': {'kl': 0.005037096329033375, 'cur_lr': 0.0005000000237487257, 'total_loss': 0.9995908141136169, 'policy_loss': -0.003003165125846863, 'vf_explained_var': 0.9687104821205139, 'entropy': 1.358496069908142, 'cur_kl_coeff': 0.5773015022277832, 'vf_loss': 0.9996861815452576}, 'sample_time_ms': 9599.609, 'grad_time_ms': 275.305, 'update_time_ms': 4.485, 'num_steps_trained': 182400}",327.38725065962905,2019-04-02_07-55-42,kronos,71,182400,0,1133.8133358955383,{},182400,114,114,1133.8133358955383,496.3960633046472,1600,1554191742,{},0b32d2eec3344b1fbde4822793b2e447,54.45169917298337
False,147,"{'input': 'sampler', 'callbacks': {'on_train_result': None, 'on_sample_end': None, 'on_episode_step': None, 'on_episode_start': None, 'on_episode_end': None}, 'sample_batch_size': 200, 'clip_actions': False, 'clip_rewards': None, 'tf_session_args': {'inter_op_parallelism_threads': 2, 'intra_op_parallelism_threads': 2, 'device_count': {'CPU': 1}, 'log_device_placement': False, 'allow_soft_placement': True, 'gpu_options': {'allow_growth': True}}, 'kl_target': 0.01, 'horizon': 1500, 'lr': 0.0005, 'sample_async': False, 'simple_optimizer': False, 'compress_observations': False, 'num_envs_per_worker': 1, 'gamma': 0.99, 'sgd_minibatch_size': 128, 'observation_filter': 'NoFilter', 'entropy_coeff': 0.0, 'batch_mode': 'truncate_episodes', 'straggler_mitigation': False, 'vf_share_layers': False, 'num_gpus': 0, 'synchronize_filters': True, 'num_sgd_iter': 10, 'train_batch_size': 1500, 'optimizer': {}, 'num_gpus_per_worker': 0, 'preprocessor_pref': 'deepmind', 'num_cpus_for_driver': 1, 'lr_schedule': None, 'use_gae': True, 'lambda': 0.97, 'vf_loss_coeff': 1.0, 'vf_clip_param': 1000000.0, 'log_level': 'INFO', 'env_config': {'run': 'PPO', 'flow_params': '{\n    ""env"": {\n        ""additional_params"": {\n            ""max_accel"": 3,\n            ""max_decel"": 3,\n            ""sort_vehicles"": false,\n            ""target_velocity"": 20\n        },\n        ""evaluate"": false,\n        ""horizon"": 1500,\n        ""sims_per_step"": 1,\n        ""warmup_steps"": 0\n    },\n    ""env_name"": ""AccelEnv"",\n    ""exp_tag"": ""figure_eight_0"",\n    ""initial"": {\n        ""additional_params"": {},\n        ""bunching"": 0,\n        ""edges_distribution"": ""all"",\n        ""lanes_distribution"": Infinity,\n        ""min_gap"": 0,\n        ""perturbation"": 0.0,\n        ""shuffle"": false,\n        ""spacing"": ""uniform"",\n        ""x0"": 0\n    },\n    ""net"": {\n        ""additional_params"": {\n            ""lanes"": 1,\n            ""radius_ring"": 30,\n            ""resolution"": 40,\n            ""speed_limit"": 30\n        },\n        ""inflows"": {\n            ""_InFlows__flows"": [],\n            ""num_flows"": 0\n        },\n        ""netfile"": null,\n        ""no_internal_links"": false,\n        ""osm_path"": null\n    },\n    ""scenario"": ""Figure8Scenario"",\n    ""sim"": {\n        ""emission_path"": null,\n        ""lateral_resolution"": null,\n        ""no_step_log"": true,\n        ""num_clients"": 1,\n        ""overtake_right"": false,\n        ""port"": null,\n        ""print_warnings"": true,\n        ""pxpm"": 2,\n        ""render"": false,\n        ""restart_instance"": false,\n        ""save_render"": false,\n        ""seed"": null,\n        ""show_radius"": false,\n        ""sight_radius"": 25,\n        ""sim_step"": 0.1,\n        ""teleport_time"": -1\n    },\n    ""simulator"": ""traci"",\n    ""veh"": [\n        {\n            ""acceleration_controller"": [\n                ""IDMController"",\n                {\n                    ""noise"": 0.2\n                }\n            ],\n            ""car_following_params"": {\n                ""controller_params"": {\n                    ""accel"": 1.0,\n                    ""carFollowModel"": ""IDM"",\n                    ""decel"": 1.5,\n                    ""impatience"": 0.5,\n                    ""maxSpeed"": 30,\n                    ""minGap"": 2.5,\n                    ""sigma"": 0.5,\n                    ""speedDev"": 0.1,\n                    ""speedFactor"": 1.0,\n                    ""tau"": 1.0\n                },\n                ""speed_mode"": 1\n            },\n            ""initial_speed"": 0,\n            ""lane_change_controller"": [\n                ""SimLaneChangeController"",\n                {}\n            ],\n            ""lane_change_params"": {\n                ""controller_params"": {\n                    ""laneChangeModel"": ""LC2013"",\n                    ""lcCooperative"": ""1.0"",\n                    ""lcKeepRight"": ""1.0"",\n                    ""lcSpeedGain"": ""1.0"",\n                    ""lcStrategic"": ""1.0""\n                },\n                ""lane_change_mode"": 512\n            },\n            ""num_vehicles"": 13,\n            ""routing_controller"": [\n                ""ContinuousRouter"",\n                {}\n            ],\n            ""veh_id"": ""human""\n        },\n        {\n            ""acceleration_controller"": [\n                ""RLController"",\n                {}\n            ],\n            ""car_following_params"": {\n                ""controller_params"": {\n                    ""accel"": 1.0,\n                    ""carFollowModel"": ""IDM"",\n                    ""decel"": 1.5,\n                    ""impatience"": 0.5,\n                    ""maxSpeed"": 30,\n                    ""minGap"": 2.5,\n                    ""sigma"": 0.5,\n                    ""speedDev"": 0.1,\n                    ""speedFactor"": 1.0,\n                    ""tau"": 1.0\n                },\n                ""speed_mode"": 1\n            },\n            ""initial_speed"": 0,\n            ""lane_change_controller"": [\n                ""SimLaneChangeController"",\n                {}\n            ],\n            ""lane_change_params"": {\n                ""controller_params"": {\n                    ""laneChangeModel"": ""LC2013"",\n                    ""lcCooperative"": ""1.0"",\n                    ""lcKeepRight"": ""1.0"",\n                    ""lcSpeedGain"": ""1.0"",\n                    ""lcStrategic"": ""1.0""\n                },\n                ""lane_change_mode"": 512\n            },\n            ""num_vehicles"": 1,\n            ""routing_controller"": [\n                ""ContinuousRouter"",\n                {}\n            ],\n            ""veh_id"": ""rl""\n        }\n    ]\n}'}, 'env': 'AccelEnv-v0', 'local_evaluator_tf_session_args': {'inter_op_parallelism_threads': 8, 'intra_op_parallelism_threads': 8}, 'model': {'free_log_std': False, 'custom_options': {}, 'framestack': True, 'channel_major': False, 'max_seq_len': 20, 'lstm_use_prev_action_reward': False, 'squash_to_range': False, 'dim': 84, 'grayscale': False, 'fcnet_hiddens': [100, 50, 25], 'use_lstm': False, 'custom_model': None, 'fcnet_activation': 'tanh', 'conv_filters': None, 'conv_activation': 'relu', 'lstm_cell_size': 256, 'zero_mean': True, 'custom_preprocessor': None}, 'output_compress_columns': ['obs', 'new_obs'], 'monitor': False, 'custom_resources_per_worker': {}, 'output_max_file_size': 67108864, 'num_workers': 1, 'clip_param': 0.3, 'kl_coeff': 0.2, 'multiagent': {'policy_graphs': {}, 'policy_mapping_fn': None, 'policies_to_train': None}, 'input_evaluation': None, 'output': None, 'collect_metrics_timeout': 180, 'num_cpus_per_worker': 1}",169.237.32.118,1,1190.2,9.823488235473633,"{'num_steps_sampled': 184000, 'load_time_ms': 1.211, 'default': {'kl': 0.004495813976973295, 'cur_lr': 0.0005000000237487257, 'total_loss': 0.8818104863166809, 'policy_loss': -0.004926329478621483, 'vf_explained_var': 0.9873178005218506, 'entropy': 1.385430932044983, 'cur_kl_coeff': 0.5773015022277832, 'vf_loss': 0.8841412663459778}, 'sample_time_ms': 9564.791, 'grad_time_ms': 275.457, 'update_time_ms': 4.446, 'num_steps_trained': 184000}",327.50969896484423,2019-04-02_07-55-52,kronos,71,184000,0,1143.636824131012,{},184000,115,115,1143.636824131012,496.3960633046472,1600,1554191752,{},0b32d2eec3344b1fbde4822793b2e447,54.45169917298337
False,148,"{'input': 'sampler', 'callbacks': {'on_train_result': None, 'on_sample_end': None, 'on_episode_step': None, 'on_episode_start': None, 'on_episode_end': None}, 'sample_batch_size': 200, 'clip_actions': False, 'clip_rewards': None, 'tf_session_args': {'inter_op_parallelism_threads': 2, 'intra_op_parallelism_threads': 2, 'device_count': {'CPU': 1}, 'log_device_placement': False, 'allow_soft_placement': True, 'gpu_options': {'allow_growth': True}}, 'kl_target': 0.01, 'horizon': 1500, 'lr': 0.0005, 'sample_async': False, 'simple_optimizer': False, 'compress_observations': False, 'num_envs_per_worker': 1, 'gamma': 0.99, 'sgd_minibatch_size': 128, 'observation_filter': 'NoFilter', 'entropy_coeff': 0.0, 'batch_mode': 'truncate_episodes', 'straggler_mitigation': False, 'vf_share_layers': False, 'num_gpus': 0, 'synchronize_filters': True, 'num_sgd_iter': 10, 'train_batch_size': 1500, 'optimizer': {}, 'num_gpus_per_worker': 0, 'preprocessor_pref': 'deepmind', 'num_cpus_for_driver': 1, 'lr_schedule': None, 'use_gae': True, 'lambda': 0.97, 'vf_loss_coeff': 1.0, 'vf_clip_param': 1000000.0, 'log_level': 'INFO', 'env_config': {'run': 'PPO', 'flow_params': '{\n    ""env"": {\n        ""additional_params"": {\n            ""max_accel"": 3,\n            ""max_decel"": 3,\n            ""sort_vehicles"": false,\n            ""target_velocity"": 20\n        },\n        ""evaluate"": false,\n        ""horizon"": 1500,\n        ""sims_per_step"": 1,\n        ""warmup_steps"": 0\n    },\n    ""env_name"": ""AccelEnv"",\n    ""exp_tag"": ""figure_eight_0"",\n    ""initial"": {\n        ""additional_params"": {},\n        ""bunching"": 0,\n        ""edges_distribution"": ""all"",\n        ""lanes_distribution"": Infinity,\n        ""min_gap"": 0,\n        ""perturbation"": 0.0,\n        ""shuffle"": false,\n        ""spacing"": ""uniform"",\n        ""x0"": 0\n    },\n    ""net"": {\n        ""additional_params"": {\n            ""lanes"": 1,\n            ""radius_ring"": 30,\n            ""resolution"": 40,\n            ""speed_limit"": 30\n        },\n        ""inflows"": {\n            ""_InFlows__flows"": [],\n            ""num_flows"": 0\n        },\n        ""netfile"": null,\n        ""no_internal_links"": false,\n        ""osm_path"": null\n    },\n    ""scenario"": ""Figure8Scenario"",\n    ""sim"": {\n        ""emission_path"": null,\n        ""lateral_resolution"": null,\n        ""no_step_log"": true,\n        ""num_clients"": 1,\n        ""overtake_right"": false,\n        ""port"": null,\n        ""print_warnings"": true,\n        ""pxpm"": 2,\n        ""render"": false,\n        ""restart_instance"": false,\n        ""save_render"": false,\n        ""seed"": null,\n        ""show_radius"": false,\n        ""sight_radius"": 25,\n        ""sim_step"": 0.1,\n        ""teleport_time"": -1\n    },\n    ""simulator"": ""traci"",\n    ""veh"": [\n        {\n            ""acceleration_controller"": [\n                ""IDMController"",\n                {\n                    ""noise"": 0.2\n                }\n            ],\n            ""car_following_params"": {\n                ""controller_params"": {\n                    ""accel"": 1.0,\n                    ""carFollowModel"": ""IDM"",\n                    ""decel"": 1.5,\n                    ""impatience"": 0.5,\n                    ""maxSpeed"": 30,\n                    ""minGap"": 2.5,\n                    ""sigma"": 0.5,\n                    ""speedDev"": 0.1,\n                    ""speedFactor"": 1.0,\n                    ""tau"": 1.0\n                },\n                ""speed_mode"": 1\n            },\n            ""initial_speed"": 0,\n            ""lane_change_controller"": [\n                ""SimLaneChangeController"",\n                {}\n            ],\n            ""lane_change_params"": {\n                ""controller_params"": {\n                    ""laneChangeModel"": ""LC2013"",\n                    ""lcCooperative"": ""1.0"",\n                    ""lcKeepRight"": ""1.0"",\n                    ""lcSpeedGain"": ""1.0"",\n                    ""lcStrategic"": ""1.0""\n                },\n                ""lane_change_mode"": 512\n            },\n            ""num_vehicles"": 13,\n            ""routing_controller"": [\n                ""ContinuousRouter"",\n                {}\n            ],\n            ""veh_id"": ""human""\n        },\n        {\n            ""acceleration_controller"": [\n                ""RLController"",\n                {}\n            ],\n            ""car_following_params"": {\n                ""controller_params"": {\n                    ""accel"": 1.0,\n                    ""carFollowModel"": ""IDM"",\n                    ""decel"": 1.5,\n                    ""impatience"": 0.5,\n                    ""maxSpeed"": 30,\n                    ""minGap"": 2.5,\n                    ""sigma"": 0.5,\n                    ""speedDev"": 0.1,\n                    ""speedFactor"": 1.0,\n                    ""tau"": 1.0\n                },\n                ""speed_mode"": 1\n            },\n            ""initial_speed"": 0,\n            ""lane_change_controller"": [\n                ""SimLaneChangeController"",\n                {}\n            ],\n            ""lane_change_params"": {\n                ""controller_params"": {\n                    ""laneChangeModel"": ""LC2013"",\n                    ""lcCooperative"": ""1.0"",\n                    ""lcKeepRight"": ""1.0"",\n                    ""lcSpeedGain"": ""1.0"",\n                    ""lcStrategic"": ""1.0""\n                },\n                ""lane_change_mode"": 512\n            },\n            ""num_vehicles"": 1,\n            ""routing_controller"": [\n                ""ContinuousRouter"",\n                {}\n            ],\n            ""veh_id"": ""rl""\n        }\n    ]\n}'}, 'env': 'AccelEnv-v0', 'local_evaluator_tf_session_args': {'inter_op_parallelism_threads': 8, 'intra_op_parallelism_threads': 8}, 'model': {'free_log_std': False, 'custom_options': {}, 'framestack': True, 'channel_major': False, 'max_seq_len': 20, 'lstm_use_prev_action_reward': False, 'squash_to_range': False, 'dim': 84, 'grayscale': False, 'fcnet_hiddens': [100, 50, 25], 'use_lstm': False, 'custom_model': None, 'fcnet_activation': 'tanh', 'conv_filters': None, 'conv_activation': 'relu', 'lstm_cell_size': 256, 'zero_mean': True, 'custom_preprocessor': None}, 'output_compress_columns': ['obs', 'new_obs'], 'monitor': False, 'custom_resources_per_worker': {}, 'output_max_file_size': 67108864, 'num_workers': 1, 'clip_param': 0.3, 'kl_coeff': 0.2, 'multiagent': {'policy_graphs': {}, 'policy_mapping_fn': None, 'policies_to_train': None}, 'input_evaluation': None, 'output': None, 'collect_metrics_timeout': 180, 'num_cpus_per_worker': 1}",169.237.32.118,1,1196.23,10.006738424301147,"{'num_steps_sampled': 185600, 'load_time_ms': 1.229, 'default': {'kl': 0.012748570181429386, 'cur_lr': 0.0005000000237487257, 'total_loss': 1.9694743156433105, 'policy_loss': -0.010687659494578838, 'vf_explained_var': 0.959246814250946, 'entropy': 1.3072150945663452, 'cur_kl_coeff': 0.2886507511138916, 'vf_loss': 1.9764819145202637}, 'sample_time_ms': 9575.431, 'grad_time_ms': 277.262, 'update_time_ms': 4.443, 'num_steps_trained': 185600}",329.64345192150654,2019-04-02_07-56-02,kronos,71,185600,0,1153.643562555313,{},185600,116,116,1153.643562555313,496.3960633046472,1600,1554191762,{},0b32d2eec3344b1fbde4822793b2e447,54.45169917298337
False,149,"{'input': 'sampler', 'callbacks': {'on_train_result': None, 'on_sample_end': None, 'on_episode_step': None, 'on_episode_start': None, 'on_episode_end': None}, 'sample_batch_size': 200, 'clip_actions': False, 'clip_rewards': None, 'tf_session_args': {'inter_op_parallelism_threads': 2, 'intra_op_parallelism_threads': 2, 'device_count': {'CPU': 1}, 'log_device_placement': False, 'allow_soft_placement': True, 'gpu_options': {'allow_growth': True}}, 'kl_target': 0.01, 'horizon': 1500, 'lr': 0.0005, 'sample_async': False, 'simple_optimizer': False, 'compress_observations': False, 'num_envs_per_worker': 1, 'gamma': 0.99, 'sgd_minibatch_size': 128, 'observation_filter': 'NoFilter', 'entropy_coeff': 0.0, 'batch_mode': 'truncate_episodes', 'straggler_mitigation': False, 'vf_share_layers': False, 'num_gpus': 0, 'synchronize_filters': True, 'num_sgd_iter': 10, 'train_batch_size': 1500, 'optimizer': {}, 'num_gpus_per_worker': 0, 'preprocessor_pref': 'deepmind', 'num_cpus_for_driver': 1, 'lr_schedule': None, 'use_gae': True, 'lambda': 0.97, 'vf_loss_coeff': 1.0, 'vf_clip_param': 1000000.0, 'log_level': 'INFO', 'env_config': {'run': 'PPO', 'flow_params': '{\n    ""env"": {\n        ""additional_params"": {\n            ""max_accel"": 3,\n            ""max_decel"": 3,\n            ""sort_vehicles"": false,\n            ""target_velocity"": 20\n        },\n        ""evaluate"": false,\n        ""horizon"": 1500,\n        ""sims_per_step"": 1,\n        ""warmup_steps"": 0\n    },\n    ""env_name"": ""AccelEnv"",\n    ""exp_tag"": ""figure_eight_0"",\n    ""initial"": {\n        ""additional_params"": {},\n        ""bunching"": 0,\n        ""edges_distribution"": ""all"",\n        ""lanes_distribution"": Infinity,\n        ""min_gap"": 0,\n        ""perturbation"": 0.0,\n        ""shuffle"": false,\n        ""spacing"": ""uniform"",\n        ""x0"": 0\n    },\n    ""net"": {\n        ""additional_params"": {\n            ""lanes"": 1,\n            ""radius_ring"": 30,\n            ""resolution"": 40,\n            ""speed_limit"": 30\n        },\n        ""inflows"": {\n            ""_InFlows__flows"": [],\n            ""num_flows"": 0\n        },\n        ""netfile"": null,\n        ""no_internal_links"": false,\n        ""osm_path"": null\n    },\n    ""scenario"": ""Figure8Scenario"",\n    ""sim"": {\n        ""emission_path"": null,\n        ""lateral_resolution"": null,\n        ""no_step_log"": true,\n        ""num_clients"": 1,\n        ""overtake_right"": false,\n        ""port"": null,\n        ""print_warnings"": true,\n        ""pxpm"": 2,\n        ""render"": false,\n        ""restart_instance"": false,\n        ""save_render"": false,\n        ""seed"": null,\n        ""show_radius"": false,\n        ""sight_radius"": 25,\n        ""sim_step"": 0.1,\n        ""teleport_time"": -1\n    },\n    ""simulator"": ""traci"",\n    ""veh"": [\n        {\n            ""acceleration_controller"": [\n                ""IDMController"",\n                {\n                    ""noise"": 0.2\n                }\n            ],\n            ""car_following_params"": {\n                ""controller_params"": {\n                    ""accel"": 1.0,\n                    ""carFollowModel"": ""IDM"",\n                    ""decel"": 1.5,\n                    ""impatience"": 0.5,\n                    ""maxSpeed"": 30,\n                    ""minGap"": 2.5,\n                    ""sigma"": 0.5,\n                    ""speedDev"": 0.1,\n                    ""speedFactor"": 1.0,\n                    ""tau"": 1.0\n                },\n                ""speed_mode"": 1\n            },\n            ""initial_speed"": 0,\n            ""lane_change_controller"": [\n                ""SimLaneChangeController"",\n                {}\n            ],\n            ""lane_change_params"": {\n                ""controller_params"": {\n                    ""laneChangeModel"": ""LC2013"",\n                    ""lcCooperative"": ""1.0"",\n                    ""lcKeepRight"": ""1.0"",\n                    ""lcSpeedGain"": ""1.0"",\n                    ""lcStrategic"": ""1.0""\n                },\n                ""lane_change_mode"": 512\n            },\n            ""num_vehicles"": 13,\n            ""routing_controller"": [\n                ""ContinuousRouter"",\n                {}\n            ],\n            ""veh_id"": ""human""\n        },\n        {\n            ""acceleration_controller"": [\n                ""RLController"",\n                {}\n            ],\n            ""car_following_params"": {\n                ""controller_params"": {\n                    ""accel"": 1.0,\n                    ""carFollowModel"": ""IDM"",\n                    ""decel"": 1.5,\n                    ""impatience"": 0.5,\n                    ""maxSpeed"": 30,\n                    ""minGap"": 2.5,\n                    ""sigma"": 0.5,\n                    ""speedDev"": 0.1,\n                    ""speedFactor"": 1.0,\n                    ""tau"": 1.0\n                },\n                ""speed_mode"": 1\n            },\n            ""initial_speed"": 0,\n            ""lane_change_controller"": [\n                ""SimLaneChangeController"",\n                {}\n            ],\n            ""lane_change_params"": {\n                ""controller_params"": {\n                    ""laneChangeModel"": ""LC2013"",\n                    ""lcCooperative"": ""1.0"",\n                    ""lcKeepRight"": ""1.0"",\n                    ""lcSpeedGain"": ""1.0"",\n                    ""lcStrategic"": ""1.0""\n                },\n                ""lane_change_mode"": 512\n            },\n            ""num_vehicles"": 1,\n            ""routing_controller"": [\n                ""ContinuousRouter"",\n                {}\n            ],\n            ""veh_id"": ""rl""\n        }\n    ]\n}'}, 'env': 'AccelEnv-v0', 'local_evaluator_tf_session_args': {'inter_op_parallelism_threads': 8, 'intra_op_parallelism_threads': 8}, 'model': {'free_log_std': False, 'custom_options': {}, 'framestack': True, 'channel_major': False, 'max_seq_len': 20, 'lstm_use_prev_action_reward': False, 'squash_to_range': False, 'dim': 84, 'grayscale': False, 'fcnet_hiddens': [100, 50, 25], 'use_lstm': False, 'custom_model': None, 'fcnet_activation': 'tanh', 'conv_filters': None, 'conv_activation': 'relu', 'lstm_cell_size': 256, 'zero_mean': True, 'custom_preprocessor': None}, 'output_compress_columns': ['obs', 'new_obs'], 'monitor': False, 'custom_resources_per_worker': {}, 'output_max_file_size': 67108864, 'num_workers': 1, 'clip_param': 0.3, 'kl_coeff': 0.2, 'multiagent': {'policy_graphs': {}, 'policy_mapping_fn': None, 'policies_to_train': None}, 'input_evaluation': None, 'output': None, 'collect_metrics_timeout': 180, 'num_cpus_per_worker': 1}",169.237.32.118,1,1203.5,9.77564001083374,"{'num_steps_sampled': 187200, 'load_time_ms': 1.218, 'default': {'kl': 0.012946437112987041, 'cur_lr': 0.0005000000237487257, 'total_loss': 1.3157860040664673, 'policy_loss': -0.023589447140693665, 'vf_explained_var': 0.9476116299629211, 'entropy': 1.3372427225112915, 'cur_kl_coeff': 0.2886507511138916, 'vf_loss': 1.335638403892517}, 'sample_time_ms': 9551.596, 'grad_time_ms': 276.141, 'update_time_ms': 4.509, 'num_steps_trained': 187200}",331.7405725346543,2019-04-02_07-56-12,kronos,71,187200,0,1163.4192025661469,{},187200,117,117,1163.4192025661469,496.3960633046472,1600,1554191772,{},0b32d2eec3344b1fbde4822793b2e447,54.45169917298337
False,151,"{'input': 'sampler', 'callbacks': {'on_train_result': None, 'on_sample_end': None, 'on_episode_step': None, 'on_episode_start': None, 'on_episode_end': None}, 'sample_batch_size': 200, 'clip_actions': False, 'clip_rewards': None, 'tf_session_args': {'inter_op_parallelism_threads': 2, 'intra_op_parallelism_threads': 2, 'device_count': {'CPU': 1}, 'log_device_placement': False, 'allow_soft_placement': True, 'gpu_options': {'allow_growth': True}}, 'kl_target': 0.01, 'horizon': 1500, 'lr': 0.0005, 'sample_async': False, 'simple_optimizer': False, 'compress_observations': False, 'num_envs_per_worker': 1, 'gamma': 0.99, 'sgd_minibatch_size': 128, 'observation_filter': 'NoFilter', 'entropy_coeff': 0.0, 'batch_mode': 'truncate_episodes', 'straggler_mitigation': False, 'vf_share_layers': False, 'num_gpus': 0, 'synchronize_filters': True, 'num_sgd_iter': 10, 'train_batch_size': 1500, 'optimizer': {}, 'num_gpus_per_worker': 0, 'preprocessor_pref': 'deepmind', 'num_cpus_for_driver': 1, 'lr_schedule': None, 'use_gae': True, 'lambda': 0.97, 'vf_loss_coeff': 1.0, 'vf_clip_param': 1000000.0, 'log_level': 'INFO', 'env_config': {'run': 'PPO', 'flow_params': '{\n    ""env"": {\n        ""additional_params"": {\n            ""max_accel"": 3,\n            ""max_decel"": 3,\n            ""sort_vehicles"": false,\n            ""target_velocity"": 20\n        },\n        ""evaluate"": false,\n        ""horizon"": 1500,\n        ""sims_per_step"": 1,\n        ""warmup_steps"": 0\n    },\n    ""env_name"": ""AccelEnv"",\n    ""exp_tag"": ""figure_eight_0"",\n    ""initial"": {\n        ""additional_params"": {},\n        ""bunching"": 0,\n        ""edges_distribution"": ""all"",\n        ""lanes_distribution"": Infinity,\n        ""min_gap"": 0,\n        ""perturbation"": 0.0,\n        ""shuffle"": false,\n        ""spacing"": ""uniform"",\n        ""x0"": 0\n    },\n    ""net"": {\n        ""additional_params"": {\n            ""lanes"": 1,\n            ""radius_ring"": 30,\n            ""resolution"": 40,\n            ""speed_limit"": 30\n        },\n        ""inflows"": {\n            ""_InFlows__flows"": [],\n            ""num_flows"": 0\n        },\n        ""netfile"": null,\n        ""no_internal_links"": false,\n        ""osm_path"": null\n    },\n    ""scenario"": ""Figure8Scenario"",\n    ""sim"": {\n        ""emission_path"": null,\n        ""lateral_resolution"": null,\n        ""no_step_log"": true,\n        ""num_clients"": 1,\n        ""overtake_right"": false,\n        ""port"": null,\n        ""print_warnings"": true,\n        ""pxpm"": 2,\n        ""render"": false,\n        ""restart_instance"": false,\n        ""save_render"": false,\n        ""seed"": null,\n        ""show_radius"": false,\n        ""sight_radius"": 25,\n        ""sim_step"": 0.1,\n        ""teleport_time"": -1\n    },\n    ""simulator"": ""traci"",\n    ""veh"": [\n        {\n            ""acceleration_controller"": [\n                ""IDMController"",\n                {\n                    ""noise"": 0.2\n                }\n            ],\n            ""car_following_params"": {\n                ""controller_params"": {\n                    ""accel"": 1.0,\n                    ""carFollowModel"": ""IDM"",\n                    ""decel"": 1.5,\n                    ""impatience"": 0.5,\n                    ""maxSpeed"": 30,\n                    ""minGap"": 2.5,\n                    ""sigma"": 0.5,\n                    ""speedDev"": 0.1,\n                    ""speedFactor"": 1.0,\n                    ""tau"": 1.0\n                },\n                ""speed_mode"": 1\n            },\n            ""initial_speed"": 0,\n            ""lane_change_controller"": [\n                ""SimLaneChangeController"",\n                {}\n            ],\n            ""lane_change_params"": {\n                ""controller_params"": {\n                    ""laneChangeModel"": ""LC2013"",\n                    ""lcCooperative"": ""1.0"",\n                    ""lcKeepRight"": ""1.0"",\n                    ""lcSpeedGain"": ""1.0"",\n                    ""lcStrategic"": ""1.0""\n                },\n                ""lane_change_mode"": 512\n            },\n            ""num_vehicles"": 13,\n            ""routing_controller"": [\n                ""ContinuousRouter"",\n                {}\n            ],\n            ""veh_id"": ""human""\n        },\n        {\n            ""acceleration_controller"": [\n                ""RLController"",\n                {}\n            ],\n            ""car_following_params"": {\n                ""controller_params"": {\n                    ""accel"": 1.0,\n                    ""carFollowModel"": ""IDM"",\n                    ""decel"": 1.5,\n                    ""impatience"": 0.5,\n                    ""maxSpeed"": 30,\n                    ""minGap"": 2.5,\n                    ""sigma"": 0.5,\n                    ""speedDev"": 0.1,\n                    ""speedFactor"": 1.0,\n                    ""tau"": 1.0\n                },\n                ""speed_mode"": 1\n            },\n            ""initial_speed"": 0,\n            ""lane_change_controller"": [\n                ""SimLaneChangeController"",\n                {}\n            ],\n            ""lane_change_params"": {\n                ""controller_params"": {\n                    ""laneChangeModel"": ""LC2013"",\n                    ""lcCooperative"": ""1.0"",\n                    ""lcKeepRight"": ""1.0"",\n                    ""lcSpeedGain"": ""1.0"",\n                    ""lcStrategic"": ""1.0""\n                },\n                ""lane_change_mode"": 512\n            },\n            ""num_vehicles"": 1,\n            ""routing_controller"": [\n                ""ContinuousRouter"",\n                {}\n            ],\n            ""veh_id"": ""rl""\n        }\n    ]\n}'}, 'env': 'AccelEnv-v0', 'local_evaluator_tf_session_args': {'inter_op_parallelism_threads': 8, 'intra_op_parallelism_threads': 8}, 'model': {'free_log_std': False, 'custom_options': {}, 'framestack': True, 'channel_major': False, 'max_seq_len': 20, 'lstm_use_prev_action_reward': False, 'squash_to_range': False, 'dim': 84, 'grayscale': False, 'fcnet_hiddens': [100, 50, 25], 'use_lstm': False, 'custom_model': None, 'fcnet_activation': 'tanh', 'conv_filters': None, 'conv_activation': 'relu', 'lstm_cell_size': 256, 'zero_mean': True, 'custom_preprocessor': None}, 'output_compress_columns': ['obs', 'new_obs'], 'monitor': False, 'custom_resources_per_worker': {}, 'output_max_file_size': 67108864, 'num_workers': 1, 'clip_param': 0.3, 'kl_coeff': 0.2, 'multiagent': {'policy_graphs': {}, 'policy_mapping_fn': None, 'policies_to_train': None}, 'input_evaluation': None, 'output': None, 'collect_metrics_timeout': 180, 'num_cpus_per_worker': 1}",169.237.32.118,2,1190.29,9.736587285995483,"{'num_steps_sampled': 188800, 'load_time_ms': 1.224, 'default': {'kl': 0.022492872551083565, 'cur_lr': 0.0005000000237487257, 'total_loss': 0.7431947588920593, 'policy_loss': -0.03306864947080612, 'vf_explained_var': 0.99137943983078, 'entropy': 1.3720558881759644, 'cur_kl_coeff': 0.2886507511138916, 'vf_loss': 0.7697708606719971}, 'sample_time_ms': 9533.319, 'grad_time_ms': 275.567, 'update_time_ms': 4.489, 'num_steps_trained': 188800}",327.76596005402143,2019-04-02_07-56-22,kronos,71,188800,0,1173.1557898521423,{},188800,118,118,1173.1557898521423,496.3960633046472,1600,1554191782,{},0b32d2eec3344b1fbde4822793b2e447,54.45169917298337
False,153,"{'input': 'sampler', 'callbacks': {'on_train_result': None, 'on_sample_end': None, 'on_episode_step': None, 'on_episode_start': None, 'on_episode_end': None}, 'sample_batch_size': 200, 'clip_actions': False, 'clip_rewards': None, 'tf_session_args': {'inter_op_parallelism_threads': 2, 'intra_op_parallelism_threads': 2, 'device_count': {'CPU': 1}, 'log_device_placement': False, 'allow_soft_placement': True, 'gpu_options': {'allow_growth': True}}, 'kl_target': 0.01, 'horizon': 1500, 'lr': 0.0005, 'sample_async': False, 'simple_optimizer': False, 'compress_observations': False, 'num_envs_per_worker': 1, 'gamma': 0.99, 'sgd_minibatch_size': 128, 'observation_filter': 'NoFilter', 'entropy_coeff': 0.0, 'batch_mode': 'truncate_episodes', 'straggler_mitigation': False, 'vf_share_layers': False, 'num_gpus': 0, 'synchronize_filters': True, 'num_sgd_iter': 10, 'train_batch_size': 1500, 'optimizer': {}, 'num_gpus_per_worker': 0, 'preprocessor_pref': 'deepmind', 'num_cpus_for_driver': 1, 'lr_schedule': None, 'use_gae': True, 'lambda': 0.97, 'vf_loss_coeff': 1.0, 'vf_clip_param': 1000000.0, 'log_level': 'INFO', 'env_config': {'run': 'PPO', 'flow_params': '{\n    ""env"": {\n        ""additional_params"": {\n            ""max_accel"": 3,\n            ""max_decel"": 3,\n            ""sort_vehicles"": false,\n            ""target_velocity"": 20\n        },\n        ""evaluate"": false,\n        ""horizon"": 1500,\n        ""sims_per_step"": 1,\n        ""warmup_steps"": 0\n    },\n    ""env_name"": ""AccelEnv"",\n    ""exp_tag"": ""figure_eight_0"",\n    ""initial"": {\n        ""additional_params"": {},\n        ""bunching"": 0,\n        ""edges_distribution"": ""all"",\n        ""lanes_distribution"": Infinity,\n        ""min_gap"": 0,\n        ""perturbation"": 0.0,\n        ""shuffle"": false,\n        ""spacing"": ""uniform"",\n        ""x0"": 0\n    },\n    ""net"": {\n        ""additional_params"": {\n            ""lanes"": 1,\n            ""radius_ring"": 30,\n            ""resolution"": 40,\n            ""speed_limit"": 30\n        },\n        ""inflows"": {\n            ""_InFlows__flows"": [],\n            ""num_flows"": 0\n        },\n        ""netfile"": null,\n        ""no_internal_links"": false,\n        ""osm_path"": null\n    },\n    ""scenario"": ""Figure8Scenario"",\n    ""sim"": {\n        ""emission_path"": null,\n        ""lateral_resolution"": null,\n        ""no_step_log"": true,\n        ""num_clients"": 1,\n        ""overtake_right"": false,\n        ""port"": null,\n        ""print_warnings"": true,\n        ""pxpm"": 2,\n        ""render"": false,\n        ""restart_instance"": false,\n        ""save_render"": false,\n        ""seed"": null,\n        ""show_radius"": false,\n        ""sight_radius"": 25,\n        ""sim_step"": 0.1,\n        ""teleport_time"": -1\n    },\n    ""simulator"": ""traci"",\n    ""veh"": [\n        {\n            ""acceleration_controller"": [\n                ""IDMController"",\n                {\n                    ""noise"": 0.2\n                }\n            ],\n            ""car_following_params"": {\n                ""controller_params"": {\n                    ""accel"": 1.0,\n                    ""carFollowModel"": ""IDM"",\n                    ""decel"": 1.5,\n                    ""impatience"": 0.5,\n                    ""maxSpeed"": 30,\n                    ""minGap"": 2.5,\n                    ""sigma"": 0.5,\n                    ""speedDev"": 0.1,\n                    ""speedFactor"": 1.0,\n                    ""tau"": 1.0\n                },\n                ""speed_mode"": 1\n            },\n            ""initial_speed"": 0,\n            ""lane_change_controller"": [\n                ""SimLaneChangeController"",\n                {}\n            ],\n            ""lane_change_params"": {\n                ""controller_params"": {\n                    ""laneChangeModel"": ""LC2013"",\n                    ""lcCooperative"": ""1.0"",\n                    ""lcKeepRight"": ""1.0"",\n                    ""lcSpeedGain"": ""1.0"",\n                    ""lcStrategic"": ""1.0""\n                },\n                ""lane_change_mode"": 512\n            },\n            ""num_vehicles"": 13,\n            ""routing_controller"": [\n                ""ContinuousRouter"",\n                {}\n            ],\n            ""veh_id"": ""human""\n        },\n        {\n            ""acceleration_controller"": [\n                ""RLController"",\n                {}\n            ],\n            ""car_following_params"": {\n                ""controller_params"": {\n                    ""accel"": 1.0,\n                    ""carFollowModel"": ""IDM"",\n                    ""decel"": 1.5,\n                    ""impatience"": 0.5,\n                    ""maxSpeed"": 30,\n                    ""minGap"": 2.5,\n                    ""sigma"": 0.5,\n                    ""speedDev"": 0.1,\n                    ""speedFactor"": 1.0,\n                    ""tau"": 1.0\n                },\n                ""speed_mode"": 1\n            },\n            ""initial_speed"": 0,\n            ""lane_change_controller"": [\n                ""SimLaneChangeController"",\n                {}\n            ],\n            ""lane_change_params"": {\n                ""controller_params"": {\n                    ""laneChangeModel"": ""LC2013"",\n                    ""lcCooperative"": ""1.0"",\n                    ""lcKeepRight"": ""1.0"",\n                    ""lcSpeedGain"": ""1.0"",\n                    ""lcStrategic"": ""1.0""\n                },\n                ""lane_change_mode"": 512\n            },\n            ""num_vehicles"": 1,\n            ""routing_controller"": [\n                ""ContinuousRouter"",\n                {}\n            ],\n            ""veh_id"": ""rl""\n        }\n    ]\n}'}, 'env': 'AccelEnv-v0', 'local_evaluator_tf_session_args': {'inter_op_parallelism_threads': 8, 'intra_op_parallelism_threads': 8}, 'model': {'free_log_std': False, 'custom_options': {}, 'framestack': True, 'channel_major': False, 'max_seq_len': 20, 'lstm_use_prev_action_reward': False, 'squash_to_range': False, 'dim': 84, 'grayscale': False, 'fcnet_hiddens': [100, 50, 25], 'use_lstm': False, 'custom_model': None, 'fcnet_activation': 'tanh', 'conv_filters': None, 'conv_activation': 'relu', 'lstm_cell_size': 256, 'zero_mean': True, 'custom_preprocessor': None}, 'output_compress_columns': ['obs', 'new_obs'], 'monitor': False, 'custom_resources_per_worker': {}, 'output_max_file_size': 67108864, 'num_workers': 1, 'clip_param': 0.3, 'kl_coeff': 0.2, 'multiagent': {'policy_graphs': {}, 'policy_mapping_fn': None, 'policies_to_train': None}, 'input_evaluation': None, 'output': None, 'collect_metrics_timeout': 180, 'num_cpus_per_worker': 1}",169.237.32.118,2,1181.04,9.781312704086304,"{'num_steps_sampled': 190400, 'load_time_ms': 1.25, 'default': {'kl': 0.010581283830106258, 'cur_lr': 0.0005000000237487257, 'total_loss': 4.722728252410889, 'policy_loss': -0.019404975697398186, 'vf_explained_var': 0.8865225911140442, 'entropy': 1.3115592002868652, 'cur_kl_coeff': 0.4329761564731598, 'vf_loss': 4.737551689147949}, 'sample_time_ms': 9528.674, 'grad_time_ms': 274.232, 'update_time_ms': 4.402, 'num_steps_trained': 190400}",325.80195311330334,2019-04-02_07-56-31,kronos,71,190400,0,1182.9371025562286,{},190400,119,119,1182.9371025562286,496.3960633046472,1600,1554191791,{},0b32d2eec3344b1fbde4822793b2e447,54.45169917298337
False,154,"{'input': 'sampler', 'callbacks': {'on_train_result': None, 'on_sample_end': None, 'on_episode_step': None, 'on_episode_start': None, 'on_episode_end': None}, 'sample_batch_size': 200, 'clip_actions': False, 'clip_rewards': None, 'tf_session_args': {'inter_op_parallelism_threads': 2, 'intra_op_parallelism_threads': 2, 'device_count': {'CPU': 1}, 'log_device_placement': False, 'allow_soft_placement': True, 'gpu_options': {'allow_growth': True}}, 'kl_target': 0.01, 'horizon': 1500, 'lr': 0.0005, 'sample_async': False, 'simple_optimizer': False, 'compress_observations': False, 'num_envs_per_worker': 1, 'gamma': 0.99, 'sgd_minibatch_size': 128, 'observation_filter': 'NoFilter', 'entropy_coeff': 0.0, 'batch_mode': 'truncate_episodes', 'straggler_mitigation': False, 'vf_share_layers': False, 'num_gpus': 0, 'synchronize_filters': True, 'num_sgd_iter': 10, 'train_batch_size': 1500, 'optimizer': {}, 'num_gpus_per_worker': 0, 'preprocessor_pref': 'deepmind', 'num_cpus_for_driver': 1, 'lr_schedule': None, 'use_gae': True, 'lambda': 0.97, 'vf_loss_coeff': 1.0, 'vf_clip_param': 1000000.0, 'log_level': 'INFO', 'env_config': {'run': 'PPO', 'flow_params': '{\n    ""env"": {\n        ""additional_params"": {\n            ""max_accel"": 3,\n            ""max_decel"": 3,\n            ""sort_vehicles"": false,\n            ""target_velocity"": 20\n        },\n        ""evaluate"": false,\n        ""horizon"": 1500,\n        ""sims_per_step"": 1,\n        ""warmup_steps"": 0\n    },\n    ""env_name"": ""AccelEnv"",\n    ""exp_tag"": ""figure_eight_0"",\n    ""initial"": {\n        ""additional_params"": {},\n        ""bunching"": 0,\n        ""edges_distribution"": ""all"",\n        ""lanes_distribution"": Infinity,\n        ""min_gap"": 0,\n        ""perturbation"": 0.0,\n        ""shuffle"": false,\n        ""spacing"": ""uniform"",\n        ""x0"": 0\n    },\n    ""net"": {\n        ""additional_params"": {\n            ""lanes"": 1,\n            ""radius_ring"": 30,\n            ""resolution"": 40,\n            ""speed_limit"": 30\n        },\n        ""inflows"": {\n            ""_InFlows__flows"": [],\n            ""num_flows"": 0\n        },\n        ""netfile"": null,\n        ""no_internal_links"": false,\n        ""osm_path"": null\n    },\n    ""scenario"": ""Figure8Scenario"",\n    ""sim"": {\n        ""emission_path"": null,\n        ""lateral_resolution"": null,\n        ""no_step_log"": true,\n        ""num_clients"": 1,\n        ""overtake_right"": false,\n        ""port"": null,\n        ""print_warnings"": true,\n        ""pxpm"": 2,\n        ""render"": false,\n        ""restart_instance"": false,\n        ""save_render"": false,\n        ""seed"": null,\n        ""show_radius"": false,\n        ""sight_radius"": 25,\n        ""sim_step"": 0.1,\n        ""teleport_time"": -1\n    },\n    ""simulator"": ""traci"",\n    ""veh"": [\n        {\n            ""acceleration_controller"": [\n                ""IDMController"",\n                {\n                    ""noise"": 0.2\n                }\n            ],\n            ""car_following_params"": {\n                ""controller_params"": {\n                    ""accel"": 1.0,\n                    ""carFollowModel"": ""IDM"",\n                    ""decel"": 1.5,\n                    ""impatience"": 0.5,\n                    ""maxSpeed"": 30,\n                    ""minGap"": 2.5,\n                    ""sigma"": 0.5,\n                    ""speedDev"": 0.1,\n                    ""speedFactor"": 1.0,\n                    ""tau"": 1.0\n                },\n                ""speed_mode"": 1\n            },\n            ""initial_speed"": 0,\n            ""lane_change_controller"": [\n                ""SimLaneChangeController"",\n                {}\n            ],\n            ""lane_change_params"": {\n                ""controller_params"": {\n                    ""laneChangeModel"": ""LC2013"",\n                    ""lcCooperative"": ""1.0"",\n                    ""lcKeepRight"": ""1.0"",\n                    ""lcSpeedGain"": ""1.0"",\n                    ""lcStrategic"": ""1.0""\n                },\n                ""lane_change_mode"": 512\n            },\n            ""num_vehicles"": 13,\n            ""routing_controller"": [\n                ""ContinuousRouter"",\n                {}\n            ],\n            ""veh_id"": ""human""\n        },\n        {\n            ""acceleration_controller"": [\n                ""RLController"",\n                {}\n            ],\n            ""car_following_params"": {\n                ""controller_params"": {\n                    ""accel"": 1.0,\n                    ""carFollowModel"": ""IDM"",\n                    ""decel"": 1.5,\n                    ""impatience"": 0.5,\n                    ""maxSpeed"": 30,\n                    ""minGap"": 2.5,\n                    ""sigma"": 0.5,\n                    ""speedDev"": 0.1,\n                    ""speedFactor"": 1.0,\n                    ""tau"": 1.0\n                },\n                ""speed_mode"": 1\n            },\n            ""initial_speed"": 0,\n            ""lane_change_controller"": [\n                ""SimLaneChangeController"",\n                {}\n            ],\n            ""lane_change_params"": {\n                ""controller_params"": {\n                    ""laneChangeModel"": ""LC2013"",\n                    ""lcCooperative"": ""1.0"",\n                    ""lcKeepRight"": ""1.0"",\n                    ""lcSpeedGain"": ""1.0"",\n                    ""lcStrategic"": ""1.0""\n                },\n                ""lane_change_mode"": 512\n            },\n            ""num_vehicles"": 1,\n            ""routing_controller"": [\n                ""ContinuousRouter"",\n                {}\n            ],\n            ""veh_id"": ""rl""\n        }\n    ]\n}'}, 'env': 'AccelEnv-v0', 'local_evaluator_tf_session_args': {'inter_op_parallelism_threads': 8, 'intra_op_parallelism_threads': 8}, 'model': {'free_log_std': False, 'custom_options': {}, 'framestack': True, 'channel_major': False, 'max_seq_len': 20, 'lstm_use_prev_action_reward': False, 'squash_to_range': False, 'dim': 84, 'grayscale': False, 'fcnet_hiddens': [100, 50, 25], 'use_lstm': False, 'custom_model': None, 'fcnet_activation': 'tanh', 'conv_filters': None, 'conv_activation': 'relu', 'lstm_cell_size': 256, 'zero_mean': True, 'custom_preprocessor': None}, 'output_compress_columns': ['obs', 'new_obs'], 'monitor': False, 'custom_resources_per_worker': {}, 'output_max_file_size': 67108864, 'num_workers': 1, 'clip_param': 0.3, 'kl_coeff': 0.2, 'multiagent': {'policy_graphs': {}, 'policy_mapping_fn': None, 'policies_to_train': None}, 'input_evaluation': None, 'output': None, 'collect_metrics_timeout': 180, 'num_cpus_per_worker': 1}",169.237.32.118,1,1181.04,9.675360918045044,"{'num_steps_sampled': 192000, 'load_time_ms': 1.218, 'default': {'kl': 0.005280690733343363, 'cur_lr': 0.0005000000237487257, 'total_loss': 1.857981562614441, 'policy_loss': -0.008955840952694416, 'vf_explained_var': 0.9671168923377991, 'entropy': 1.3966732025146484, 'cur_kl_coeff': 0.4329761564731598, 'vf_loss': 1.8646512031555176}, 'sample_time_ms': 9520.151, 'grad_time_ms': 273.424, 'update_time_ms': 4.455, 'num_steps_trained': 192000}",325.1551827973464,2019-04-02_07-56-41,kronos,71,192000,0,1192.6124634742737,{},192000,120,120,1192.6124634742737,496.3960633046472,1600,1554191801,{},0b32d2eec3344b1fbde4822793b2e447,54.45169917298337
False,155,"{'input': 'sampler', 'callbacks': {'on_train_result': None, 'on_sample_end': None, 'on_episode_step': None, 'on_episode_start': None, 'on_episode_end': None}, 'sample_batch_size': 200, 'clip_actions': False, 'clip_rewards': None, 'tf_session_args': {'inter_op_parallelism_threads': 2, 'intra_op_parallelism_threads': 2, 'device_count': {'CPU': 1}, 'log_device_placement': False, 'allow_soft_placement': True, 'gpu_options': {'allow_growth': True}}, 'kl_target': 0.01, 'horizon': 1500, 'lr': 0.0005, 'sample_async': False, 'simple_optimizer': False, 'compress_observations': False, 'num_envs_per_worker': 1, 'gamma': 0.99, 'sgd_minibatch_size': 128, 'observation_filter': 'NoFilter', 'entropy_coeff': 0.0, 'batch_mode': 'truncate_episodes', 'straggler_mitigation': False, 'vf_share_layers': False, 'num_gpus': 0, 'synchronize_filters': True, 'num_sgd_iter': 10, 'train_batch_size': 1500, 'optimizer': {}, 'num_gpus_per_worker': 0, 'preprocessor_pref': 'deepmind', 'num_cpus_for_driver': 1, 'lr_schedule': None, 'use_gae': True, 'lambda': 0.97, 'vf_loss_coeff': 1.0, 'vf_clip_param': 1000000.0, 'log_level': 'INFO', 'env_config': {'run': 'PPO', 'flow_params': '{\n    ""env"": {\n        ""additional_params"": {\n            ""max_accel"": 3,\n            ""max_decel"": 3,\n            ""sort_vehicles"": false,\n            ""target_velocity"": 20\n        },\n        ""evaluate"": false,\n        ""horizon"": 1500,\n        ""sims_per_step"": 1,\n        ""warmup_steps"": 0\n    },\n    ""env_name"": ""AccelEnv"",\n    ""exp_tag"": ""figure_eight_0"",\n    ""initial"": {\n        ""additional_params"": {},\n        ""bunching"": 0,\n        ""edges_distribution"": ""all"",\n        ""lanes_distribution"": Infinity,\n        ""min_gap"": 0,\n        ""perturbation"": 0.0,\n        ""shuffle"": false,\n        ""spacing"": ""uniform"",\n        ""x0"": 0\n    },\n    ""net"": {\n        ""additional_params"": {\n            ""lanes"": 1,\n            ""radius_ring"": 30,\n            ""resolution"": 40,\n            ""speed_limit"": 30\n        },\n        ""inflows"": {\n            ""_InFlows__flows"": [],\n            ""num_flows"": 0\n        },\n        ""netfile"": null,\n        ""no_internal_links"": false,\n        ""osm_path"": null\n    },\n    ""scenario"": ""Figure8Scenario"",\n    ""sim"": {\n        ""emission_path"": null,\n        ""lateral_resolution"": null,\n        ""no_step_log"": true,\n        ""num_clients"": 1,\n        ""overtake_right"": false,\n        ""port"": null,\n        ""print_warnings"": true,\n        ""pxpm"": 2,\n        ""render"": false,\n        ""restart_instance"": false,\n        ""save_render"": false,\n        ""seed"": null,\n        ""show_radius"": false,\n        ""sight_radius"": 25,\n        ""sim_step"": 0.1,\n        ""teleport_time"": -1\n    },\n    ""simulator"": ""traci"",\n    ""veh"": [\n        {\n            ""acceleration_controller"": [\n                ""IDMController"",\n                {\n                    ""noise"": 0.2\n                }\n            ],\n            ""car_following_params"": {\n                ""controller_params"": {\n                    ""accel"": 1.0,\n                    ""carFollowModel"": ""IDM"",\n                    ""decel"": 1.5,\n                    ""impatience"": 0.5,\n                    ""maxSpeed"": 30,\n                    ""minGap"": 2.5,\n                    ""sigma"": 0.5,\n                    ""speedDev"": 0.1,\n                    ""speedFactor"": 1.0,\n                    ""tau"": 1.0\n                },\n                ""speed_mode"": 1\n            },\n            ""initial_speed"": 0,\n            ""lane_change_controller"": [\n                ""SimLaneChangeController"",\n                {}\n            ],\n            ""lane_change_params"": {\n                ""controller_params"": {\n                    ""laneChangeModel"": ""LC2013"",\n                    ""lcCooperative"": ""1.0"",\n                    ""lcKeepRight"": ""1.0"",\n                    ""lcSpeedGain"": ""1.0"",\n                    ""lcStrategic"": ""1.0""\n                },\n                ""lane_change_mode"": 512\n            },\n            ""num_vehicles"": 13,\n            ""routing_controller"": [\n                ""ContinuousRouter"",\n                {}\n            ],\n            ""veh_id"": ""human""\n        },\n        {\n            ""acceleration_controller"": [\n                ""RLController"",\n                {}\n            ],\n            ""car_following_params"": {\n                ""controller_params"": {\n                    ""accel"": 1.0,\n                    ""carFollowModel"": ""IDM"",\n                    ""decel"": 1.5,\n                    ""impatience"": 0.5,\n                    ""maxSpeed"": 30,\n                    ""minGap"": 2.5,\n                    ""sigma"": 0.5,\n                    ""speedDev"": 0.1,\n                    ""speedFactor"": 1.0,\n                    ""tau"": 1.0\n                },\n                ""speed_mode"": 1\n            },\n            ""initial_speed"": 0,\n            ""lane_change_controller"": [\n                ""SimLaneChangeController"",\n                {}\n            ],\n            ""lane_change_params"": {\n                ""controller_params"": {\n                    ""laneChangeModel"": ""LC2013"",\n                    ""lcCooperative"": ""1.0"",\n                    ""lcKeepRight"": ""1.0"",\n                    ""lcSpeedGain"": ""1.0"",\n                    ""lcStrategic"": ""1.0""\n                },\n                ""lane_change_mode"": 512\n            },\n            ""num_vehicles"": 1,\n            ""routing_controller"": [\n                ""ContinuousRouter"",\n                {}\n            ],\n            ""veh_id"": ""rl""\n        }\n    ]\n}'}, 'env': 'AccelEnv-v0', 'local_evaluator_tf_session_args': {'inter_op_parallelism_threads': 8, 'intra_op_parallelism_threads': 8}, 'model': {'free_log_std': False, 'custom_options': {}, 'framestack': True, 'channel_major': False, 'max_seq_len': 20, 'lstm_use_prev_action_reward': False, 'squash_to_range': False, 'dim': 84, 'grayscale': False, 'fcnet_hiddens': [100, 50, 25], 'use_lstm': False, 'custom_model': None, 'fcnet_activation': 'tanh', 'conv_filters': None, 'conv_activation': 'relu', 'lstm_cell_size': 256, 'zero_mean': True, 'custom_preprocessor': None}, 'output_compress_columns': ['obs', 'new_obs'], 'monitor': False, 'custom_resources_per_worker': {}, 'output_max_file_size': 67108864, 'num_workers': 1, 'clip_param': 0.3, 'kl_coeff': 0.2, 'multiagent': {'policy_graphs': {}, 'policy_mapping_fn': None, 'policies_to_train': None}, 'input_evaluation': None, 'output': None, 'collect_metrics_timeout': 180, 'num_cpus_per_worker': 1}",169.237.32.118,1,1179.01,9.767162084579468,"{'num_steps_sampled': 193600, 'load_time_ms': 1.221, 'default': {'kl': 0.011496081948280334, 'cur_lr': 0.0005000000237487257, 'total_loss': 0.48001158237457275, 'policy_loss': -0.017436528578400612, 'vf_explained_var': 0.9946072101593018, 'entropy': 1.49940025806427, 'cur_kl_coeff': 0.4329761564731598, 'vf_loss': 0.4924706220626831}, 'sample_time_ms': 9501.439, 'grad_time_ms': 273.79, 'update_time_ms': 4.462, 'num_steps_trained': 193600}",324.0287669386451,2019-04-02_07-56-51,kronos,71,193600,0,1202.3796255588531,{},193600,121,121,1202.3796255588531,496.3960633046472,1600,1554191811,{},0b32d2eec3344b1fbde4822793b2e447,54.45169917298337
False,157,"{'input': 'sampler', 'callbacks': {'on_train_result': None, 'on_sample_end': None, 'on_episode_step': None, 'on_episode_start': None, 'on_episode_end': None}, 'sample_batch_size': 200, 'clip_actions': False, 'clip_rewards': None, 'tf_session_args': {'inter_op_parallelism_threads': 2, 'intra_op_parallelism_threads': 2, 'device_count': {'CPU': 1}, 'log_device_placement': False, 'allow_soft_placement': True, 'gpu_options': {'allow_growth': True}}, 'kl_target': 0.01, 'horizon': 1500, 'lr': 0.0005, 'sample_async': False, 'simple_optimizer': False, 'compress_observations': False, 'num_envs_per_worker': 1, 'gamma': 0.99, 'sgd_minibatch_size': 128, 'observation_filter': 'NoFilter', 'entropy_coeff': 0.0, 'batch_mode': 'truncate_episodes', 'straggler_mitigation': False, 'vf_share_layers': False, 'num_gpus': 0, 'synchronize_filters': True, 'num_sgd_iter': 10, 'train_batch_size': 1500, 'optimizer': {}, 'num_gpus_per_worker': 0, 'preprocessor_pref': 'deepmind', 'num_cpus_for_driver': 1, 'lr_schedule': None, 'use_gae': True, 'lambda': 0.97, 'vf_loss_coeff': 1.0, 'vf_clip_param': 1000000.0, 'log_level': 'INFO', 'env_config': {'run': 'PPO', 'flow_params': '{\n    ""env"": {\n        ""additional_params"": {\n            ""max_accel"": 3,\n            ""max_decel"": 3,\n            ""sort_vehicles"": false,\n            ""target_velocity"": 20\n        },\n        ""evaluate"": false,\n        ""horizon"": 1500,\n        ""sims_per_step"": 1,\n        ""warmup_steps"": 0\n    },\n    ""env_name"": ""AccelEnv"",\n    ""exp_tag"": ""figure_eight_0"",\n    ""initial"": {\n        ""additional_params"": {},\n        ""bunching"": 0,\n        ""edges_distribution"": ""all"",\n        ""lanes_distribution"": Infinity,\n        ""min_gap"": 0,\n        ""perturbation"": 0.0,\n        ""shuffle"": false,\n        ""spacing"": ""uniform"",\n        ""x0"": 0\n    },\n    ""net"": {\n        ""additional_params"": {\n            ""lanes"": 1,\n            ""radius_ring"": 30,\n            ""resolution"": 40,\n            ""speed_limit"": 30\n        },\n        ""inflows"": {\n            ""_InFlows__flows"": [],\n            ""num_flows"": 0\n        },\n        ""netfile"": null,\n        ""no_internal_links"": false,\n        ""osm_path"": null\n    },\n    ""scenario"": ""Figure8Scenario"",\n    ""sim"": {\n        ""emission_path"": null,\n        ""lateral_resolution"": null,\n        ""no_step_log"": true,\n        ""num_clients"": 1,\n        ""overtake_right"": false,\n        ""port"": null,\n        ""print_warnings"": true,\n        ""pxpm"": 2,\n        ""render"": false,\n        ""restart_instance"": false,\n        ""save_render"": false,\n        ""seed"": null,\n        ""show_radius"": false,\n        ""sight_radius"": 25,\n        ""sim_step"": 0.1,\n        ""teleport_time"": -1\n    },\n    ""simulator"": ""traci"",\n    ""veh"": [\n        {\n            ""acceleration_controller"": [\n                ""IDMController"",\n                {\n                    ""noise"": 0.2\n                }\n            ],\n            ""car_following_params"": {\n                ""controller_params"": {\n                    ""accel"": 1.0,\n                    ""carFollowModel"": ""IDM"",\n                    ""decel"": 1.5,\n                    ""impatience"": 0.5,\n                    ""maxSpeed"": 30,\n                    ""minGap"": 2.5,\n                    ""sigma"": 0.5,\n                    ""speedDev"": 0.1,\n                    ""speedFactor"": 1.0,\n                    ""tau"": 1.0\n                },\n                ""speed_mode"": 1\n            },\n            ""initial_speed"": 0,\n            ""lane_change_controller"": [\n                ""SimLaneChangeController"",\n                {}\n            ],\n            ""lane_change_params"": {\n                ""controller_params"": {\n                    ""laneChangeModel"": ""LC2013"",\n                    ""lcCooperative"": ""1.0"",\n                    ""lcKeepRight"": ""1.0"",\n                    ""lcSpeedGain"": ""1.0"",\n                    ""lcStrategic"": ""1.0""\n                },\n                ""lane_change_mode"": 512\n            },\n            ""num_vehicles"": 13,\n            ""routing_controller"": [\n                ""ContinuousRouter"",\n                {}\n            ],\n            ""veh_id"": ""human""\n        },\n        {\n            ""acceleration_controller"": [\n                ""RLController"",\n                {}\n            ],\n            ""car_following_params"": {\n                ""controller_params"": {\n                    ""accel"": 1.0,\n                    ""carFollowModel"": ""IDM"",\n                    ""decel"": 1.5,\n                    ""impatience"": 0.5,\n                    ""maxSpeed"": 30,\n                    ""minGap"": 2.5,\n                    ""sigma"": 0.5,\n                    ""speedDev"": 0.1,\n                    ""speedFactor"": 1.0,\n                    ""tau"": 1.0\n                },\n                ""speed_mode"": 1\n            },\n            ""initial_speed"": 0,\n            ""lane_change_controller"": [\n                ""SimLaneChangeController"",\n                {}\n            ],\n            ""lane_change_params"": {\n                ""controller_params"": {\n                    ""laneChangeModel"": ""LC2013"",\n                    ""lcCooperative"": ""1.0"",\n                    ""lcKeepRight"": ""1.0"",\n                    ""lcSpeedGain"": ""1.0"",\n                    ""lcStrategic"": ""1.0""\n                },\n                ""lane_change_mode"": 512\n            },\n            ""num_vehicles"": 1,\n            ""routing_controller"": [\n                ""ContinuousRouter"",\n                {}\n            ],\n            ""veh_id"": ""rl""\n        }\n    ]\n}'}, 'env': 'AccelEnv-v0', 'local_evaluator_tf_session_args': {'inter_op_parallelism_threads': 8, 'intra_op_parallelism_threads': 8}, 'model': {'free_log_std': False, 'custom_options': {}, 'framestack': True, 'channel_major': False, 'max_seq_len': 20, 'lstm_use_prev_action_reward': False, 'squash_to_range': False, 'dim': 84, 'grayscale': False, 'fcnet_hiddens': [100, 50, 25], 'use_lstm': False, 'custom_model': None, 'fcnet_activation': 'tanh', 'conv_filters': None, 'conv_activation': 'relu', 'lstm_cell_size': 256, 'zero_mean': True, 'custom_preprocessor': None}, 'output_compress_columns': ['obs', 'new_obs'], 'monitor': False, 'custom_resources_per_worker': {}, 'output_max_file_size': 67108864, 'num_workers': 1, 'clip_param': 0.3, 'kl_coeff': 0.2, 'multiagent': {'policy_graphs': {}, 'policy_mapping_fn': None, 'policies_to_train': None}, 'input_evaluation': None, 'output': None, 'collect_metrics_timeout': 180, 'num_cpus_per_worker': 1}",169.237.32.118,2,1167.28,9.570173025131226,"{'num_steps_sampled': 195200, 'load_time_ms': 1.253, 'default': {'kl': 0.007688043173402548, 'cur_lr': 0.0005000000237487257, 'total_loss': 0.9681521058082581, 'policy_loss': -0.014247000217437744, 'vf_explained_var': 0.985548198223114, 'entropy': 1.4166045188903809, 'cur_kl_coeff': 0.4329761564731598, 'vf_loss': 0.9790704250335693}, 'sample_time_ms': 9488.659, 'grad_time_ms': 274.201, 'update_time_ms': 4.402, 'num_steps_trained': 195200}",320.62129648398985,2019-04-02_07-57-01,kronos,71,195200,0,1211.9497985839844,{},195200,122,122,1211.9497985839844,496.3960633046472,1600,1554191821,{},0b32d2eec3344b1fbde4822793b2e447,54.45169917298337
False,158,"{'input': 'sampler', 'callbacks': {'on_train_result': None, 'on_sample_end': None, 'on_episode_step': None, 'on_episode_start': None, 'on_episode_end': None}, 'sample_batch_size': 200, 'clip_actions': False, 'clip_rewards': None, 'tf_session_args': {'inter_op_parallelism_threads': 2, 'intra_op_parallelism_threads': 2, 'device_count': {'CPU': 1}, 'log_device_placement': False, 'allow_soft_placement': True, 'gpu_options': {'allow_growth': True}}, 'kl_target': 0.01, 'horizon': 1500, 'lr': 0.0005, 'sample_async': False, 'simple_optimizer': False, 'compress_observations': False, 'num_envs_per_worker': 1, 'gamma': 0.99, 'sgd_minibatch_size': 128, 'observation_filter': 'NoFilter', 'entropy_coeff': 0.0, 'batch_mode': 'truncate_episodes', 'straggler_mitigation': False, 'vf_share_layers': False, 'num_gpus': 0, 'synchronize_filters': True, 'num_sgd_iter': 10, 'train_batch_size': 1500, 'optimizer': {}, 'num_gpus_per_worker': 0, 'preprocessor_pref': 'deepmind', 'num_cpus_for_driver': 1, 'lr_schedule': None, 'use_gae': True, 'lambda': 0.97, 'vf_loss_coeff': 1.0, 'vf_clip_param': 1000000.0, 'log_level': 'INFO', 'env_config': {'run': 'PPO', 'flow_params': '{\n    ""env"": {\n        ""additional_params"": {\n            ""max_accel"": 3,\n            ""max_decel"": 3,\n            ""sort_vehicles"": false,\n            ""target_velocity"": 20\n        },\n        ""evaluate"": false,\n        ""horizon"": 1500,\n        ""sims_per_step"": 1,\n        ""warmup_steps"": 0\n    },\n    ""env_name"": ""AccelEnv"",\n    ""exp_tag"": ""figure_eight_0"",\n    ""initial"": {\n        ""additional_params"": {},\n        ""bunching"": 0,\n        ""edges_distribution"": ""all"",\n        ""lanes_distribution"": Infinity,\n        ""min_gap"": 0,\n        ""perturbation"": 0.0,\n        ""shuffle"": false,\n        ""spacing"": ""uniform"",\n        ""x0"": 0\n    },\n    ""net"": {\n        ""additional_params"": {\n            ""lanes"": 1,\n            ""radius_ring"": 30,\n            ""resolution"": 40,\n            ""speed_limit"": 30\n        },\n        ""inflows"": {\n            ""_InFlows__flows"": [],\n            ""num_flows"": 0\n        },\n        ""netfile"": null,\n        ""no_internal_links"": false,\n        ""osm_path"": null\n    },\n    ""scenario"": ""Figure8Scenario"",\n    ""sim"": {\n        ""emission_path"": null,\n        ""lateral_resolution"": null,\n        ""no_step_log"": true,\n        ""num_clients"": 1,\n        ""overtake_right"": false,\n        ""port"": null,\n        ""print_warnings"": true,\n        ""pxpm"": 2,\n        ""render"": false,\n        ""restart_instance"": false,\n        ""save_render"": false,\n        ""seed"": null,\n        ""show_radius"": false,\n        ""sight_radius"": 25,\n        ""sim_step"": 0.1,\n        ""teleport_time"": -1\n    },\n    ""simulator"": ""traci"",\n    ""veh"": [\n        {\n            ""acceleration_controller"": [\n                ""IDMController"",\n                {\n                    ""noise"": 0.2\n                }\n            ],\n            ""car_following_params"": {\n                ""controller_params"": {\n                    ""accel"": 1.0,\n                    ""carFollowModel"": ""IDM"",\n                    ""decel"": 1.5,\n                    ""impatience"": 0.5,\n                    ""maxSpeed"": 30,\n                    ""minGap"": 2.5,\n                    ""sigma"": 0.5,\n                    ""speedDev"": 0.1,\n                    ""speedFactor"": 1.0,\n                    ""tau"": 1.0\n                },\n                ""speed_mode"": 1\n            },\n            ""initial_speed"": 0,\n            ""lane_change_controller"": [\n                ""SimLaneChangeController"",\n                {}\n            ],\n            ""lane_change_params"": {\n                ""controller_params"": {\n                    ""laneChangeModel"": ""LC2013"",\n                    ""lcCooperative"": ""1.0"",\n                    ""lcKeepRight"": ""1.0"",\n                    ""lcSpeedGain"": ""1.0"",\n                    ""lcStrategic"": ""1.0""\n                },\n                ""lane_change_mode"": 512\n            },\n            ""num_vehicles"": 13,\n            ""routing_controller"": [\n                ""ContinuousRouter"",\n                {}\n            ],\n            ""veh_id"": ""human""\n        },\n        {\n            ""acceleration_controller"": [\n                ""RLController"",\n                {}\n            ],\n            ""car_following_params"": {\n                ""controller_params"": {\n                    ""accel"": 1.0,\n                    ""carFollowModel"": ""IDM"",\n                    ""decel"": 1.5,\n                    ""impatience"": 0.5,\n                    ""maxSpeed"": 30,\n                    ""minGap"": 2.5,\n                    ""sigma"": 0.5,\n                    ""speedDev"": 0.1,\n                    ""speedFactor"": 1.0,\n                    ""tau"": 1.0\n                },\n                ""speed_mode"": 1\n            },\n            ""initial_speed"": 0,\n            ""lane_change_controller"": [\n                ""SimLaneChangeController"",\n                {}\n            ],\n            ""lane_change_params"": {\n                ""controller_params"": {\n                    ""laneChangeModel"": ""LC2013"",\n                    ""lcCooperative"": ""1.0"",\n                    ""lcKeepRight"": ""1.0"",\n                    ""lcSpeedGain"": ""1.0"",\n                    ""lcStrategic"": ""1.0""\n                },\n                ""lane_change_mode"": 512\n            },\n            ""num_vehicles"": 1,\n            ""routing_controller"": [\n                ""ContinuousRouter"",\n                {}\n            ],\n            ""veh_id"": ""rl""\n        }\n    ]\n}'}, 'env': 'AccelEnv-v0', 'local_evaluator_tf_session_args': {'inter_op_parallelism_threads': 8, 'intra_op_parallelism_threads': 8}, 'model': {'free_log_std': False, 'custom_options': {}, 'framestack': True, 'channel_major': False, 'max_seq_len': 20, 'lstm_use_prev_action_reward': False, 'squash_to_range': False, 'dim': 84, 'grayscale': False, 'fcnet_hiddens': [100, 50, 25], 'use_lstm': False, 'custom_model': None, 'fcnet_activation': 'tanh', 'conv_filters': None, 'conv_activation': 'relu', 'lstm_cell_size': 256, 'zero_mean': True, 'custom_preprocessor': None}, 'output_compress_columns': ['obs', 'new_obs'], 'monitor': False, 'custom_resources_per_worker': {}, 'output_max_file_size': 67108864, 'num_workers': 1, 'clip_param': 0.3, 'kl_coeff': 0.2, 'multiagent': {'policy_graphs': {}, 'policy_mapping_fn': None, 'policies_to_train': None}, 'input_evaluation': None, 'output': None, 'collect_metrics_timeout': 180, 'num_cpus_per_worker': 1}",169.237.32.118,1,1167.28,9.868025541305542,"{'num_steps_sampled': 196800, 'load_time_ms': 1.241, 'default': {'kl': 0.008866229094564915, 'cur_lr': 0.0005000000237487257, 'total_loss': 0.9154061675071716, 'policy_loss': -0.022633686661720276, 'vf_explained_var': 0.9793925285339355, 'entropy': 1.3728171586990356, 'cur_kl_coeff': 0.4329761564731598, 'vf_loss': 0.9342010021209717}, 'sample_time_ms': 9505.745, 'grad_time_ms': 274.065, 'update_time_ms': 4.328, 'num_steps_trained': 196800}",320.7524603319757,2019-04-02_07-57-10,kronos,71,196800,0,1221.81782412529,{},196800,123,123,1221.81782412529,496.3960633046472,1600,1554191830,{},0b32d2eec3344b1fbde4822793b2e447,54.45169917298337
False,159,"{'input': 'sampler', 'callbacks': {'on_train_result': None, 'on_sample_end': None, 'on_episode_step': None, 'on_episode_start': None, 'on_episode_end': None}, 'sample_batch_size': 200, 'clip_actions': False, 'clip_rewards': None, 'tf_session_args': {'inter_op_parallelism_threads': 2, 'intra_op_parallelism_threads': 2, 'device_count': {'CPU': 1}, 'log_device_placement': False, 'allow_soft_placement': True, 'gpu_options': {'allow_growth': True}}, 'kl_target': 0.01, 'horizon': 1500, 'lr': 0.0005, 'sample_async': False, 'simple_optimizer': False, 'compress_observations': False, 'num_envs_per_worker': 1, 'gamma': 0.99, 'sgd_minibatch_size': 128, 'observation_filter': 'NoFilter', 'entropy_coeff': 0.0, 'batch_mode': 'truncate_episodes', 'straggler_mitigation': False, 'vf_share_layers': False, 'num_gpus': 0, 'synchronize_filters': True, 'num_sgd_iter': 10, 'train_batch_size': 1500, 'optimizer': {}, 'num_gpus_per_worker': 0, 'preprocessor_pref': 'deepmind', 'num_cpus_for_driver': 1, 'lr_schedule': None, 'use_gae': True, 'lambda': 0.97, 'vf_loss_coeff': 1.0, 'vf_clip_param': 1000000.0, 'log_level': 'INFO', 'env_config': {'run': 'PPO', 'flow_params': '{\n    ""env"": {\n        ""additional_params"": {\n            ""max_accel"": 3,\n            ""max_decel"": 3,\n            ""sort_vehicles"": false,\n            ""target_velocity"": 20\n        },\n        ""evaluate"": false,\n        ""horizon"": 1500,\n        ""sims_per_step"": 1,\n        ""warmup_steps"": 0\n    },\n    ""env_name"": ""AccelEnv"",\n    ""exp_tag"": ""figure_eight_0"",\n    ""initial"": {\n        ""additional_params"": {},\n        ""bunching"": 0,\n        ""edges_distribution"": ""all"",\n        ""lanes_distribution"": Infinity,\n        ""min_gap"": 0,\n        ""perturbation"": 0.0,\n        ""shuffle"": false,\n        ""spacing"": ""uniform"",\n        ""x0"": 0\n    },\n    ""net"": {\n        ""additional_params"": {\n            ""lanes"": 1,\n            ""radius_ring"": 30,\n            ""resolution"": 40,\n            ""speed_limit"": 30\n        },\n        ""inflows"": {\n            ""_InFlows__flows"": [],\n            ""num_flows"": 0\n        },\n        ""netfile"": null,\n        ""no_internal_links"": false,\n        ""osm_path"": null\n    },\n    ""scenario"": ""Figure8Scenario"",\n    ""sim"": {\n        ""emission_path"": null,\n        ""lateral_resolution"": null,\n        ""no_step_log"": true,\n        ""num_clients"": 1,\n        ""overtake_right"": false,\n        ""port"": null,\n        ""print_warnings"": true,\n        ""pxpm"": 2,\n        ""render"": false,\n        ""restart_instance"": false,\n        ""save_render"": false,\n        ""seed"": null,\n        ""show_radius"": false,\n        ""sight_radius"": 25,\n        ""sim_step"": 0.1,\n        ""teleport_time"": -1\n    },\n    ""simulator"": ""traci"",\n    ""veh"": [\n        {\n            ""acceleration_controller"": [\n                ""IDMController"",\n                {\n                    ""noise"": 0.2\n                }\n            ],\n            ""car_following_params"": {\n                ""controller_params"": {\n                    ""accel"": 1.0,\n                    ""carFollowModel"": ""IDM"",\n                    ""decel"": 1.5,\n                    ""impatience"": 0.5,\n                    ""maxSpeed"": 30,\n                    ""minGap"": 2.5,\n                    ""sigma"": 0.5,\n                    ""speedDev"": 0.1,\n                    ""speedFactor"": 1.0,\n                    ""tau"": 1.0\n                },\n                ""speed_mode"": 1\n            },\n            ""initial_speed"": 0,\n            ""lane_change_controller"": [\n                ""SimLaneChangeController"",\n                {}\n            ],\n            ""lane_change_params"": {\n                ""controller_params"": {\n                    ""laneChangeModel"": ""LC2013"",\n                    ""lcCooperative"": ""1.0"",\n                    ""lcKeepRight"": ""1.0"",\n                    ""lcSpeedGain"": ""1.0"",\n                    ""lcStrategic"": ""1.0""\n                },\n                ""lane_change_mode"": 512\n            },\n            ""num_vehicles"": 13,\n            ""routing_controller"": [\n                ""ContinuousRouter"",\n                {}\n            ],\n            ""veh_id"": ""human""\n        },\n        {\n            ""acceleration_controller"": [\n                ""RLController"",\n                {}\n            ],\n            ""car_following_params"": {\n                ""controller_params"": {\n                    ""accel"": 1.0,\n                    ""carFollowModel"": ""IDM"",\n                    ""decel"": 1.5,\n                    ""impatience"": 0.5,\n                    ""maxSpeed"": 30,\n                    ""minGap"": 2.5,\n                    ""sigma"": 0.5,\n                    ""speedDev"": 0.1,\n                    ""speedFactor"": 1.0,\n                    ""tau"": 1.0\n                },\n                ""speed_mode"": 1\n            },\n            ""initial_speed"": 0,\n            ""lane_change_controller"": [\n                ""SimLaneChangeController"",\n                {}\n            ],\n            ""lane_change_params"": {\n                ""controller_params"": {\n                    ""laneChangeModel"": ""LC2013"",\n                    ""lcCooperative"": ""1.0"",\n                    ""lcKeepRight"": ""1.0"",\n                    ""lcSpeedGain"": ""1.0"",\n                    ""lcStrategic"": ""1.0""\n                },\n                ""lane_change_mode"": 512\n            },\n            ""num_vehicles"": 1,\n            ""routing_controller"": [\n                ""ContinuousRouter"",\n                {}\n            ],\n            ""veh_id"": ""rl""\n        }\n    ]\n}'}, 'env': 'AccelEnv-v0', 'local_evaluator_tf_session_args': {'inter_op_parallelism_threads': 8, 'intra_op_parallelism_threads': 8}, 'model': {'free_log_std': False, 'custom_options': {}, 'framestack': True, 'channel_major': False, 'max_seq_len': 20, 'lstm_use_prev_action_reward': False, 'squash_to_range': False, 'dim': 84, 'grayscale': False, 'fcnet_hiddens': [100, 50, 25], 'use_lstm': False, 'custom_model': None, 'fcnet_activation': 'tanh', 'conv_filters': None, 'conv_activation': 'relu', 'lstm_cell_size': 256, 'zero_mean': True, 'custom_preprocessor': None}, 'output_compress_columns': ['obs', 'new_obs'], 'monitor': False, 'custom_resources_per_worker': {}, 'output_max_file_size': 67108864, 'num_workers': 1, 'clip_param': 0.3, 'kl_coeff': 0.2, 'multiagent': {'policy_graphs': {}, 'policy_mapping_fn': None, 'policies_to_train': None}, 'input_evaluation': None, 'output': None, 'collect_metrics_timeout': 180, 'num_cpus_per_worker': 1}",169.237.32.118,1,1167.28,9.86018443107605,"{'num_steps_sampled': 198400, 'load_time_ms': 1.225, 'default': {'kl': 0.014926720410585403, 'cur_lr': 0.0005000000237487257, 'total_loss': 3.0467262268066406, 'policy_loss': -0.012724846601486206, 'vf_explained_var': 0.9150294661521912, 'entropy': 1.2658098936080933, 'cur_kl_coeff': 0.4329761564731598, 'vf_loss': 3.052988052368164}, 'sample_time_ms': 9500.322, 'grad_time_ms': 275.414, 'update_time_ms': 4.228, 'num_steps_trained': 198400}",320.7561943594603,2019-04-02_07-57-20,kronos,71,198400,0,1231.678008556366,{},198400,124,124,1231.678008556366,496.3960633046472,1600,1554191840,{},0b32d2eec3344b1fbde4822793b2e447,54.45169917298337
False,162,"{'input': 'sampler', 'callbacks': {'on_train_result': None, 'on_sample_end': None, 'on_episode_step': None, 'on_episode_start': None, 'on_episode_end': None}, 'sample_batch_size': 200, 'clip_actions': False, 'clip_rewards': None, 'tf_session_args': {'inter_op_parallelism_threads': 2, 'intra_op_parallelism_threads': 2, 'device_count': {'CPU': 1}, 'log_device_placement': False, 'allow_soft_placement': True, 'gpu_options': {'allow_growth': True}}, 'kl_target': 0.01, 'horizon': 1500, 'lr': 0.0005, 'sample_async': False, 'simple_optimizer': False, 'compress_observations': False, 'num_envs_per_worker': 1, 'gamma': 0.99, 'sgd_minibatch_size': 128, 'observation_filter': 'NoFilter', 'entropy_coeff': 0.0, 'batch_mode': 'truncate_episodes', 'straggler_mitigation': False, 'vf_share_layers': False, 'num_gpus': 0, 'synchronize_filters': True, 'num_sgd_iter': 10, 'train_batch_size': 1500, 'optimizer': {}, 'num_gpus_per_worker': 0, 'preprocessor_pref': 'deepmind', 'num_cpus_for_driver': 1, 'lr_schedule': None, 'use_gae': True, 'lambda': 0.97, 'vf_loss_coeff': 1.0, 'vf_clip_param': 1000000.0, 'log_level': 'INFO', 'env_config': {'run': 'PPO', 'flow_params': '{\n    ""env"": {\n        ""additional_params"": {\n            ""max_accel"": 3,\n            ""max_decel"": 3,\n            ""sort_vehicles"": false,\n            ""target_velocity"": 20\n        },\n        ""evaluate"": false,\n        ""horizon"": 1500,\n        ""sims_per_step"": 1,\n        ""warmup_steps"": 0\n    },\n    ""env_name"": ""AccelEnv"",\n    ""exp_tag"": ""figure_eight_0"",\n    ""initial"": {\n        ""additional_params"": {},\n        ""bunching"": 0,\n        ""edges_distribution"": ""all"",\n        ""lanes_distribution"": Infinity,\n        ""min_gap"": 0,\n        ""perturbation"": 0.0,\n        ""shuffle"": false,\n        ""spacing"": ""uniform"",\n        ""x0"": 0\n    },\n    ""net"": {\n        ""additional_params"": {\n            ""lanes"": 1,\n            ""radius_ring"": 30,\n            ""resolution"": 40,\n            ""speed_limit"": 30\n        },\n        ""inflows"": {\n            ""_InFlows__flows"": [],\n            ""num_flows"": 0\n        },\n        ""netfile"": null,\n        ""no_internal_links"": false,\n        ""osm_path"": null\n    },\n    ""scenario"": ""Figure8Scenario"",\n    ""sim"": {\n        ""emission_path"": null,\n        ""lateral_resolution"": null,\n        ""no_step_log"": true,\n        ""num_clients"": 1,\n        ""overtake_right"": false,\n        ""port"": null,\n        ""print_warnings"": true,\n        ""pxpm"": 2,\n        ""render"": false,\n        ""restart_instance"": false,\n        ""save_render"": false,\n        ""seed"": null,\n        ""show_radius"": false,\n        ""sight_radius"": 25,\n        ""sim_step"": 0.1,\n        ""teleport_time"": -1\n    },\n    ""simulator"": ""traci"",\n    ""veh"": [\n        {\n            ""acceleration_controller"": [\n                ""IDMController"",\n                {\n                    ""noise"": 0.2\n                }\n            ],\n            ""car_following_params"": {\n                ""controller_params"": {\n                    ""accel"": 1.0,\n                    ""carFollowModel"": ""IDM"",\n                    ""decel"": 1.5,\n                    ""impatience"": 0.5,\n                    ""maxSpeed"": 30,\n                    ""minGap"": 2.5,\n                    ""sigma"": 0.5,\n                    ""speedDev"": 0.1,\n                    ""speedFactor"": 1.0,\n                    ""tau"": 1.0\n                },\n                ""speed_mode"": 1\n            },\n            ""initial_speed"": 0,\n            ""lane_change_controller"": [\n                ""SimLaneChangeController"",\n                {}\n            ],\n            ""lane_change_params"": {\n                ""controller_params"": {\n                    ""laneChangeModel"": ""LC2013"",\n                    ""lcCooperative"": ""1.0"",\n                    ""lcKeepRight"": ""1.0"",\n                    ""lcSpeedGain"": ""1.0"",\n                    ""lcStrategic"": ""1.0""\n                },\n                ""lane_change_mode"": 512\n            },\n            ""num_vehicles"": 13,\n            ""routing_controller"": [\n                ""ContinuousRouter"",\n                {}\n            ],\n            ""veh_id"": ""human""\n        },\n        {\n            ""acceleration_controller"": [\n                ""RLController"",\n                {}\n            ],\n            ""car_following_params"": {\n                ""controller_params"": {\n                    ""accel"": 1.0,\n                    ""carFollowModel"": ""IDM"",\n                    ""decel"": 1.5,\n                    ""impatience"": 0.5,\n                    ""maxSpeed"": 30,\n                    ""minGap"": 2.5,\n                    ""sigma"": 0.5,\n                    ""speedDev"": 0.1,\n                    ""speedFactor"": 1.0,\n                    ""tau"": 1.0\n                },\n                ""speed_mode"": 1\n            },\n            ""initial_speed"": 0,\n            ""lane_change_controller"": [\n                ""SimLaneChangeController"",\n                {}\n            ],\n            ""lane_change_params"": {\n                ""controller_params"": {\n                    ""laneChangeModel"": ""LC2013"",\n                    ""lcCooperative"": ""1.0"",\n                    ""lcKeepRight"": ""1.0"",\n                    ""lcSpeedGain"": ""1.0"",\n                    ""lcStrategic"": ""1.0""\n                },\n                ""lane_change_mode"": 512\n            },\n            ""num_vehicles"": 1,\n            ""routing_controller"": [\n                ""ContinuousRouter"",\n                {}\n            ],\n            ""veh_id"": ""rl""\n        }\n    ]\n}'}, 'env': 'AccelEnv-v0', 'local_evaluator_tf_session_args': {'inter_op_parallelism_threads': 8, 'intra_op_parallelism_threads': 8}, 'model': {'free_log_std': False, 'custom_options': {}, 'framestack': True, 'channel_major': False, 'max_seq_len': 20, 'lstm_use_prev_action_reward': False, 'squash_to_range': False, 'dim': 84, 'grayscale': False, 'fcnet_hiddens': [100, 50, 25], 'use_lstm': False, 'custom_model': None, 'fcnet_activation': 'tanh', 'conv_filters': None, 'conv_activation': 'relu', 'lstm_cell_size': 256, 'zero_mean': True, 'custom_preprocessor': None}, 'output_compress_columns': ['obs', 'new_obs'], 'monitor': False, 'custom_resources_per_worker': {}, 'output_max_file_size': 67108864, 'num_workers': 1, 'clip_param': 0.3, 'kl_coeff': 0.2, 'multiagent': {'policy_graphs': {}, 'policy_mapping_fn': None, 'policies_to_train': None}, 'input_evaluation': None, 'output': None, 'collect_metrics_timeout': 180, 'num_cpus_per_worker': 1}",169.237.32.118,3,1152.95,9.673956871032715,"{'num_steps_sampled': 200000, 'load_time_ms': 1.228, 'default': {'kl': 0.008552967570722103, 'cur_lr': 0.0005000000237487257, 'total_loss': 1.0241683721542358, 'policy_loss': -0.015236425213515759, 'vf_explained_var': 0.9820330142974854, 'entropy': 1.3506126403808594, 'cur_kl_coeff': 0.4329761564731598, 'vf_loss': 1.0357016324996948}, 'sample_time_ms': 9484.422, 'grad_time_ms': 276.328, 'update_time_ms': 4.239, 'num_steps_trained': 200000}",317.5639322049071,2019-04-02_07-57-30,kronos,71,200000,0,1241.3519654273987,{},200000,125,125,1241.3519654273987,496.3960633046472,1600,1554191850,{},0b32d2eec3344b1fbde4822793b2e447,54.45169917298337
False,164,"{'input': 'sampler', 'callbacks': {'on_train_result': None, 'on_sample_end': None, 'on_episode_step': None, 'on_episode_start': None, 'on_episode_end': None}, 'sample_batch_size': 200, 'clip_actions': False, 'clip_rewards': None, 'tf_session_args': {'inter_op_parallelism_threads': 2, 'intra_op_parallelism_threads': 2, 'device_count': {'CPU': 1}, 'log_device_placement': False, 'allow_soft_placement': True, 'gpu_options': {'allow_growth': True}}, 'kl_target': 0.01, 'horizon': 1500, 'lr': 0.0005, 'sample_async': False, 'simple_optimizer': False, 'compress_observations': False, 'num_envs_per_worker': 1, 'gamma': 0.99, 'sgd_minibatch_size': 128, 'observation_filter': 'NoFilter', 'entropy_coeff': 0.0, 'batch_mode': 'truncate_episodes', 'straggler_mitigation': False, 'vf_share_layers': False, 'num_gpus': 0, 'synchronize_filters': True, 'num_sgd_iter': 10, 'train_batch_size': 1500, 'optimizer': {}, 'num_gpus_per_worker': 0, 'preprocessor_pref': 'deepmind', 'num_cpus_for_driver': 1, 'lr_schedule': None, 'use_gae': True, 'lambda': 0.97, 'vf_loss_coeff': 1.0, 'vf_clip_param': 1000000.0, 'log_level': 'INFO', 'env_config': {'run': 'PPO', 'flow_params': '{\n    ""env"": {\n        ""additional_params"": {\n            ""max_accel"": 3,\n            ""max_decel"": 3,\n            ""sort_vehicles"": false,\n            ""target_velocity"": 20\n        },\n        ""evaluate"": false,\n        ""horizon"": 1500,\n        ""sims_per_step"": 1,\n        ""warmup_steps"": 0\n    },\n    ""env_name"": ""AccelEnv"",\n    ""exp_tag"": ""figure_eight_0"",\n    ""initial"": {\n        ""additional_params"": {},\n        ""bunching"": 0,\n        ""edges_distribution"": ""all"",\n        ""lanes_distribution"": Infinity,\n        ""min_gap"": 0,\n        ""perturbation"": 0.0,\n        ""shuffle"": false,\n        ""spacing"": ""uniform"",\n        ""x0"": 0\n    },\n    ""net"": {\n        ""additional_params"": {\n            ""lanes"": 1,\n            ""radius_ring"": 30,\n            ""resolution"": 40,\n            ""speed_limit"": 30\n        },\n        ""inflows"": {\n            ""_InFlows__flows"": [],\n            ""num_flows"": 0\n        },\n        ""netfile"": null,\n        ""no_internal_links"": false,\n        ""osm_path"": null\n    },\n    ""scenario"": ""Figure8Scenario"",\n    ""sim"": {\n        ""emission_path"": null,\n        ""lateral_resolution"": null,\n        ""no_step_log"": true,\n        ""num_clients"": 1,\n        ""overtake_right"": false,\n        ""port"": null,\n        ""print_warnings"": true,\n        ""pxpm"": 2,\n        ""render"": false,\n        ""restart_instance"": false,\n        ""save_render"": false,\n        ""seed"": null,\n        ""show_radius"": false,\n        ""sight_radius"": 25,\n        ""sim_step"": 0.1,\n        ""teleport_time"": -1\n    },\n    ""simulator"": ""traci"",\n    ""veh"": [\n        {\n            ""acceleration_controller"": [\n                ""IDMController"",\n                {\n                    ""noise"": 0.2\n                }\n            ],\n            ""car_following_params"": {\n                ""controller_params"": {\n                    ""accel"": 1.0,\n                    ""carFollowModel"": ""IDM"",\n                    ""decel"": 1.5,\n                    ""impatience"": 0.5,\n                    ""maxSpeed"": 30,\n                    ""minGap"": 2.5,\n                    ""sigma"": 0.5,\n                    ""speedDev"": 0.1,\n                    ""speedFactor"": 1.0,\n                    ""tau"": 1.0\n                },\n                ""speed_mode"": 1\n            },\n            ""initial_speed"": 0,\n            ""lane_change_controller"": [\n                ""SimLaneChangeController"",\n                {}\n            ],\n            ""lane_change_params"": {\n                ""controller_params"": {\n                    ""laneChangeModel"": ""LC2013"",\n                    ""lcCooperative"": ""1.0"",\n                    ""lcKeepRight"": ""1.0"",\n                    ""lcSpeedGain"": ""1.0"",\n                    ""lcStrategic"": ""1.0""\n                },\n                ""lane_change_mode"": 512\n            },\n            ""num_vehicles"": 13,\n            ""routing_controller"": [\n                ""ContinuousRouter"",\n                {}\n            ],\n            ""veh_id"": ""human""\n        },\n        {\n            ""acceleration_controller"": [\n                ""RLController"",\n                {}\n            ],\n            ""car_following_params"": {\n                ""controller_params"": {\n                    ""accel"": 1.0,\n                    ""carFollowModel"": ""IDM"",\n                    ""decel"": 1.5,\n                    ""impatience"": 0.5,\n                    ""maxSpeed"": 30,\n                    ""minGap"": 2.5,\n                    ""sigma"": 0.5,\n                    ""speedDev"": 0.1,\n                    ""speedFactor"": 1.0,\n                    ""tau"": 1.0\n                },\n                ""speed_mode"": 1\n            },\n            ""initial_speed"": 0,\n            ""lane_change_controller"": [\n                ""SimLaneChangeController"",\n                {}\n            ],\n            ""lane_change_params"": {\n                ""controller_params"": {\n                    ""laneChangeModel"": ""LC2013"",\n                    ""lcCooperative"": ""1.0"",\n                    ""lcKeepRight"": ""1.0"",\n                    ""lcSpeedGain"": ""1.0"",\n                    ""lcStrategic"": ""1.0""\n                },\n                ""lane_change_mode"": 512\n            },\n            ""num_vehicles"": 1,\n            ""routing_controller"": [\n                ""ContinuousRouter"",\n                {}\n            ],\n            ""veh_id"": ""rl""\n        }\n    ]\n}'}, 'env': 'AccelEnv-v0', 'local_evaluator_tf_session_args': {'inter_op_parallelism_threads': 8, 'intra_op_parallelism_threads': 8}, 'model': {'free_log_std': False, 'custom_options': {}, 'framestack': True, 'channel_major': False, 'max_seq_len': 20, 'lstm_use_prev_action_reward': False, 'squash_to_range': False, 'dim': 84, 'grayscale': False, 'fcnet_hiddens': [100, 50, 25], 'use_lstm': False, 'custom_model': None, 'fcnet_activation': 'tanh', 'conv_filters': None, 'conv_activation': 'relu', 'lstm_cell_size': 256, 'zero_mean': True, 'custom_preprocessor': None}, 'output_compress_columns': ['obs', 'new_obs'], 'monitor': False, 'custom_resources_per_worker': {}, 'output_max_file_size': 67108864, 'num_workers': 1, 'clip_param': 0.3, 'kl_coeff': 0.2, 'multiagent': {'policy_graphs': {}, 'policy_mapping_fn': None, 'policies_to_train': None}, 'input_evaluation': None, 'output': None, 'collect_metrics_timeout': 180, 'num_cpus_per_worker': 1}",169.237.32.118,2,1145.49,9.825360298156738,"{'num_steps_sampled': 201600, 'load_time_ms': 1.248, 'default': {'kl': 0.0079118637368083, 'cur_lr': 0.0005000000237487257, 'total_loss': 3.4141921997070312, 'policy_loss': -0.009001498110592365, 'vf_explained_var': 0.9148831963539124, 'entropy': 1.3489980697631836, 'cur_kl_coeff': 0.4329761564731598, 'vf_loss': 3.4197680950164795}, 'sample_time_ms': 9466.617, 'grad_time_ms': 275.886, 'update_time_ms': 4.314, 'num_steps_trained': 201600}",315.31227647920775,2019-04-02_07-57-40,kronos,71,201600,0,1251.1773257255554,{},201600,126,126,1251.1773257255554,496.3960633046472,1600,1554191860,{},0b32d2eec3344b1fbde4822793b2e447,54.45169917298337
False,165,"{'input': 'sampler', 'callbacks': {'on_train_result': None, 'on_sample_end': None, 'on_episode_step': None, 'on_episode_start': None, 'on_episode_end': None}, 'sample_batch_size': 200, 'clip_actions': False, 'clip_rewards': None, 'tf_session_args': {'inter_op_parallelism_threads': 2, 'intra_op_parallelism_threads': 2, 'device_count': {'CPU': 1}, 'log_device_placement': False, 'allow_soft_placement': True, 'gpu_options': {'allow_growth': True}}, 'kl_target': 0.01, 'horizon': 1500, 'lr': 0.0005, 'sample_async': False, 'simple_optimizer': False, 'compress_observations': False, 'num_envs_per_worker': 1, 'gamma': 0.99, 'sgd_minibatch_size': 128, 'observation_filter': 'NoFilter', 'entropy_coeff': 0.0, 'batch_mode': 'truncate_episodes', 'straggler_mitigation': False, 'vf_share_layers': False, 'num_gpus': 0, 'synchronize_filters': True, 'num_sgd_iter': 10, 'train_batch_size': 1500, 'optimizer': {}, 'num_gpus_per_worker': 0, 'preprocessor_pref': 'deepmind', 'num_cpus_for_driver': 1, 'lr_schedule': None, 'use_gae': True, 'lambda': 0.97, 'vf_loss_coeff': 1.0, 'vf_clip_param': 1000000.0, 'log_level': 'INFO', 'env_config': {'run': 'PPO', 'flow_params': '{\n    ""env"": {\n        ""additional_params"": {\n            ""max_accel"": 3,\n            ""max_decel"": 3,\n            ""sort_vehicles"": false,\n            ""target_velocity"": 20\n        },\n        ""evaluate"": false,\n        ""horizon"": 1500,\n        ""sims_per_step"": 1,\n        ""warmup_steps"": 0\n    },\n    ""env_name"": ""AccelEnv"",\n    ""exp_tag"": ""figure_eight_0"",\n    ""initial"": {\n        ""additional_params"": {},\n        ""bunching"": 0,\n        ""edges_distribution"": ""all"",\n        ""lanes_distribution"": Infinity,\n        ""min_gap"": 0,\n        ""perturbation"": 0.0,\n        ""shuffle"": false,\n        ""spacing"": ""uniform"",\n        ""x0"": 0\n    },\n    ""net"": {\n        ""additional_params"": {\n            ""lanes"": 1,\n            ""radius_ring"": 30,\n            ""resolution"": 40,\n            ""speed_limit"": 30\n        },\n        ""inflows"": {\n            ""_InFlows__flows"": [],\n            ""num_flows"": 0\n        },\n        ""netfile"": null,\n        ""no_internal_links"": false,\n        ""osm_path"": null\n    },\n    ""scenario"": ""Figure8Scenario"",\n    ""sim"": {\n        ""emission_path"": null,\n        ""lateral_resolution"": null,\n        ""no_step_log"": true,\n        ""num_clients"": 1,\n        ""overtake_right"": false,\n        ""port"": null,\n        ""print_warnings"": true,\n        ""pxpm"": 2,\n        ""render"": false,\n        ""restart_instance"": false,\n        ""save_render"": false,\n        ""seed"": null,\n        ""show_radius"": false,\n        ""sight_radius"": 25,\n        ""sim_step"": 0.1,\n        ""teleport_time"": -1\n    },\n    ""simulator"": ""traci"",\n    ""veh"": [\n        {\n            ""acceleration_controller"": [\n                ""IDMController"",\n                {\n                    ""noise"": 0.2\n                }\n            ],\n            ""car_following_params"": {\n                ""controller_params"": {\n                    ""accel"": 1.0,\n                    ""carFollowModel"": ""IDM"",\n                    ""decel"": 1.5,\n                    ""impatience"": 0.5,\n                    ""maxSpeed"": 30,\n                    ""minGap"": 2.5,\n                    ""sigma"": 0.5,\n                    ""speedDev"": 0.1,\n                    ""speedFactor"": 1.0,\n                    ""tau"": 1.0\n                },\n                ""speed_mode"": 1\n            },\n            ""initial_speed"": 0,\n            ""lane_change_controller"": [\n                ""SimLaneChangeController"",\n                {}\n            ],\n            ""lane_change_params"": {\n                ""controller_params"": {\n                    ""laneChangeModel"": ""LC2013"",\n                    ""lcCooperative"": ""1.0"",\n                    ""lcKeepRight"": ""1.0"",\n                    ""lcSpeedGain"": ""1.0"",\n                    ""lcStrategic"": ""1.0""\n                },\n                ""lane_change_mode"": 512\n            },\n            ""num_vehicles"": 13,\n            ""routing_controller"": [\n                ""ContinuousRouter"",\n                {}\n            ],\n            ""veh_id"": ""human""\n        },\n        {\n            ""acceleration_controller"": [\n                ""RLController"",\n                {}\n            ],\n            ""car_following_params"": {\n                ""controller_params"": {\n                    ""accel"": 1.0,\n                    ""carFollowModel"": ""IDM"",\n                    ""decel"": 1.5,\n                    ""impatience"": 0.5,\n                    ""maxSpeed"": 30,\n                    ""minGap"": 2.5,\n                    ""sigma"": 0.5,\n                    ""speedDev"": 0.1,\n                    ""speedFactor"": 1.0,\n                    ""tau"": 1.0\n                },\n                ""speed_mode"": 1\n            },\n            ""initial_speed"": 0,\n            ""lane_change_controller"": [\n                ""SimLaneChangeController"",\n                {}\n            ],\n            ""lane_change_params"": {\n                ""controller_params"": {\n                    ""laneChangeModel"": ""LC2013"",\n                    ""lcCooperative"": ""1.0"",\n                    ""lcKeepRight"": ""1.0"",\n                    ""lcSpeedGain"": ""1.0"",\n                    ""lcStrategic"": ""1.0""\n                },\n                ""lane_change_mode"": 512\n            },\n            ""num_vehicles"": 1,\n            ""routing_controller"": [\n                ""ContinuousRouter"",\n                {}\n            ],\n            ""veh_id"": ""rl""\n        }\n    ]\n}'}, 'env': 'AccelEnv-v0', 'local_evaluator_tf_session_args': {'inter_op_parallelism_threads': 8, 'intra_op_parallelism_threads': 8}, 'model': {'free_log_std': False, 'custom_options': {}, 'framestack': True, 'channel_major': False, 'max_seq_len': 20, 'lstm_use_prev_action_reward': False, 'squash_to_range': False, 'dim': 84, 'grayscale': False, 'fcnet_hiddens': [100, 50, 25], 'use_lstm': False, 'custom_model': None, 'fcnet_activation': 'tanh', 'conv_filters': None, 'conv_activation': 'relu', 'lstm_cell_size': 256, 'zero_mean': True, 'custom_preprocessor': None}, 'output_compress_columns': ['obs', 'new_obs'], 'monitor': False, 'custom_resources_per_worker': {}, 'output_max_file_size': 67108864, 'num_workers': 1, 'clip_param': 0.3, 'kl_coeff': 0.2, 'multiagent': {'policy_graphs': {}, 'policy_mapping_fn': None, 'policies_to_train': None}, 'input_evaluation': None, 'output': None, 'collect_metrics_timeout': 180, 'num_cpus_per_worker': 1}",169.237.32.118,1,1136.85,9.686438798904419,"{'num_steps_sampled': 203200, 'load_time_ms': 1.28, 'default': {'kl': 0.019366415217518806, 'cur_lr': 0.0005000000237487257, 'total_loss': 0.44513651728630066, 'policy_loss': -0.015662508085370064, 'vf_explained_var': 0.9875974655151367, 'entropy': 1.2205129861831665, 'cur_kl_coeff': 0.4329761564731598, 'vf_loss': 0.4524138271808624}, 'sample_time_ms': 9458.591, 'grad_time_ms': 274.726, 'update_time_ms': 4.4, 'num_steps_trained': 203200}",313.29054325699383,2019-04-02_07-57-49,kronos,71,203200,0,1260.8637645244598,{},203200,127,127,1260.8637645244598,496.3960633046472,1600,1554191869,{},0b32d2eec3344b1fbde4822793b2e447,54.45169917298337
False,166,"{'input': 'sampler', 'callbacks': {'on_train_result': None, 'on_sample_end': None, 'on_episode_step': None, 'on_episode_start': None, 'on_episode_end': None}, 'sample_batch_size': 200, 'clip_actions': False, 'clip_rewards': None, 'tf_session_args': {'inter_op_parallelism_threads': 2, 'intra_op_parallelism_threads': 2, 'device_count': {'CPU': 1}, 'log_device_placement': False, 'allow_soft_placement': True, 'gpu_options': {'allow_growth': True}}, 'kl_target': 0.01, 'horizon': 1500, 'lr': 0.0005, 'sample_async': False, 'simple_optimizer': False, 'compress_observations': False, 'num_envs_per_worker': 1, 'gamma': 0.99, 'sgd_minibatch_size': 128, 'observation_filter': 'NoFilter', 'entropy_coeff': 0.0, 'batch_mode': 'truncate_episodes', 'straggler_mitigation': False, 'vf_share_layers': False, 'num_gpus': 0, 'synchronize_filters': True, 'num_sgd_iter': 10, 'train_batch_size': 1500, 'optimizer': {}, 'num_gpus_per_worker': 0, 'preprocessor_pref': 'deepmind', 'num_cpus_for_driver': 1, 'lr_schedule': None, 'use_gae': True, 'lambda': 0.97, 'vf_loss_coeff': 1.0, 'vf_clip_param': 1000000.0, 'log_level': 'INFO', 'env_config': {'run': 'PPO', 'flow_params': '{\n    ""env"": {\n        ""additional_params"": {\n            ""max_accel"": 3,\n            ""max_decel"": 3,\n            ""sort_vehicles"": false,\n            ""target_velocity"": 20\n        },\n        ""evaluate"": false,\n        ""horizon"": 1500,\n        ""sims_per_step"": 1,\n        ""warmup_steps"": 0\n    },\n    ""env_name"": ""AccelEnv"",\n    ""exp_tag"": ""figure_eight_0"",\n    ""initial"": {\n        ""additional_params"": {},\n        ""bunching"": 0,\n        ""edges_distribution"": ""all"",\n        ""lanes_distribution"": Infinity,\n        ""min_gap"": 0,\n        ""perturbation"": 0.0,\n        ""shuffle"": false,\n        ""spacing"": ""uniform"",\n        ""x0"": 0\n    },\n    ""net"": {\n        ""additional_params"": {\n            ""lanes"": 1,\n            ""radius_ring"": 30,\n            ""resolution"": 40,\n            ""speed_limit"": 30\n        },\n        ""inflows"": {\n            ""_InFlows__flows"": [],\n            ""num_flows"": 0\n        },\n        ""netfile"": null,\n        ""no_internal_links"": false,\n        ""osm_path"": null\n    },\n    ""scenario"": ""Figure8Scenario"",\n    ""sim"": {\n        ""emission_path"": null,\n        ""lateral_resolution"": null,\n        ""no_step_log"": true,\n        ""num_clients"": 1,\n        ""overtake_right"": false,\n        ""port"": null,\n        ""print_warnings"": true,\n        ""pxpm"": 2,\n        ""render"": false,\n        ""restart_instance"": false,\n        ""save_render"": false,\n        ""seed"": null,\n        ""show_radius"": false,\n        ""sight_radius"": 25,\n        ""sim_step"": 0.1,\n        ""teleport_time"": -1\n    },\n    ""simulator"": ""traci"",\n    ""veh"": [\n        {\n            ""acceleration_controller"": [\n                ""IDMController"",\n                {\n                    ""noise"": 0.2\n                }\n            ],\n            ""car_following_params"": {\n                ""controller_params"": {\n                    ""accel"": 1.0,\n                    ""carFollowModel"": ""IDM"",\n                    ""decel"": 1.5,\n                    ""impatience"": 0.5,\n                    ""maxSpeed"": 30,\n                    ""minGap"": 2.5,\n                    ""sigma"": 0.5,\n                    ""speedDev"": 0.1,\n                    ""speedFactor"": 1.0,\n                    ""tau"": 1.0\n                },\n                ""speed_mode"": 1\n            },\n            ""initial_speed"": 0,\n            ""lane_change_controller"": [\n                ""SimLaneChangeController"",\n                {}\n            ],\n            ""lane_change_params"": {\n                ""controller_params"": {\n                    ""laneChangeModel"": ""LC2013"",\n                    ""lcCooperative"": ""1.0"",\n                    ""lcKeepRight"": ""1.0"",\n                    ""lcSpeedGain"": ""1.0"",\n                    ""lcStrategic"": ""1.0""\n                },\n                ""lane_change_mode"": 512\n            },\n            ""num_vehicles"": 13,\n            ""routing_controller"": [\n                ""ContinuousRouter"",\n                {}\n            ],\n            ""veh_id"": ""human""\n        },\n        {\n            ""acceleration_controller"": [\n                ""RLController"",\n                {}\n            ],\n            ""car_following_params"": {\n                ""controller_params"": {\n                    ""accel"": 1.0,\n                    ""carFollowModel"": ""IDM"",\n                    ""decel"": 1.5,\n                    ""impatience"": 0.5,\n                    ""maxSpeed"": 30,\n                    ""minGap"": 2.5,\n                    ""sigma"": 0.5,\n                    ""speedDev"": 0.1,\n                    ""speedFactor"": 1.0,\n                    ""tau"": 1.0\n                },\n                ""speed_mode"": 1\n            },\n            ""initial_speed"": 0,\n            ""lane_change_controller"": [\n                ""SimLaneChangeController"",\n                {}\n            ],\n            ""lane_change_params"": {\n                ""controller_params"": {\n                    ""laneChangeModel"": ""LC2013"",\n                    ""lcCooperative"": ""1.0"",\n                    ""lcKeepRight"": ""1.0"",\n                    ""lcSpeedGain"": ""1.0"",\n                    ""lcStrategic"": ""1.0""\n                },\n                ""lane_change_mode"": 512\n            },\n            ""num_vehicles"": 1,\n            ""routing_controller"": [\n                ""ContinuousRouter"",\n                {}\n            ],\n            ""veh_id"": ""rl""\n        }\n    ]\n}'}, 'env': 'AccelEnv-v0', 'local_evaluator_tf_session_args': {'inter_op_parallelism_threads': 8, 'intra_op_parallelism_threads': 8}, 'model': {'free_log_std': False, 'custom_options': {}, 'framestack': True, 'channel_major': False, 'max_seq_len': 20, 'lstm_use_prev_action_reward': False, 'squash_to_range': False, 'dim': 84, 'grayscale': False, 'fcnet_hiddens': [100, 50, 25], 'use_lstm': False, 'custom_model': None, 'fcnet_activation': 'tanh', 'conv_filters': None, 'conv_activation': 'relu', 'lstm_cell_size': 256, 'zero_mean': True, 'custom_preprocessor': None}, 'output_compress_columns': ['obs', 'new_obs'], 'monitor': False, 'custom_resources_per_worker': {}, 'output_max_file_size': 67108864, 'num_workers': 1, 'clip_param': 0.3, 'kl_coeff': 0.2, 'multiagent': {'policy_graphs': {}, 'policy_mapping_fn': None, 'policies_to_train': None}, 'input_evaluation': None, 'output': None, 'collect_metrics_timeout': 180, 'num_cpus_per_worker': 1}",169.237.32.118,1,1145.87,9.81238079071045,"{'num_steps_sampled': 204800, 'load_time_ms': 1.285, 'default': {'kl': 0.00551405968144536, 'cur_lr': 0.0005000000237487257, 'total_loss': 2.3519744873046875, 'policy_loss': -0.00891056563705206, 'vf_explained_var': 0.945950984954834, 'entropy': 1.3761372566223145, 'cur_kl_coeff': 0.4329761564731598, 'vf_loss': 2.358497381210327}, 'sample_time_ms': 9466.536, 'grad_time_ms': 274.486, 'update_time_ms': 4.316, 'num_steps_trained': 204800}",315.4406151470526,2019-04-02_07-57-59,kronos,71,204800,0,1270.6761453151703,{},204800,128,128,1270.6761453151703,496.3960633046472,1600,1554191879,{},0b32d2eec3344b1fbde4822793b2e447,54.45169917298337
False,167,"{'input': 'sampler', 'callbacks': {'on_train_result': None, 'on_sample_end': None, 'on_episode_step': None, 'on_episode_start': None, 'on_episode_end': None}, 'sample_batch_size': 200, 'clip_actions': False, 'clip_rewards': None, 'tf_session_args': {'inter_op_parallelism_threads': 2, 'intra_op_parallelism_threads': 2, 'device_count': {'CPU': 1}, 'log_device_placement': False, 'allow_soft_placement': True, 'gpu_options': {'allow_growth': True}}, 'kl_target': 0.01, 'horizon': 1500, 'lr': 0.0005, 'sample_async': False, 'simple_optimizer': False, 'compress_observations': False, 'num_envs_per_worker': 1, 'gamma': 0.99, 'sgd_minibatch_size': 128, 'observation_filter': 'NoFilter', 'entropy_coeff': 0.0, 'batch_mode': 'truncate_episodes', 'straggler_mitigation': False, 'vf_share_layers': False, 'num_gpus': 0, 'synchronize_filters': True, 'num_sgd_iter': 10, 'train_batch_size': 1500, 'optimizer': {}, 'num_gpus_per_worker': 0, 'preprocessor_pref': 'deepmind', 'num_cpus_for_driver': 1, 'lr_schedule': None, 'use_gae': True, 'lambda': 0.97, 'vf_loss_coeff': 1.0, 'vf_clip_param': 1000000.0, 'log_level': 'INFO', 'env_config': {'run': 'PPO', 'flow_params': '{\n    ""env"": {\n        ""additional_params"": {\n            ""max_accel"": 3,\n            ""max_decel"": 3,\n            ""sort_vehicles"": false,\n            ""target_velocity"": 20\n        },\n        ""evaluate"": false,\n        ""horizon"": 1500,\n        ""sims_per_step"": 1,\n        ""warmup_steps"": 0\n    },\n    ""env_name"": ""AccelEnv"",\n    ""exp_tag"": ""figure_eight_0"",\n    ""initial"": {\n        ""additional_params"": {},\n        ""bunching"": 0,\n        ""edges_distribution"": ""all"",\n        ""lanes_distribution"": Infinity,\n        ""min_gap"": 0,\n        ""perturbation"": 0.0,\n        ""shuffle"": false,\n        ""spacing"": ""uniform"",\n        ""x0"": 0\n    },\n    ""net"": {\n        ""additional_params"": {\n            ""lanes"": 1,\n            ""radius_ring"": 30,\n            ""resolution"": 40,\n            ""speed_limit"": 30\n        },\n        ""inflows"": {\n            ""_InFlows__flows"": [],\n            ""num_flows"": 0\n        },\n        ""netfile"": null,\n        ""no_internal_links"": false,\n        ""osm_path"": null\n    },\n    ""scenario"": ""Figure8Scenario"",\n    ""sim"": {\n        ""emission_path"": null,\n        ""lateral_resolution"": null,\n        ""no_step_log"": true,\n        ""num_clients"": 1,\n        ""overtake_right"": false,\n        ""port"": null,\n        ""print_warnings"": true,\n        ""pxpm"": 2,\n        ""render"": false,\n        ""restart_instance"": false,\n        ""save_render"": false,\n        ""seed"": null,\n        ""show_radius"": false,\n        ""sight_radius"": 25,\n        ""sim_step"": 0.1,\n        ""teleport_time"": -1\n    },\n    ""simulator"": ""traci"",\n    ""veh"": [\n        {\n            ""acceleration_controller"": [\n                ""IDMController"",\n                {\n                    ""noise"": 0.2\n                }\n            ],\n            ""car_following_params"": {\n                ""controller_params"": {\n                    ""accel"": 1.0,\n                    ""carFollowModel"": ""IDM"",\n                    ""decel"": 1.5,\n                    ""impatience"": 0.5,\n                    ""maxSpeed"": 30,\n                    ""minGap"": 2.5,\n                    ""sigma"": 0.5,\n                    ""speedDev"": 0.1,\n                    ""speedFactor"": 1.0,\n                    ""tau"": 1.0\n                },\n                ""speed_mode"": 1\n            },\n            ""initial_speed"": 0,\n            ""lane_change_controller"": [\n                ""SimLaneChangeController"",\n                {}\n            ],\n            ""lane_change_params"": {\n                ""controller_params"": {\n                    ""laneChangeModel"": ""LC2013"",\n                    ""lcCooperative"": ""1.0"",\n                    ""lcKeepRight"": ""1.0"",\n                    ""lcSpeedGain"": ""1.0"",\n                    ""lcStrategic"": ""1.0""\n                },\n                ""lane_change_mode"": 512\n            },\n            ""num_vehicles"": 13,\n            ""routing_controller"": [\n                ""ContinuousRouter"",\n                {}\n            ],\n            ""veh_id"": ""human""\n        },\n        {\n            ""acceleration_controller"": [\n                ""RLController"",\n                {}\n            ],\n            ""car_following_params"": {\n                ""controller_params"": {\n                    ""accel"": 1.0,\n                    ""carFollowModel"": ""IDM"",\n                    ""decel"": 1.5,\n                    ""impatience"": 0.5,\n                    ""maxSpeed"": 30,\n                    ""minGap"": 2.5,\n                    ""sigma"": 0.5,\n                    ""speedDev"": 0.1,\n                    ""speedFactor"": 1.0,\n                    ""tau"": 1.0\n                },\n                ""speed_mode"": 1\n            },\n            ""initial_speed"": 0,\n            ""lane_change_controller"": [\n                ""SimLaneChangeController"",\n                {}\n            ],\n            ""lane_change_params"": {\n                ""controller_params"": {\n                    ""laneChangeModel"": ""LC2013"",\n                    ""lcCooperative"": ""1.0"",\n                    ""lcKeepRight"": ""1.0"",\n                    ""lcSpeedGain"": ""1.0"",\n                    ""lcStrategic"": ""1.0""\n                },\n                ""lane_change_mode"": 512\n            },\n            ""num_vehicles"": 1,\n            ""routing_controller"": [\n                ""ContinuousRouter"",\n                {}\n            ],\n            ""veh_id"": ""rl""\n        }\n    ]\n}'}, 'env': 'AccelEnv-v0', 'local_evaluator_tf_session_args': {'inter_op_parallelism_threads': 8, 'intra_op_parallelism_threads': 8}, 'model': {'free_log_std': False, 'custom_options': {}, 'framestack': True, 'channel_major': False, 'max_seq_len': 20, 'lstm_use_prev_action_reward': False, 'squash_to_range': False, 'dim': 84, 'grayscale': False, 'fcnet_hiddens': [100, 50, 25], 'use_lstm': False, 'custom_model': None, 'fcnet_activation': 'tanh', 'conv_filters': None, 'conv_activation': 'relu', 'lstm_cell_size': 256, 'zero_mean': True, 'custom_preprocessor': None}, 'output_compress_columns': ['obs', 'new_obs'], 'monitor': False, 'custom_resources_per_worker': {}, 'output_max_file_size': 67108864, 'num_workers': 1, 'clip_param': 0.3, 'kl_coeff': 0.2, 'multiagent': {'policy_graphs': {}, 'policy_mapping_fn': None, 'policies_to_train': None}, 'input_evaluation': None, 'output': None, 'collect_metrics_timeout': 180, 'num_cpus_per_worker': 1}",169.237.32.118,1,1153.73,9.968177556991577,"{'num_steps_sampled': 206400, 'load_time_ms': 1.283, 'default': {'kl': 0.012217994779348373, 'cur_lr': 0.0005000000237487257, 'total_loss': 1.4604088068008423, 'policy_loss': -0.011699645780026913, 'vf_explained_var': 0.9634769558906555, 'entropy': 1.2715388536453247, 'cur_kl_coeff': 0.4329761564731598, 'vf_loss': 1.4668186902999878}, 'sample_time_ms': 9485.592, 'grad_time_ms': 274.068, 'update_time_ms': 4.299, 'num_steps_trained': 206400}",317.5857398713275,2019-04-02_07-58-09,kronos,71,206400,0,1280.6443228721619,{},206400,129,129,1280.6443228721619,496.3960633046472,1600,1554191889,{},0b32d2eec3344b1fbde4822793b2e447,54.45169917298337
False,169,"{'input': 'sampler', 'callbacks': {'on_train_result': None, 'on_sample_end': None, 'on_episode_step': None, 'on_episode_start': None, 'on_episode_end': None}, 'sample_batch_size': 200, 'clip_actions': False, 'clip_rewards': None, 'tf_session_args': {'inter_op_parallelism_threads': 2, 'intra_op_parallelism_threads': 2, 'device_count': {'CPU': 1}, 'log_device_placement': False, 'allow_soft_placement': True, 'gpu_options': {'allow_growth': True}}, 'kl_target': 0.01, 'horizon': 1500, 'lr': 0.0005, 'sample_async': False, 'simple_optimizer': False, 'compress_observations': False, 'num_envs_per_worker': 1, 'gamma': 0.99, 'sgd_minibatch_size': 128, 'observation_filter': 'NoFilter', 'entropy_coeff': 0.0, 'batch_mode': 'truncate_episodes', 'straggler_mitigation': False, 'vf_share_layers': False, 'num_gpus': 0, 'synchronize_filters': True, 'num_sgd_iter': 10, 'train_batch_size': 1500, 'optimizer': {}, 'num_gpus_per_worker': 0, 'preprocessor_pref': 'deepmind', 'num_cpus_for_driver': 1, 'lr_schedule': None, 'use_gae': True, 'lambda': 0.97, 'vf_loss_coeff': 1.0, 'vf_clip_param': 1000000.0, 'log_level': 'INFO', 'env_config': {'run': 'PPO', 'flow_params': '{\n    ""env"": {\n        ""additional_params"": {\n            ""max_accel"": 3,\n            ""max_decel"": 3,\n            ""sort_vehicles"": false,\n            ""target_velocity"": 20\n        },\n        ""evaluate"": false,\n        ""horizon"": 1500,\n        ""sims_per_step"": 1,\n        ""warmup_steps"": 0\n    },\n    ""env_name"": ""AccelEnv"",\n    ""exp_tag"": ""figure_eight_0"",\n    ""initial"": {\n        ""additional_params"": {},\n        ""bunching"": 0,\n        ""edges_distribution"": ""all"",\n        ""lanes_distribution"": Infinity,\n        ""min_gap"": 0,\n        ""perturbation"": 0.0,\n        ""shuffle"": false,\n        ""spacing"": ""uniform"",\n        ""x0"": 0\n    },\n    ""net"": {\n        ""additional_params"": {\n            ""lanes"": 1,\n            ""radius_ring"": 30,\n            ""resolution"": 40,\n            ""speed_limit"": 30\n        },\n        ""inflows"": {\n            ""_InFlows__flows"": [],\n            ""num_flows"": 0\n        },\n        ""netfile"": null,\n        ""no_internal_links"": false,\n        ""osm_path"": null\n    },\n    ""scenario"": ""Figure8Scenario"",\n    ""sim"": {\n        ""emission_path"": null,\n        ""lateral_resolution"": null,\n        ""no_step_log"": true,\n        ""num_clients"": 1,\n        ""overtake_right"": false,\n        ""port"": null,\n        ""print_warnings"": true,\n        ""pxpm"": 2,\n        ""render"": false,\n        ""restart_instance"": false,\n        ""save_render"": false,\n        ""seed"": null,\n        ""show_radius"": false,\n        ""sight_radius"": 25,\n        ""sim_step"": 0.1,\n        ""teleport_time"": -1\n    },\n    ""simulator"": ""traci"",\n    ""veh"": [\n        {\n            ""acceleration_controller"": [\n                ""IDMController"",\n                {\n                    ""noise"": 0.2\n                }\n            ],\n            ""car_following_params"": {\n                ""controller_params"": {\n                    ""accel"": 1.0,\n                    ""carFollowModel"": ""IDM"",\n                    ""decel"": 1.5,\n                    ""impatience"": 0.5,\n                    ""maxSpeed"": 30,\n                    ""minGap"": 2.5,\n                    ""sigma"": 0.5,\n                    ""speedDev"": 0.1,\n                    ""speedFactor"": 1.0,\n                    ""tau"": 1.0\n                },\n                ""speed_mode"": 1\n            },\n            ""initial_speed"": 0,\n            ""lane_change_controller"": [\n                ""SimLaneChangeController"",\n                {}\n            ],\n            ""lane_change_params"": {\n                ""controller_params"": {\n                    ""laneChangeModel"": ""LC2013"",\n                    ""lcCooperative"": ""1.0"",\n                    ""lcKeepRight"": ""1.0"",\n                    ""lcSpeedGain"": ""1.0"",\n                    ""lcStrategic"": ""1.0""\n                },\n                ""lane_change_mode"": 512\n            },\n            ""num_vehicles"": 13,\n            ""routing_controller"": [\n                ""ContinuousRouter"",\n                {}\n            ],\n            ""veh_id"": ""human""\n        },\n        {\n            ""acceleration_controller"": [\n                ""RLController"",\n                {}\n            ],\n            ""car_following_params"": {\n                ""controller_params"": {\n                    ""accel"": 1.0,\n                    ""carFollowModel"": ""IDM"",\n                    ""decel"": 1.5,\n                    ""impatience"": 0.5,\n                    ""maxSpeed"": 30,\n                    ""minGap"": 2.5,\n                    ""sigma"": 0.5,\n                    ""speedDev"": 0.1,\n                    ""speedFactor"": 1.0,\n                    ""tau"": 1.0\n                },\n                ""speed_mode"": 1\n            },\n            ""initial_speed"": 0,\n            ""lane_change_controller"": [\n                ""SimLaneChangeController"",\n                {}\n            ],\n            ""lane_change_params"": {\n                ""controller_params"": {\n                    ""laneChangeModel"": ""LC2013"",\n                    ""lcCooperative"": ""1.0"",\n                    ""lcKeepRight"": ""1.0"",\n                    ""lcSpeedGain"": ""1.0"",\n                    ""lcStrategic"": ""1.0""\n                },\n                ""lane_change_mode"": 512\n            },\n            ""num_vehicles"": 1,\n            ""routing_controller"": [\n                ""ContinuousRouter"",\n                {}\n            ],\n            ""veh_id"": ""rl""\n        }\n    ]\n}'}, 'env': 'AccelEnv-v0', 'local_evaluator_tf_session_args': {'inter_op_parallelism_threads': 8, 'intra_op_parallelism_threads': 8}, 'model': {'free_log_std': False, 'custom_options': {}, 'framestack': True, 'channel_major': False, 'max_seq_len': 20, 'lstm_use_prev_action_reward': False, 'squash_to_range': False, 'dim': 84, 'grayscale': False, 'fcnet_hiddens': [100, 50, 25], 'use_lstm': False, 'custom_model': None, 'fcnet_activation': 'tanh', 'conv_filters': None, 'conv_activation': 'relu', 'lstm_cell_size': 256, 'zero_mean': True, 'custom_preprocessor': None}, 'output_compress_columns': ['obs', 'new_obs'], 'monitor': False, 'custom_resources_per_worker': {}, 'output_max_file_size': 67108864, 'num_workers': 1, 'clip_param': 0.3, 'kl_coeff': 0.2, 'multiagent': {'policy_graphs': {}, 'policy_mapping_fn': None, 'policies_to_train': None}, 'input_evaluation': None, 'output': None, 'collect_metrics_timeout': 180, 'num_cpus_per_worker': 1}",169.237.32.118,2,1148.11,9.782023668289185,"{'num_steps_sampled': 208000, 'load_time_ms': 1.315, 'default': {'kl': 0.015511748380959034, 'cur_lr': 0.0005000000237487257, 'total_loss': 0.8069562911987305, 'policy_loss': -0.02143617905676365, 'vf_explained_var': 0.9866306185722351, 'entropy': 1.4589786529541016, 'cur_kl_coeff': 0.4329761564731598, 'vf_loss': 0.8216762542724609}, 'sample_time_ms': 9495.208, 'grad_time_ms': 275.017, 'update_time_ms': 4.273, 'num_steps_trained': 208000}",315.3898997456636,2019-04-02_07-58-19,kronos,71,208000,0,1290.426346540451,{},208000,130,130,1290.426346540451,492.9053705317178,1600,1554191899,{},0b32d2eec3344b1fbde4822793b2e447,54.45169917298337
False,170,"{'input': 'sampler', 'callbacks': {'on_train_result': None, 'on_sample_end': None, 'on_episode_step': None, 'on_episode_start': None, 'on_episode_end': None}, 'sample_batch_size': 200, 'clip_actions': False, 'clip_rewards': None, 'tf_session_args': {'inter_op_parallelism_threads': 2, 'intra_op_parallelism_threads': 2, 'device_count': {'CPU': 1}, 'log_device_placement': False, 'allow_soft_placement': True, 'gpu_options': {'allow_growth': True}}, 'kl_target': 0.01, 'horizon': 1500, 'lr': 0.0005, 'sample_async': False, 'simple_optimizer': False, 'compress_observations': False, 'num_envs_per_worker': 1, 'gamma': 0.99, 'sgd_minibatch_size': 128, 'observation_filter': 'NoFilter', 'entropy_coeff': 0.0, 'batch_mode': 'truncate_episodes', 'straggler_mitigation': False, 'vf_share_layers': False, 'num_gpus': 0, 'synchronize_filters': True, 'num_sgd_iter': 10, 'train_batch_size': 1500, 'optimizer': {}, 'num_gpus_per_worker': 0, 'preprocessor_pref': 'deepmind', 'num_cpus_for_driver': 1, 'lr_schedule': None, 'use_gae': True, 'lambda': 0.97, 'vf_loss_coeff': 1.0, 'vf_clip_param': 1000000.0, 'log_level': 'INFO', 'env_config': {'run': 'PPO', 'flow_params': '{\n    ""env"": {\n        ""additional_params"": {\n            ""max_accel"": 3,\n            ""max_decel"": 3,\n            ""sort_vehicles"": false,\n            ""target_velocity"": 20\n        },\n        ""evaluate"": false,\n        ""horizon"": 1500,\n        ""sims_per_step"": 1,\n        ""warmup_steps"": 0\n    },\n    ""env_name"": ""AccelEnv"",\n    ""exp_tag"": ""figure_eight_0"",\n    ""initial"": {\n        ""additional_params"": {},\n        ""bunching"": 0,\n        ""edges_distribution"": ""all"",\n        ""lanes_distribution"": Infinity,\n        ""min_gap"": 0,\n        ""perturbation"": 0.0,\n        ""shuffle"": false,\n        ""spacing"": ""uniform"",\n        ""x0"": 0\n    },\n    ""net"": {\n        ""additional_params"": {\n            ""lanes"": 1,\n            ""radius_ring"": 30,\n            ""resolution"": 40,\n            ""speed_limit"": 30\n        },\n        ""inflows"": {\n            ""_InFlows__flows"": [],\n            ""num_flows"": 0\n        },\n        ""netfile"": null,\n        ""no_internal_links"": false,\n        ""osm_path"": null\n    },\n    ""scenario"": ""Figure8Scenario"",\n    ""sim"": {\n        ""emission_path"": null,\n        ""lateral_resolution"": null,\n        ""no_step_log"": true,\n        ""num_clients"": 1,\n        ""overtake_right"": false,\n        ""port"": null,\n        ""print_warnings"": true,\n        ""pxpm"": 2,\n        ""render"": false,\n        ""restart_instance"": false,\n        ""save_render"": false,\n        ""seed"": null,\n        ""show_radius"": false,\n        ""sight_radius"": 25,\n        ""sim_step"": 0.1,\n        ""teleport_time"": -1\n    },\n    ""simulator"": ""traci"",\n    ""veh"": [\n        {\n            ""acceleration_controller"": [\n                ""IDMController"",\n                {\n                    ""noise"": 0.2\n                }\n            ],\n            ""car_following_params"": {\n                ""controller_params"": {\n                    ""accel"": 1.0,\n                    ""carFollowModel"": ""IDM"",\n                    ""decel"": 1.5,\n                    ""impatience"": 0.5,\n                    ""maxSpeed"": 30,\n                    ""minGap"": 2.5,\n                    ""sigma"": 0.5,\n                    ""speedDev"": 0.1,\n                    ""speedFactor"": 1.0,\n                    ""tau"": 1.0\n                },\n                ""speed_mode"": 1\n            },\n            ""initial_speed"": 0,\n            ""lane_change_controller"": [\n                ""SimLaneChangeController"",\n                {}\n            ],\n            ""lane_change_params"": {\n                ""controller_params"": {\n                    ""laneChangeModel"": ""LC2013"",\n                    ""lcCooperative"": ""1.0"",\n                    ""lcKeepRight"": ""1.0"",\n                    ""lcSpeedGain"": ""1.0"",\n                    ""lcStrategic"": ""1.0""\n                },\n                ""lane_change_mode"": 512\n            },\n            ""num_vehicles"": 13,\n            ""routing_controller"": [\n                ""ContinuousRouter"",\n                {}\n            ],\n            ""veh_id"": ""human""\n        },\n        {\n            ""acceleration_controller"": [\n                ""RLController"",\n                {}\n            ],\n            ""car_following_params"": {\n                ""controller_params"": {\n                    ""accel"": 1.0,\n                    ""carFollowModel"": ""IDM"",\n                    ""decel"": 1.5,\n                    ""impatience"": 0.5,\n                    ""maxSpeed"": 30,\n                    ""minGap"": 2.5,\n                    ""sigma"": 0.5,\n                    ""speedDev"": 0.1,\n                    ""speedFactor"": 1.0,\n                    ""tau"": 1.0\n                },\n                ""speed_mode"": 1\n            },\n            ""initial_speed"": 0,\n            ""lane_change_controller"": [\n                ""SimLaneChangeController"",\n                {}\n            ],\n            ""lane_change_params"": {\n                ""controller_params"": {\n                    ""laneChangeModel"": ""LC2013"",\n                    ""lcCooperative"": ""1.0"",\n                    ""lcKeepRight"": ""1.0"",\n                    ""lcSpeedGain"": ""1.0"",\n                    ""lcStrategic"": ""1.0""\n                },\n                ""lane_change_mode"": 512\n            },\n            ""num_vehicles"": 1,\n            ""routing_controller"": [\n                ""ContinuousRouter"",\n                {}\n            ],\n            ""veh_id"": ""rl""\n        }\n    ]\n}'}, 'env': 'AccelEnv-v0', 'local_evaluator_tf_session_args': {'inter_op_parallelism_threads': 8, 'intra_op_parallelism_threads': 8}, 'model': {'free_log_std': False, 'custom_options': {}, 'framestack': True, 'channel_major': False, 'max_seq_len': 20, 'lstm_use_prev_action_reward': False, 'squash_to_range': False, 'dim': 84, 'grayscale': False, 'fcnet_hiddens': [100, 50, 25], 'use_lstm': False, 'custom_model': None, 'fcnet_activation': 'tanh', 'conv_filters': None, 'conv_activation': 'relu', 'lstm_cell_size': 256, 'zero_mean': True, 'custom_preprocessor': None}, 'output_compress_columns': ['obs', 'new_obs'], 'monitor': False, 'custom_resources_per_worker': {}, 'output_max_file_size': 67108864, 'num_workers': 1, 'clip_param': 0.3, 'kl_coeff': 0.2, 'multiagent': {'policy_graphs': {}, 'policy_mapping_fn': None, 'policies_to_train': None}, 'input_evaluation': None, 'output': None, 'collect_metrics_timeout': 180, 'num_cpus_per_worker': 1}",169.237.32.118,1,1151.03,9.8729088306427,"{'num_steps_sampled': 209600, 'load_time_ms': 1.282, 'default': {'kl': 0.016399413347244263, 'cur_lr': 0.0005000000237487257, 'total_loss': 0.8089048266410828, 'policy_loss': -0.020605197176337242, 'vf_explained_var': 0.9747812747955322, 'entropy': 1.288153052330017, 'cur_kl_coeff': 0.4329761564731598, 'vf_loss': 0.822409451007843}, 'sample_time_ms': 9506.796, 'grad_time_ms': 274.101, 'update_time_ms': 4.195, 'num_steps_trained': 209600}",315.91008564544796,2019-04-02_07-58-29,kronos,71,209600,0,1300.2992553710938,{},209600,131,131,1300.2992553710938,492.9053705317178,1600,1554191909,{},0b32d2eec3344b1fbde4822793b2e447,54.45169917298337
False,171,"{'input': 'sampler', 'callbacks': {'on_train_result': None, 'on_sample_end': None, 'on_episode_step': None, 'on_episode_start': None, 'on_episode_end': None}, 'sample_batch_size': 200, 'clip_actions': False, 'clip_rewards': None, 'tf_session_args': {'inter_op_parallelism_threads': 2, 'intra_op_parallelism_threads': 2, 'device_count': {'CPU': 1}, 'log_device_placement': False, 'allow_soft_placement': True, 'gpu_options': {'allow_growth': True}}, 'kl_target': 0.01, 'horizon': 1500, 'lr': 0.0005, 'sample_async': False, 'simple_optimizer': False, 'compress_observations': False, 'num_envs_per_worker': 1, 'gamma': 0.99, 'sgd_minibatch_size': 128, 'observation_filter': 'NoFilter', 'entropy_coeff': 0.0, 'batch_mode': 'truncate_episodes', 'straggler_mitigation': False, 'vf_share_layers': False, 'num_gpus': 0, 'synchronize_filters': True, 'num_sgd_iter': 10, 'train_batch_size': 1500, 'optimizer': {}, 'num_gpus_per_worker': 0, 'preprocessor_pref': 'deepmind', 'num_cpus_for_driver': 1, 'lr_schedule': None, 'use_gae': True, 'lambda': 0.97, 'vf_loss_coeff': 1.0, 'vf_clip_param': 1000000.0, 'log_level': 'INFO', 'env_config': {'run': 'PPO', 'flow_params': '{\n    ""env"": {\n        ""additional_params"": {\n            ""max_accel"": 3,\n            ""max_decel"": 3,\n            ""sort_vehicles"": false,\n            ""target_velocity"": 20\n        },\n        ""evaluate"": false,\n        ""horizon"": 1500,\n        ""sims_per_step"": 1,\n        ""warmup_steps"": 0\n    },\n    ""env_name"": ""AccelEnv"",\n    ""exp_tag"": ""figure_eight_0"",\n    ""initial"": {\n        ""additional_params"": {},\n        ""bunching"": 0,\n        ""edges_distribution"": ""all"",\n        ""lanes_distribution"": Infinity,\n        ""min_gap"": 0,\n        ""perturbation"": 0.0,\n        ""shuffle"": false,\n        ""spacing"": ""uniform"",\n        ""x0"": 0\n    },\n    ""net"": {\n        ""additional_params"": {\n            ""lanes"": 1,\n            ""radius_ring"": 30,\n            ""resolution"": 40,\n            ""speed_limit"": 30\n        },\n        ""inflows"": {\n            ""_InFlows__flows"": [],\n            ""num_flows"": 0\n        },\n        ""netfile"": null,\n        ""no_internal_links"": false,\n        ""osm_path"": null\n    },\n    ""scenario"": ""Figure8Scenario"",\n    ""sim"": {\n        ""emission_path"": null,\n        ""lateral_resolution"": null,\n        ""no_step_log"": true,\n        ""num_clients"": 1,\n        ""overtake_right"": false,\n        ""port"": null,\n        ""print_warnings"": true,\n        ""pxpm"": 2,\n        ""render"": false,\n        ""restart_instance"": false,\n        ""save_render"": false,\n        ""seed"": null,\n        ""show_radius"": false,\n        ""sight_radius"": 25,\n        ""sim_step"": 0.1,\n        ""teleport_time"": -1\n    },\n    ""simulator"": ""traci"",\n    ""veh"": [\n        {\n            ""acceleration_controller"": [\n                ""IDMController"",\n                {\n                    ""noise"": 0.2\n                }\n            ],\n            ""car_following_params"": {\n                ""controller_params"": {\n                    ""accel"": 1.0,\n                    ""carFollowModel"": ""IDM"",\n                    ""decel"": 1.5,\n                    ""impatience"": 0.5,\n                    ""maxSpeed"": 30,\n                    ""minGap"": 2.5,\n                    ""sigma"": 0.5,\n                    ""speedDev"": 0.1,\n                    ""speedFactor"": 1.0,\n                    ""tau"": 1.0\n                },\n                ""speed_mode"": 1\n            },\n            ""initial_speed"": 0,\n            ""lane_change_controller"": [\n                ""SimLaneChangeController"",\n                {}\n            ],\n            ""lane_change_params"": {\n                ""controller_params"": {\n                    ""laneChangeModel"": ""LC2013"",\n                    ""lcCooperative"": ""1.0"",\n                    ""lcKeepRight"": ""1.0"",\n                    ""lcSpeedGain"": ""1.0"",\n                    ""lcStrategic"": ""1.0""\n                },\n                ""lane_change_mode"": 512\n            },\n            ""num_vehicles"": 13,\n            ""routing_controller"": [\n                ""ContinuousRouter"",\n                {}\n            ],\n            ""veh_id"": ""human""\n        },\n        {\n            ""acceleration_controller"": [\n                ""RLController"",\n                {}\n            ],\n            ""car_following_params"": {\n                ""controller_params"": {\n                    ""accel"": 1.0,\n                    ""carFollowModel"": ""IDM"",\n                    ""decel"": 1.5,\n                    ""impatience"": 0.5,\n                    ""maxSpeed"": 30,\n                    ""minGap"": 2.5,\n                    ""sigma"": 0.5,\n                    ""speedDev"": 0.1,\n                    ""speedFactor"": 1.0,\n                    ""tau"": 1.0\n                },\n                ""speed_mode"": 1\n            },\n            ""initial_speed"": 0,\n            ""lane_change_controller"": [\n                ""SimLaneChangeController"",\n                {}\n            ],\n            ""lane_change_params"": {\n                ""controller_params"": {\n                    ""laneChangeModel"": ""LC2013"",\n                    ""lcCooperative"": ""1.0"",\n                    ""lcKeepRight"": ""1.0"",\n                    ""lcSpeedGain"": ""1.0"",\n                    ""lcStrategic"": ""1.0""\n                },\n                ""lane_change_mode"": 512\n            },\n            ""num_vehicles"": 1,\n            ""routing_controller"": [\n                ""ContinuousRouter"",\n                {}\n            ],\n            ""veh_id"": ""rl""\n        }\n    ]\n}'}, 'env': 'AccelEnv-v0', 'local_evaluator_tf_session_args': {'inter_op_parallelism_threads': 8, 'intra_op_parallelism_threads': 8}, 'model': {'free_log_std': False, 'custom_options': {}, 'framestack': True, 'channel_major': False, 'max_seq_len': 20, 'lstm_use_prev_action_reward': False, 'squash_to_range': False, 'dim': 84, 'grayscale': False, 'fcnet_hiddens': [100, 50, 25], 'use_lstm': False, 'custom_model': None, 'fcnet_activation': 'tanh', 'conv_filters': None, 'conv_activation': 'relu', 'lstm_cell_size': 256, 'zero_mean': True, 'custom_preprocessor': None}, 'output_compress_columns': ['obs', 'new_obs'], 'monitor': False, 'custom_resources_per_worker': {}, 'output_max_file_size': 67108864, 'num_workers': 1, 'clip_param': 0.3, 'kl_coeff': 0.2, 'multiagent': {'policy_graphs': {}, 'policy_mapping_fn': None, 'policies_to_train': None}, 'input_evaluation': None, 'output': None, 'collect_metrics_timeout': 180, 'num_cpus_per_worker': 1}",169.237.32.118,1,1151.03,9.924402236938477,"{'num_steps_sampled': 211200, 'load_time_ms': 1.248, 'default': {'kl': 0.013627923093736172, 'cur_lr': 0.0005000000237487257, 'total_loss': 0.8695748448371887, 'policy_loss': -0.016489610075950623, 'vf_explained_var': 0.9807485938072205, 'entropy': 1.4463855028152466, 'cur_kl_coeff': 0.4329761564731598, 'vf_loss': 0.8801639080047607}, 'sample_time_ms': 9541.475, 'grad_time_ms': 274.719, 'update_time_ms': 4.39, 'num_steps_trained': 211200}",316.45188617786323,2019-04-02_07-58-39,kronos,71,211200,0,1310.2236576080322,{},211200,132,132,1310.2236576080322,492.9053705317178,1600,1554191919,{},0b32d2eec3344b1fbde4822793b2e447,54.45169917298337
False,172,"{'input': 'sampler', 'callbacks': {'on_train_result': None, 'on_sample_end': None, 'on_episode_step': None, 'on_episode_start': None, 'on_episode_end': None}, 'sample_batch_size': 200, 'clip_actions': False, 'clip_rewards': None, 'tf_session_args': {'inter_op_parallelism_threads': 2, 'intra_op_parallelism_threads': 2, 'device_count': {'CPU': 1}, 'log_device_placement': False, 'allow_soft_placement': True, 'gpu_options': {'allow_growth': True}}, 'kl_target': 0.01, 'horizon': 1500, 'lr': 0.0005, 'sample_async': False, 'simple_optimizer': False, 'compress_observations': False, 'num_envs_per_worker': 1, 'gamma': 0.99, 'sgd_minibatch_size': 128, 'observation_filter': 'NoFilter', 'entropy_coeff': 0.0, 'batch_mode': 'truncate_episodes', 'straggler_mitigation': False, 'vf_share_layers': False, 'num_gpus': 0, 'synchronize_filters': True, 'num_sgd_iter': 10, 'train_batch_size': 1500, 'optimizer': {}, 'num_gpus_per_worker': 0, 'preprocessor_pref': 'deepmind', 'num_cpus_for_driver': 1, 'lr_schedule': None, 'use_gae': True, 'lambda': 0.97, 'vf_loss_coeff': 1.0, 'vf_clip_param': 1000000.0, 'log_level': 'INFO', 'env_config': {'run': 'PPO', 'flow_params': '{\n    ""env"": {\n        ""additional_params"": {\n            ""max_accel"": 3,\n            ""max_decel"": 3,\n            ""sort_vehicles"": false,\n            ""target_velocity"": 20\n        },\n        ""evaluate"": false,\n        ""horizon"": 1500,\n        ""sims_per_step"": 1,\n        ""warmup_steps"": 0\n    },\n    ""env_name"": ""AccelEnv"",\n    ""exp_tag"": ""figure_eight_0"",\n    ""initial"": {\n        ""additional_params"": {},\n        ""bunching"": 0,\n        ""edges_distribution"": ""all"",\n        ""lanes_distribution"": Infinity,\n        ""min_gap"": 0,\n        ""perturbation"": 0.0,\n        ""shuffle"": false,\n        ""spacing"": ""uniform"",\n        ""x0"": 0\n    },\n    ""net"": {\n        ""additional_params"": {\n            ""lanes"": 1,\n            ""radius_ring"": 30,\n            ""resolution"": 40,\n            ""speed_limit"": 30\n        },\n        ""inflows"": {\n            ""_InFlows__flows"": [],\n            ""num_flows"": 0\n        },\n        ""netfile"": null,\n        ""no_internal_links"": false,\n        ""osm_path"": null\n    },\n    ""scenario"": ""Figure8Scenario"",\n    ""sim"": {\n        ""emission_path"": null,\n        ""lateral_resolution"": null,\n        ""no_step_log"": true,\n        ""num_clients"": 1,\n        ""overtake_right"": false,\n        ""port"": null,\n        ""print_warnings"": true,\n        ""pxpm"": 2,\n        ""render"": false,\n        ""restart_instance"": false,\n        ""save_render"": false,\n        ""seed"": null,\n        ""show_radius"": false,\n        ""sight_radius"": 25,\n        ""sim_step"": 0.1,\n        ""teleport_time"": -1\n    },\n    ""simulator"": ""traci"",\n    ""veh"": [\n        {\n            ""acceleration_controller"": [\n                ""IDMController"",\n                {\n                    ""noise"": 0.2\n                }\n            ],\n            ""car_following_params"": {\n                ""controller_params"": {\n                    ""accel"": 1.0,\n                    ""carFollowModel"": ""IDM"",\n                    ""decel"": 1.5,\n                    ""impatience"": 0.5,\n                    ""maxSpeed"": 30,\n                    ""minGap"": 2.5,\n                    ""sigma"": 0.5,\n                    ""speedDev"": 0.1,\n                    ""speedFactor"": 1.0,\n                    ""tau"": 1.0\n                },\n                ""speed_mode"": 1\n            },\n            ""initial_speed"": 0,\n            ""lane_change_controller"": [\n                ""SimLaneChangeController"",\n                {}\n            ],\n            ""lane_change_params"": {\n                ""controller_params"": {\n                    ""laneChangeModel"": ""LC2013"",\n                    ""lcCooperative"": ""1.0"",\n                    ""lcKeepRight"": ""1.0"",\n                    ""lcSpeedGain"": ""1.0"",\n                    ""lcStrategic"": ""1.0""\n                },\n                ""lane_change_mode"": 512\n            },\n            ""num_vehicles"": 13,\n            ""routing_controller"": [\n                ""ContinuousRouter"",\n                {}\n            ],\n            ""veh_id"": ""human""\n        },\n        {\n            ""acceleration_controller"": [\n                ""RLController"",\n                {}\n            ],\n            ""car_following_params"": {\n                ""controller_params"": {\n                    ""accel"": 1.0,\n                    ""carFollowModel"": ""IDM"",\n                    ""decel"": 1.5,\n                    ""impatience"": 0.5,\n                    ""maxSpeed"": 30,\n                    ""minGap"": 2.5,\n                    ""sigma"": 0.5,\n                    ""speedDev"": 0.1,\n                    ""speedFactor"": 1.0,\n                    ""tau"": 1.0\n                },\n                ""speed_mode"": 1\n            },\n            ""initial_speed"": 0,\n            ""lane_change_controller"": [\n                ""SimLaneChangeController"",\n                {}\n            ],\n            ""lane_change_params"": {\n                ""controller_params"": {\n                    ""laneChangeModel"": ""LC2013"",\n                    ""lcCooperative"": ""1.0"",\n                    ""lcKeepRight"": ""1.0"",\n                    ""lcSpeedGain"": ""1.0"",\n                    ""lcStrategic"": ""1.0""\n                },\n                ""lane_change_mode"": 512\n            },\n            ""num_vehicles"": 1,\n            ""routing_controller"": [\n                ""ContinuousRouter"",\n                {}\n            ],\n            ""veh_id"": ""rl""\n        }\n    ]\n}'}, 'env': 'AccelEnv-v0', 'local_evaluator_tf_session_args': {'inter_op_parallelism_threads': 8, 'intra_op_parallelism_threads': 8}, 'model': {'free_log_std': False, 'custom_options': {}, 'framestack': True, 'channel_major': False, 'max_seq_len': 20, 'lstm_use_prev_action_reward': False, 'squash_to_range': False, 'dim': 84, 'grayscale': False, 'fcnet_hiddens': [100, 50, 25], 'use_lstm': False, 'custom_model': None, 'fcnet_activation': 'tanh', 'conv_filters': None, 'conv_activation': 'relu', 'lstm_cell_size': 256, 'zero_mean': True, 'custom_preprocessor': None}, 'output_compress_columns': ['obs', 'new_obs'], 'monitor': False, 'custom_resources_per_worker': {}, 'output_max_file_size': 67108864, 'num_workers': 1, 'clip_param': 0.3, 'kl_coeff': 0.2, 'multiagent': {'policy_graphs': {}, 'policy_mapping_fn': None, 'policies_to_train': None}, 'input_evaluation': None, 'output': None, 'collect_metrics_timeout': 180, 'num_cpus_per_worker': 1}",169.237.32.118,1,1148.4,9.922253370285034,"{'num_steps_sampled': 212800, 'load_time_ms': 1.206, 'default': {'kl': 0.009025602601468563, 'cur_lr': 0.0005000000237487257, 'total_loss': 0.6362707614898682, 'policy_loss': -0.019329363480210304, 'vf_explained_var': 0.9871761202812195, 'entropy': 1.364709496498108, 'cur_kl_coeff': 0.4329761564731598, 'vf_loss': 0.651692271232605}, 'sample_time_ms': 9546.268, 'grad_time_ms': 275.097, 'update_time_ms': 4.517, 'num_steps_trained': 212800}",316.023569380713,2019-04-02_07-58-49,kronos,71,212800,0,1320.1459109783173,{},212800,133,133,1320.1459109783173,492.9053705317178,1600,1554191929,{},0b32d2eec3344b1fbde4822793b2e447,54.45169917298337
False,173,"{'input': 'sampler', 'callbacks': {'on_train_result': None, 'on_sample_end': None, 'on_episode_step': None, 'on_episode_start': None, 'on_episode_end': None}, 'sample_batch_size': 200, 'clip_actions': False, 'clip_rewards': None, 'tf_session_args': {'inter_op_parallelism_threads': 2, 'intra_op_parallelism_threads': 2, 'device_count': {'CPU': 1}, 'log_device_placement': False, 'allow_soft_placement': True, 'gpu_options': {'allow_growth': True}}, 'kl_target': 0.01, 'horizon': 1500, 'lr': 0.0005, 'sample_async': False, 'simple_optimizer': False, 'compress_observations': False, 'num_envs_per_worker': 1, 'gamma': 0.99, 'sgd_minibatch_size': 128, 'observation_filter': 'NoFilter', 'entropy_coeff': 0.0, 'batch_mode': 'truncate_episodes', 'straggler_mitigation': False, 'vf_share_layers': False, 'num_gpus': 0, 'synchronize_filters': True, 'num_sgd_iter': 10, 'train_batch_size': 1500, 'optimizer': {}, 'num_gpus_per_worker': 0, 'preprocessor_pref': 'deepmind', 'num_cpus_for_driver': 1, 'lr_schedule': None, 'use_gae': True, 'lambda': 0.97, 'vf_loss_coeff': 1.0, 'vf_clip_param': 1000000.0, 'log_level': 'INFO', 'env_config': {'run': 'PPO', 'flow_params': '{\n    ""env"": {\n        ""additional_params"": {\n            ""max_accel"": 3,\n            ""max_decel"": 3,\n            ""sort_vehicles"": false,\n            ""target_velocity"": 20\n        },\n        ""evaluate"": false,\n        ""horizon"": 1500,\n        ""sims_per_step"": 1,\n        ""warmup_steps"": 0\n    },\n    ""env_name"": ""AccelEnv"",\n    ""exp_tag"": ""figure_eight_0"",\n    ""initial"": {\n        ""additional_params"": {},\n        ""bunching"": 0,\n        ""edges_distribution"": ""all"",\n        ""lanes_distribution"": Infinity,\n        ""min_gap"": 0,\n        ""perturbation"": 0.0,\n        ""shuffle"": false,\n        ""spacing"": ""uniform"",\n        ""x0"": 0\n    },\n    ""net"": {\n        ""additional_params"": {\n            ""lanes"": 1,\n            ""radius_ring"": 30,\n            ""resolution"": 40,\n            ""speed_limit"": 30\n        },\n        ""inflows"": {\n            ""_InFlows__flows"": [],\n            ""num_flows"": 0\n        },\n        ""netfile"": null,\n        ""no_internal_links"": false,\n        ""osm_path"": null\n    },\n    ""scenario"": ""Figure8Scenario"",\n    ""sim"": {\n        ""emission_path"": null,\n        ""lateral_resolution"": null,\n        ""no_step_log"": true,\n        ""num_clients"": 1,\n        ""overtake_right"": false,\n        ""port"": null,\n        ""print_warnings"": true,\n        ""pxpm"": 2,\n        ""render"": false,\n        ""restart_instance"": false,\n        ""save_render"": false,\n        ""seed"": null,\n        ""show_radius"": false,\n        ""sight_radius"": 25,\n        ""sim_step"": 0.1,\n        ""teleport_time"": -1\n    },\n    ""simulator"": ""traci"",\n    ""veh"": [\n        {\n            ""acceleration_controller"": [\n                ""IDMController"",\n                {\n                    ""noise"": 0.2\n                }\n            ],\n            ""car_following_params"": {\n                ""controller_params"": {\n                    ""accel"": 1.0,\n                    ""carFollowModel"": ""IDM"",\n                    ""decel"": 1.5,\n                    ""impatience"": 0.5,\n                    ""maxSpeed"": 30,\n                    ""minGap"": 2.5,\n                    ""sigma"": 0.5,\n                    ""speedDev"": 0.1,\n                    ""speedFactor"": 1.0,\n                    ""tau"": 1.0\n                },\n                ""speed_mode"": 1\n            },\n            ""initial_speed"": 0,\n            ""lane_change_controller"": [\n                ""SimLaneChangeController"",\n                {}\n            ],\n            ""lane_change_params"": {\n                ""controller_params"": {\n                    ""laneChangeModel"": ""LC2013"",\n                    ""lcCooperative"": ""1.0"",\n                    ""lcKeepRight"": ""1.0"",\n                    ""lcSpeedGain"": ""1.0"",\n                    ""lcStrategic"": ""1.0""\n                },\n                ""lane_change_mode"": 512\n            },\n            ""num_vehicles"": 13,\n            ""routing_controller"": [\n                ""ContinuousRouter"",\n                {}\n            ],\n            ""veh_id"": ""human""\n        },\n        {\n            ""acceleration_controller"": [\n                ""RLController"",\n                {}\n            ],\n            ""car_following_params"": {\n                ""controller_params"": {\n                    ""accel"": 1.0,\n                    ""carFollowModel"": ""IDM"",\n                    ""decel"": 1.5,\n                    ""impatience"": 0.5,\n                    ""maxSpeed"": 30,\n                    ""minGap"": 2.5,\n                    ""sigma"": 0.5,\n                    ""speedDev"": 0.1,\n                    ""speedFactor"": 1.0,\n                    ""tau"": 1.0\n                },\n                ""speed_mode"": 1\n            },\n            ""initial_speed"": 0,\n            ""lane_change_controller"": [\n                ""SimLaneChangeController"",\n                {}\n            ],\n            ""lane_change_params"": {\n                ""controller_params"": {\n                    ""laneChangeModel"": ""LC2013"",\n                    ""lcCooperative"": ""1.0"",\n                    ""lcKeepRight"": ""1.0"",\n                    ""lcSpeedGain"": ""1.0"",\n                    ""lcStrategic"": ""1.0""\n                },\n                ""lane_change_mode"": 512\n            },\n            ""num_vehicles"": 1,\n            ""routing_controller"": [\n                ""ContinuousRouter"",\n                {}\n            ],\n            ""veh_id"": ""rl""\n        }\n    ]\n}'}, 'env': 'AccelEnv-v0', 'local_evaluator_tf_session_args': {'inter_op_parallelism_threads': 8, 'intra_op_parallelism_threads': 8}, 'model': {'free_log_std': False, 'custom_options': {}, 'framestack': True, 'channel_major': False, 'max_seq_len': 20, 'lstm_use_prev_action_reward': False, 'squash_to_range': False, 'dim': 84, 'grayscale': False, 'fcnet_hiddens': [100, 50, 25], 'use_lstm': False, 'custom_model': None, 'fcnet_activation': 'tanh', 'conv_filters': None, 'conv_activation': 'relu', 'lstm_cell_size': 256, 'zero_mean': True, 'custom_preprocessor': None}, 'output_compress_columns': ['obs', 'new_obs'], 'monitor': False, 'custom_resources_per_worker': {}, 'output_max_file_size': 67108864, 'num_workers': 1, 'clip_param': 0.3, 'kl_coeff': 0.2, 'multiagent': {'policy_graphs': {}, 'policy_mapping_fn': None, 'policies_to_train': None}, 'input_evaluation': None, 'output': None, 'collect_metrics_timeout': 180, 'num_cpus_per_worker': 1}",169.237.32.118,1,1148.4,9.981611490249634,"{'num_steps_sampled': 214400, 'load_time_ms': 1.183, 'default': {'kl': 0.005657341331243515, 'cur_lr': 0.0005000000237487257, 'total_loss': 4.246943950653076, 'policy_loss': -0.0026643939781934023, 'vf_explained_var': 0.9237082600593567, 'entropy': 1.3701106309890747, 'cur_kl_coeff': 0.4329761564731598, 'vf_loss': 4.247158527374268}, 'sample_time_ms': 9558.778, 'grad_time_ms': 274.726, 'update_time_ms': 4.557, 'num_steps_trained': 214400}",316.0001132245688,2019-04-02_07-58-59,kronos,71,214400,0,1330.127522468567,{},214400,134,134,1330.127522468567,492.9053705317178,1600,1554191939,{},0b32d2eec3344b1fbde4822793b2e447,54.45169917298337
False,174,"{'input': 'sampler', 'callbacks': {'on_train_result': None, 'on_sample_end': None, 'on_episode_step': None, 'on_episode_start': None, 'on_episode_end': None}, 'sample_batch_size': 200, 'clip_actions': False, 'clip_rewards': None, 'tf_session_args': {'inter_op_parallelism_threads': 2, 'intra_op_parallelism_threads': 2, 'device_count': {'CPU': 1}, 'log_device_placement': False, 'allow_soft_placement': True, 'gpu_options': {'allow_growth': True}}, 'kl_target': 0.01, 'horizon': 1500, 'lr': 0.0005, 'sample_async': False, 'simple_optimizer': False, 'compress_observations': False, 'num_envs_per_worker': 1, 'gamma': 0.99, 'sgd_minibatch_size': 128, 'observation_filter': 'NoFilter', 'entropy_coeff': 0.0, 'batch_mode': 'truncate_episodes', 'straggler_mitigation': False, 'vf_share_layers': False, 'num_gpus': 0, 'synchronize_filters': True, 'num_sgd_iter': 10, 'train_batch_size': 1500, 'optimizer': {}, 'num_gpus_per_worker': 0, 'preprocessor_pref': 'deepmind', 'num_cpus_for_driver': 1, 'lr_schedule': None, 'use_gae': True, 'lambda': 0.97, 'vf_loss_coeff': 1.0, 'vf_clip_param': 1000000.0, 'log_level': 'INFO', 'env_config': {'run': 'PPO', 'flow_params': '{\n    ""env"": {\n        ""additional_params"": {\n            ""max_accel"": 3,\n            ""max_decel"": 3,\n            ""sort_vehicles"": false,\n            ""target_velocity"": 20\n        },\n        ""evaluate"": false,\n        ""horizon"": 1500,\n        ""sims_per_step"": 1,\n        ""warmup_steps"": 0\n    },\n    ""env_name"": ""AccelEnv"",\n    ""exp_tag"": ""figure_eight_0"",\n    ""initial"": {\n        ""additional_params"": {},\n        ""bunching"": 0,\n        ""edges_distribution"": ""all"",\n        ""lanes_distribution"": Infinity,\n        ""min_gap"": 0,\n        ""perturbation"": 0.0,\n        ""shuffle"": false,\n        ""spacing"": ""uniform"",\n        ""x0"": 0\n    },\n    ""net"": {\n        ""additional_params"": {\n            ""lanes"": 1,\n            ""radius_ring"": 30,\n            ""resolution"": 40,\n            ""speed_limit"": 30\n        },\n        ""inflows"": {\n            ""_InFlows__flows"": [],\n            ""num_flows"": 0\n        },\n        ""netfile"": null,\n        ""no_internal_links"": false,\n        ""osm_path"": null\n    },\n    ""scenario"": ""Figure8Scenario"",\n    ""sim"": {\n        ""emission_path"": null,\n        ""lateral_resolution"": null,\n        ""no_step_log"": true,\n        ""num_clients"": 1,\n        ""overtake_right"": false,\n        ""port"": null,\n        ""print_warnings"": true,\n        ""pxpm"": 2,\n        ""render"": false,\n        ""restart_instance"": false,\n        ""save_render"": false,\n        ""seed"": null,\n        ""show_radius"": false,\n        ""sight_radius"": 25,\n        ""sim_step"": 0.1,\n        ""teleport_time"": -1\n    },\n    ""simulator"": ""traci"",\n    ""veh"": [\n        {\n            ""acceleration_controller"": [\n                ""IDMController"",\n                {\n                    ""noise"": 0.2\n                }\n            ],\n            ""car_following_params"": {\n                ""controller_params"": {\n                    ""accel"": 1.0,\n                    ""carFollowModel"": ""IDM"",\n                    ""decel"": 1.5,\n                    ""impatience"": 0.5,\n                    ""maxSpeed"": 30,\n                    ""minGap"": 2.5,\n                    ""sigma"": 0.5,\n                    ""speedDev"": 0.1,\n                    ""speedFactor"": 1.0,\n                    ""tau"": 1.0\n                },\n                ""speed_mode"": 1\n            },\n            ""initial_speed"": 0,\n            ""lane_change_controller"": [\n                ""SimLaneChangeController"",\n                {}\n            ],\n            ""lane_change_params"": {\n                ""controller_params"": {\n                    ""laneChangeModel"": ""LC2013"",\n                    ""lcCooperative"": ""1.0"",\n                    ""lcKeepRight"": ""1.0"",\n                    ""lcSpeedGain"": ""1.0"",\n                    ""lcStrategic"": ""1.0""\n                },\n                ""lane_change_mode"": 512\n            },\n            ""num_vehicles"": 13,\n            ""routing_controller"": [\n                ""ContinuousRouter"",\n                {}\n            ],\n            ""veh_id"": ""human""\n        },\n        {\n            ""acceleration_controller"": [\n                ""RLController"",\n                {}\n            ],\n            ""car_following_params"": {\n                ""controller_params"": {\n                    ""accel"": 1.0,\n                    ""carFollowModel"": ""IDM"",\n                    ""decel"": 1.5,\n                    ""impatience"": 0.5,\n                    ""maxSpeed"": 30,\n                    ""minGap"": 2.5,\n                    ""sigma"": 0.5,\n                    ""speedDev"": 0.1,\n                    ""speedFactor"": 1.0,\n                    ""tau"": 1.0\n                },\n                ""speed_mode"": 1\n            },\n            ""initial_speed"": 0,\n            ""lane_change_controller"": [\n                ""SimLaneChangeController"",\n                {}\n            ],\n            ""lane_change_params"": {\n                ""controller_params"": {\n                    ""laneChangeModel"": ""LC2013"",\n                    ""lcCooperative"": ""1.0"",\n                    ""lcKeepRight"": ""1.0"",\n                    ""lcSpeedGain"": ""1.0"",\n                    ""lcStrategic"": ""1.0""\n                },\n                ""lane_change_mode"": 512\n            },\n            ""num_vehicles"": 1,\n            ""routing_controller"": [\n                ""ContinuousRouter"",\n                {}\n            ],\n            ""veh_id"": ""rl""\n        }\n    ]\n}'}, 'env': 'AccelEnv-v0', 'local_evaluator_tf_session_args': {'inter_op_parallelism_threads': 8, 'intra_op_parallelism_threads': 8}, 'model': {'free_log_std': False, 'custom_options': {}, 'framestack': True, 'channel_major': False, 'max_seq_len': 20, 'lstm_use_prev_action_reward': False, 'squash_to_range': False, 'dim': 84, 'grayscale': False, 'fcnet_hiddens': [100, 50, 25], 'use_lstm': False, 'custom_model': None, 'fcnet_activation': 'tanh', 'conv_filters': None, 'conv_activation': 'relu', 'lstm_cell_size': 256, 'zero_mean': True, 'custom_preprocessor': None}, 'output_compress_columns': ['obs', 'new_obs'], 'monitor': False, 'custom_resources_per_worker': {}, 'output_max_file_size': 67108864, 'num_workers': 1, 'clip_param': 0.3, 'kl_coeff': 0.2, 'multiagent': {'policy_graphs': {}, 'policy_mapping_fn': None, 'policies_to_train': None}, 'input_evaluation': None, 'output': None, 'collect_metrics_timeout': 180, 'num_cpus_per_worker': 1}",169.237.32.118,1,1157.33,9.854623556137085,"{'num_steps_sampled': 216000, 'load_time_ms': 1.158, 'default': {'kl': 0.007444044109433889, 'cur_lr': 0.0005000000237487257, 'total_loss': 0.9052301049232483, 'policy_loss': -0.019675979390740395, 'vf_explained_var': 0.9670916199684143, 'entropy': 1.374904990196228, 'cur_kl_coeff': 0.4329761564731598, 'vf_loss': 0.9216828942298889}, 'sample_time_ms': 9575.531, 'grad_time_ms': 275.914, 'update_time_ms': 4.683, 'num_steps_trained': 216000}",318.1805767966546,2019-04-02_07-59-09,kronos,71,216000,0,1339.982146024704,{},216000,135,135,1339.982146024704,492.9053705317178,1600,1554191949,{},0b32d2eec3344b1fbde4822793b2e447,54.45169917298337
False,175,"{'input': 'sampler', 'callbacks': {'on_train_result': None, 'on_sample_end': None, 'on_episode_step': None, 'on_episode_start': None, 'on_episode_end': None}, 'sample_batch_size': 200, 'clip_actions': False, 'clip_rewards': None, 'tf_session_args': {'inter_op_parallelism_threads': 2, 'intra_op_parallelism_threads': 2, 'device_count': {'CPU': 1}, 'log_device_placement': False, 'allow_soft_placement': True, 'gpu_options': {'allow_growth': True}}, 'kl_target': 0.01, 'horizon': 1500, 'lr': 0.0005, 'sample_async': False, 'simple_optimizer': False, 'compress_observations': False, 'num_envs_per_worker': 1, 'gamma': 0.99, 'sgd_minibatch_size': 128, 'observation_filter': 'NoFilter', 'entropy_coeff': 0.0, 'batch_mode': 'truncate_episodes', 'straggler_mitigation': False, 'vf_share_layers': False, 'num_gpus': 0, 'synchronize_filters': True, 'num_sgd_iter': 10, 'train_batch_size': 1500, 'optimizer': {}, 'num_gpus_per_worker': 0, 'preprocessor_pref': 'deepmind', 'num_cpus_for_driver': 1, 'lr_schedule': None, 'use_gae': True, 'lambda': 0.97, 'vf_loss_coeff': 1.0, 'vf_clip_param': 1000000.0, 'log_level': 'INFO', 'env_config': {'run': 'PPO', 'flow_params': '{\n    ""env"": {\n        ""additional_params"": {\n            ""max_accel"": 3,\n            ""max_decel"": 3,\n            ""sort_vehicles"": false,\n            ""target_velocity"": 20\n        },\n        ""evaluate"": false,\n        ""horizon"": 1500,\n        ""sims_per_step"": 1,\n        ""warmup_steps"": 0\n    },\n    ""env_name"": ""AccelEnv"",\n    ""exp_tag"": ""figure_eight_0"",\n    ""initial"": {\n        ""additional_params"": {},\n        ""bunching"": 0,\n        ""edges_distribution"": ""all"",\n        ""lanes_distribution"": Infinity,\n        ""min_gap"": 0,\n        ""perturbation"": 0.0,\n        ""shuffle"": false,\n        ""spacing"": ""uniform"",\n        ""x0"": 0\n    },\n    ""net"": {\n        ""additional_params"": {\n            ""lanes"": 1,\n            ""radius_ring"": 30,\n            ""resolution"": 40,\n            ""speed_limit"": 30\n        },\n        ""inflows"": {\n            ""_InFlows__flows"": [],\n            ""num_flows"": 0\n        },\n        ""netfile"": null,\n        ""no_internal_links"": false,\n        ""osm_path"": null\n    },\n    ""scenario"": ""Figure8Scenario"",\n    ""sim"": {\n        ""emission_path"": null,\n        ""lateral_resolution"": null,\n        ""no_step_log"": true,\n        ""num_clients"": 1,\n        ""overtake_right"": false,\n        ""port"": null,\n        ""print_warnings"": true,\n        ""pxpm"": 2,\n        ""render"": false,\n        ""restart_instance"": false,\n        ""save_render"": false,\n        ""seed"": null,\n        ""show_radius"": false,\n        ""sight_radius"": 25,\n        ""sim_step"": 0.1,\n        ""teleport_time"": -1\n    },\n    ""simulator"": ""traci"",\n    ""veh"": [\n        {\n            ""acceleration_controller"": [\n                ""IDMController"",\n                {\n                    ""noise"": 0.2\n                }\n            ],\n            ""car_following_params"": {\n                ""controller_params"": {\n                    ""accel"": 1.0,\n                    ""carFollowModel"": ""IDM"",\n                    ""decel"": 1.5,\n                    ""impatience"": 0.5,\n                    ""maxSpeed"": 30,\n                    ""minGap"": 2.5,\n                    ""sigma"": 0.5,\n                    ""speedDev"": 0.1,\n                    ""speedFactor"": 1.0,\n                    ""tau"": 1.0\n                },\n                ""speed_mode"": 1\n            },\n            ""initial_speed"": 0,\n            ""lane_change_controller"": [\n                ""SimLaneChangeController"",\n                {}\n            ],\n            ""lane_change_params"": {\n                ""controller_params"": {\n                    ""laneChangeModel"": ""LC2013"",\n                    ""lcCooperative"": ""1.0"",\n                    ""lcKeepRight"": ""1.0"",\n                    ""lcSpeedGain"": ""1.0"",\n                    ""lcStrategic"": ""1.0""\n                },\n                ""lane_change_mode"": 512\n            },\n            ""num_vehicles"": 13,\n            ""routing_controller"": [\n                ""ContinuousRouter"",\n                {}\n            ],\n            ""veh_id"": ""human""\n        },\n        {\n            ""acceleration_controller"": [\n                ""RLController"",\n                {}\n            ],\n            ""car_following_params"": {\n                ""controller_params"": {\n                    ""accel"": 1.0,\n                    ""carFollowModel"": ""IDM"",\n                    ""decel"": 1.5,\n                    ""impatience"": 0.5,\n                    ""maxSpeed"": 30,\n                    ""minGap"": 2.5,\n                    ""sigma"": 0.5,\n                    ""speedDev"": 0.1,\n                    ""speedFactor"": 1.0,\n                    ""tau"": 1.0\n                },\n                ""speed_mode"": 1\n            },\n            ""initial_speed"": 0,\n            ""lane_change_controller"": [\n                ""SimLaneChangeController"",\n                {}\n            ],\n            ""lane_change_params"": {\n                ""controller_params"": {\n                    ""laneChangeModel"": ""LC2013"",\n                    ""lcCooperative"": ""1.0"",\n                    ""lcKeepRight"": ""1.0"",\n                    ""lcSpeedGain"": ""1.0"",\n                    ""lcStrategic"": ""1.0""\n                },\n                ""lane_change_mode"": 512\n            },\n            ""num_vehicles"": 1,\n            ""routing_controller"": [\n                ""ContinuousRouter"",\n                {}\n            ],\n            ""veh_id"": ""rl""\n        }\n    ]\n}'}, 'env': 'AccelEnv-v0', 'local_evaluator_tf_session_args': {'inter_op_parallelism_threads': 8, 'intra_op_parallelism_threads': 8}, 'model': {'free_log_std': False, 'custom_options': {}, 'framestack': True, 'channel_major': False, 'max_seq_len': 20, 'lstm_use_prev_action_reward': False, 'squash_to_range': False, 'dim': 84, 'grayscale': False, 'fcnet_hiddens': [100, 50, 25], 'use_lstm': False, 'custom_model': None, 'fcnet_activation': 'tanh', 'conv_filters': None, 'conv_activation': 'relu', 'lstm_cell_size': 256, 'zero_mean': True, 'custom_preprocessor': None}, 'output_compress_columns': ['obs', 'new_obs'], 'monitor': False, 'custom_resources_per_worker': {}, 'output_max_file_size': 67108864, 'num_workers': 1, 'clip_param': 0.3, 'kl_coeff': 0.2, 'multiagent': {'policy_graphs': {}, 'policy_mapping_fn': None, 'policies_to_train': None}, 'input_evaluation': None, 'output': None, 'collect_metrics_timeout': 180, 'num_cpus_per_worker': 1}",169.237.32.118,1,1157.33,9.989378929138184,"{'num_steps_sampled': 217600, 'load_time_ms': 1.135, 'default': {'kl': 0.009978043846786022, 'cur_lr': 0.0005000000237487257, 'total_loss': 1.4718050956726074, 'policy_loss': -0.013224448077380657, 'vf_explained_var': 0.9529722332954407, 'entropy': 1.3420504331588745, 'cur_kl_coeff': 0.4329761564731598, 'vf_loss': 1.480709195137024}, 'sample_time_ms': 9589.7, 'grad_time_ms': 278.158, 'update_time_ms': 4.67, 'num_steps_trained': 217600}",317.962995595517,2019-04-02_07-59-19,kronos,71,217600,0,1349.9715249538422,{},217600,136,136,1349.9715249538422,492.9053705317178,1600,1554191959,{},0b32d2eec3344b1fbde4822793b2e447,54.45169917298337
False,176,"{'input': 'sampler', 'callbacks': {'on_train_result': None, 'on_sample_end': None, 'on_episode_step': None, 'on_episode_start': None, 'on_episode_end': None}, 'sample_batch_size': 200, 'clip_actions': False, 'clip_rewards': None, 'tf_session_args': {'inter_op_parallelism_threads': 2, 'intra_op_parallelism_threads': 2, 'device_count': {'CPU': 1}, 'log_device_placement': False, 'allow_soft_placement': True, 'gpu_options': {'allow_growth': True}}, 'kl_target': 0.01, 'horizon': 1500, 'lr': 0.0005, 'sample_async': False, 'simple_optimizer': False, 'compress_observations': False, 'num_envs_per_worker': 1, 'gamma': 0.99, 'sgd_minibatch_size': 128, 'observation_filter': 'NoFilter', 'entropy_coeff': 0.0, 'batch_mode': 'truncate_episodes', 'straggler_mitigation': False, 'vf_share_layers': False, 'num_gpus': 0, 'synchronize_filters': True, 'num_sgd_iter': 10, 'train_batch_size': 1500, 'optimizer': {}, 'num_gpus_per_worker': 0, 'preprocessor_pref': 'deepmind', 'num_cpus_for_driver': 1, 'lr_schedule': None, 'use_gae': True, 'lambda': 0.97, 'vf_loss_coeff': 1.0, 'vf_clip_param': 1000000.0, 'log_level': 'INFO', 'env_config': {'run': 'PPO', 'flow_params': '{\n    ""env"": {\n        ""additional_params"": {\n            ""max_accel"": 3,\n            ""max_decel"": 3,\n            ""sort_vehicles"": false,\n            ""target_velocity"": 20\n        },\n        ""evaluate"": false,\n        ""horizon"": 1500,\n        ""sims_per_step"": 1,\n        ""warmup_steps"": 0\n    },\n    ""env_name"": ""AccelEnv"",\n    ""exp_tag"": ""figure_eight_0"",\n    ""initial"": {\n        ""additional_params"": {},\n        ""bunching"": 0,\n        ""edges_distribution"": ""all"",\n        ""lanes_distribution"": Infinity,\n        ""min_gap"": 0,\n        ""perturbation"": 0.0,\n        ""shuffle"": false,\n        ""spacing"": ""uniform"",\n        ""x0"": 0\n    },\n    ""net"": {\n        ""additional_params"": {\n            ""lanes"": 1,\n            ""radius_ring"": 30,\n            ""resolution"": 40,\n            ""speed_limit"": 30\n        },\n        ""inflows"": {\n            ""_InFlows__flows"": [],\n            ""num_flows"": 0\n        },\n        ""netfile"": null,\n        ""no_internal_links"": false,\n        ""osm_path"": null\n    },\n    ""scenario"": ""Figure8Scenario"",\n    ""sim"": {\n        ""emission_path"": null,\n        ""lateral_resolution"": null,\n        ""no_step_log"": true,\n        ""num_clients"": 1,\n        ""overtake_right"": false,\n        ""port"": null,\n        ""print_warnings"": true,\n        ""pxpm"": 2,\n        ""render"": false,\n        ""restart_instance"": false,\n        ""save_render"": false,\n        ""seed"": null,\n        ""show_radius"": false,\n        ""sight_radius"": 25,\n        ""sim_step"": 0.1,\n        ""teleport_time"": -1\n    },\n    ""simulator"": ""traci"",\n    ""veh"": [\n        {\n            ""acceleration_controller"": [\n                ""IDMController"",\n                {\n                    ""noise"": 0.2\n                }\n            ],\n            ""car_following_params"": {\n                ""controller_params"": {\n                    ""accel"": 1.0,\n                    ""carFollowModel"": ""IDM"",\n                    ""decel"": 1.5,\n                    ""impatience"": 0.5,\n                    ""maxSpeed"": 30,\n                    ""minGap"": 2.5,\n                    ""sigma"": 0.5,\n                    ""speedDev"": 0.1,\n                    ""speedFactor"": 1.0,\n                    ""tau"": 1.0\n                },\n                ""speed_mode"": 1\n            },\n            ""initial_speed"": 0,\n            ""lane_change_controller"": [\n                ""SimLaneChangeController"",\n                {}\n            ],\n            ""lane_change_params"": {\n                ""controller_params"": {\n                    ""laneChangeModel"": ""LC2013"",\n                    ""lcCooperative"": ""1.0"",\n                    ""lcKeepRight"": ""1.0"",\n                    ""lcSpeedGain"": ""1.0"",\n                    ""lcStrategic"": ""1.0""\n                },\n                ""lane_change_mode"": 512\n            },\n            ""num_vehicles"": 13,\n            ""routing_controller"": [\n                ""ContinuousRouter"",\n                {}\n            ],\n            ""veh_id"": ""human""\n        },\n        {\n            ""acceleration_controller"": [\n                ""RLController"",\n                {}\n            ],\n            ""car_following_params"": {\n                ""controller_params"": {\n                    ""accel"": 1.0,\n                    ""carFollowModel"": ""IDM"",\n                    ""decel"": 1.5,\n                    ""impatience"": 0.5,\n                    ""maxSpeed"": 30,\n                    ""minGap"": 2.5,\n                    ""sigma"": 0.5,\n                    ""speedDev"": 0.1,\n                    ""speedFactor"": 1.0,\n                    ""tau"": 1.0\n                },\n                ""speed_mode"": 1\n            },\n            ""initial_speed"": 0,\n            ""lane_change_controller"": [\n                ""SimLaneChangeController"",\n                {}\n            ],\n            ""lane_change_params"": {\n                ""controller_params"": {\n                    ""laneChangeModel"": ""LC2013"",\n                    ""lcCooperative"": ""1.0"",\n                    ""lcKeepRight"": ""1.0"",\n                    ""lcSpeedGain"": ""1.0"",\n                    ""lcStrategic"": ""1.0""\n                },\n                ""lane_change_mode"": 512\n            },\n            ""num_vehicles"": 1,\n            ""routing_controller"": [\n                ""ContinuousRouter"",\n                {}\n            ],\n            ""veh_id"": ""rl""\n        }\n    ]\n}'}, 'env': 'AccelEnv-v0', 'local_evaluator_tf_session_args': {'inter_op_parallelism_threads': 8, 'intra_op_parallelism_threads': 8}, 'model': {'free_log_std': False, 'custom_options': {}, 'framestack': True, 'channel_major': False, 'max_seq_len': 20, 'lstm_use_prev_action_reward': False, 'squash_to_range': False, 'dim': 84, 'grayscale': False, 'fcnet_hiddens': [100, 50, 25], 'use_lstm': False, 'custom_model': None, 'fcnet_activation': 'tanh', 'conv_filters': None, 'conv_activation': 'relu', 'lstm_cell_size': 256, 'zero_mean': True, 'custom_preprocessor': None}, 'output_compress_columns': ['obs', 'new_obs'], 'monitor': False, 'custom_resources_per_worker': {}, 'output_max_file_size': 67108864, 'num_workers': 1, 'clip_param': 0.3, 'kl_coeff': 0.2, 'multiagent': {'policy_graphs': {}, 'policy_mapping_fn': None, 'policies_to_train': None}, 'input_evaluation': None, 'output': None, 'collect_metrics_timeout': 180, 'num_cpus_per_worker': 1}",169.237.32.118,1,1157.33,9.952014207839966,"{'num_steps_sampled': 219200, 'load_time_ms': 1.104, 'default': {'kl': 0.011545530520379543, 'cur_lr': 0.0005000000237487257, 'total_loss': 1.0237504243850708, 'policy_loss': -0.027408571913838387, 'vf_explained_var': 0.9560006260871887, 'entropy': 1.4819140434265137, 'cur_kl_coeff': 0.4329761564731598, 'vf_loss': 1.046160101890564}, 'sample_time_ms': 9613.915, 'grad_time_ms': 280.677, 'update_time_ms': 4.642, 'num_steps_trained': 219200}",318.7000805204674,2019-04-02_07-59-29,kronos,71,219200,0,1359.9235391616821,{},219200,137,137,1359.9235391616821,492.9053705317178,1600,1554191969,{},0b32d2eec3344b1fbde4822793b2e447,54.45169917298337
False,178,"{'input': 'sampler', 'callbacks': {'on_train_result': None, 'on_sample_end': None, 'on_episode_step': None, 'on_episode_start': None, 'on_episode_end': None}, 'sample_batch_size': 200, 'clip_actions': False, 'clip_rewards': None, 'tf_session_args': {'inter_op_parallelism_threads': 2, 'intra_op_parallelism_threads': 2, 'device_count': {'CPU': 1}, 'log_device_placement': False, 'allow_soft_placement': True, 'gpu_options': {'allow_growth': True}}, 'kl_target': 0.01, 'horizon': 1500, 'lr': 0.0005, 'sample_async': False, 'simple_optimizer': False, 'compress_observations': False, 'num_envs_per_worker': 1, 'gamma': 0.99, 'sgd_minibatch_size': 128, 'observation_filter': 'NoFilter', 'entropy_coeff': 0.0, 'batch_mode': 'truncate_episodes', 'straggler_mitigation': False, 'vf_share_layers': False, 'num_gpus': 0, 'synchronize_filters': True, 'num_sgd_iter': 10, 'train_batch_size': 1500, 'optimizer': {}, 'num_gpus_per_worker': 0, 'preprocessor_pref': 'deepmind', 'num_cpus_for_driver': 1, 'lr_schedule': None, 'use_gae': True, 'lambda': 0.97, 'vf_loss_coeff': 1.0, 'vf_clip_param': 1000000.0, 'log_level': 'INFO', 'env_config': {'run': 'PPO', 'flow_params': '{\n    ""env"": {\n        ""additional_params"": {\n            ""max_accel"": 3,\n            ""max_decel"": 3,\n            ""sort_vehicles"": false,\n            ""target_velocity"": 20\n        },\n        ""evaluate"": false,\n        ""horizon"": 1500,\n        ""sims_per_step"": 1,\n        ""warmup_steps"": 0\n    },\n    ""env_name"": ""AccelEnv"",\n    ""exp_tag"": ""figure_eight_0"",\n    ""initial"": {\n        ""additional_params"": {},\n        ""bunching"": 0,\n        ""edges_distribution"": ""all"",\n        ""lanes_distribution"": Infinity,\n        ""min_gap"": 0,\n        ""perturbation"": 0.0,\n        ""shuffle"": false,\n        ""spacing"": ""uniform"",\n        ""x0"": 0\n    },\n    ""net"": {\n        ""additional_params"": {\n            ""lanes"": 1,\n            ""radius_ring"": 30,\n            ""resolution"": 40,\n            ""speed_limit"": 30\n        },\n        ""inflows"": {\n            ""_InFlows__flows"": [],\n            ""num_flows"": 0\n        },\n        ""netfile"": null,\n        ""no_internal_links"": false,\n        ""osm_path"": null\n    },\n    ""scenario"": ""Figure8Scenario"",\n    ""sim"": {\n        ""emission_path"": null,\n        ""lateral_resolution"": null,\n        ""no_step_log"": true,\n        ""num_clients"": 1,\n        ""overtake_right"": false,\n        ""port"": null,\n        ""print_warnings"": true,\n        ""pxpm"": 2,\n        ""render"": false,\n        ""restart_instance"": false,\n        ""save_render"": false,\n        ""seed"": null,\n        ""show_radius"": false,\n        ""sight_radius"": 25,\n        ""sim_step"": 0.1,\n        ""teleport_time"": -1\n    },\n    ""simulator"": ""traci"",\n    ""veh"": [\n        {\n            ""acceleration_controller"": [\n                ""IDMController"",\n                {\n                    ""noise"": 0.2\n                }\n            ],\n            ""car_following_params"": {\n                ""controller_params"": {\n                    ""accel"": 1.0,\n                    ""carFollowModel"": ""IDM"",\n                    ""decel"": 1.5,\n                    ""impatience"": 0.5,\n                    ""maxSpeed"": 30,\n                    ""minGap"": 2.5,\n                    ""sigma"": 0.5,\n                    ""speedDev"": 0.1,\n                    ""speedFactor"": 1.0,\n                    ""tau"": 1.0\n                },\n                ""speed_mode"": 1\n            },\n            ""initial_speed"": 0,\n            ""lane_change_controller"": [\n                ""SimLaneChangeController"",\n                {}\n            ],\n            ""lane_change_params"": {\n                ""controller_params"": {\n                    ""laneChangeModel"": ""LC2013"",\n                    ""lcCooperative"": ""1.0"",\n                    ""lcKeepRight"": ""1.0"",\n                    ""lcSpeedGain"": ""1.0"",\n                    ""lcStrategic"": ""1.0""\n                },\n                ""lane_change_mode"": 512\n            },\n            ""num_vehicles"": 13,\n            ""routing_controller"": [\n                ""ContinuousRouter"",\n                {}\n            ],\n            ""veh_id"": ""human""\n        },\n        {\n            ""acceleration_controller"": [\n                ""RLController"",\n                {}\n            ],\n            ""car_following_params"": {\n                ""controller_params"": {\n                    ""accel"": 1.0,\n                    ""carFollowModel"": ""IDM"",\n                    ""decel"": 1.5,\n                    ""impatience"": 0.5,\n                    ""maxSpeed"": 30,\n                    ""minGap"": 2.5,\n                    ""sigma"": 0.5,\n                    ""speedDev"": 0.1,\n                    ""speedFactor"": 1.0,\n                    ""tau"": 1.0\n                },\n                ""speed_mode"": 1\n            },\n            ""initial_speed"": 0,\n            ""lane_change_controller"": [\n                ""SimLaneChangeController"",\n                {}\n            ],\n            ""lane_change_params"": {\n                ""controller_params"": {\n                    ""laneChangeModel"": ""LC2013"",\n                    ""lcCooperative"": ""1.0"",\n                    ""lcKeepRight"": ""1.0"",\n                    ""lcSpeedGain"": ""1.0"",\n                    ""lcStrategic"": ""1.0""\n                },\n                ""lane_change_mode"": 512\n            },\n            ""num_vehicles"": 1,\n            ""routing_controller"": [\n                ""ContinuousRouter"",\n                {}\n            ],\n            ""veh_id"": ""rl""\n        }\n    ]\n}'}, 'env': 'AccelEnv-v0', 'local_evaluator_tf_session_args': {'inter_op_parallelism_threads': 8, 'intra_op_parallelism_threads': 8}, 'model': {'free_log_std': False, 'custom_options': {}, 'framestack': True, 'channel_major': False, 'max_seq_len': 20, 'lstm_use_prev_action_reward': False, 'squash_to_range': False, 'dim': 84, 'grayscale': False, 'fcnet_hiddens': [100, 50, 25], 'use_lstm': False, 'custom_model': None, 'fcnet_activation': 'tanh', 'conv_filters': None, 'conv_activation': 'relu', 'lstm_cell_size': 256, 'zero_mean': True, 'custom_preprocessor': None}, 'output_compress_columns': ['obs', 'new_obs'], 'monitor': False, 'custom_resources_per_worker': {}, 'output_max_file_size': 67108864, 'num_workers': 1, 'clip_param': 0.3, 'kl_coeff': 0.2, 'multiagent': {'policy_graphs': {}, 'policy_mapping_fn': None, 'policies_to_train': None}, 'input_evaluation': None, 'output': None, 'collect_metrics_timeout': 180, 'num_cpus_per_worker': 1}",169.237.32.118,2,1153.49,9.897207021713257,"{'num_steps_sampled': 220800, 'load_time_ms': 1.067, 'default': {'kl': 0.00641372287645936, 'cur_lr': 0.0005000000237487257, 'total_loss': 5.82758092880249, 'policy_loss': -0.006060537416487932, 'vf_explained_var': 0.9167618155479431, 'entropy': 1.4204665422439575, 'cur_kl_coeff': 0.4329761564731598, 'vf_loss': 5.830864429473877}, 'sample_time_ms': 9620.942, 'grad_time_ms': 281.86, 'update_time_ms': 4.939, 'num_steps_trained': 220800}",318.1287971921809,2019-04-02_07-59-39,kronos,71,220800,0,1369.8207461833954,{},220800,138,138,1369.8207461833954,492.9053705317178,1600,1554191979,{},0b32d2eec3344b1fbde4822793b2e447,54.45169917298337
False,179,"{'input': 'sampler', 'callbacks': {'on_train_result': None, 'on_sample_end': None, 'on_episode_step': None, 'on_episode_start': None, 'on_episode_end': None}, 'sample_batch_size': 200, 'clip_actions': False, 'clip_rewards': None, 'tf_session_args': {'inter_op_parallelism_threads': 2, 'intra_op_parallelism_threads': 2, 'device_count': {'CPU': 1}, 'log_device_placement': False, 'allow_soft_placement': True, 'gpu_options': {'allow_growth': True}}, 'kl_target': 0.01, 'horizon': 1500, 'lr': 0.0005, 'sample_async': False, 'simple_optimizer': False, 'compress_observations': False, 'num_envs_per_worker': 1, 'gamma': 0.99, 'sgd_minibatch_size': 128, 'observation_filter': 'NoFilter', 'entropy_coeff': 0.0, 'batch_mode': 'truncate_episodes', 'straggler_mitigation': False, 'vf_share_layers': False, 'num_gpus': 0, 'synchronize_filters': True, 'num_sgd_iter': 10, 'train_batch_size': 1500, 'optimizer': {}, 'num_gpus_per_worker': 0, 'preprocessor_pref': 'deepmind', 'num_cpus_for_driver': 1, 'lr_schedule': None, 'use_gae': True, 'lambda': 0.97, 'vf_loss_coeff': 1.0, 'vf_clip_param': 1000000.0, 'log_level': 'INFO', 'env_config': {'run': 'PPO', 'flow_params': '{\n    ""env"": {\n        ""additional_params"": {\n            ""max_accel"": 3,\n            ""max_decel"": 3,\n            ""sort_vehicles"": false,\n            ""target_velocity"": 20\n        },\n        ""evaluate"": false,\n        ""horizon"": 1500,\n        ""sims_per_step"": 1,\n        ""warmup_steps"": 0\n    },\n    ""env_name"": ""AccelEnv"",\n    ""exp_tag"": ""figure_eight_0"",\n    ""initial"": {\n        ""additional_params"": {},\n        ""bunching"": 0,\n        ""edges_distribution"": ""all"",\n        ""lanes_distribution"": Infinity,\n        ""min_gap"": 0,\n        ""perturbation"": 0.0,\n        ""shuffle"": false,\n        ""spacing"": ""uniform"",\n        ""x0"": 0\n    },\n    ""net"": {\n        ""additional_params"": {\n            ""lanes"": 1,\n            ""radius_ring"": 30,\n            ""resolution"": 40,\n            ""speed_limit"": 30\n        },\n        ""inflows"": {\n            ""_InFlows__flows"": [],\n            ""num_flows"": 0\n        },\n        ""netfile"": null,\n        ""no_internal_links"": false,\n        ""osm_path"": null\n    },\n    ""scenario"": ""Figure8Scenario"",\n    ""sim"": {\n        ""emission_path"": null,\n        ""lateral_resolution"": null,\n        ""no_step_log"": true,\n        ""num_clients"": 1,\n        ""overtake_right"": false,\n        ""port"": null,\n        ""print_warnings"": true,\n        ""pxpm"": 2,\n        ""render"": false,\n        ""restart_instance"": false,\n        ""save_render"": false,\n        ""seed"": null,\n        ""show_radius"": false,\n        ""sight_radius"": 25,\n        ""sim_step"": 0.1,\n        ""teleport_time"": -1\n    },\n    ""simulator"": ""traci"",\n    ""veh"": [\n        {\n            ""acceleration_controller"": [\n                ""IDMController"",\n                {\n                    ""noise"": 0.2\n                }\n            ],\n            ""car_following_params"": {\n                ""controller_params"": {\n                    ""accel"": 1.0,\n                    ""carFollowModel"": ""IDM"",\n                    ""decel"": 1.5,\n                    ""impatience"": 0.5,\n                    ""maxSpeed"": 30,\n                    ""minGap"": 2.5,\n                    ""sigma"": 0.5,\n                    ""speedDev"": 0.1,\n                    ""speedFactor"": 1.0,\n                    ""tau"": 1.0\n                },\n                ""speed_mode"": 1\n            },\n            ""initial_speed"": 0,\n            ""lane_change_controller"": [\n                ""SimLaneChangeController"",\n                {}\n            ],\n            ""lane_change_params"": {\n                ""controller_params"": {\n                    ""laneChangeModel"": ""LC2013"",\n                    ""lcCooperative"": ""1.0"",\n                    ""lcKeepRight"": ""1.0"",\n                    ""lcSpeedGain"": ""1.0"",\n                    ""lcStrategic"": ""1.0""\n                },\n                ""lane_change_mode"": 512\n            },\n            ""num_vehicles"": 13,\n            ""routing_controller"": [\n                ""ContinuousRouter"",\n                {}\n            ],\n            ""veh_id"": ""human""\n        },\n        {\n            ""acceleration_controller"": [\n                ""RLController"",\n                {}\n            ],\n            ""car_following_params"": {\n                ""controller_params"": {\n                    ""accel"": 1.0,\n                    ""carFollowModel"": ""IDM"",\n                    ""decel"": 1.5,\n                    ""impatience"": 0.5,\n                    ""maxSpeed"": 30,\n                    ""minGap"": 2.5,\n                    ""sigma"": 0.5,\n                    ""speedDev"": 0.1,\n                    ""speedFactor"": 1.0,\n                    ""tau"": 1.0\n                },\n                ""speed_mode"": 1\n            },\n            ""initial_speed"": 0,\n            ""lane_change_controller"": [\n                ""SimLaneChangeController"",\n                {}\n            ],\n            ""lane_change_params"": {\n                ""controller_params"": {\n                    ""laneChangeModel"": ""LC2013"",\n                    ""lcCooperative"": ""1.0"",\n                    ""lcKeepRight"": ""1.0"",\n                    ""lcSpeedGain"": ""1.0"",\n                    ""lcStrategic"": ""1.0""\n                },\n                ""lane_change_mode"": 512\n            },\n            ""num_vehicles"": 1,\n            ""routing_controller"": [\n                ""ContinuousRouter"",\n                {}\n            ],\n            ""veh_id"": ""rl""\n        }\n    ]\n}'}, 'env': 'AccelEnv-v0', 'local_evaluator_tf_session_args': {'inter_op_parallelism_threads': 8, 'intra_op_parallelism_threads': 8}, 'model': {'free_log_std': False, 'custom_options': {}, 'framestack': True, 'channel_major': False, 'max_seq_len': 20, 'lstm_use_prev_action_reward': False, 'squash_to_range': False, 'dim': 84, 'grayscale': False, 'fcnet_hiddens': [100, 50, 25], 'use_lstm': False, 'custom_model': None, 'fcnet_activation': 'tanh', 'conv_filters': None, 'conv_activation': 'relu', 'lstm_cell_size': 256, 'zero_mean': True, 'custom_preprocessor': None}, 'output_compress_columns': ['obs', 'new_obs'], 'monitor': False, 'custom_resources_per_worker': {}, 'output_max_file_size': 67108864, 'num_workers': 1, 'clip_param': 0.3, 'kl_coeff': 0.2, 'multiagent': {'policy_graphs': {}, 'policy_mapping_fn': None, 'policies_to_train': None}, 'input_evaluation': None, 'output': None, 'collect_metrics_timeout': 180, 'num_cpus_per_worker': 1}",169.237.32.118,1,1153.49,9.972440958023071,"{'num_steps_sampled': 222400, 'load_time_ms': 1.031, 'default': {'kl': 0.013585644774138927, 'cur_lr': 0.0005000000237487257, 'total_loss': 2.923743963241577, 'policy_loss': -0.011800631880760193, 'vf_explained_var': 0.9249182343482971, 'entropy': 1.4374758005142212, 'cur_kl_coeff': 0.4329761564731598, 'vf_loss': 2.929661989212036}, 'sample_time_ms': 9620.127, 'grad_time_ms': 282.897, 'update_time_ms': 5.238, 'num_steps_trained': 222400}",318.6997482610192,2019-04-02_07-59-49,kronos,71,222400,0,1379.7931871414185,{},222400,139,139,1379.7931871414185,492.9053705317178,1600,1554191989,{},0b32d2eec3344b1fbde4822793b2e447,54.45169917298337
False,181,"{'input': 'sampler', 'callbacks': {'on_train_result': None, 'on_sample_end': None, 'on_episode_step': None, 'on_episode_start': None, 'on_episode_end': None}, 'sample_batch_size': 200, 'clip_actions': False, 'clip_rewards': None, 'tf_session_args': {'inter_op_parallelism_threads': 2, 'intra_op_parallelism_threads': 2, 'device_count': {'CPU': 1}, 'log_device_placement': False, 'allow_soft_placement': True, 'gpu_options': {'allow_growth': True}}, 'kl_target': 0.01, 'horizon': 1500, 'lr': 0.0005, 'sample_async': False, 'simple_optimizer': False, 'compress_observations': False, 'num_envs_per_worker': 1, 'gamma': 0.99, 'sgd_minibatch_size': 128, 'observation_filter': 'NoFilter', 'entropy_coeff': 0.0, 'batch_mode': 'truncate_episodes', 'straggler_mitigation': False, 'vf_share_layers': False, 'num_gpus': 0, 'synchronize_filters': True, 'num_sgd_iter': 10, 'train_batch_size': 1500, 'optimizer': {}, 'num_gpus_per_worker': 0, 'preprocessor_pref': 'deepmind', 'num_cpus_for_driver': 1, 'lr_schedule': None, 'use_gae': True, 'lambda': 0.97, 'vf_loss_coeff': 1.0, 'vf_clip_param': 1000000.0, 'log_level': 'INFO', 'env_config': {'run': 'PPO', 'flow_params': '{\n    ""env"": {\n        ""additional_params"": {\n            ""max_accel"": 3,\n            ""max_decel"": 3,\n            ""sort_vehicles"": false,\n            ""target_velocity"": 20\n        },\n        ""evaluate"": false,\n        ""horizon"": 1500,\n        ""sims_per_step"": 1,\n        ""warmup_steps"": 0\n    },\n    ""env_name"": ""AccelEnv"",\n    ""exp_tag"": ""figure_eight_0"",\n    ""initial"": {\n        ""additional_params"": {},\n        ""bunching"": 0,\n        ""edges_distribution"": ""all"",\n        ""lanes_distribution"": Infinity,\n        ""min_gap"": 0,\n        ""perturbation"": 0.0,\n        ""shuffle"": false,\n        ""spacing"": ""uniform"",\n        ""x0"": 0\n    },\n    ""net"": {\n        ""additional_params"": {\n            ""lanes"": 1,\n            ""radius_ring"": 30,\n            ""resolution"": 40,\n            ""speed_limit"": 30\n        },\n        ""inflows"": {\n            ""_InFlows__flows"": [],\n            ""num_flows"": 0\n        },\n        ""netfile"": null,\n        ""no_internal_links"": false,\n        ""osm_path"": null\n    },\n    ""scenario"": ""Figure8Scenario"",\n    ""sim"": {\n        ""emission_path"": null,\n        ""lateral_resolution"": null,\n        ""no_step_log"": true,\n        ""num_clients"": 1,\n        ""overtake_right"": false,\n        ""port"": null,\n        ""print_warnings"": true,\n        ""pxpm"": 2,\n        ""render"": false,\n        ""restart_instance"": false,\n        ""save_render"": false,\n        ""seed"": null,\n        ""show_radius"": false,\n        ""sight_radius"": 25,\n        ""sim_step"": 0.1,\n        ""teleport_time"": -1\n    },\n    ""simulator"": ""traci"",\n    ""veh"": [\n        {\n            ""acceleration_controller"": [\n                ""IDMController"",\n                {\n                    ""noise"": 0.2\n                }\n            ],\n            ""car_following_params"": {\n                ""controller_params"": {\n                    ""accel"": 1.0,\n                    ""carFollowModel"": ""IDM"",\n                    ""decel"": 1.5,\n                    ""impatience"": 0.5,\n                    ""maxSpeed"": 30,\n                    ""minGap"": 2.5,\n                    ""sigma"": 0.5,\n                    ""speedDev"": 0.1,\n                    ""speedFactor"": 1.0,\n                    ""tau"": 1.0\n                },\n                ""speed_mode"": 1\n            },\n            ""initial_speed"": 0,\n            ""lane_change_controller"": [\n                ""SimLaneChangeController"",\n                {}\n            ],\n            ""lane_change_params"": {\n                ""controller_params"": {\n                    ""laneChangeModel"": ""LC2013"",\n                    ""lcCooperative"": ""1.0"",\n                    ""lcKeepRight"": ""1.0"",\n                    ""lcSpeedGain"": ""1.0"",\n                    ""lcStrategic"": ""1.0""\n                },\n                ""lane_change_mode"": 512\n            },\n            ""num_vehicles"": 13,\n            ""routing_controller"": [\n                ""ContinuousRouter"",\n                {}\n            ],\n            ""veh_id"": ""human""\n        },\n        {\n            ""acceleration_controller"": [\n                ""RLController"",\n                {}\n            ],\n            ""car_following_params"": {\n                ""controller_params"": {\n                    ""accel"": 1.0,\n                    ""carFollowModel"": ""IDM"",\n                    ""decel"": 1.5,\n                    ""impatience"": 0.5,\n                    ""maxSpeed"": 30,\n                    ""minGap"": 2.5,\n                    ""sigma"": 0.5,\n                    ""speedDev"": 0.1,\n                    ""speedFactor"": 1.0,\n                    ""tau"": 1.0\n                },\n                ""speed_mode"": 1\n            },\n            ""initial_speed"": 0,\n            ""lane_change_controller"": [\n                ""SimLaneChangeController"",\n                {}\n            ],\n            ""lane_change_params"": {\n                ""controller_params"": {\n                    ""laneChangeModel"": ""LC2013"",\n                    ""lcCooperative"": ""1.0"",\n                    ""lcKeepRight"": ""1.0"",\n                    ""lcSpeedGain"": ""1.0"",\n                    ""lcStrategic"": ""1.0""\n                },\n                ""lane_change_mode"": 512\n            },\n            ""num_vehicles"": 1,\n            ""routing_controller"": [\n                ""ContinuousRouter"",\n                {}\n            ],\n            ""veh_id"": ""rl""\n        }\n    ]\n}'}, 'env': 'AccelEnv-v0', 'local_evaluator_tf_session_args': {'inter_op_parallelism_threads': 8, 'intra_op_parallelism_threads': 8}, 'model': {'free_log_std': False, 'custom_options': {}, 'framestack': True, 'channel_major': False, 'max_seq_len': 20, 'lstm_use_prev_action_reward': False, 'squash_to_range': False, 'dim': 84, 'grayscale': False, 'fcnet_hiddens': [100, 50, 25], 'use_lstm': False, 'custom_model': None, 'fcnet_activation': 'tanh', 'conv_filters': None, 'conv_activation': 'relu', 'lstm_cell_size': 256, 'zero_mean': True, 'custom_preprocessor': None}, 'output_compress_columns': ['obs', 'new_obs'], 'monitor': False, 'custom_resources_per_worker': {}, 'output_max_file_size': 67108864, 'num_workers': 1, 'clip_param': 0.3, 'kl_coeff': 0.2, 'multiagent': {'policy_graphs': {}, 'policy_mapping_fn': None, 'policies_to_train': None}, 'input_evaluation': None, 'output': None, 'collect_metrics_timeout': 180, 'num_cpus_per_worker': 1}",169.237.32.118,2,1160.69,9.994083166122437,"{'num_steps_sampled': 224000, 'load_time_ms': 1.0, 'default': {'kl': 0.009331728331744671, 'cur_lr': 0.0005000000237487257, 'total_loss': 2.1335926055908203, 'policy_loss': -0.014588522724807262, 'vf_explained_var': 0.9559357166290283, 'entropy': 1.416317343711853, 'cur_kl_coeff': 0.4329761564731598, 'vf_loss': 2.1441404819488525}, 'sample_time_ms': 9640.774, 'grad_time_ms': 283.684, 'update_time_ms': 5.141, 'num_steps_trained': 224000}",322.32664862464566,2019-04-02_07-59-59,kronos,71,224000,0,1389.787270307541,{},224000,140,140,1389.787270307541,492.9053705317178,1600,1554191999,{},0b32d2eec3344b1fbde4822793b2e447,54.45169917298337
False,183,"{'input': 'sampler', 'callbacks': {'on_train_result': None, 'on_sample_end': None, 'on_episode_step': None, 'on_episode_start': None, 'on_episode_end': None}, 'sample_batch_size': 200, 'clip_actions': False, 'clip_rewards': None, 'tf_session_args': {'inter_op_parallelism_threads': 2, 'intra_op_parallelism_threads': 2, 'device_count': {'CPU': 1}, 'log_device_placement': False, 'allow_soft_placement': True, 'gpu_options': {'allow_growth': True}}, 'kl_target': 0.01, 'horizon': 1500, 'lr': 0.0005, 'sample_async': False, 'simple_optimizer': False, 'compress_observations': False, 'num_envs_per_worker': 1, 'gamma': 0.99, 'sgd_minibatch_size': 128, 'observation_filter': 'NoFilter', 'entropy_coeff': 0.0, 'batch_mode': 'truncate_episodes', 'straggler_mitigation': False, 'vf_share_layers': False, 'num_gpus': 0, 'synchronize_filters': True, 'num_sgd_iter': 10, 'train_batch_size': 1500, 'optimizer': {}, 'num_gpus_per_worker': 0, 'preprocessor_pref': 'deepmind', 'num_cpus_for_driver': 1, 'lr_schedule': None, 'use_gae': True, 'lambda': 0.97, 'vf_loss_coeff': 1.0, 'vf_clip_param': 1000000.0, 'log_level': 'INFO', 'env_config': {'run': 'PPO', 'flow_params': '{\n    ""env"": {\n        ""additional_params"": {\n            ""max_accel"": 3,\n            ""max_decel"": 3,\n            ""sort_vehicles"": false,\n            ""target_velocity"": 20\n        },\n        ""evaluate"": false,\n        ""horizon"": 1500,\n        ""sims_per_step"": 1,\n        ""warmup_steps"": 0\n    },\n    ""env_name"": ""AccelEnv"",\n    ""exp_tag"": ""figure_eight_0"",\n    ""initial"": {\n        ""additional_params"": {},\n        ""bunching"": 0,\n        ""edges_distribution"": ""all"",\n        ""lanes_distribution"": Infinity,\n        ""min_gap"": 0,\n        ""perturbation"": 0.0,\n        ""shuffle"": false,\n        ""spacing"": ""uniform"",\n        ""x0"": 0\n    },\n    ""net"": {\n        ""additional_params"": {\n            ""lanes"": 1,\n            ""radius_ring"": 30,\n            ""resolution"": 40,\n            ""speed_limit"": 30\n        },\n        ""inflows"": {\n            ""_InFlows__flows"": [],\n            ""num_flows"": 0\n        },\n        ""netfile"": null,\n        ""no_internal_links"": false,\n        ""osm_path"": null\n    },\n    ""scenario"": ""Figure8Scenario"",\n    ""sim"": {\n        ""emission_path"": null,\n        ""lateral_resolution"": null,\n        ""no_step_log"": true,\n        ""num_clients"": 1,\n        ""overtake_right"": false,\n        ""port"": null,\n        ""print_warnings"": true,\n        ""pxpm"": 2,\n        ""render"": false,\n        ""restart_instance"": false,\n        ""save_render"": false,\n        ""seed"": null,\n        ""show_radius"": false,\n        ""sight_radius"": 25,\n        ""sim_step"": 0.1,\n        ""teleport_time"": -1\n    },\n    ""simulator"": ""traci"",\n    ""veh"": [\n        {\n            ""acceleration_controller"": [\n                ""IDMController"",\n                {\n                    ""noise"": 0.2\n                }\n            ],\n            ""car_following_params"": {\n                ""controller_params"": {\n                    ""accel"": 1.0,\n                    ""carFollowModel"": ""IDM"",\n                    ""decel"": 1.5,\n                    ""impatience"": 0.5,\n                    ""maxSpeed"": 30,\n                    ""minGap"": 2.5,\n                    ""sigma"": 0.5,\n                    ""speedDev"": 0.1,\n                    ""speedFactor"": 1.0,\n                    ""tau"": 1.0\n                },\n                ""speed_mode"": 1\n            },\n            ""initial_speed"": 0,\n            ""lane_change_controller"": [\n                ""SimLaneChangeController"",\n                {}\n            ],\n            ""lane_change_params"": {\n                ""controller_params"": {\n                    ""laneChangeModel"": ""LC2013"",\n                    ""lcCooperative"": ""1.0"",\n                    ""lcKeepRight"": ""1.0"",\n                    ""lcSpeedGain"": ""1.0"",\n                    ""lcStrategic"": ""1.0""\n                },\n                ""lane_change_mode"": 512\n            },\n            ""num_vehicles"": 13,\n            ""routing_controller"": [\n                ""ContinuousRouter"",\n                {}\n            ],\n            ""veh_id"": ""human""\n        },\n        {\n            ""acceleration_controller"": [\n                ""RLController"",\n                {}\n            ],\n            ""car_following_params"": {\n                ""controller_params"": {\n                    ""accel"": 1.0,\n                    ""carFollowModel"": ""IDM"",\n                    ""decel"": 1.5,\n                    ""impatience"": 0.5,\n                    ""maxSpeed"": 30,\n                    ""minGap"": 2.5,\n                    ""sigma"": 0.5,\n                    ""speedDev"": 0.1,\n                    ""speedFactor"": 1.0,\n                    ""tau"": 1.0\n                },\n                ""speed_mode"": 1\n            },\n            ""initial_speed"": 0,\n            ""lane_change_controller"": [\n                ""SimLaneChangeController"",\n                {}\n            ],\n            ""lane_change_params"": {\n                ""controller_params"": {\n                    ""laneChangeModel"": ""LC2013"",\n                    ""lcCooperative"": ""1.0"",\n                    ""lcKeepRight"": ""1.0"",\n                    ""lcSpeedGain"": ""1.0"",\n                    ""lcStrategic"": ""1.0""\n                },\n                ""lane_change_mode"": 512\n            },\n            ""num_vehicles"": 1,\n            ""routing_controller"": [\n                ""ContinuousRouter"",\n                {}\n            ],\n            ""veh_id"": ""rl""\n        }\n    ]\n}'}, 'env': 'AccelEnv-v0', 'local_evaluator_tf_session_args': {'inter_op_parallelism_threads': 8, 'intra_op_parallelism_threads': 8}, 'model': {'free_log_std': False, 'custom_options': {}, 'framestack': True, 'channel_major': False, 'max_seq_len': 20, 'lstm_use_prev_action_reward': False, 'squash_to_range': False, 'dim': 84, 'grayscale': False, 'fcnet_hiddens': [100, 50, 25], 'use_lstm': False, 'custom_model': None, 'fcnet_activation': 'tanh', 'conv_filters': None, 'conv_activation': 'relu', 'lstm_cell_size': 256, 'zero_mean': True, 'custom_preprocessor': None}, 'output_compress_columns': ['obs', 'new_obs'], 'monitor': False, 'custom_resources_per_worker': {}, 'output_max_file_size': 67108864, 'num_workers': 1, 'clip_param': 0.3, 'kl_coeff': 0.2, 'multiagent': {'policy_graphs': {}, 'policy_mapping_fn': None, 'policies_to_train': None}, 'input_evaluation': None, 'output': None, 'collect_metrics_timeout': 180, 'num_cpus_per_worker': 1}",169.237.32.118,2,1148.69,9.790077924728394,"{'num_steps_sampled': 225600, 'load_time_ms': 1.053, 'default': {'kl': 0.013963662087917328, 'cur_lr': 0.0005000000237487257, 'total_loss': 5.44619607925415, 'policy_loss': -0.018882563337683678, 'vf_explained_var': 0.900622546672821, 'entropy': 1.4657334089279175, 'cur_kl_coeff': 0.4329761564731598, 'vf_loss': 5.4590325355529785}, 'sample_time_ms': 9632.293, 'grad_time_ms': 283.738, 'update_time_ms': 5.277, 'num_steps_trained': 225600}",319.0936843119743,2019-04-02_08-00-08,kronos,71,225600,0,1399.5773482322693,{},225600,141,141,1399.5773482322693,492.9053705317178,1600,1554192008,{},0b32d2eec3344b1fbde4822793b2e447,66.4306665637337
False,184,"{'input': 'sampler', 'callbacks': {'on_train_result': None, 'on_sample_end': None, 'on_episode_step': None, 'on_episode_start': None, 'on_episode_end': None}, 'sample_batch_size': 200, 'clip_actions': False, 'clip_rewards': None, 'tf_session_args': {'inter_op_parallelism_threads': 2, 'intra_op_parallelism_threads': 2, 'device_count': {'CPU': 1}, 'log_device_placement': False, 'allow_soft_placement': True, 'gpu_options': {'allow_growth': True}}, 'kl_target': 0.01, 'horizon': 1500, 'lr': 0.0005, 'sample_async': False, 'simple_optimizer': False, 'compress_observations': False, 'num_envs_per_worker': 1, 'gamma': 0.99, 'sgd_minibatch_size': 128, 'observation_filter': 'NoFilter', 'entropy_coeff': 0.0, 'batch_mode': 'truncate_episodes', 'straggler_mitigation': False, 'vf_share_layers': False, 'num_gpus': 0, 'synchronize_filters': True, 'num_sgd_iter': 10, 'train_batch_size': 1500, 'optimizer': {}, 'num_gpus_per_worker': 0, 'preprocessor_pref': 'deepmind', 'num_cpus_for_driver': 1, 'lr_schedule': None, 'use_gae': True, 'lambda': 0.97, 'vf_loss_coeff': 1.0, 'vf_clip_param': 1000000.0, 'log_level': 'INFO', 'env_config': {'run': 'PPO', 'flow_params': '{\n    ""env"": {\n        ""additional_params"": {\n            ""max_accel"": 3,\n            ""max_decel"": 3,\n            ""sort_vehicles"": false,\n            ""target_velocity"": 20\n        },\n        ""evaluate"": false,\n        ""horizon"": 1500,\n        ""sims_per_step"": 1,\n        ""warmup_steps"": 0\n    },\n    ""env_name"": ""AccelEnv"",\n    ""exp_tag"": ""figure_eight_0"",\n    ""initial"": {\n        ""additional_params"": {},\n        ""bunching"": 0,\n        ""edges_distribution"": ""all"",\n        ""lanes_distribution"": Infinity,\n        ""min_gap"": 0,\n        ""perturbation"": 0.0,\n        ""shuffle"": false,\n        ""spacing"": ""uniform"",\n        ""x0"": 0\n    },\n    ""net"": {\n        ""additional_params"": {\n            ""lanes"": 1,\n            ""radius_ring"": 30,\n            ""resolution"": 40,\n            ""speed_limit"": 30\n        },\n        ""inflows"": {\n            ""_InFlows__flows"": [],\n            ""num_flows"": 0\n        },\n        ""netfile"": null,\n        ""no_internal_links"": false,\n        ""osm_path"": null\n    },\n    ""scenario"": ""Figure8Scenario"",\n    ""sim"": {\n        ""emission_path"": null,\n        ""lateral_resolution"": null,\n        ""no_step_log"": true,\n        ""num_clients"": 1,\n        ""overtake_right"": false,\n        ""port"": null,\n        ""print_warnings"": true,\n        ""pxpm"": 2,\n        ""render"": false,\n        ""restart_instance"": false,\n        ""save_render"": false,\n        ""seed"": null,\n        ""show_radius"": false,\n        ""sight_radius"": 25,\n        ""sim_step"": 0.1,\n        ""teleport_time"": -1\n    },\n    ""simulator"": ""traci"",\n    ""veh"": [\n        {\n            ""acceleration_controller"": [\n                ""IDMController"",\n                {\n                    ""noise"": 0.2\n                }\n            ],\n            ""car_following_params"": {\n                ""controller_params"": {\n                    ""accel"": 1.0,\n                    ""carFollowModel"": ""IDM"",\n                    ""decel"": 1.5,\n                    ""impatience"": 0.5,\n                    ""maxSpeed"": 30,\n                    ""minGap"": 2.5,\n                    ""sigma"": 0.5,\n                    ""speedDev"": 0.1,\n                    ""speedFactor"": 1.0,\n                    ""tau"": 1.0\n                },\n                ""speed_mode"": 1\n            },\n            ""initial_speed"": 0,\n            ""lane_change_controller"": [\n                ""SimLaneChangeController"",\n                {}\n            ],\n            ""lane_change_params"": {\n                ""controller_params"": {\n                    ""laneChangeModel"": ""LC2013"",\n                    ""lcCooperative"": ""1.0"",\n                    ""lcKeepRight"": ""1.0"",\n                    ""lcSpeedGain"": ""1.0"",\n                    ""lcStrategic"": ""1.0""\n                },\n                ""lane_change_mode"": 512\n            },\n            ""num_vehicles"": 13,\n            ""routing_controller"": [\n                ""ContinuousRouter"",\n                {}\n            ],\n            ""veh_id"": ""human""\n        },\n        {\n            ""acceleration_controller"": [\n                ""RLController"",\n                {}\n            ],\n            ""car_following_params"": {\n                ""controller_params"": {\n                    ""accel"": 1.0,\n                    ""carFollowModel"": ""IDM"",\n                    ""decel"": 1.5,\n                    ""impatience"": 0.5,\n                    ""maxSpeed"": 30,\n                    ""minGap"": 2.5,\n                    ""sigma"": 0.5,\n                    ""speedDev"": 0.1,\n                    ""speedFactor"": 1.0,\n                    ""tau"": 1.0\n                },\n                ""speed_mode"": 1\n            },\n            ""initial_speed"": 0,\n            ""lane_change_controller"": [\n                ""SimLaneChangeController"",\n                {}\n            ],\n            ""lane_change_params"": {\n                ""controller_params"": {\n                    ""laneChangeModel"": ""LC2013"",\n                    ""lcCooperative"": ""1.0"",\n                    ""lcKeepRight"": ""1.0"",\n                    ""lcSpeedGain"": ""1.0"",\n                    ""lcStrategic"": ""1.0""\n                },\n                ""lane_change_mode"": 512\n            },\n            ""num_vehicles"": 1,\n            ""routing_controller"": [\n                ""ContinuousRouter"",\n                {}\n            ],\n            ""veh_id"": ""rl""\n        }\n    ]\n}'}, 'env': 'AccelEnv-v0', 'local_evaluator_tf_session_args': {'inter_op_parallelism_threads': 8, 'intra_op_parallelism_threads': 8}, 'model': {'free_log_std': False, 'custom_options': {}, 'framestack': True, 'channel_major': False, 'max_seq_len': 20, 'lstm_use_prev_action_reward': False, 'squash_to_range': False, 'dim': 84, 'grayscale': False, 'fcnet_hiddens': [100, 50, 25], 'use_lstm': False, 'custom_model': None, 'fcnet_activation': 'tanh', 'conv_filters': None, 'conv_activation': 'relu', 'lstm_cell_size': 256, 'zero_mean': True, 'custom_preprocessor': None}, 'output_compress_columns': ['obs', 'new_obs'], 'monitor': False, 'custom_resources_per_worker': {}, 'output_max_file_size': 67108864, 'num_workers': 1, 'clip_param': 0.3, 'kl_coeff': 0.2, 'multiagent': {'policy_graphs': {}, 'policy_mapping_fn': None, 'policies_to_train': None}, 'input_evaluation': None, 'output': None, 'collect_metrics_timeout': 180, 'num_cpus_per_worker': 1}",169.237.32.118,1,1157.71,9.964396238327026,"{'num_steps_sampled': 227200, 'load_time_ms': 1.071, 'default': {'kl': 0.0172436386346817, 'cur_lr': 0.0005000000237487257, 'total_loss': 1.0056465864181519, 'policy_loss': -0.014803069643676281, 'vf_explained_var': 0.9873659014701843, 'entropy': 1.4955066442489624, 'cur_kl_coeff': 0.4329761564731598, 'vf_loss': 1.0129836797714233}, 'sample_time_ms': 9636.96, 'grad_time_ms': 283.111, 'update_time_ms': 5.205, 'num_steps_trained': 227200}",322.0220253752026,2019-04-02_08-00-18,kronos,71,227200,0,1409.5417444705963,{},227200,142,142,1409.5417444705963,492.9053705317178,1600,1554192018,{},0b32d2eec3344b1fbde4822793b2e447,66.4306665637337
False,186,"{'input': 'sampler', 'callbacks': {'on_train_result': None, 'on_sample_end': None, 'on_episode_step': None, 'on_episode_start': None, 'on_episode_end': None}, 'sample_batch_size': 200, 'clip_actions': False, 'clip_rewards': None, 'tf_session_args': {'inter_op_parallelism_threads': 2, 'intra_op_parallelism_threads': 2, 'device_count': {'CPU': 1}, 'log_device_placement': False, 'allow_soft_placement': True, 'gpu_options': {'allow_growth': True}}, 'kl_target': 0.01, 'horizon': 1500, 'lr': 0.0005, 'sample_async': False, 'simple_optimizer': False, 'compress_observations': False, 'num_envs_per_worker': 1, 'gamma': 0.99, 'sgd_minibatch_size': 128, 'observation_filter': 'NoFilter', 'entropy_coeff': 0.0, 'batch_mode': 'truncate_episodes', 'straggler_mitigation': False, 'vf_share_layers': False, 'num_gpus': 0, 'synchronize_filters': True, 'num_sgd_iter': 10, 'train_batch_size': 1500, 'optimizer': {}, 'num_gpus_per_worker': 0, 'preprocessor_pref': 'deepmind', 'num_cpus_for_driver': 1, 'lr_schedule': None, 'use_gae': True, 'lambda': 0.97, 'vf_loss_coeff': 1.0, 'vf_clip_param': 1000000.0, 'log_level': 'INFO', 'env_config': {'run': 'PPO', 'flow_params': '{\n    ""env"": {\n        ""additional_params"": {\n            ""max_accel"": 3,\n            ""max_decel"": 3,\n            ""sort_vehicles"": false,\n            ""target_velocity"": 20\n        },\n        ""evaluate"": false,\n        ""horizon"": 1500,\n        ""sims_per_step"": 1,\n        ""warmup_steps"": 0\n    },\n    ""env_name"": ""AccelEnv"",\n    ""exp_tag"": ""figure_eight_0"",\n    ""initial"": {\n        ""additional_params"": {},\n        ""bunching"": 0,\n        ""edges_distribution"": ""all"",\n        ""lanes_distribution"": Infinity,\n        ""min_gap"": 0,\n        ""perturbation"": 0.0,\n        ""shuffle"": false,\n        ""spacing"": ""uniform"",\n        ""x0"": 0\n    },\n    ""net"": {\n        ""additional_params"": {\n            ""lanes"": 1,\n            ""radius_ring"": 30,\n            ""resolution"": 40,\n            ""speed_limit"": 30\n        },\n        ""inflows"": {\n            ""_InFlows__flows"": [],\n            ""num_flows"": 0\n        },\n        ""netfile"": null,\n        ""no_internal_links"": false,\n        ""osm_path"": null\n    },\n    ""scenario"": ""Figure8Scenario"",\n    ""sim"": {\n        ""emission_path"": null,\n        ""lateral_resolution"": null,\n        ""no_step_log"": true,\n        ""num_clients"": 1,\n        ""overtake_right"": false,\n        ""port"": null,\n        ""print_warnings"": true,\n        ""pxpm"": 2,\n        ""render"": false,\n        ""restart_instance"": false,\n        ""save_render"": false,\n        ""seed"": null,\n        ""show_radius"": false,\n        ""sight_radius"": 25,\n        ""sim_step"": 0.1,\n        ""teleport_time"": -1\n    },\n    ""simulator"": ""traci"",\n    ""veh"": [\n        {\n            ""acceleration_controller"": [\n                ""IDMController"",\n                {\n                    ""noise"": 0.2\n                }\n            ],\n            ""car_following_params"": {\n                ""controller_params"": {\n                    ""accel"": 1.0,\n                    ""carFollowModel"": ""IDM"",\n                    ""decel"": 1.5,\n                    ""impatience"": 0.5,\n                    ""maxSpeed"": 30,\n                    ""minGap"": 2.5,\n                    ""sigma"": 0.5,\n                    ""speedDev"": 0.1,\n                    ""speedFactor"": 1.0,\n                    ""tau"": 1.0\n                },\n                ""speed_mode"": 1\n            },\n            ""initial_speed"": 0,\n            ""lane_change_controller"": [\n                ""SimLaneChangeController"",\n                {}\n            ],\n            ""lane_change_params"": {\n                ""controller_params"": {\n                    ""laneChangeModel"": ""LC2013"",\n                    ""lcCooperative"": ""1.0"",\n                    ""lcKeepRight"": ""1.0"",\n                    ""lcSpeedGain"": ""1.0"",\n                    ""lcStrategic"": ""1.0""\n                },\n                ""lane_change_mode"": 512\n            },\n            ""num_vehicles"": 13,\n            ""routing_controller"": [\n                ""ContinuousRouter"",\n                {}\n            ],\n            ""veh_id"": ""human""\n        },\n        {\n            ""acceleration_controller"": [\n                ""RLController"",\n                {}\n            ],\n            ""car_following_params"": {\n                ""controller_params"": {\n                    ""accel"": 1.0,\n                    ""carFollowModel"": ""IDM"",\n                    ""decel"": 1.5,\n                    ""impatience"": 0.5,\n                    ""maxSpeed"": 30,\n                    ""minGap"": 2.5,\n                    ""sigma"": 0.5,\n                    ""speedDev"": 0.1,\n                    ""speedFactor"": 1.0,\n                    ""tau"": 1.0\n                },\n                ""speed_mode"": 1\n            },\n            ""initial_speed"": 0,\n            ""lane_change_controller"": [\n                ""SimLaneChangeController"",\n                {}\n            ],\n            ""lane_change_params"": {\n                ""controller_params"": {\n                    ""laneChangeModel"": ""LC2013"",\n                    ""lcCooperative"": ""1.0"",\n                    ""lcKeepRight"": ""1.0"",\n                    ""lcSpeedGain"": ""1.0"",\n                    ""lcStrategic"": ""1.0""\n                },\n                ""lane_change_mode"": 512\n            },\n            ""num_vehicles"": 1,\n            ""routing_controller"": [\n                ""ContinuousRouter"",\n                {}\n            ],\n            ""veh_id"": ""rl""\n        }\n    ]\n}'}, 'env': 'AccelEnv-v0', 'local_evaluator_tf_session_args': {'inter_op_parallelism_threads': 8, 'intra_op_parallelism_threads': 8}, 'model': {'free_log_std': False, 'custom_options': {}, 'framestack': True, 'channel_major': False, 'max_seq_len': 20, 'lstm_use_prev_action_reward': False, 'squash_to_range': False, 'dim': 84, 'grayscale': False, 'fcnet_hiddens': [100, 50, 25], 'use_lstm': False, 'custom_model': None, 'fcnet_activation': 'tanh', 'conv_filters': None, 'conv_activation': 'relu', 'lstm_cell_size': 256, 'zero_mean': True, 'custom_preprocessor': None}, 'output_compress_columns': ['obs', 'new_obs'], 'monitor': False, 'custom_resources_per_worker': {}, 'output_max_file_size': 67108864, 'num_workers': 1, 'clip_param': 0.3, 'kl_coeff': 0.2, 'multiagent': {'policy_graphs': {}, 'policy_mapping_fn': None, 'policies_to_train': None}, 'input_evaluation': None, 'output': None, 'collect_metrics_timeout': 180, 'num_cpus_per_worker': 1}",169.237.32.118,2,1157.44,9.816938877105713,"{'num_steps_sampled': 228800, 'load_time_ms': 1.075, 'default': {'kl': 0.008014445193111897, 'cur_lr': 0.0005000000237487257, 'total_loss': 1.0831639766693115, 'policy_loss': -0.008644895628094673, 'vf_explained_var': 0.9941315650939941, 'entropy': 1.4844770431518555, 'cur_kl_coeff': 0.4329761564731598, 'vf_loss': 1.0883387327194214}, 'sample_time_ms': 9628.304, 'grad_time_ms': 281.521, 'update_time_ms': 5.159, 'num_steps_trained': 228800}",319.96186327937164,2019-04-02_08-00-28,kronos,71,228800,0,1419.358683347702,{},228800,143,143,1419.358683347702,492.9053705317178,1600,1554192028,{},0b32d2eec3344b1fbde4822793b2e447,66.4306665637337
False,188,"{'input': 'sampler', 'callbacks': {'on_train_result': None, 'on_sample_end': None, 'on_episode_step': None, 'on_episode_start': None, 'on_episode_end': None}, 'sample_batch_size': 200, 'clip_actions': False, 'clip_rewards': None, 'tf_session_args': {'inter_op_parallelism_threads': 2, 'intra_op_parallelism_threads': 2, 'device_count': {'CPU': 1}, 'log_device_placement': False, 'allow_soft_placement': True, 'gpu_options': {'allow_growth': True}}, 'kl_target': 0.01, 'horizon': 1500, 'lr': 0.0005, 'sample_async': False, 'simple_optimizer': False, 'compress_observations': False, 'num_envs_per_worker': 1, 'gamma': 0.99, 'sgd_minibatch_size': 128, 'observation_filter': 'NoFilter', 'entropy_coeff': 0.0, 'batch_mode': 'truncate_episodes', 'straggler_mitigation': False, 'vf_share_layers': False, 'num_gpus': 0, 'synchronize_filters': True, 'num_sgd_iter': 10, 'train_batch_size': 1500, 'optimizer': {}, 'num_gpus_per_worker': 0, 'preprocessor_pref': 'deepmind', 'num_cpus_for_driver': 1, 'lr_schedule': None, 'use_gae': True, 'lambda': 0.97, 'vf_loss_coeff': 1.0, 'vf_clip_param': 1000000.0, 'log_level': 'INFO', 'env_config': {'run': 'PPO', 'flow_params': '{\n    ""env"": {\n        ""additional_params"": {\n            ""max_accel"": 3,\n            ""max_decel"": 3,\n            ""sort_vehicles"": false,\n            ""target_velocity"": 20\n        },\n        ""evaluate"": false,\n        ""horizon"": 1500,\n        ""sims_per_step"": 1,\n        ""warmup_steps"": 0\n    },\n    ""env_name"": ""AccelEnv"",\n    ""exp_tag"": ""figure_eight_0"",\n    ""initial"": {\n        ""additional_params"": {},\n        ""bunching"": 0,\n        ""edges_distribution"": ""all"",\n        ""lanes_distribution"": Infinity,\n        ""min_gap"": 0,\n        ""perturbation"": 0.0,\n        ""shuffle"": false,\n        ""spacing"": ""uniform"",\n        ""x0"": 0\n    },\n    ""net"": {\n        ""additional_params"": {\n            ""lanes"": 1,\n            ""radius_ring"": 30,\n            ""resolution"": 40,\n            ""speed_limit"": 30\n        },\n        ""inflows"": {\n            ""_InFlows__flows"": [],\n            ""num_flows"": 0\n        },\n        ""netfile"": null,\n        ""no_internal_links"": false,\n        ""osm_path"": null\n    },\n    ""scenario"": ""Figure8Scenario"",\n    ""sim"": {\n        ""emission_path"": null,\n        ""lateral_resolution"": null,\n        ""no_step_log"": true,\n        ""num_clients"": 1,\n        ""overtake_right"": false,\n        ""port"": null,\n        ""print_warnings"": true,\n        ""pxpm"": 2,\n        ""render"": false,\n        ""restart_instance"": false,\n        ""save_render"": false,\n        ""seed"": null,\n        ""show_radius"": false,\n        ""sight_radius"": 25,\n        ""sim_step"": 0.1,\n        ""teleport_time"": -1\n    },\n    ""simulator"": ""traci"",\n    ""veh"": [\n        {\n            ""acceleration_controller"": [\n                ""IDMController"",\n                {\n                    ""noise"": 0.2\n                }\n            ],\n            ""car_following_params"": {\n                ""controller_params"": {\n                    ""accel"": 1.0,\n                    ""carFollowModel"": ""IDM"",\n                    ""decel"": 1.5,\n                    ""impatience"": 0.5,\n                    ""maxSpeed"": 30,\n                    ""minGap"": 2.5,\n                    ""sigma"": 0.5,\n                    ""speedDev"": 0.1,\n                    ""speedFactor"": 1.0,\n                    ""tau"": 1.0\n                },\n                ""speed_mode"": 1\n            },\n            ""initial_speed"": 0,\n            ""lane_change_controller"": [\n                ""SimLaneChangeController"",\n                {}\n            ],\n            ""lane_change_params"": {\n                ""controller_params"": {\n                    ""laneChangeModel"": ""LC2013"",\n                    ""lcCooperative"": ""1.0"",\n                    ""lcKeepRight"": ""1.0"",\n                    ""lcSpeedGain"": ""1.0"",\n                    ""lcStrategic"": ""1.0""\n                },\n                ""lane_change_mode"": 512\n            },\n            ""num_vehicles"": 13,\n            ""routing_controller"": [\n                ""ContinuousRouter"",\n                {}\n            ],\n            ""veh_id"": ""human""\n        },\n        {\n            ""acceleration_controller"": [\n                ""RLController"",\n                {}\n            ],\n            ""car_following_params"": {\n                ""controller_params"": {\n                    ""accel"": 1.0,\n                    ""carFollowModel"": ""IDM"",\n                    ""decel"": 1.5,\n                    ""impatience"": 0.5,\n                    ""maxSpeed"": 30,\n                    ""minGap"": 2.5,\n                    ""sigma"": 0.5,\n                    ""speedDev"": 0.1,\n                    ""speedFactor"": 1.0,\n                    ""tau"": 1.0\n                },\n                ""speed_mode"": 1\n            },\n            ""initial_speed"": 0,\n            ""lane_change_controller"": [\n                ""SimLaneChangeController"",\n                {}\n            ],\n            ""lane_change_params"": {\n                ""controller_params"": {\n                    ""laneChangeModel"": ""LC2013"",\n                    ""lcCooperative"": ""1.0"",\n                    ""lcKeepRight"": ""1.0"",\n                    ""lcSpeedGain"": ""1.0"",\n                    ""lcStrategic"": ""1.0""\n                },\n                ""lane_change_mode"": 512\n            },\n            ""num_vehicles"": 1,\n            ""routing_controller"": [\n                ""ContinuousRouter"",\n                {}\n            ],\n            ""veh_id"": ""rl""\n        }\n    ]\n}'}, 'env': 'AccelEnv-v0', 'local_evaluator_tf_session_args': {'inter_op_parallelism_threads': 8, 'intra_op_parallelism_threads': 8}, 'model': {'free_log_std': False, 'custom_options': {}, 'framestack': True, 'channel_major': False, 'max_seq_len': 20, 'lstm_use_prev_action_reward': False, 'squash_to_range': False, 'dim': 84, 'grayscale': False, 'fcnet_hiddens': [100, 50, 25], 'use_lstm': False, 'custom_model': None, 'fcnet_activation': 'tanh', 'conv_filters': None, 'conv_activation': 'relu', 'lstm_cell_size': 256, 'zero_mean': True, 'custom_preprocessor': None}, 'output_compress_columns': ['obs', 'new_obs'], 'monitor': False, 'custom_resources_per_worker': {}, 'output_max_file_size': 67108864, 'num_workers': 1, 'clip_param': 0.3, 'kl_coeff': 0.2, 'multiagent': {'policy_graphs': {}, 'policy_mapping_fn': None, 'policies_to_train': None}, 'input_evaluation': None, 'output': None, 'collect_metrics_timeout': 180, 'num_cpus_per_worker': 1}",169.237.32.118,2,1134.26,9.829611539840698,"{'num_steps_sampled': 230400, 'load_time_ms': 1.067, 'default': {'kl': 0.006159329786896706, 'cur_lr': 0.0005000000237487257, 'total_loss': 5.539259433746338, 'policy_loss': -0.011329888366162777, 'vf_explained_var': 0.8469452857971191, 'entropy': 1.4419537782669067, 'cur_kl_coeff': 0.4329761564731598, 'vf_loss': 5.547922134399414}, 'sample_time_ms': 9612.625, 'grad_time_ms': 282.08, 'update_time_ms': 5.082, 'num_steps_trained': 230400}",314.11820388234605,2019-04-02_08-00-38,kronos,71,230400,0,1429.1882948875427,{},230400,144,144,1429.1882948875427,492.9053705317178,1600,1554192038,{},0b32d2eec3344b1fbde4822793b2e447,66.4306665637337
False,189,"{'input': 'sampler', 'callbacks': {'on_train_result': None, 'on_sample_end': None, 'on_episode_step': None, 'on_episode_start': None, 'on_episode_end': None}, 'sample_batch_size': 200, 'clip_actions': False, 'clip_rewards': None, 'tf_session_args': {'inter_op_parallelism_threads': 2, 'intra_op_parallelism_threads': 2, 'device_count': {'CPU': 1}, 'log_device_placement': False, 'allow_soft_placement': True, 'gpu_options': {'allow_growth': True}}, 'kl_target': 0.01, 'horizon': 1500, 'lr': 0.0005, 'sample_async': False, 'simple_optimizer': False, 'compress_observations': False, 'num_envs_per_worker': 1, 'gamma': 0.99, 'sgd_minibatch_size': 128, 'observation_filter': 'NoFilter', 'entropy_coeff': 0.0, 'batch_mode': 'truncate_episodes', 'straggler_mitigation': False, 'vf_share_layers': False, 'num_gpus': 0, 'synchronize_filters': True, 'num_sgd_iter': 10, 'train_batch_size': 1500, 'optimizer': {}, 'num_gpus_per_worker': 0, 'preprocessor_pref': 'deepmind', 'num_cpus_for_driver': 1, 'lr_schedule': None, 'use_gae': True, 'lambda': 0.97, 'vf_loss_coeff': 1.0, 'vf_clip_param': 1000000.0, 'log_level': 'INFO', 'env_config': {'run': 'PPO', 'flow_params': '{\n    ""env"": {\n        ""additional_params"": {\n            ""max_accel"": 3,\n            ""max_decel"": 3,\n            ""sort_vehicles"": false,\n            ""target_velocity"": 20\n        },\n        ""evaluate"": false,\n        ""horizon"": 1500,\n        ""sims_per_step"": 1,\n        ""warmup_steps"": 0\n    },\n    ""env_name"": ""AccelEnv"",\n    ""exp_tag"": ""figure_eight_0"",\n    ""initial"": {\n        ""additional_params"": {},\n        ""bunching"": 0,\n        ""edges_distribution"": ""all"",\n        ""lanes_distribution"": Infinity,\n        ""min_gap"": 0,\n        ""perturbation"": 0.0,\n        ""shuffle"": false,\n        ""spacing"": ""uniform"",\n        ""x0"": 0\n    },\n    ""net"": {\n        ""additional_params"": {\n            ""lanes"": 1,\n            ""radius_ring"": 30,\n            ""resolution"": 40,\n            ""speed_limit"": 30\n        },\n        ""inflows"": {\n            ""_InFlows__flows"": [],\n            ""num_flows"": 0\n        },\n        ""netfile"": null,\n        ""no_internal_links"": false,\n        ""osm_path"": null\n    },\n    ""scenario"": ""Figure8Scenario"",\n    ""sim"": {\n        ""emission_path"": null,\n        ""lateral_resolution"": null,\n        ""no_step_log"": true,\n        ""num_clients"": 1,\n        ""overtake_right"": false,\n        ""port"": null,\n        ""print_warnings"": true,\n        ""pxpm"": 2,\n        ""render"": false,\n        ""restart_instance"": false,\n        ""save_render"": false,\n        ""seed"": null,\n        ""show_radius"": false,\n        ""sight_radius"": 25,\n        ""sim_step"": 0.1,\n        ""teleport_time"": -1\n    },\n    ""simulator"": ""traci"",\n    ""veh"": [\n        {\n            ""acceleration_controller"": [\n                ""IDMController"",\n                {\n                    ""noise"": 0.2\n                }\n            ],\n            ""car_following_params"": {\n                ""controller_params"": {\n                    ""accel"": 1.0,\n                    ""carFollowModel"": ""IDM"",\n                    ""decel"": 1.5,\n                    ""impatience"": 0.5,\n                    ""maxSpeed"": 30,\n                    ""minGap"": 2.5,\n                    ""sigma"": 0.5,\n                    ""speedDev"": 0.1,\n                    ""speedFactor"": 1.0,\n                    ""tau"": 1.0\n                },\n                ""speed_mode"": 1\n            },\n            ""initial_speed"": 0,\n            ""lane_change_controller"": [\n                ""SimLaneChangeController"",\n                {}\n            ],\n            ""lane_change_params"": {\n                ""controller_params"": {\n                    ""laneChangeModel"": ""LC2013"",\n                    ""lcCooperative"": ""1.0"",\n                    ""lcKeepRight"": ""1.0"",\n                    ""lcSpeedGain"": ""1.0"",\n                    ""lcStrategic"": ""1.0""\n                },\n                ""lane_change_mode"": 512\n            },\n            ""num_vehicles"": 13,\n            ""routing_controller"": [\n                ""ContinuousRouter"",\n                {}\n            ],\n            ""veh_id"": ""human""\n        },\n        {\n            ""acceleration_controller"": [\n                ""RLController"",\n                {}\n            ],\n            ""car_following_params"": {\n                ""controller_params"": {\n                    ""accel"": 1.0,\n                    ""carFollowModel"": ""IDM"",\n                    ""decel"": 1.5,\n                    ""impatience"": 0.5,\n                    ""maxSpeed"": 30,\n                    ""minGap"": 2.5,\n                    ""sigma"": 0.5,\n                    ""speedDev"": 0.1,\n                    ""speedFactor"": 1.0,\n                    ""tau"": 1.0\n                },\n                ""speed_mode"": 1\n            },\n            ""initial_speed"": 0,\n            ""lane_change_controller"": [\n                ""SimLaneChangeController"",\n                {}\n            ],\n            ""lane_change_params"": {\n                ""controller_params"": {\n                    ""laneChangeModel"": ""LC2013"",\n                    ""lcCooperative"": ""1.0"",\n                    ""lcKeepRight"": ""1.0"",\n                    ""lcSpeedGain"": ""1.0"",\n                    ""lcStrategic"": ""1.0""\n                },\n                ""lane_change_mode"": 512\n            },\n            ""num_vehicles"": 1,\n            ""routing_controller"": [\n                ""ContinuousRouter"",\n                {}\n            ],\n            ""veh_id"": ""rl""\n        }\n    ]\n}'}, 'env': 'AccelEnv-v0', 'local_evaluator_tf_session_args': {'inter_op_parallelism_threads': 8, 'intra_op_parallelism_threads': 8}, 'model': {'free_log_std': False, 'custom_options': {}, 'framestack': True, 'channel_major': False, 'max_seq_len': 20, 'lstm_use_prev_action_reward': False, 'squash_to_range': False, 'dim': 84, 'grayscale': False, 'fcnet_hiddens': [100, 50, 25], 'use_lstm': False, 'custom_model': None, 'fcnet_activation': 'tanh', 'conv_filters': None, 'conv_activation': 'relu', 'lstm_cell_size': 256, 'zero_mean': True, 'custom_preprocessor': None}, 'output_compress_columns': ['obs', 'new_obs'], 'monitor': False, 'custom_resources_per_worker': {}, 'output_max_file_size': 67108864, 'num_workers': 1, 'clip_param': 0.3, 'kl_coeff': 0.2, 'multiagent': {'policy_graphs': {}, 'policy_mapping_fn': None, 'policies_to_train': None}, 'input_evaluation': None, 'output': None, 'collect_metrics_timeout': 180, 'num_cpus_per_worker': 1}",169.237.32.118,1,1134.26,10.022645711898804,"{'num_steps_sampled': 232000, 'load_time_ms': 1.085, 'default': {'kl': 0.008576789870858192, 'cur_lr': 0.0005000000237487257, 'total_loss': 5.820706844329834, 'policy_loss': -0.010561893694102764, 'vf_explained_var': 0.8336467146873474, 'entropy': 1.3854433298110962, 'cur_kl_coeff': 0.4329761564731598, 'vf_loss': 5.827555179595947}, 'sample_time_ms': 9630.869, 'grad_time_ms': 280.809, 'update_time_ms': 4.952, 'num_steps_trained': 232000}",314.61743954726234,2019-04-02_08-00-48,kronos,71,232000,0,1439.2109405994415,{},232000,145,145,1439.2109405994415,492.9053705317178,1600,1554192048,{},0b32d2eec3344b1fbde4822793b2e447,66.4306665637337
False,191,"{'input': 'sampler', 'callbacks': {'on_train_result': None, 'on_sample_end': None, 'on_episode_step': None, 'on_episode_start': None, 'on_episode_end': None}, 'sample_batch_size': 200, 'clip_actions': False, 'clip_rewards': None, 'tf_session_args': {'inter_op_parallelism_threads': 2, 'intra_op_parallelism_threads': 2, 'device_count': {'CPU': 1}, 'log_device_placement': False, 'allow_soft_placement': True, 'gpu_options': {'allow_growth': True}}, 'kl_target': 0.01, 'horizon': 1500, 'lr': 0.0005, 'sample_async': False, 'simple_optimizer': False, 'compress_observations': False, 'num_envs_per_worker': 1, 'gamma': 0.99, 'sgd_minibatch_size': 128, 'observation_filter': 'NoFilter', 'entropy_coeff': 0.0, 'batch_mode': 'truncate_episodes', 'straggler_mitigation': False, 'vf_share_layers': False, 'num_gpus': 0, 'synchronize_filters': True, 'num_sgd_iter': 10, 'train_batch_size': 1500, 'optimizer': {}, 'num_gpus_per_worker': 0, 'preprocessor_pref': 'deepmind', 'num_cpus_for_driver': 1, 'lr_schedule': None, 'use_gae': True, 'lambda': 0.97, 'vf_loss_coeff': 1.0, 'vf_clip_param': 1000000.0, 'log_level': 'INFO', 'env_config': {'run': 'PPO', 'flow_params': '{\n    ""env"": {\n        ""additional_params"": {\n            ""max_accel"": 3,\n            ""max_decel"": 3,\n            ""sort_vehicles"": false,\n            ""target_velocity"": 20\n        },\n        ""evaluate"": false,\n        ""horizon"": 1500,\n        ""sims_per_step"": 1,\n        ""warmup_steps"": 0\n    },\n    ""env_name"": ""AccelEnv"",\n    ""exp_tag"": ""figure_eight_0"",\n    ""initial"": {\n        ""additional_params"": {},\n        ""bunching"": 0,\n        ""edges_distribution"": ""all"",\n        ""lanes_distribution"": Infinity,\n        ""min_gap"": 0,\n        ""perturbation"": 0.0,\n        ""shuffle"": false,\n        ""spacing"": ""uniform"",\n        ""x0"": 0\n    },\n    ""net"": {\n        ""additional_params"": {\n            ""lanes"": 1,\n            ""radius_ring"": 30,\n            ""resolution"": 40,\n            ""speed_limit"": 30\n        },\n        ""inflows"": {\n            ""_InFlows__flows"": [],\n            ""num_flows"": 0\n        },\n        ""netfile"": null,\n        ""no_internal_links"": false,\n        ""osm_path"": null\n    },\n    ""scenario"": ""Figure8Scenario"",\n    ""sim"": {\n        ""emission_path"": null,\n        ""lateral_resolution"": null,\n        ""no_step_log"": true,\n        ""num_clients"": 1,\n        ""overtake_right"": false,\n        ""port"": null,\n        ""print_warnings"": true,\n        ""pxpm"": 2,\n        ""render"": false,\n        ""restart_instance"": false,\n        ""save_render"": false,\n        ""seed"": null,\n        ""show_radius"": false,\n        ""sight_radius"": 25,\n        ""sim_step"": 0.1,\n        ""teleport_time"": -1\n    },\n    ""simulator"": ""traci"",\n    ""veh"": [\n        {\n            ""acceleration_controller"": [\n                ""IDMController"",\n                {\n                    ""noise"": 0.2\n                }\n            ],\n            ""car_following_params"": {\n                ""controller_params"": {\n                    ""accel"": 1.0,\n                    ""carFollowModel"": ""IDM"",\n                    ""decel"": 1.5,\n                    ""impatience"": 0.5,\n                    ""maxSpeed"": 30,\n                    ""minGap"": 2.5,\n                    ""sigma"": 0.5,\n                    ""speedDev"": 0.1,\n                    ""speedFactor"": 1.0,\n                    ""tau"": 1.0\n                },\n                ""speed_mode"": 1\n            },\n            ""initial_speed"": 0,\n            ""lane_change_controller"": [\n                ""SimLaneChangeController"",\n                {}\n            ],\n            ""lane_change_params"": {\n                ""controller_params"": {\n                    ""laneChangeModel"": ""LC2013"",\n                    ""lcCooperative"": ""1.0"",\n                    ""lcKeepRight"": ""1.0"",\n                    ""lcSpeedGain"": ""1.0"",\n                    ""lcStrategic"": ""1.0""\n                },\n                ""lane_change_mode"": 512\n            },\n            ""num_vehicles"": 13,\n            ""routing_controller"": [\n                ""ContinuousRouter"",\n                {}\n            ],\n            ""veh_id"": ""human""\n        },\n        {\n            ""acceleration_controller"": [\n                ""RLController"",\n                {}\n            ],\n            ""car_following_params"": {\n                ""controller_params"": {\n                    ""accel"": 1.0,\n                    ""carFollowModel"": ""IDM"",\n                    ""decel"": 1.5,\n                    ""impatience"": 0.5,\n                    ""maxSpeed"": 30,\n                    ""minGap"": 2.5,\n                    ""sigma"": 0.5,\n                    ""speedDev"": 0.1,\n                    ""speedFactor"": 1.0,\n                    ""tau"": 1.0\n                },\n                ""speed_mode"": 1\n            },\n            ""initial_speed"": 0,\n            ""lane_change_controller"": [\n                ""SimLaneChangeController"",\n                {}\n            ],\n            ""lane_change_params"": {\n                ""controller_params"": {\n                    ""laneChangeModel"": ""LC2013"",\n                    ""lcCooperative"": ""1.0"",\n                    ""lcKeepRight"": ""1.0"",\n                    ""lcSpeedGain"": ""1.0"",\n                    ""lcStrategic"": ""1.0""\n                },\n                ""lane_change_mode"": 512\n            },\n            ""num_vehicles"": 1,\n            ""routing_controller"": [\n                ""ContinuousRouter"",\n                {}\n            ],\n            ""veh_id"": ""rl""\n        }\n    ]\n}'}, 'env': 'AccelEnv-v0', 'local_evaluator_tf_session_args': {'inter_op_parallelism_threads': 8, 'intra_op_parallelism_threads': 8}, 'model': {'free_log_std': False, 'custom_options': {}, 'framestack': True, 'channel_major': False, 'max_seq_len': 20, 'lstm_use_prev_action_reward': False, 'squash_to_range': False, 'dim': 84, 'grayscale': False, 'fcnet_hiddens': [100, 50, 25], 'use_lstm': False, 'custom_model': None, 'fcnet_activation': 'tanh', 'conv_filters': None, 'conv_activation': 'relu', 'lstm_cell_size': 256, 'zero_mean': True, 'custom_preprocessor': None}, 'output_compress_columns': ['obs', 'new_obs'], 'monitor': False, 'custom_resources_per_worker': {}, 'output_max_file_size': 67108864, 'num_workers': 1, 'clip_param': 0.3, 'kl_coeff': 0.2, 'multiagent': {'policy_graphs': {}, 'policy_mapping_fn': None, 'policies_to_train': None}, 'input_evaluation': None, 'output': None, 'collect_metrics_timeout': 180, 'num_cpus_per_worker': 1}",169.237.32.118,2,1145.43,9.981568336486816,"{'num_steps_sampled': 233600, 'load_time_ms': 1.079, 'default': {'kl': 0.014304147101938725, 'cur_lr': 0.0005000000237487257, 'total_loss': 1.0471009016036987, 'policy_loss': -0.019499456509947777, 'vf_explained_var': 0.9820740222930908, 'entropy': 1.423647403717041, 'cur_kl_coeff': 0.4329761564731598, 'vf_loss': 1.060407042503357}, 'sample_time_ms': 9631.599, 'grad_time_ms': 279.31, 'update_time_ms': 4.983, 'num_steps_trained': 233600}",318.86328417831845,2019-04-02_08-00-58,kronos,71,233600,0,1449.1925089359283,{},233600,146,146,1449.1925089359283,492.9053705317178,1600,1554192058,{},0b32d2eec3344b1fbde4822793b2e447,66.4306665637337
False,192,"{'input': 'sampler', 'callbacks': {'on_train_result': None, 'on_sample_end': None, 'on_episode_step': None, 'on_episode_start': None, 'on_episode_end': None}, 'sample_batch_size': 200, 'clip_actions': False, 'clip_rewards': None, 'tf_session_args': {'inter_op_parallelism_threads': 2, 'intra_op_parallelism_threads': 2, 'device_count': {'CPU': 1}, 'log_device_placement': False, 'allow_soft_placement': True, 'gpu_options': {'allow_growth': True}}, 'kl_target': 0.01, 'horizon': 1500, 'lr': 0.0005, 'sample_async': False, 'simple_optimizer': False, 'compress_observations': False, 'num_envs_per_worker': 1, 'gamma': 0.99, 'sgd_minibatch_size': 128, 'observation_filter': 'NoFilter', 'entropy_coeff': 0.0, 'batch_mode': 'truncate_episodes', 'straggler_mitigation': False, 'vf_share_layers': False, 'num_gpus': 0, 'synchronize_filters': True, 'num_sgd_iter': 10, 'train_batch_size': 1500, 'optimizer': {}, 'num_gpus_per_worker': 0, 'preprocessor_pref': 'deepmind', 'num_cpus_for_driver': 1, 'lr_schedule': None, 'use_gae': True, 'lambda': 0.97, 'vf_loss_coeff': 1.0, 'vf_clip_param': 1000000.0, 'log_level': 'INFO', 'env_config': {'run': 'PPO', 'flow_params': '{\n    ""env"": {\n        ""additional_params"": {\n            ""max_accel"": 3,\n            ""max_decel"": 3,\n            ""sort_vehicles"": false,\n            ""target_velocity"": 20\n        },\n        ""evaluate"": false,\n        ""horizon"": 1500,\n        ""sims_per_step"": 1,\n        ""warmup_steps"": 0\n    },\n    ""env_name"": ""AccelEnv"",\n    ""exp_tag"": ""figure_eight_0"",\n    ""initial"": {\n        ""additional_params"": {},\n        ""bunching"": 0,\n        ""edges_distribution"": ""all"",\n        ""lanes_distribution"": Infinity,\n        ""min_gap"": 0,\n        ""perturbation"": 0.0,\n        ""shuffle"": false,\n        ""spacing"": ""uniform"",\n        ""x0"": 0\n    },\n    ""net"": {\n        ""additional_params"": {\n            ""lanes"": 1,\n            ""radius_ring"": 30,\n            ""resolution"": 40,\n            ""speed_limit"": 30\n        },\n        ""inflows"": {\n            ""_InFlows__flows"": [],\n            ""num_flows"": 0\n        },\n        ""netfile"": null,\n        ""no_internal_links"": false,\n        ""osm_path"": null\n    },\n    ""scenario"": ""Figure8Scenario"",\n    ""sim"": {\n        ""emission_path"": null,\n        ""lateral_resolution"": null,\n        ""no_step_log"": true,\n        ""num_clients"": 1,\n        ""overtake_right"": false,\n        ""port"": null,\n        ""print_warnings"": true,\n        ""pxpm"": 2,\n        ""render"": false,\n        ""restart_instance"": false,\n        ""save_render"": false,\n        ""seed"": null,\n        ""show_radius"": false,\n        ""sight_radius"": 25,\n        ""sim_step"": 0.1,\n        ""teleport_time"": -1\n    },\n    ""simulator"": ""traci"",\n    ""veh"": [\n        {\n            ""acceleration_controller"": [\n                ""IDMController"",\n                {\n                    ""noise"": 0.2\n                }\n            ],\n            ""car_following_params"": {\n                ""controller_params"": {\n                    ""accel"": 1.0,\n                    ""carFollowModel"": ""IDM"",\n                    ""decel"": 1.5,\n                    ""impatience"": 0.5,\n                    ""maxSpeed"": 30,\n                    ""minGap"": 2.5,\n                    ""sigma"": 0.5,\n                    ""speedDev"": 0.1,\n                    ""speedFactor"": 1.0,\n                    ""tau"": 1.0\n                },\n                ""speed_mode"": 1\n            },\n            ""initial_speed"": 0,\n            ""lane_change_controller"": [\n                ""SimLaneChangeController"",\n                {}\n            ],\n            ""lane_change_params"": {\n                ""controller_params"": {\n                    ""laneChangeModel"": ""LC2013"",\n                    ""lcCooperative"": ""1.0"",\n                    ""lcKeepRight"": ""1.0"",\n                    ""lcSpeedGain"": ""1.0"",\n                    ""lcStrategic"": ""1.0""\n                },\n                ""lane_change_mode"": 512\n            },\n            ""num_vehicles"": 13,\n            ""routing_controller"": [\n                ""ContinuousRouter"",\n                {}\n            ],\n            ""veh_id"": ""human""\n        },\n        {\n            ""acceleration_controller"": [\n                ""RLController"",\n                {}\n            ],\n            ""car_following_params"": {\n                ""controller_params"": {\n                    ""accel"": 1.0,\n                    ""carFollowModel"": ""IDM"",\n                    ""decel"": 1.5,\n                    ""impatience"": 0.5,\n                    ""maxSpeed"": 30,\n                    ""minGap"": 2.5,\n                    ""sigma"": 0.5,\n                    ""speedDev"": 0.1,\n                    ""speedFactor"": 1.0,\n                    ""tau"": 1.0\n                },\n                ""speed_mode"": 1\n            },\n            ""initial_speed"": 0,\n            ""lane_change_controller"": [\n                ""SimLaneChangeController"",\n                {}\n            ],\n            ""lane_change_params"": {\n                ""controller_params"": {\n                    ""laneChangeModel"": ""LC2013"",\n                    ""lcCooperative"": ""1.0"",\n                    ""lcKeepRight"": ""1.0"",\n                    ""lcSpeedGain"": ""1.0"",\n                    ""lcStrategic"": ""1.0""\n                },\n                ""lane_change_mode"": 512\n            },\n            ""num_vehicles"": 1,\n            ""routing_controller"": [\n                ""ContinuousRouter"",\n                {}\n            ],\n            ""veh_id"": ""rl""\n        }\n    ]\n}'}, 'env': 'AccelEnv-v0', 'local_evaluator_tf_session_args': {'inter_op_parallelism_threads': 8, 'intra_op_parallelism_threads': 8}, 'model': {'free_log_std': False, 'custom_options': {}, 'framestack': True, 'channel_major': False, 'max_seq_len': 20, 'lstm_use_prev_action_reward': False, 'squash_to_range': False, 'dim': 84, 'grayscale': False, 'fcnet_hiddens': [100, 50, 25], 'use_lstm': False, 'custom_model': None, 'fcnet_activation': 'tanh', 'conv_filters': None, 'conv_activation': 'relu', 'lstm_cell_size': 256, 'zero_mean': True, 'custom_preprocessor': None}, 'output_compress_columns': ['obs', 'new_obs'], 'monitor': False, 'custom_resources_per_worker': {}, 'output_max_file_size': 67108864, 'num_workers': 1, 'clip_param': 0.3, 'kl_coeff': 0.2, 'multiagent': {'policy_graphs': {}, 'policy_mapping_fn': None, 'policies_to_train': None}, 'input_evaluation': None, 'output': None, 'collect_metrics_timeout': 180, 'num_cpus_per_worker': 1}",169.237.32.118,1,1150.35,9.731191158294678,"{'num_steps_sampled': 235200, 'load_time_ms': 1.098, 'default': {'kl': 0.011508419178426266, 'cur_lr': 0.0005000000237487257, 'total_loss': 0.5678244233131409, 'policy_loss': -0.005151934456080198, 'vf_explained_var': 0.9691812992095947, 'entropy': 1.4213109016418457, 'cur_kl_coeff': 0.4329761564731598, 'vf_loss': 0.5679934620857239}, 'sample_time_ms': 9608.345, 'grad_time_ms': 280.45, 'update_time_ms': 4.99, 'num_steps_trained': 235200}",320.65103069690895,2019-04-02_08-01-08,kronos,71,235200,0,1458.923700094223,{},235200,147,147,1458.923700094223,492.9053705317178,1600,1554192068,{},0b32d2eec3344b1fbde4822793b2e447,66.4306665637337
False,193,"{'input': 'sampler', 'callbacks': {'on_train_result': None, 'on_sample_end': None, 'on_episode_step': None, 'on_episode_start': None, 'on_episode_end': None}, 'sample_batch_size': 200, 'clip_actions': False, 'clip_rewards': None, 'tf_session_args': {'inter_op_parallelism_threads': 2, 'intra_op_parallelism_threads': 2, 'device_count': {'CPU': 1}, 'log_device_placement': False, 'allow_soft_placement': True, 'gpu_options': {'allow_growth': True}}, 'kl_target': 0.01, 'horizon': 1500, 'lr': 0.0005, 'sample_async': False, 'simple_optimizer': False, 'compress_observations': False, 'num_envs_per_worker': 1, 'gamma': 0.99, 'sgd_minibatch_size': 128, 'observation_filter': 'NoFilter', 'entropy_coeff': 0.0, 'batch_mode': 'truncate_episodes', 'straggler_mitigation': False, 'vf_share_layers': False, 'num_gpus': 0, 'synchronize_filters': True, 'num_sgd_iter': 10, 'train_batch_size': 1500, 'optimizer': {}, 'num_gpus_per_worker': 0, 'preprocessor_pref': 'deepmind', 'num_cpus_for_driver': 1, 'lr_schedule': None, 'use_gae': True, 'lambda': 0.97, 'vf_loss_coeff': 1.0, 'vf_clip_param': 1000000.0, 'log_level': 'INFO', 'env_config': {'run': 'PPO', 'flow_params': '{\n    ""env"": {\n        ""additional_params"": {\n            ""max_accel"": 3,\n            ""max_decel"": 3,\n            ""sort_vehicles"": false,\n            ""target_velocity"": 20\n        },\n        ""evaluate"": false,\n        ""horizon"": 1500,\n        ""sims_per_step"": 1,\n        ""warmup_steps"": 0\n    },\n    ""env_name"": ""AccelEnv"",\n    ""exp_tag"": ""figure_eight_0"",\n    ""initial"": {\n        ""additional_params"": {},\n        ""bunching"": 0,\n        ""edges_distribution"": ""all"",\n        ""lanes_distribution"": Infinity,\n        ""min_gap"": 0,\n        ""perturbation"": 0.0,\n        ""shuffle"": false,\n        ""spacing"": ""uniform"",\n        ""x0"": 0\n    },\n    ""net"": {\n        ""additional_params"": {\n            ""lanes"": 1,\n            ""radius_ring"": 30,\n            ""resolution"": 40,\n            ""speed_limit"": 30\n        },\n        ""inflows"": {\n            ""_InFlows__flows"": [],\n            ""num_flows"": 0\n        },\n        ""netfile"": null,\n        ""no_internal_links"": false,\n        ""osm_path"": null\n    },\n    ""scenario"": ""Figure8Scenario"",\n    ""sim"": {\n        ""emission_path"": null,\n        ""lateral_resolution"": null,\n        ""no_step_log"": true,\n        ""num_clients"": 1,\n        ""overtake_right"": false,\n        ""port"": null,\n        ""print_warnings"": true,\n        ""pxpm"": 2,\n        ""render"": false,\n        ""restart_instance"": false,\n        ""save_render"": false,\n        ""seed"": null,\n        ""show_radius"": false,\n        ""sight_radius"": 25,\n        ""sim_step"": 0.1,\n        ""teleport_time"": -1\n    },\n    ""simulator"": ""traci"",\n    ""veh"": [\n        {\n            ""acceleration_controller"": [\n                ""IDMController"",\n                {\n                    ""noise"": 0.2\n                }\n            ],\n            ""car_following_params"": {\n                ""controller_params"": {\n                    ""accel"": 1.0,\n                    ""carFollowModel"": ""IDM"",\n                    ""decel"": 1.5,\n                    ""impatience"": 0.5,\n                    ""maxSpeed"": 30,\n                    ""minGap"": 2.5,\n                    ""sigma"": 0.5,\n                    ""speedDev"": 0.1,\n                    ""speedFactor"": 1.0,\n                    ""tau"": 1.0\n                },\n                ""speed_mode"": 1\n            },\n            ""initial_speed"": 0,\n            ""lane_change_controller"": [\n                ""SimLaneChangeController"",\n                {}\n            ],\n            ""lane_change_params"": {\n                ""controller_params"": {\n                    ""laneChangeModel"": ""LC2013"",\n                    ""lcCooperative"": ""1.0"",\n                    ""lcKeepRight"": ""1.0"",\n                    ""lcSpeedGain"": ""1.0"",\n                    ""lcStrategic"": ""1.0""\n                },\n                ""lane_change_mode"": 512\n            },\n            ""num_vehicles"": 13,\n            ""routing_controller"": [\n                ""ContinuousRouter"",\n                {}\n            ],\n            ""veh_id"": ""human""\n        },\n        {\n            ""acceleration_controller"": [\n                ""RLController"",\n                {}\n            ],\n            ""car_following_params"": {\n                ""controller_params"": {\n                    ""accel"": 1.0,\n                    ""carFollowModel"": ""IDM"",\n                    ""decel"": 1.5,\n                    ""impatience"": 0.5,\n                    ""maxSpeed"": 30,\n                    ""minGap"": 2.5,\n                    ""sigma"": 0.5,\n                    ""speedDev"": 0.1,\n                    ""speedFactor"": 1.0,\n                    ""tau"": 1.0\n                },\n                ""speed_mode"": 1\n            },\n            ""initial_speed"": 0,\n            ""lane_change_controller"": [\n                ""SimLaneChangeController"",\n                {}\n            ],\n            ""lane_change_params"": {\n                ""controller_params"": {\n                    ""laneChangeModel"": ""LC2013"",\n                    ""lcCooperative"": ""1.0"",\n                    ""lcKeepRight"": ""1.0"",\n                    ""lcSpeedGain"": ""1.0"",\n                    ""lcStrategic"": ""1.0""\n                },\n                ""lane_change_mode"": 512\n            },\n            ""num_vehicles"": 1,\n            ""routing_controller"": [\n                ""ContinuousRouter"",\n                {}\n            ],\n            ""veh_id"": ""rl""\n        }\n    ]\n}'}, 'env': 'AccelEnv-v0', 'local_evaluator_tf_session_args': {'inter_op_parallelism_threads': 8, 'intra_op_parallelism_threads': 8}, 'model': {'free_log_std': False, 'custom_options': {}, 'framestack': True, 'channel_major': False, 'max_seq_len': 20, 'lstm_use_prev_action_reward': False, 'squash_to_range': False, 'dim': 84, 'grayscale': False, 'fcnet_hiddens': [100, 50, 25], 'use_lstm': False, 'custom_model': None, 'fcnet_activation': 'tanh', 'conv_filters': None, 'conv_activation': 'relu', 'lstm_cell_size': 256, 'zero_mean': True, 'custom_preprocessor': None}, 'output_compress_columns': ['obs', 'new_obs'], 'monitor': False, 'custom_resources_per_worker': {}, 'output_max_file_size': 67108864, 'num_workers': 1, 'clip_param': 0.3, 'kl_coeff': 0.2, 'multiagent': {'policy_graphs': {}, 'policy_mapping_fn': None, 'policies_to_train': None}, 'input_evaluation': None, 'output': None, 'collect_metrics_timeout': 180, 'num_cpus_per_worker': 1}",169.237.32.118,1,1159.09,9.920995473861694,"{'num_steps_sampled': 236800, 'load_time_ms': 1.12, 'default': {'kl': 0.010324735194444656, 'cur_lr': 0.0005000000237487257, 'total_loss': 3.289971113204956, 'policy_loss': -0.007854864932596684, 'vf_explained_var': 0.9511106610298157, 'entropy': 1.3121997117996216, 'cur_kl_coeff': 0.4329761564731598, 'vf_loss': 3.2933552265167236}, 'sample_time_ms': 9610.524, 'grad_time_ms': 280.791, 'update_time_ms': 4.847, 'num_steps_trained': 236800}",323.1416191621066,2019-04-02_08-01-18,kronos,71,236800,0,1468.8446955680847,{},236800,148,148,1468.8446955680847,492.9053705317178,1600,1554192078,{},0b32d2eec3344b1fbde4822793b2e447,66.4306665637337
False,195,"{'input': 'sampler', 'callbacks': {'on_train_result': None, 'on_sample_end': None, 'on_episode_step': None, 'on_episode_start': None, 'on_episode_end': None}, 'sample_batch_size': 200, 'clip_actions': False, 'clip_rewards': None, 'tf_session_args': {'inter_op_parallelism_threads': 2, 'intra_op_parallelism_threads': 2, 'device_count': {'CPU': 1}, 'log_device_placement': False, 'allow_soft_placement': True, 'gpu_options': {'allow_growth': True}}, 'kl_target': 0.01, 'horizon': 1500, 'lr': 0.0005, 'sample_async': False, 'simple_optimizer': False, 'compress_observations': False, 'num_envs_per_worker': 1, 'gamma': 0.99, 'sgd_minibatch_size': 128, 'observation_filter': 'NoFilter', 'entropy_coeff': 0.0, 'batch_mode': 'truncate_episodes', 'straggler_mitigation': False, 'vf_share_layers': False, 'num_gpus': 0, 'synchronize_filters': True, 'num_sgd_iter': 10, 'train_batch_size': 1500, 'optimizer': {}, 'num_gpus_per_worker': 0, 'preprocessor_pref': 'deepmind', 'num_cpus_for_driver': 1, 'lr_schedule': None, 'use_gae': True, 'lambda': 0.97, 'vf_loss_coeff': 1.0, 'vf_clip_param': 1000000.0, 'log_level': 'INFO', 'env_config': {'run': 'PPO', 'flow_params': '{\n    ""env"": {\n        ""additional_params"": {\n            ""max_accel"": 3,\n            ""max_decel"": 3,\n            ""sort_vehicles"": false,\n            ""target_velocity"": 20\n        },\n        ""evaluate"": false,\n        ""horizon"": 1500,\n        ""sims_per_step"": 1,\n        ""warmup_steps"": 0\n    },\n    ""env_name"": ""AccelEnv"",\n    ""exp_tag"": ""figure_eight_0"",\n    ""initial"": {\n        ""additional_params"": {},\n        ""bunching"": 0,\n        ""edges_distribution"": ""all"",\n        ""lanes_distribution"": Infinity,\n        ""min_gap"": 0,\n        ""perturbation"": 0.0,\n        ""shuffle"": false,\n        ""spacing"": ""uniform"",\n        ""x0"": 0\n    },\n    ""net"": {\n        ""additional_params"": {\n            ""lanes"": 1,\n            ""radius_ring"": 30,\n            ""resolution"": 40,\n            ""speed_limit"": 30\n        },\n        ""inflows"": {\n            ""_InFlows__flows"": [],\n            ""num_flows"": 0\n        },\n        ""netfile"": null,\n        ""no_internal_links"": false,\n        ""osm_path"": null\n    },\n    ""scenario"": ""Figure8Scenario"",\n    ""sim"": {\n        ""emission_path"": null,\n        ""lateral_resolution"": null,\n        ""no_step_log"": true,\n        ""num_clients"": 1,\n        ""overtake_right"": false,\n        ""port"": null,\n        ""print_warnings"": true,\n        ""pxpm"": 2,\n        ""render"": false,\n        ""restart_instance"": false,\n        ""save_render"": false,\n        ""seed"": null,\n        ""show_radius"": false,\n        ""sight_radius"": 25,\n        ""sim_step"": 0.1,\n        ""teleport_time"": -1\n    },\n    ""simulator"": ""traci"",\n    ""veh"": [\n        {\n            ""acceleration_controller"": [\n                ""IDMController"",\n                {\n                    ""noise"": 0.2\n                }\n            ],\n            ""car_following_params"": {\n                ""controller_params"": {\n                    ""accel"": 1.0,\n                    ""carFollowModel"": ""IDM"",\n                    ""decel"": 1.5,\n                    ""impatience"": 0.5,\n                    ""maxSpeed"": 30,\n                    ""minGap"": 2.5,\n                    ""sigma"": 0.5,\n                    ""speedDev"": 0.1,\n                    ""speedFactor"": 1.0,\n                    ""tau"": 1.0\n                },\n                ""speed_mode"": 1\n            },\n            ""initial_speed"": 0,\n            ""lane_change_controller"": [\n                ""SimLaneChangeController"",\n                {}\n            ],\n            ""lane_change_params"": {\n                ""controller_params"": {\n                    ""laneChangeModel"": ""LC2013"",\n                    ""lcCooperative"": ""1.0"",\n                    ""lcKeepRight"": ""1.0"",\n                    ""lcSpeedGain"": ""1.0"",\n                    ""lcStrategic"": ""1.0""\n                },\n                ""lane_change_mode"": 512\n            },\n            ""num_vehicles"": 13,\n            ""routing_controller"": [\n                ""ContinuousRouter"",\n                {}\n            ],\n            ""veh_id"": ""human""\n        },\n        {\n            ""acceleration_controller"": [\n                ""RLController"",\n                {}\n            ],\n            ""car_following_params"": {\n                ""controller_params"": {\n                    ""accel"": 1.0,\n                    ""carFollowModel"": ""IDM"",\n                    ""decel"": 1.5,\n                    ""impatience"": 0.5,\n                    ""maxSpeed"": 30,\n                    ""minGap"": 2.5,\n                    ""sigma"": 0.5,\n                    ""speedDev"": 0.1,\n                    ""speedFactor"": 1.0,\n                    ""tau"": 1.0\n                },\n                ""speed_mode"": 1\n            },\n            ""initial_speed"": 0,\n            ""lane_change_controller"": [\n                ""SimLaneChangeController"",\n                {}\n            ],\n            ""lane_change_params"": {\n                ""controller_params"": {\n                    ""laneChangeModel"": ""LC2013"",\n                    ""lcCooperative"": ""1.0"",\n                    ""lcKeepRight"": ""1.0"",\n                    ""lcSpeedGain"": ""1.0"",\n                    ""lcStrategic"": ""1.0""\n                },\n                ""lane_change_mode"": 512\n            },\n            ""num_vehicles"": 1,\n            ""routing_controller"": [\n                ""ContinuousRouter"",\n                {}\n            ],\n            ""veh_id"": ""rl""\n        }\n    ]\n}'}, 'env': 'AccelEnv-v0', 'local_evaluator_tf_session_args': {'inter_op_parallelism_threads': 8, 'intra_op_parallelism_threads': 8}, 'model': {'free_log_std': False, 'custom_options': {}, 'framestack': True, 'channel_major': False, 'max_seq_len': 20, 'lstm_use_prev_action_reward': False, 'squash_to_range': False, 'dim': 84, 'grayscale': False, 'fcnet_hiddens': [100, 50, 25], 'use_lstm': False, 'custom_model': None, 'fcnet_activation': 'tanh', 'conv_filters': None, 'conv_activation': 'relu', 'lstm_cell_size': 256, 'zero_mean': True, 'custom_preprocessor': None}, 'output_compress_columns': ['obs', 'new_obs'], 'monitor': False, 'custom_resources_per_worker': {}, 'output_max_file_size': 67108864, 'num_workers': 1, 'clip_param': 0.3, 'kl_coeff': 0.2, 'multiagent': {'policy_graphs': {}, 'policy_mapping_fn': None, 'policies_to_train': None}, 'input_evaluation': None, 'output': None, 'collect_metrics_timeout': 180, 'num_cpus_per_worker': 1}",169.237.32.118,2,1159.12,9.847960948944092,"{'num_steps_sampled': 238400, 'load_time_ms': 1.151, 'default': {'kl': 0.007816816680133343, 'cur_lr': 0.0005000000237487257, 'total_loss': 2.4877548217773438, 'policy_loss': -0.012847539968788624, 'vf_explained_var': 0.9452318549156189, 'entropy': 1.4194602966308594, 'cur_kl_coeff': 0.4329761564731598, 'vf_loss': 2.497217893600464}, 'sample_time_ms': 9598.233, 'grad_time_ms': 280.889, 'update_time_ms': 4.587, 'num_steps_trained': 238400}",323.0303712281578,2019-04-02_08-01-28,kronos,71,238400,0,1478.6926565170288,{},238400,149,149,1478.6926565170288,492.9053705317178,1600,1554192088,{},0b32d2eec3344b1fbde4822793b2e447,66.4306665637337
False,196,"{'input': 'sampler', 'callbacks': {'on_train_result': None, 'on_sample_end': None, 'on_episode_step': None, 'on_episode_start': None, 'on_episode_end': None}, 'sample_batch_size': 200, 'clip_actions': False, 'clip_rewards': None, 'tf_session_args': {'inter_op_parallelism_threads': 2, 'intra_op_parallelism_threads': 2, 'device_count': {'CPU': 1}, 'log_device_placement': False, 'allow_soft_placement': True, 'gpu_options': {'allow_growth': True}}, 'kl_target': 0.01, 'horizon': 1500, 'lr': 0.0005, 'sample_async': False, 'simple_optimizer': False, 'compress_observations': False, 'num_envs_per_worker': 1, 'gamma': 0.99, 'sgd_minibatch_size': 128, 'observation_filter': 'NoFilter', 'entropy_coeff': 0.0, 'batch_mode': 'truncate_episodes', 'straggler_mitigation': False, 'vf_share_layers': False, 'num_gpus': 0, 'synchronize_filters': True, 'num_sgd_iter': 10, 'train_batch_size': 1500, 'optimizer': {}, 'num_gpus_per_worker': 0, 'preprocessor_pref': 'deepmind', 'num_cpus_for_driver': 1, 'lr_schedule': None, 'use_gae': True, 'lambda': 0.97, 'vf_loss_coeff': 1.0, 'vf_clip_param': 1000000.0, 'log_level': 'INFO', 'env_config': {'run': 'PPO', 'flow_params': '{\n    ""env"": {\n        ""additional_params"": {\n            ""max_accel"": 3,\n            ""max_decel"": 3,\n            ""sort_vehicles"": false,\n            ""target_velocity"": 20\n        },\n        ""evaluate"": false,\n        ""horizon"": 1500,\n        ""sims_per_step"": 1,\n        ""warmup_steps"": 0\n    },\n    ""env_name"": ""AccelEnv"",\n    ""exp_tag"": ""figure_eight_0"",\n    ""initial"": {\n        ""additional_params"": {},\n        ""bunching"": 0,\n        ""edges_distribution"": ""all"",\n        ""lanes_distribution"": Infinity,\n        ""min_gap"": 0,\n        ""perturbation"": 0.0,\n        ""shuffle"": false,\n        ""spacing"": ""uniform"",\n        ""x0"": 0\n    },\n    ""net"": {\n        ""additional_params"": {\n            ""lanes"": 1,\n            ""radius_ring"": 30,\n            ""resolution"": 40,\n            ""speed_limit"": 30\n        },\n        ""inflows"": {\n            ""_InFlows__flows"": [],\n            ""num_flows"": 0\n        },\n        ""netfile"": null,\n        ""no_internal_links"": false,\n        ""osm_path"": null\n    },\n    ""scenario"": ""Figure8Scenario"",\n    ""sim"": {\n        ""emission_path"": null,\n        ""lateral_resolution"": null,\n        ""no_step_log"": true,\n        ""num_clients"": 1,\n        ""overtake_right"": false,\n        ""port"": null,\n        ""print_warnings"": true,\n        ""pxpm"": 2,\n        ""render"": false,\n        ""restart_instance"": false,\n        ""save_render"": false,\n        ""seed"": null,\n        ""show_radius"": false,\n        ""sight_radius"": 25,\n        ""sim_step"": 0.1,\n        ""teleport_time"": -1\n    },\n    ""simulator"": ""traci"",\n    ""veh"": [\n        {\n            ""acceleration_controller"": [\n                ""IDMController"",\n                {\n                    ""noise"": 0.2\n                }\n            ],\n            ""car_following_params"": {\n                ""controller_params"": {\n                    ""accel"": 1.0,\n                    ""carFollowModel"": ""IDM"",\n                    ""decel"": 1.5,\n                    ""impatience"": 0.5,\n                    ""maxSpeed"": 30,\n                    ""minGap"": 2.5,\n                    ""sigma"": 0.5,\n                    ""speedDev"": 0.1,\n                    ""speedFactor"": 1.0,\n                    ""tau"": 1.0\n                },\n                ""speed_mode"": 1\n            },\n            ""initial_speed"": 0,\n            ""lane_change_controller"": [\n                ""SimLaneChangeController"",\n                {}\n            ],\n            ""lane_change_params"": {\n                ""controller_params"": {\n                    ""laneChangeModel"": ""LC2013"",\n                    ""lcCooperative"": ""1.0"",\n                    ""lcKeepRight"": ""1.0"",\n                    ""lcSpeedGain"": ""1.0"",\n                    ""lcStrategic"": ""1.0""\n                },\n                ""lane_change_mode"": 512\n            },\n            ""num_vehicles"": 13,\n            ""routing_controller"": [\n                ""ContinuousRouter"",\n                {}\n            ],\n            ""veh_id"": ""human""\n        },\n        {\n            ""acceleration_controller"": [\n                ""RLController"",\n                {}\n            ],\n            ""car_following_params"": {\n                ""controller_params"": {\n                    ""accel"": 1.0,\n                    ""carFollowModel"": ""IDM"",\n                    ""decel"": 1.5,\n                    ""impatience"": 0.5,\n                    ""maxSpeed"": 30,\n                    ""minGap"": 2.5,\n                    ""sigma"": 0.5,\n                    ""speedDev"": 0.1,\n                    ""speedFactor"": 1.0,\n                    ""tau"": 1.0\n                },\n                ""speed_mode"": 1\n            },\n            ""initial_speed"": 0,\n            ""lane_change_controller"": [\n                ""SimLaneChangeController"",\n                {}\n            ],\n            ""lane_change_params"": {\n                ""controller_params"": {\n                    ""laneChangeModel"": ""LC2013"",\n                    ""lcCooperative"": ""1.0"",\n                    ""lcKeepRight"": ""1.0"",\n                    ""lcSpeedGain"": ""1.0"",\n                    ""lcStrategic"": ""1.0""\n                },\n                ""lane_change_mode"": 512\n            },\n            ""num_vehicles"": 1,\n            ""routing_controller"": [\n                ""ContinuousRouter"",\n                {}\n            ],\n            ""veh_id"": ""rl""\n        }\n    ]\n}'}, 'env': 'AccelEnv-v0', 'local_evaluator_tf_session_args': {'inter_op_parallelism_threads': 8, 'intra_op_parallelism_threads': 8}, 'model': {'free_log_std': False, 'custom_options': {}, 'framestack': True, 'channel_major': False, 'max_seq_len': 20, 'lstm_use_prev_action_reward': False, 'squash_to_range': False, 'dim': 84, 'grayscale': False, 'fcnet_hiddens': [100, 50, 25], 'use_lstm': False, 'custom_model': None, 'fcnet_activation': 'tanh', 'conv_filters': None, 'conv_activation': 'relu', 'lstm_cell_size': 256, 'zero_mean': True, 'custom_preprocessor': None}, 'output_compress_columns': ['obs', 'new_obs'], 'monitor': False, 'custom_resources_per_worker': {}, 'output_max_file_size': 67108864, 'num_workers': 1, 'clip_param': 0.3, 'kl_coeff': 0.2, 'multiagent': {'policy_graphs': {}, 'policy_mapping_fn': None, 'policies_to_train': None}, 'input_evaluation': None, 'output': None, 'collect_metrics_timeout': 180, 'num_cpus_per_worker': 1}",169.237.32.118,1,1149.86,9.742862224578857,"{'num_steps_sampled': 240000, 'load_time_ms': 1.181, 'default': {'kl': 0.015915365889668465, 'cur_lr': 0.0005000000237487257, 'total_loss': 0.4610358774662018, 'policy_loss': -0.027789970859885216, 'vf_explained_var': 0.9915583729743958, 'entropy': 1.379739761352539, 'cur_kl_coeff': 0.4329761564731598, 'vf_loss': 0.48193490505218506}, 'sample_time_ms': 9574.2, 'grad_time_ms': 279.489, 'update_time_ms': 4.717, 'num_steps_trained': 240000}",320.2823276551103,2019-04-02_08-01-37,kronos,71,240000,0,1488.4355187416077,{},240000,150,150,1488.4355187416077,492.9053705317178,1600,1554192097,{},0b32d2eec3344b1fbde4822793b2e447,66.4306665637337
False,198,"{'input': 'sampler', 'callbacks': {'on_train_result': None, 'on_sample_end': None, 'on_episode_step': None, 'on_episode_start': None, 'on_episode_end': None}, 'sample_batch_size': 200, 'clip_actions': False, 'clip_rewards': None, 'tf_session_args': {'inter_op_parallelism_threads': 2, 'intra_op_parallelism_threads': 2, 'device_count': {'CPU': 1}, 'log_device_placement': False, 'allow_soft_placement': True, 'gpu_options': {'allow_growth': True}}, 'kl_target': 0.01, 'horizon': 1500, 'lr': 0.0005, 'sample_async': False, 'simple_optimizer': False, 'compress_observations': False, 'num_envs_per_worker': 1, 'gamma': 0.99, 'sgd_minibatch_size': 128, 'observation_filter': 'NoFilter', 'entropy_coeff': 0.0, 'batch_mode': 'truncate_episodes', 'straggler_mitigation': False, 'vf_share_layers': False, 'num_gpus': 0, 'synchronize_filters': True, 'num_sgd_iter': 10, 'train_batch_size': 1500, 'optimizer': {}, 'num_gpus_per_worker': 0, 'preprocessor_pref': 'deepmind', 'num_cpus_for_driver': 1, 'lr_schedule': None, 'use_gae': True, 'lambda': 0.97, 'vf_loss_coeff': 1.0, 'vf_clip_param': 1000000.0, 'log_level': 'INFO', 'env_config': {'run': 'PPO', 'flow_params': '{\n    ""env"": {\n        ""additional_params"": {\n            ""max_accel"": 3,\n            ""max_decel"": 3,\n            ""sort_vehicles"": false,\n            ""target_velocity"": 20\n        },\n        ""evaluate"": false,\n        ""horizon"": 1500,\n        ""sims_per_step"": 1,\n        ""warmup_steps"": 0\n    },\n    ""env_name"": ""AccelEnv"",\n    ""exp_tag"": ""figure_eight_0"",\n    ""initial"": {\n        ""additional_params"": {},\n        ""bunching"": 0,\n        ""edges_distribution"": ""all"",\n        ""lanes_distribution"": Infinity,\n        ""min_gap"": 0,\n        ""perturbation"": 0.0,\n        ""shuffle"": false,\n        ""spacing"": ""uniform"",\n        ""x0"": 0\n    },\n    ""net"": {\n        ""additional_params"": {\n            ""lanes"": 1,\n            ""radius_ring"": 30,\n            ""resolution"": 40,\n            ""speed_limit"": 30\n        },\n        ""inflows"": {\n            ""_InFlows__flows"": [],\n            ""num_flows"": 0\n        },\n        ""netfile"": null,\n        ""no_internal_links"": false,\n        ""osm_path"": null\n    },\n    ""scenario"": ""Figure8Scenario"",\n    ""sim"": {\n        ""emission_path"": null,\n        ""lateral_resolution"": null,\n        ""no_step_log"": true,\n        ""num_clients"": 1,\n        ""overtake_right"": false,\n        ""port"": null,\n        ""print_warnings"": true,\n        ""pxpm"": 2,\n        ""render"": false,\n        ""restart_instance"": false,\n        ""save_render"": false,\n        ""seed"": null,\n        ""show_radius"": false,\n        ""sight_radius"": 25,\n        ""sim_step"": 0.1,\n        ""teleport_time"": -1\n    },\n    ""simulator"": ""traci"",\n    ""veh"": [\n        {\n            ""acceleration_controller"": [\n                ""IDMController"",\n                {\n                    ""noise"": 0.2\n                }\n            ],\n            ""car_following_params"": {\n                ""controller_params"": {\n                    ""accel"": 1.0,\n                    ""carFollowModel"": ""IDM"",\n                    ""decel"": 1.5,\n                    ""impatience"": 0.5,\n                    ""maxSpeed"": 30,\n                    ""minGap"": 2.5,\n                    ""sigma"": 0.5,\n                    ""speedDev"": 0.1,\n                    ""speedFactor"": 1.0,\n                    ""tau"": 1.0\n                },\n                ""speed_mode"": 1\n            },\n            ""initial_speed"": 0,\n            ""lane_change_controller"": [\n                ""SimLaneChangeController"",\n                {}\n            ],\n            ""lane_change_params"": {\n                ""controller_params"": {\n                    ""laneChangeModel"": ""LC2013"",\n                    ""lcCooperative"": ""1.0"",\n                    ""lcKeepRight"": ""1.0"",\n                    ""lcSpeedGain"": ""1.0"",\n                    ""lcStrategic"": ""1.0""\n                },\n                ""lane_change_mode"": 512\n            },\n            ""num_vehicles"": 13,\n            ""routing_controller"": [\n                ""ContinuousRouter"",\n                {}\n            ],\n            ""veh_id"": ""human""\n        },\n        {\n            ""acceleration_controller"": [\n                ""RLController"",\n                {}\n            ],\n            ""car_following_params"": {\n                ""controller_params"": {\n                    ""accel"": 1.0,\n                    ""carFollowModel"": ""IDM"",\n                    ""decel"": 1.5,\n                    ""impatience"": 0.5,\n                    ""maxSpeed"": 30,\n                    ""minGap"": 2.5,\n                    ""sigma"": 0.5,\n                    ""speedDev"": 0.1,\n                    ""speedFactor"": 1.0,\n                    ""tau"": 1.0\n                },\n                ""speed_mode"": 1\n            },\n            ""initial_speed"": 0,\n            ""lane_change_controller"": [\n                ""SimLaneChangeController"",\n                {}\n            ],\n            ""lane_change_params"": {\n                ""controller_params"": {\n                    ""laneChangeModel"": ""LC2013"",\n                    ""lcCooperative"": ""1.0"",\n                    ""lcKeepRight"": ""1.0"",\n                    ""lcSpeedGain"": ""1.0"",\n                    ""lcStrategic"": ""1.0""\n                },\n                ""lane_change_mode"": 512\n            },\n            ""num_vehicles"": 1,\n            ""routing_controller"": [\n                ""ContinuousRouter"",\n                {}\n            ],\n            ""veh_id"": ""rl""\n        }\n    ]\n}'}, 'env': 'AccelEnv-v0', 'local_evaluator_tf_session_args': {'inter_op_parallelism_threads': 8, 'intra_op_parallelism_threads': 8}, 'model': {'free_log_std': False, 'custom_options': {}, 'framestack': True, 'channel_major': False, 'max_seq_len': 20, 'lstm_use_prev_action_reward': False, 'squash_to_range': False, 'dim': 84, 'grayscale': False, 'fcnet_hiddens': [100, 50, 25], 'use_lstm': False, 'custom_model': None, 'fcnet_activation': 'tanh', 'conv_filters': None, 'conv_activation': 'relu', 'lstm_cell_size': 256, 'zero_mean': True, 'custom_preprocessor': None}, 'output_compress_columns': ['obs', 'new_obs'], 'monitor': False, 'custom_resources_per_worker': {}, 'output_max_file_size': 67108864, 'num_workers': 1, 'clip_param': 0.3, 'kl_coeff': 0.2, 'multiagent': {'policy_graphs': {}, 'policy_mapping_fn': None, 'policies_to_train': None}, 'input_evaluation': None, 'output': None, 'collect_metrics_timeout': 180, 'num_cpus_per_worker': 1}",169.237.32.118,2,1145.31,9.861326932907104,"{'num_steps_sampled': 241600, 'load_time_ms': 1.133, 'default': {'kl': 0.012117021717131138, 'cur_lr': 0.0005000000237487257, 'total_loss': 2.3506500720977783, 'policy_loss': -0.019674474373459816, 'vf_explained_var': 0.9512558579444885, 'entropy': 1.495291829109192, 'cur_kl_coeff': 0.4329761564731598, 'vf_loss': 2.3650782108306885}, 'sample_time_ms': 9582.139, 'grad_time_ms': 278.586, 'update_time_ms': 4.822, 'num_steps_trained': 241600}",319.3655128701855,2019-04-02_08-01-47,kronos,71,241600,0,1498.2968456745148,{},241600,151,151,1498.2968456745148,492.9053705317178,1600,1554192107,{},0b32d2eec3344b1fbde4822793b2e447,66.4306665637337
False,200,"{'input': 'sampler', 'callbacks': {'on_train_result': None, 'on_sample_end': None, 'on_episode_step': None, 'on_episode_start': None, 'on_episode_end': None}, 'sample_batch_size': 200, 'clip_actions': False, 'clip_rewards': None, 'tf_session_args': {'inter_op_parallelism_threads': 2, 'intra_op_parallelism_threads': 2, 'device_count': {'CPU': 1}, 'log_device_placement': False, 'allow_soft_placement': True, 'gpu_options': {'allow_growth': True}}, 'kl_target': 0.01, 'horizon': 1500, 'lr': 0.0005, 'sample_async': False, 'simple_optimizer': False, 'compress_observations': False, 'num_envs_per_worker': 1, 'gamma': 0.99, 'sgd_minibatch_size': 128, 'observation_filter': 'NoFilter', 'entropy_coeff': 0.0, 'batch_mode': 'truncate_episodes', 'straggler_mitigation': False, 'vf_share_layers': False, 'num_gpus': 0, 'synchronize_filters': True, 'num_sgd_iter': 10, 'train_batch_size': 1500, 'optimizer': {}, 'num_gpus_per_worker': 0, 'preprocessor_pref': 'deepmind', 'num_cpus_for_driver': 1, 'lr_schedule': None, 'use_gae': True, 'lambda': 0.97, 'vf_loss_coeff': 1.0, 'vf_clip_param': 1000000.0, 'log_level': 'INFO', 'env_config': {'run': 'PPO', 'flow_params': '{\n    ""env"": {\n        ""additional_params"": {\n            ""max_accel"": 3,\n            ""max_decel"": 3,\n            ""sort_vehicles"": false,\n            ""target_velocity"": 20\n        },\n        ""evaluate"": false,\n        ""horizon"": 1500,\n        ""sims_per_step"": 1,\n        ""warmup_steps"": 0\n    },\n    ""env_name"": ""AccelEnv"",\n    ""exp_tag"": ""figure_eight_0"",\n    ""initial"": {\n        ""additional_params"": {},\n        ""bunching"": 0,\n        ""edges_distribution"": ""all"",\n        ""lanes_distribution"": Infinity,\n        ""min_gap"": 0,\n        ""perturbation"": 0.0,\n        ""shuffle"": false,\n        ""spacing"": ""uniform"",\n        ""x0"": 0\n    },\n    ""net"": {\n        ""additional_params"": {\n            ""lanes"": 1,\n            ""radius_ring"": 30,\n            ""resolution"": 40,\n            ""speed_limit"": 30\n        },\n        ""inflows"": {\n            ""_InFlows__flows"": [],\n            ""num_flows"": 0\n        },\n        ""netfile"": null,\n        ""no_internal_links"": false,\n        ""osm_path"": null\n    },\n    ""scenario"": ""Figure8Scenario"",\n    ""sim"": {\n        ""emission_path"": null,\n        ""lateral_resolution"": null,\n        ""no_step_log"": true,\n        ""num_clients"": 1,\n        ""overtake_right"": false,\n        ""port"": null,\n        ""print_warnings"": true,\n        ""pxpm"": 2,\n        ""render"": false,\n        ""restart_instance"": false,\n        ""save_render"": false,\n        ""seed"": null,\n        ""show_radius"": false,\n        ""sight_radius"": 25,\n        ""sim_step"": 0.1,\n        ""teleport_time"": -1\n    },\n    ""simulator"": ""traci"",\n    ""veh"": [\n        {\n            ""acceleration_controller"": [\n                ""IDMController"",\n                {\n                    ""noise"": 0.2\n                }\n            ],\n            ""car_following_params"": {\n                ""controller_params"": {\n                    ""accel"": 1.0,\n                    ""carFollowModel"": ""IDM"",\n                    ""decel"": 1.5,\n                    ""impatience"": 0.5,\n                    ""maxSpeed"": 30,\n                    ""minGap"": 2.5,\n                    ""sigma"": 0.5,\n                    ""speedDev"": 0.1,\n                    ""speedFactor"": 1.0,\n                    ""tau"": 1.0\n                },\n                ""speed_mode"": 1\n            },\n            ""initial_speed"": 0,\n            ""lane_change_controller"": [\n                ""SimLaneChangeController"",\n                {}\n            ],\n            ""lane_change_params"": {\n                ""controller_params"": {\n                    ""laneChangeModel"": ""LC2013"",\n                    ""lcCooperative"": ""1.0"",\n                    ""lcKeepRight"": ""1.0"",\n                    ""lcSpeedGain"": ""1.0"",\n                    ""lcStrategic"": ""1.0""\n                },\n                ""lane_change_mode"": 512\n            },\n            ""num_vehicles"": 13,\n            ""routing_controller"": [\n                ""ContinuousRouter"",\n                {}\n            ],\n            ""veh_id"": ""human""\n        },\n        {\n            ""acceleration_controller"": [\n                ""RLController"",\n                {}\n            ],\n            ""car_following_params"": {\n                ""controller_params"": {\n                    ""accel"": 1.0,\n                    ""carFollowModel"": ""IDM"",\n                    ""decel"": 1.5,\n                    ""impatience"": 0.5,\n                    ""maxSpeed"": 30,\n                    ""minGap"": 2.5,\n                    ""sigma"": 0.5,\n                    ""speedDev"": 0.1,\n                    ""speedFactor"": 1.0,\n                    ""tau"": 1.0\n                },\n                ""speed_mode"": 1\n            },\n            ""initial_speed"": 0,\n            ""lane_change_controller"": [\n                ""SimLaneChangeController"",\n                {}\n            ],\n            ""lane_change_params"": {\n                ""controller_params"": {\n                    ""laneChangeModel"": ""LC2013"",\n                    ""lcCooperative"": ""1.0"",\n                    ""lcKeepRight"": ""1.0"",\n                    ""lcSpeedGain"": ""1.0"",\n                    ""lcStrategic"": ""1.0""\n                },\n                ""lane_change_mode"": 512\n            },\n            ""num_vehicles"": 1,\n            ""routing_controller"": [\n                ""ContinuousRouter"",\n                {}\n            ],\n            ""veh_id"": ""rl""\n        }\n    ]\n}'}, 'env': 'AccelEnv-v0', 'local_evaluator_tf_session_args': {'inter_op_parallelism_threads': 8, 'intra_op_parallelism_threads': 8}, 'model': {'free_log_std': False, 'custom_options': {}, 'framestack': True, 'channel_major': False, 'max_seq_len': 20, 'lstm_use_prev_action_reward': False, 'squash_to_range': False, 'dim': 84, 'grayscale': False, 'fcnet_hiddens': [100, 50, 25], 'use_lstm': False, 'custom_model': None, 'fcnet_activation': 'tanh', 'conv_filters': None, 'conv_activation': 'relu', 'lstm_cell_size': 256, 'zero_mean': True, 'custom_preprocessor': None}, 'output_compress_columns': ['obs', 'new_obs'], 'monitor': False, 'custom_resources_per_worker': {}, 'output_max_file_size': 67108864, 'num_workers': 1, 'clip_param': 0.3, 'kl_coeff': 0.2, 'multiagent': {'policy_graphs': {}, 'policy_mapping_fn': None, 'policies_to_train': None}, 'input_evaluation': None, 'output': None, 'collect_metrics_timeout': 180, 'num_cpus_per_worker': 1}",169.237.32.118,2,1144.6,9.957037925720215,"{'num_steps_sampled': 243200, 'load_time_ms': 1.135, 'default': {'kl': 0.014037285931408405, 'cur_lr': 0.0005000000237487257, 'total_loss': 1.149151086807251, 'policy_loss': -0.018897168338298798, 'vf_explained_var': 0.9939239621162415, 'entropy': 1.3047963380813599, 'cur_kl_coeff': 0.4329761564731598, 'vf_loss': 1.1619704961776733}, 'sample_time_ms': 9581.345, 'grad_time_ms': 278.67, 'update_time_ms': 4.806, 'num_steps_trained': 243200}",319.9547604646705,2019-04-02_08-01-57,kronos,71,243200,0,1508.253883600235,{},243200,152,152,1508.253883600235,492.9053705317178,1600,1554192117,{},0b32d2eec3344b1fbde4822793b2e447,66.4306665637337
False,201,"{'input': 'sampler', 'callbacks': {'on_train_result': None, 'on_sample_end': None, 'on_episode_step': None, 'on_episode_start': None, 'on_episode_end': None}, 'sample_batch_size': 200, 'clip_actions': False, 'clip_rewards': None, 'tf_session_args': {'inter_op_parallelism_threads': 2, 'intra_op_parallelism_threads': 2, 'device_count': {'CPU': 1}, 'log_device_placement': False, 'allow_soft_placement': True, 'gpu_options': {'allow_growth': True}}, 'kl_target': 0.01, 'horizon': 1500, 'lr': 0.0005, 'sample_async': False, 'simple_optimizer': False, 'compress_observations': False, 'num_envs_per_worker': 1, 'gamma': 0.99, 'sgd_minibatch_size': 128, 'observation_filter': 'NoFilter', 'entropy_coeff': 0.0, 'batch_mode': 'truncate_episodes', 'straggler_mitigation': False, 'vf_share_layers': False, 'num_gpus': 0, 'synchronize_filters': True, 'num_sgd_iter': 10, 'train_batch_size': 1500, 'optimizer': {}, 'num_gpus_per_worker': 0, 'preprocessor_pref': 'deepmind', 'num_cpus_for_driver': 1, 'lr_schedule': None, 'use_gae': True, 'lambda': 0.97, 'vf_loss_coeff': 1.0, 'vf_clip_param': 1000000.0, 'log_level': 'INFO', 'env_config': {'run': 'PPO', 'flow_params': '{\n    ""env"": {\n        ""additional_params"": {\n            ""max_accel"": 3,\n            ""max_decel"": 3,\n            ""sort_vehicles"": false,\n            ""target_velocity"": 20\n        },\n        ""evaluate"": false,\n        ""horizon"": 1500,\n        ""sims_per_step"": 1,\n        ""warmup_steps"": 0\n    },\n    ""env_name"": ""AccelEnv"",\n    ""exp_tag"": ""figure_eight_0"",\n    ""initial"": {\n        ""additional_params"": {},\n        ""bunching"": 0,\n        ""edges_distribution"": ""all"",\n        ""lanes_distribution"": Infinity,\n        ""min_gap"": 0,\n        ""perturbation"": 0.0,\n        ""shuffle"": false,\n        ""spacing"": ""uniform"",\n        ""x0"": 0\n    },\n    ""net"": {\n        ""additional_params"": {\n            ""lanes"": 1,\n            ""radius_ring"": 30,\n            ""resolution"": 40,\n            ""speed_limit"": 30\n        },\n        ""inflows"": {\n            ""_InFlows__flows"": [],\n            ""num_flows"": 0\n        },\n        ""netfile"": null,\n        ""no_internal_links"": false,\n        ""osm_path"": null\n    },\n    ""scenario"": ""Figure8Scenario"",\n    ""sim"": {\n        ""emission_path"": null,\n        ""lateral_resolution"": null,\n        ""no_step_log"": true,\n        ""num_clients"": 1,\n        ""overtake_right"": false,\n        ""port"": null,\n        ""print_warnings"": true,\n        ""pxpm"": 2,\n        ""render"": false,\n        ""restart_instance"": false,\n        ""save_render"": false,\n        ""seed"": null,\n        ""show_radius"": false,\n        ""sight_radius"": 25,\n        ""sim_step"": 0.1,\n        ""teleport_time"": -1\n    },\n    ""simulator"": ""traci"",\n    ""veh"": [\n        {\n            ""acceleration_controller"": [\n                ""IDMController"",\n                {\n                    ""noise"": 0.2\n                }\n            ],\n            ""car_following_params"": {\n                ""controller_params"": {\n                    ""accel"": 1.0,\n                    ""carFollowModel"": ""IDM"",\n                    ""decel"": 1.5,\n                    ""impatience"": 0.5,\n                    ""maxSpeed"": 30,\n                    ""minGap"": 2.5,\n                    ""sigma"": 0.5,\n                    ""speedDev"": 0.1,\n                    ""speedFactor"": 1.0,\n                    ""tau"": 1.0\n                },\n                ""speed_mode"": 1\n            },\n            ""initial_speed"": 0,\n            ""lane_change_controller"": [\n                ""SimLaneChangeController"",\n                {}\n            ],\n            ""lane_change_params"": {\n                ""controller_params"": {\n                    ""laneChangeModel"": ""LC2013"",\n                    ""lcCooperative"": ""1.0"",\n                    ""lcKeepRight"": ""1.0"",\n                    ""lcSpeedGain"": ""1.0"",\n                    ""lcStrategic"": ""1.0""\n                },\n                ""lane_change_mode"": 512\n            },\n            ""num_vehicles"": 13,\n            ""routing_controller"": [\n                ""ContinuousRouter"",\n                {}\n            ],\n            ""veh_id"": ""human""\n        },\n        {\n            ""acceleration_controller"": [\n                ""RLController"",\n                {}\n            ],\n            ""car_following_params"": {\n                ""controller_params"": {\n                    ""accel"": 1.0,\n                    ""carFollowModel"": ""IDM"",\n                    ""decel"": 1.5,\n                    ""impatience"": 0.5,\n                    ""maxSpeed"": 30,\n                    ""minGap"": 2.5,\n                    ""sigma"": 0.5,\n                    ""speedDev"": 0.1,\n                    ""speedFactor"": 1.0,\n                    ""tau"": 1.0\n                },\n                ""speed_mode"": 1\n            },\n            ""initial_speed"": 0,\n            ""lane_change_controller"": [\n                ""SimLaneChangeController"",\n                {}\n            ],\n            ""lane_change_params"": {\n                ""controller_params"": {\n                    ""laneChangeModel"": ""LC2013"",\n                    ""lcCooperative"": ""1.0"",\n                    ""lcKeepRight"": ""1.0"",\n                    ""lcSpeedGain"": ""1.0"",\n                    ""lcStrategic"": ""1.0""\n                },\n                ""lane_change_mode"": 512\n            },\n            ""num_vehicles"": 1,\n            ""routing_controller"": [\n                ""ContinuousRouter"",\n                {}\n            ],\n            ""veh_id"": ""rl""\n        }\n    ]\n}'}, 'env': 'AccelEnv-v0', 'local_evaluator_tf_session_args': {'inter_op_parallelism_threads': 8, 'intra_op_parallelism_threads': 8}, 'model': {'free_log_std': False, 'custom_options': {}, 'framestack': True, 'channel_major': False, 'max_seq_len': 20, 'lstm_use_prev_action_reward': False, 'squash_to_range': False, 'dim': 84, 'grayscale': False, 'fcnet_hiddens': [100, 50, 25], 'use_lstm': False, 'custom_model': None, 'fcnet_activation': 'tanh', 'conv_filters': None, 'conv_activation': 'relu', 'lstm_cell_size': 256, 'zero_mean': True, 'custom_preprocessor': None}, 'output_compress_columns': ['obs', 'new_obs'], 'monitor': False, 'custom_resources_per_worker': {}, 'output_max_file_size': 67108864, 'num_workers': 1, 'clip_param': 0.3, 'kl_coeff': 0.2, 'multiagent': {'policy_graphs': {}, 'policy_mapping_fn': None, 'policies_to_train': None}, 'input_evaluation': None, 'output': None, 'collect_metrics_timeout': 180, 'num_cpus_per_worker': 1}",169.237.32.118,1,1148.73,9.525927543640137,"{'num_steps_sampled': 244800, 'load_time_ms': 1.14, 'default': {'kl': 0.015332420356571674, 'cur_lr': 0.0005000000237487257, 'total_loss': 0.25891557335853577, 'policy_loss': -0.017423665151000023, 'vf_explained_var': 0.9987772107124329, 'entropy': 1.3987665176391602, 'cur_kl_coeff': 0.4329761564731598, 'vf_loss': 0.26970064640045166}, 'sample_time_ms': 9551.905, 'grad_time_ms': 278.962, 'update_time_ms': 4.781, 'num_steps_trained': 244800}",320.1790004315625,2019-04-02_08-02-07,kronos,71,244800,0,1517.7798111438751,{},244800,153,153,1517.7798111438751,492.9053705317178,1600,1554192127,{},0b32d2eec3344b1fbde4822793b2e447,66.4306665637337
False,202,"{'input': 'sampler', 'callbacks': {'on_train_result': None, 'on_sample_end': None, 'on_episode_step': None, 'on_episode_start': None, 'on_episode_end': None}, 'sample_batch_size': 200, 'clip_actions': False, 'clip_rewards': None, 'tf_session_args': {'inter_op_parallelism_threads': 2, 'intra_op_parallelism_threads': 2, 'device_count': {'CPU': 1}, 'log_device_placement': False, 'allow_soft_placement': True, 'gpu_options': {'allow_growth': True}}, 'kl_target': 0.01, 'horizon': 1500, 'lr': 0.0005, 'sample_async': False, 'simple_optimizer': False, 'compress_observations': False, 'num_envs_per_worker': 1, 'gamma': 0.99, 'sgd_minibatch_size': 128, 'observation_filter': 'NoFilter', 'entropy_coeff': 0.0, 'batch_mode': 'truncate_episodes', 'straggler_mitigation': False, 'vf_share_layers': False, 'num_gpus': 0, 'synchronize_filters': True, 'num_sgd_iter': 10, 'train_batch_size': 1500, 'optimizer': {}, 'num_gpus_per_worker': 0, 'preprocessor_pref': 'deepmind', 'num_cpus_for_driver': 1, 'lr_schedule': None, 'use_gae': True, 'lambda': 0.97, 'vf_loss_coeff': 1.0, 'vf_clip_param': 1000000.0, 'log_level': 'INFO', 'env_config': {'run': 'PPO', 'flow_params': '{\n    ""env"": {\n        ""additional_params"": {\n            ""max_accel"": 3,\n            ""max_decel"": 3,\n            ""sort_vehicles"": false,\n            ""target_velocity"": 20\n        },\n        ""evaluate"": false,\n        ""horizon"": 1500,\n        ""sims_per_step"": 1,\n        ""warmup_steps"": 0\n    },\n    ""env_name"": ""AccelEnv"",\n    ""exp_tag"": ""figure_eight_0"",\n    ""initial"": {\n        ""additional_params"": {},\n        ""bunching"": 0,\n        ""edges_distribution"": ""all"",\n        ""lanes_distribution"": Infinity,\n        ""min_gap"": 0,\n        ""perturbation"": 0.0,\n        ""shuffle"": false,\n        ""spacing"": ""uniform"",\n        ""x0"": 0\n    },\n    ""net"": {\n        ""additional_params"": {\n            ""lanes"": 1,\n            ""radius_ring"": 30,\n            ""resolution"": 40,\n            ""speed_limit"": 30\n        },\n        ""inflows"": {\n            ""_InFlows__flows"": [],\n            ""num_flows"": 0\n        },\n        ""netfile"": null,\n        ""no_internal_links"": false,\n        ""osm_path"": null\n    },\n    ""scenario"": ""Figure8Scenario"",\n    ""sim"": {\n        ""emission_path"": null,\n        ""lateral_resolution"": null,\n        ""no_step_log"": true,\n        ""num_clients"": 1,\n        ""overtake_right"": false,\n        ""port"": null,\n        ""print_warnings"": true,\n        ""pxpm"": 2,\n        ""render"": false,\n        ""restart_instance"": false,\n        ""save_render"": false,\n        ""seed"": null,\n        ""show_radius"": false,\n        ""sight_radius"": 25,\n        ""sim_step"": 0.1,\n        ""teleport_time"": -1\n    },\n    ""simulator"": ""traci"",\n    ""veh"": [\n        {\n            ""acceleration_controller"": [\n                ""IDMController"",\n                {\n                    ""noise"": 0.2\n                }\n            ],\n            ""car_following_params"": {\n                ""controller_params"": {\n                    ""accel"": 1.0,\n                    ""carFollowModel"": ""IDM"",\n                    ""decel"": 1.5,\n                    ""impatience"": 0.5,\n                    ""maxSpeed"": 30,\n                    ""minGap"": 2.5,\n                    ""sigma"": 0.5,\n                    ""speedDev"": 0.1,\n                    ""speedFactor"": 1.0,\n                    ""tau"": 1.0\n                },\n                ""speed_mode"": 1\n            },\n            ""initial_speed"": 0,\n            ""lane_change_controller"": [\n                ""SimLaneChangeController"",\n                {}\n            ],\n            ""lane_change_params"": {\n                ""controller_params"": {\n                    ""laneChangeModel"": ""LC2013"",\n                    ""lcCooperative"": ""1.0"",\n                    ""lcKeepRight"": ""1.0"",\n                    ""lcSpeedGain"": ""1.0"",\n                    ""lcStrategic"": ""1.0""\n                },\n                ""lane_change_mode"": 512\n            },\n            ""num_vehicles"": 13,\n            ""routing_controller"": [\n                ""ContinuousRouter"",\n                {}\n            ],\n            ""veh_id"": ""human""\n        },\n        {\n            ""acceleration_controller"": [\n                ""RLController"",\n                {}\n            ],\n            ""car_following_params"": {\n                ""controller_params"": {\n                    ""accel"": 1.0,\n                    ""carFollowModel"": ""IDM"",\n                    ""decel"": 1.5,\n                    ""impatience"": 0.5,\n                    ""maxSpeed"": 30,\n                    ""minGap"": 2.5,\n                    ""sigma"": 0.5,\n                    ""speedDev"": 0.1,\n                    ""speedFactor"": 1.0,\n                    ""tau"": 1.0\n                },\n                ""speed_mode"": 1\n            },\n            ""initial_speed"": 0,\n            ""lane_change_controller"": [\n                ""SimLaneChangeController"",\n                {}\n            ],\n            ""lane_change_params"": {\n                ""controller_params"": {\n                    ""laneChangeModel"": ""LC2013"",\n                    ""lcCooperative"": ""1.0"",\n                    ""lcKeepRight"": ""1.0"",\n                    ""lcSpeedGain"": ""1.0"",\n                    ""lcStrategic"": ""1.0""\n                },\n                ""lane_change_mode"": 512\n            },\n            ""num_vehicles"": 1,\n            ""routing_controller"": [\n                ""ContinuousRouter"",\n                {}\n            ],\n            ""veh_id"": ""rl""\n        }\n    ]\n}'}, 'env': 'AccelEnv-v0', 'local_evaluator_tf_session_args': {'inter_op_parallelism_threads': 8, 'intra_op_parallelism_threads': 8}, 'model': {'free_log_std': False, 'custom_options': {}, 'framestack': True, 'channel_major': False, 'max_seq_len': 20, 'lstm_use_prev_action_reward': False, 'squash_to_range': False, 'dim': 84, 'grayscale': False, 'fcnet_hiddens': [100, 50, 25], 'use_lstm': False, 'custom_model': None, 'fcnet_activation': 'tanh', 'conv_filters': None, 'conv_activation': 'relu', 'lstm_cell_size': 256, 'zero_mean': True, 'custom_preprocessor': None}, 'output_compress_columns': ['obs', 'new_obs'], 'monitor': False, 'custom_resources_per_worker': {}, 'output_max_file_size': 67108864, 'num_workers': 1, 'clip_param': 0.3, 'kl_coeff': 0.2, 'multiagent': {'policy_graphs': {}, 'policy_mapping_fn': None, 'policies_to_train': None}, 'input_evaluation': None, 'output': None, 'collect_metrics_timeout': 180, 'num_cpus_per_worker': 1}",169.237.32.118,1,1157.74,10.093563795089722,"{'num_steps_sampled': 246400, 'load_time_ms': 1.177, 'default': {'kl': 0.006377541925758123, 'cur_lr': 0.0005000000237487257, 'total_loss': 3.4518024921417236, 'policy_loss': -0.01689130626618862, 'vf_explained_var': 0.8949518799781799, 'entropy': 1.4407719373703003, 'cur_kl_coeff': 0.4329761564731598, 'vf_loss': 3.465932607650757}, 'sample_time_ms': 9579.066, 'grad_time_ms': 278.076, 'update_time_ms': 4.813, 'num_steps_trained': 246400}",323.33771744337304,2019-04-02_08-02-17,kronos,71,246400,0,1527.8733749389648,{},246400,154,154,1527.8733749389648,492.9053705317178,1600,1554192137,{},0b32d2eec3344b1fbde4822793b2e447,66.4306665637337
False,203,"{'input': 'sampler', 'callbacks': {'on_train_result': None, 'on_sample_end': None, 'on_episode_step': None, 'on_episode_start': None, 'on_episode_end': None}, 'sample_batch_size': 200, 'clip_actions': False, 'clip_rewards': None, 'tf_session_args': {'inter_op_parallelism_threads': 2, 'intra_op_parallelism_threads': 2, 'device_count': {'CPU': 1}, 'log_device_placement': False, 'allow_soft_placement': True, 'gpu_options': {'allow_growth': True}}, 'kl_target': 0.01, 'horizon': 1500, 'lr': 0.0005, 'sample_async': False, 'simple_optimizer': False, 'compress_observations': False, 'num_envs_per_worker': 1, 'gamma': 0.99, 'sgd_minibatch_size': 128, 'observation_filter': 'NoFilter', 'entropy_coeff': 0.0, 'batch_mode': 'truncate_episodes', 'straggler_mitigation': False, 'vf_share_layers': False, 'num_gpus': 0, 'synchronize_filters': True, 'num_sgd_iter': 10, 'train_batch_size': 1500, 'optimizer': {}, 'num_gpus_per_worker': 0, 'preprocessor_pref': 'deepmind', 'num_cpus_for_driver': 1, 'lr_schedule': None, 'use_gae': True, 'lambda': 0.97, 'vf_loss_coeff': 1.0, 'vf_clip_param': 1000000.0, 'log_level': 'INFO', 'env_config': {'run': 'PPO', 'flow_params': '{\n    ""env"": {\n        ""additional_params"": {\n            ""max_accel"": 3,\n            ""max_decel"": 3,\n            ""sort_vehicles"": false,\n            ""target_velocity"": 20\n        },\n        ""evaluate"": false,\n        ""horizon"": 1500,\n        ""sims_per_step"": 1,\n        ""warmup_steps"": 0\n    },\n    ""env_name"": ""AccelEnv"",\n    ""exp_tag"": ""figure_eight_0"",\n    ""initial"": {\n        ""additional_params"": {},\n        ""bunching"": 0,\n        ""edges_distribution"": ""all"",\n        ""lanes_distribution"": Infinity,\n        ""min_gap"": 0,\n        ""perturbation"": 0.0,\n        ""shuffle"": false,\n        ""spacing"": ""uniform"",\n        ""x0"": 0\n    },\n    ""net"": {\n        ""additional_params"": {\n            ""lanes"": 1,\n            ""radius_ring"": 30,\n            ""resolution"": 40,\n            ""speed_limit"": 30\n        },\n        ""inflows"": {\n            ""_InFlows__flows"": [],\n            ""num_flows"": 0\n        },\n        ""netfile"": null,\n        ""no_internal_links"": false,\n        ""osm_path"": null\n    },\n    ""scenario"": ""Figure8Scenario"",\n    ""sim"": {\n        ""emission_path"": null,\n        ""lateral_resolution"": null,\n        ""no_step_log"": true,\n        ""num_clients"": 1,\n        ""overtake_right"": false,\n        ""port"": null,\n        ""print_warnings"": true,\n        ""pxpm"": 2,\n        ""render"": false,\n        ""restart_instance"": false,\n        ""save_render"": false,\n        ""seed"": null,\n        ""show_radius"": false,\n        ""sight_radius"": 25,\n        ""sim_step"": 0.1,\n        ""teleport_time"": -1\n    },\n    ""simulator"": ""traci"",\n    ""veh"": [\n        {\n            ""acceleration_controller"": [\n                ""IDMController"",\n                {\n                    ""noise"": 0.2\n                }\n            ],\n            ""car_following_params"": {\n                ""controller_params"": {\n                    ""accel"": 1.0,\n                    ""carFollowModel"": ""IDM"",\n                    ""decel"": 1.5,\n                    ""impatience"": 0.5,\n                    ""maxSpeed"": 30,\n                    ""minGap"": 2.5,\n                    ""sigma"": 0.5,\n                    ""speedDev"": 0.1,\n                    ""speedFactor"": 1.0,\n                    ""tau"": 1.0\n                },\n                ""speed_mode"": 1\n            },\n            ""initial_speed"": 0,\n            ""lane_change_controller"": [\n                ""SimLaneChangeController"",\n                {}\n            ],\n            ""lane_change_params"": {\n                ""controller_params"": {\n                    ""laneChangeModel"": ""LC2013"",\n                    ""lcCooperative"": ""1.0"",\n                    ""lcKeepRight"": ""1.0"",\n                    ""lcSpeedGain"": ""1.0"",\n                    ""lcStrategic"": ""1.0""\n                },\n                ""lane_change_mode"": 512\n            },\n            ""num_vehicles"": 13,\n            ""routing_controller"": [\n                ""ContinuousRouter"",\n                {}\n            ],\n            ""veh_id"": ""human""\n        },\n        {\n            ""acceleration_controller"": [\n                ""RLController"",\n                {}\n            ],\n            ""car_following_params"": {\n                ""controller_params"": {\n                    ""accel"": 1.0,\n                    ""carFollowModel"": ""IDM"",\n                    ""decel"": 1.5,\n                    ""impatience"": 0.5,\n                    ""maxSpeed"": 30,\n                    ""minGap"": 2.5,\n                    ""sigma"": 0.5,\n                    ""speedDev"": 0.1,\n                    ""speedFactor"": 1.0,\n                    ""tau"": 1.0\n                },\n                ""speed_mode"": 1\n            },\n            ""initial_speed"": 0,\n            ""lane_change_controller"": [\n                ""SimLaneChangeController"",\n                {}\n            ],\n            ""lane_change_params"": {\n                ""controller_params"": {\n                    ""laneChangeModel"": ""LC2013"",\n                    ""lcCooperative"": ""1.0"",\n                    ""lcKeepRight"": ""1.0"",\n                    ""lcSpeedGain"": ""1.0"",\n                    ""lcStrategic"": ""1.0""\n                },\n                ""lane_change_mode"": 512\n            },\n            ""num_vehicles"": 1,\n            ""routing_controller"": [\n                ""ContinuousRouter"",\n                {}\n            ],\n            ""veh_id"": ""rl""\n        }\n    ]\n}'}, 'env': 'AccelEnv-v0', 'local_evaluator_tf_session_args': {'inter_op_parallelism_threads': 8, 'intra_op_parallelism_threads': 8}, 'model': {'free_log_std': False, 'custom_options': {}, 'framestack': True, 'channel_major': False, 'max_seq_len': 20, 'lstm_use_prev_action_reward': False, 'squash_to_range': False, 'dim': 84, 'grayscale': False, 'fcnet_hiddens': [100, 50, 25], 'use_lstm': False, 'custom_model': None, 'fcnet_activation': 'tanh', 'conv_filters': None, 'conv_activation': 'relu', 'lstm_cell_size': 256, 'zero_mean': True, 'custom_preprocessor': None}, 'output_compress_columns': ['obs', 'new_obs'], 'monitor': False, 'custom_resources_per_worker': {}, 'output_max_file_size': 67108864, 'num_workers': 1, 'clip_param': 0.3, 'kl_coeff': 0.2, 'multiagent': {'policy_graphs': {}, 'policy_mapping_fn': None, 'policies_to_train': None}, 'input_evaluation': None, 'output': None, 'collect_metrics_timeout': 180, 'num_cpus_per_worker': 1}",169.237.32.118,1,1157.74,9.999349594116211,"{'num_steps_sampled': 248000, 'load_time_ms': 1.158, 'default': {'kl': 0.011617991141974926, 'cur_lr': 0.0005000000237487257, 'total_loss': 0.7222285270690918, 'policy_loss': -0.010463238693773746, 'vf_explained_var': 0.9694557189941406, 'entropy': 1.4723564386367798, 'cur_kl_coeff': 0.4329761564731598, 'vf_loss': 0.7276614308357239}, 'sample_time_ms': 9576.775, 'grad_time_ms': 277.848, 'update_time_ms': 4.911, 'num_steps_trained': 248000}",323.2163715015302,2019-04-02_08-02-27,kronos,71,248000,0,1537.872724533081,{},248000,155,155,1537.872724533081,492.9053705317178,1600,1554192147,{},0b32d2eec3344b1fbde4822793b2e447,66.4306665637337
False,204,"{'input': 'sampler', 'callbacks': {'on_train_result': None, 'on_sample_end': None, 'on_episode_step': None, 'on_episode_start': None, 'on_episode_end': None}, 'sample_batch_size': 200, 'clip_actions': False, 'clip_rewards': None, 'tf_session_args': {'inter_op_parallelism_threads': 2, 'intra_op_parallelism_threads': 2, 'device_count': {'CPU': 1}, 'log_device_placement': False, 'allow_soft_placement': True, 'gpu_options': {'allow_growth': True}}, 'kl_target': 0.01, 'horizon': 1500, 'lr': 0.0005, 'sample_async': False, 'simple_optimizer': False, 'compress_observations': False, 'num_envs_per_worker': 1, 'gamma': 0.99, 'sgd_minibatch_size': 128, 'observation_filter': 'NoFilter', 'entropy_coeff': 0.0, 'batch_mode': 'truncate_episodes', 'straggler_mitigation': False, 'vf_share_layers': False, 'num_gpus': 0, 'synchronize_filters': True, 'num_sgd_iter': 10, 'train_batch_size': 1500, 'optimizer': {}, 'num_gpus_per_worker': 0, 'preprocessor_pref': 'deepmind', 'num_cpus_for_driver': 1, 'lr_schedule': None, 'use_gae': True, 'lambda': 0.97, 'vf_loss_coeff': 1.0, 'vf_clip_param': 1000000.0, 'log_level': 'INFO', 'env_config': {'run': 'PPO', 'flow_params': '{\n    ""env"": {\n        ""additional_params"": {\n            ""max_accel"": 3,\n            ""max_decel"": 3,\n            ""sort_vehicles"": false,\n            ""target_velocity"": 20\n        },\n        ""evaluate"": false,\n        ""horizon"": 1500,\n        ""sims_per_step"": 1,\n        ""warmup_steps"": 0\n    },\n    ""env_name"": ""AccelEnv"",\n    ""exp_tag"": ""figure_eight_0"",\n    ""initial"": {\n        ""additional_params"": {},\n        ""bunching"": 0,\n        ""edges_distribution"": ""all"",\n        ""lanes_distribution"": Infinity,\n        ""min_gap"": 0,\n        ""perturbation"": 0.0,\n        ""shuffle"": false,\n        ""spacing"": ""uniform"",\n        ""x0"": 0\n    },\n    ""net"": {\n        ""additional_params"": {\n            ""lanes"": 1,\n            ""radius_ring"": 30,\n            ""resolution"": 40,\n            ""speed_limit"": 30\n        },\n        ""inflows"": {\n            ""_InFlows__flows"": [],\n            ""num_flows"": 0\n        },\n        ""netfile"": null,\n        ""no_internal_links"": false,\n        ""osm_path"": null\n    },\n    ""scenario"": ""Figure8Scenario"",\n    ""sim"": {\n        ""emission_path"": null,\n        ""lateral_resolution"": null,\n        ""no_step_log"": true,\n        ""num_clients"": 1,\n        ""overtake_right"": false,\n        ""port"": null,\n        ""print_warnings"": true,\n        ""pxpm"": 2,\n        ""render"": false,\n        ""restart_instance"": false,\n        ""save_render"": false,\n        ""seed"": null,\n        ""show_radius"": false,\n        ""sight_radius"": 25,\n        ""sim_step"": 0.1,\n        ""teleport_time"": -1\n    },\n    ""simulator"": ""traci"",\n    ""veh"": [\n        {\n            ""acceleration_controller"": [\n                ""IDMController"",\n                {\n                    ""noise"": 0.2\n                }\n            ],\n            ""car_following_params"": {\n                ""controller_params"": {\n                    ""accel"": 1.0,\n                    ""carFollowModel"": ""IDM"",\n                    ""decel"": 1.5,\n                    ""impatience"": 0.5,\n                    ""maxSpeed"": 30,\n                    ""minGap"": 2.5,\n                    ""sigma"": 0.5,\n                    ""speedDev"": 0.1,\n                    ""speedFactor"": 1.0,\n                    ""tau"": 1.0\n                },\n                ""speed_mode"": 1\n            },\n            ""initial_speed"": 0,\n            ""lane_change_controller"": [\n                ""SimLaneChangeController"",\n                {}\n            ],\n            ""lane_change_params"": {\n                ""controller_params"": {\n                    ""laneChangeModel"": ""LC2013"",\n                    ""lcCooperative"": ""1.0"",\n                    ""lcKeepRight"": ""1.0"",\n                    ""lcSpeedGain"": ""1.0"",\n                    ""lcStrategic"": ""1.0""\n                },\n                ""lane_change_mode"": 512\n            },\n            ""num_vehicles"": 13,\n            ""routing_controller"": [\n                ""ContinuousRouter"",\n                {}\n            ],\n            ""veh_id"": ""human""\n        },\n        {\n            ""acceleration_controller"": [\n                ""RLController"",\n                {}\n            ],\n            ""car_following_params"": {\n                ""controller_params"": {\n                    ""accel"": 1.0,\n                    ""carFollowModel"": ""IDM"",\n                    ""decel"": 1.5,\n                    ""impatience"": 0.5,\n                    ""maxSpeed"": 30,\n                    ""minGap"": 2.5,\n                    ""sigma"": 0.5,\n                    ""speedDev"": 0.1,\n                    ""speedFactor"": 1.0,\n                    ""tau"": 1.0\n                },\n                ""speed_mode"": 1\n            },\n            ""initial_speed"": 0,\n            ""lane_change_controller"": [\n                ""SimLaneChangeController"",\n                {}\n            ],\n            ""lane_change_params"": {\n                ""controller_params"": {\n                    ""laneChangeModel"": ""LC2013"",\n                    ""lcCooperative"": ""1.0"",\n                    ""lcKeepRight"": ""1.0"",\n                    ""lcSpeedGain"": ""1.0"",\n                    ""lcStrategic"": ""1.0""\n                },\n                ""lane_change_mode"": 512\n            },\n            ""num_vehicles"": 1,\n            ""routing_controller"": [\n                ""ContinuousRouter"",\n                {}\n            ],\n            ""veh_id"": ""rl""\n        }\n    ]\n}'}, 'env': 'AccelEnv-v0', 'local_evaluator_tf_session_args': {'inter_op_parallelism_threads': 8, 'intra_op_parallelism_threads': 8}, 'model': {'free_log_std': False, 'custom_options': {}, 'framestack': True, 'channel_major': False, 'max_seq_len': 20, 'lstm_use_prev_action_reward': False, 'squash_to_range': False, 'dim': 84, 'grayscale': False, 'fcnet_hiddens': [100, 50, 25], 'use_lstm': False, 'custom_model': None, 'fcnet_activation': 'tanh', 'conv_filters': None, 'conv_activation': 'relu', 'lstm_cell_size': 256, 'zero_mean': True, 'custom_preprocessor': None}, 'output_compress_columns': ['obs', 'new_obs'], 'monitor': False, 'custom_resources_per_worker': {}, 'output_max_file_size': 67108864, 'num_workers': 1, 'clip_param': 0.3, 'kl_coeff': 0.2, 'multiagent': {'policy_graphs': {}, 'policy_mapping_fn': None, 'policies_to_train': None}, 'input_evaluation': None, 'output': None, 'collect_metrics_timeout': 180, 'num_cpus_per_worker': 1}",169.237.32.118,1,1167.17,9.857833862304688,"{'num_steps_sampled': 249600, 'load_time_ms': 1.144, 'default': {'kl': 0.00494213355705142, 'cur_lr': 0.0005000000237487257, 'total_loss': 4.497049808502197, 'policy_loss': -0.017512990161776543, 'vf_explained_var': 0.7682517170906067, 'entropy': 1.5520753860473633, 'cur_kl_coeff': 0.4329761564731598, 'vf_loss': 4.512423515319824}, 'sample_time_ms': 9567.129, 'grad_time_ms': 275.248, 'update_time_ms': 4.842, 'num_steps_trained': 249600}",325.96216545810597,2019-04-02_08-02-37,kronos,71,249600,0,1547.7305583953857,{},249600,156,156,1547.7305583953857,492.9053705317178,1600,1554192157,{},0b32d2eec3344b1fbde4822793b2e447,66.4306665637337
False,205,"{'input': 'sampler', 'callbacks': {'on_train_result': None, 'on_sample_end': None, 'on_episode_step': None, 'on_episode_start': None, 'on_episode_end': None}, 'sample_batch_size': 200, 'clip_actions': False, 'clip_rewards': None, 'tf_session_args': {'inter_op_parallelism_threads': 2, 'intra_op_parallelism_threads': 2, 'device_count': {'CPU': 1}, 'log_device_placement': False, 'allow_soft_placement': True, 'gpu_options': {'allow_growth': True}}, 'kl_target': 0.01, 'horizon': 1500, 'lr': 0.0005, 'sample_async': False, 'simple_optimizer': False, 'compress_observations': False, 'num_envs_per_worker': 1, 'gamma': 0.99, 'sgd_minibatch_size': 128, 'observation_filter': 'NoFilter', 'entropy_coeff': 0.0, 'batch_mode': 'truncate_episodes', 'straggler_mitigation': False, 'vf_share_layers': False, 'num_gpus': 0, 'synchronize_filters': True, 'num_sgd_iter': 10, 'train_batch_size': 1500, 'optimizer': {}, 'num_gpus_per_worker': 0, 'preprocessor_pref': 'deepmind', 'num_cpus_for_driver': 1, 'lr_schedule': None, 'use_gae': True, 'lambda': 0.97, 'vf_loss_coeff': 1.0, 'vf_clip_param': 1000000.0, 'log_level': 'INFO', 'env_config': {'run': 'PPO', 'flow_params': '{\n    ""env"": {\n        ""additional_params"": {\n            ""max_accel"": 3,\n            ""max_decel"": 3,\n            ""sort_vehicles"": false,\n            ""target_velocity"": 20\n        },\n        ""evaluate"": false,\n        ""horizon"": 1500,\n        ""sims_per_step"": 1,\n        ""warmup_steps"": 0\n    },\n    ""env_name"": ""AccelEnv"",\n    ""exp_tag"": ""figure_eight_0"",\n    ""initial"": {\n        ""additional_params"": {},\n        ""bunching"": 0,\n        ""edges_distribution"": ""all"",\n        ""lanes_distribution"": Infinity,\n        ""min_gap"": 0,\n        ""perturbation"": 0.0,\n        ""shuffle"": false,\n        ""spacing"": ""uniform"",\n        ""x0"": 0\n    },\n    ""net"": {\n        ""additional_params"": {\n            ""lanes"": 1,\n            ""radius_ring"": 30,\n            ""resolution"": 40,\n            ""speed_limit"": 30\n        },\n        ""inflows"": {\n            ""_InFlows__flows"": [],\n            ""num_flows"": 0\n        },\n        ""netfile"": null,\n        ""no_internal_links"": false,\n        ""osm_path"": null\n    },\n    ""scenario"": ""Figure8Scenario"",\n    ""sim"": {\n        ""emission_path"": null,\n        ""lateral_resolution"": null,\n        ""no_step_log"": true,\n        ""num_clients"": 1,\n        ""overtake_right"": false,\n        ""port"": null,\n        ""print_warnings"": true,\n        ""pxpm"": 2,\n        ""render"": false,\n        ""restart_instance"": false,\n        ""save_render"": false,\n        ""seed"": null,\n        ""show_radius"": false,\n        ""sight_radius"": 25,\n        ""sim_step"": 0.1,\n        ""teleport_time"": -1\n    },\n    ""simulator"": ""traci"",\n    ""veh"": [\n        {\n            ""acceleration_controller"": [\n                ""IDMController"",\n                {\n                    ""noise"": 0.2\n                }\n            ],\n            ""car_following_params"": {\n                ""controller_params"": {\n                    ""accel"": 1.0,\n                    ""carFollowModel"": ""IDM"",\n                    ""decel"": 1.5,\n                    ""impatience"": 0.5,\n                    ""maxSpeed"": 30,\n                    ""minGap"": 2.5,\n                    ""sigma"": 0.5,\n                    ""speedDev"": 0.1,\n                    ""speedFactor"": 1.0,\n                    ""tau"": 1.0\n                },\n                ""speed_mode"": 1\n            },\n            ""initial_speed"": 0,\n            ""lane_change_controller"": [\n                ""SimLaneChangeController"",\n                {}\n            ],\n            ""lane_change_params"": {\n                ""controller_params"": {\n                    ""laneChangeModel"": ""LC2013"",\n                    ""lcCooperative"": ""1.0"",\n                    ""lcKeepRight"": ""1.0"",\n                    ""lcSpeedGain"": ""1.0"",\n                    ""lcStrategic"": ""1.0""\n                },\n                ""lane_change_mode"": 512\n            },\n            ""num_vehicles"": 13,\n            ""routing_controller"": [\n                ""ContinuousRouter"",\n                {}\n            ],\n            ""veh_id"": ""human""\n        },\n        {\n            ""acceleration_controller"": [\n                ""RLController"",\n                {}\n            ],\n            ""car_following_params"": {\n                ""controller_params"": {\n                    ""accel"": 1.0,\n                    ""carFollowModel"": ""IDM"",\n                    ""decel"": 1.5,\n                    ""impatience"": 0.5,\n                    ""maxSpeed"": 30,\n                    ""minGap"": 2.5,\n                    ""sigma"": 0.5,\n                    ""speedDev"": 0.1,\n                    ""speedFactor"": 1.0,\n                    ""tau"": 1.0\n                },\n                ""speed_mode"": 1\n            },\n            ""initial_speed"": 0,\n            ""lane_change_controller"": [\n                ""SimLaneChangeController"",\n                {}\n            ],\n            ""lane_change_params"": {\n                ""controller_params"": {\n                    ""laneChangeModel"": ""LC2013"",\n                    ""lcCooperative"": ""1.0"",\n                    ""lcKeepRight"": ""1.0"",\n                    ""lcSpeedGain"": ""1.0"",\n                    ""lcStrategic"": ""1.0""\n                },\n                ""lane_change_mode"": 512\n            },\n            ""num_vehicles"": 1,\n            ""routing_controller"": [\n                ""ContinuousRouter"",\n                {}\n            ],\n            ""veh_id"": ""rl""\n        }\n    ]\n}'}, 'env': 'AccelEnv-v0', 'local_evaluator_tf_session_args': {'inter_op_parallelism_threads': 8, 'intra_op_parallelism_threads': 8}, 'model': {'free_log_std': False, 'custom_options': {}, 'framestack': True, 'channel_major': False, 'max_seq_len': 20, 'lstm_use_prev_action_reward': False, 'squash_to_range': False, 'dim': 84, 'grayscale': False, 'fcnet_hiddens': [100, 50, 25], 'use_lstm': False, 'custom_model': None, 'fcnet_activation': 'tanh', 'conv_filters': None, 'conv_activation': 'relu', 'lstm_cell_size': 256, 'zero_mean': True, 'custom_preprocessor': None}, 'output_compress_columns': ['obs', 'new_obs'], 'monitor': False, 'custom_resources_per_worker': {}, 'output_max_file_size': 67108864, 'num_workers': 1, 'clip_param': 0.3, 'kl_coeff': 0.2, 'multiagent': {'policy_graphs': {}, 'policy_mapping_fn': None, 'policies_to_train': None}, 'input_evaluation': None, 'output': None, 'collect_metrics_timeout': 180, 'num_cpus_per_worker': 1}",169.237.32.118,1,1167.17,9.97009563446045,"{'num_steps_sampled': 251200, 'load_time_ms': 1.158, 'default': {'kl': 0.023375874385237694, 'cur_lr': 0.0005000000237487257, 'total_loss': 0.7298935055732727, 'policy_loss': -0.02895582653582096, 'vf_explained_var': 0.9836397171020508, 'entropy': 1.583601951599121, 'cur_kl_coeff': 0.2164880782365799, 'vf_loss': 0.7537887096405029}, 'sample_time_ms': 9593.107, 'grad_time_ms': 273.236, 'update_time_ms': 4.78, 'num_steps_trained': 251200}",326.3854302707395,2019-04-02_08-02-47,kronos,71,251200,0,1557.7006540298462,{},251200,157,157,1557.7006540298462,492.9053705317178,1600,1554192167,{},0b32d2eec3344b1fbde4822793b2e447,66.4306665637337
False,206,"{'input': 'sampler', 'callbacks': {'on_train_result': None, 'on_sample_end': None, 'on_episode_step': None, 'on_episode_start': None, 'on_episode_end': None}, 'sample_batch_size': 200, 'clip_actions': False, 'clip_rewards': None, 'tf_session_args': {'inter_op_parallelism_threads': 2, 'intra_op_parallelism_threads': 2, 'device_count': {'CPU': 1}, 'log_device_placement': False, 'allow_soft_placement': True, 'gpu_options': {'allow_growth': True}}, 'kl_target': 0.01, 'horizon': 1500, 'lr': 0.0005, 'sample_async': False, 'simple_optimizer': False, 'compress_observations': False, 'num_envs_per_worker': 1, 'gamma': 0.99, 'sgd_minibatch_size': 128, 'observation_filter': 'NoFilter', 'entropy_coeff': 0.0, 'batch_mode': 'truncate_episodes', 'straggler_mitigation': False, 'vf_share_layers': False, 'num_gpus': 0, 'synchronize_filters': True, 'num_sgd_iter': 10, 'train_batch_size': 1500, 'optimizer': {}, 'num_gpus_per_worker': 0, 'preprocessor_pref': 'deepmind', 'num_cpus_for_driver': 1, 'lr_schedule': None, 'use_gae': True, 'lambda': 0.97, 'vf_loss_coeff': 1.0, 'vf_clip_param': 1000000.0, 'log_level': 'INFO', 'env_config': {'run': 'PPO', 'flow_params': '{\n    ""env"": {\n        ""additional_params"": {\n            ""max_accel"": 3,\n            ""max_decel"": 3,\n            ""sort_vehicles"": false,\n            ""target_velocity"": 20\n        },\n        ""evaluate"": false,\n        ""horizon"": 1500,\n        ""sims_per_step"": 1,\n        ""warmup_steps"": 0\n    },\n    ""env_name"": ""AccelEnv"",\n    ""exp_tag"": ""figure_eight_0"",\n    ""initial"": {\n        ""additional_params"": {},\n        ""bunching"": 0,\n        ""edges_distribution"": ""all"",\n        ""lanes_distribution"": Infinity,\n        ""min_gap"": 0,\n        ""perturbation"": 0.0,\n        ""shuffle"": false,\n        ""spacing"": ""uniform"",\n        ""x0"": 0\n    },\n    ""net"": {\n        ""additional_params"": {\n            ""lanes"": 1,\n            ""radius_ring"": 30,\n            ""resolution"": 40,\n            ""speed_limit"": 30\n        },\n        ""inflows"": {\n            ""_InFlows__flows"": [],\n            ""num_flows"": 0\n        },\n        ""netfile"": null,\n        ""no_internal_links"": false,\n        ""osm_path"": null\n    },\n    ""scenario"": ""Figure8Scenario"",\n    ""sim"": {\n        ""emission_path"": null,\n        ""lateral_resolution"": null,\n        ""no_step_log"": true,\n        ""num_clients"": 1,\n        ""overtake_right"": false,\n        ""port"": null,\n        ""print_warnings"": true,\n        ""pxpm"": 2,\n        ""render"": false,\n        ""restart_instance"": false,\n        ""save_render"": false,\n        ""seed"": null,\n        ""show_radius"": false,\n        ""sight_radius"": 25,\n        ""sim_step"": 0.1,\n        ""teleport_time"": -1\n    },\n    ""simulator"": ""traci"",\n    ""veh"": [\n        {\n            ""acceleration_controller"": [\n                ""IDMController"",\n                {\n                    ""noise"": 0.2\n                }\n            ],\n            ""car_following_params"": {\n                ""controller_params"": {\n                    ""accel"": 1.0,\n                    ""carFollowModel"": ""IDM"",\n                    ""decel"": 1.5,\n                    ""impatience"": 0.5,\n                    ""maxSpeed"": 30,\n                    ""minGap"": 2.5,\n                    ""sigma"": 0.5,\n                    ""speedDev"": 0.1,\n                    ""speedFactor"": 1.0,\n                    ""tau"": 1.0\n                },\n                ""speed_mode"": 1\n            },\n            ""initial_speed"": 0,\n            ""lane_change_controller"": [\n                ""SimLaneChangeController"",\n                {}\n            ],\n            ""lane_change_params"": {\n                ""controller_params"": {\n                    ""laneChangeModel"": ""LC2013"",\n                    ""lcCooperative"": ""1.0"",\n                    ""lcKeepRight"": ""1.0"",\n                    ""lcSpeedGain"": ""1.0"",\n                    ""lcStrategic"": ""1.0""\n                },\n                ""lane_change_mode"": 512\n            },\n            ""num_vehicles"": 13,\n            ""routing_controller"": [\n                ""ContinuousRouter"",\n                {}\n            ],\n            ""veh_id"": ""human""\n        },\n        {\n            ""acceleration_controller"": [\n                ""RLController"",\n                {}\n            ],\n            ""car_following_params"": {\n                ""controller_params"": {\n                    ""accel"": 1.0,\n                    ""carFollowModel"": ""IDM"",\n                    ""decel"": 1.5,\n                    ""impatience"": 0.5,\n                    ""maxSpeed"": 30,\n                    ""minGap"": 2.5,\n                    ""sigma"": 0.5,\n                    ""speedDev"": 0.1,\n                    ""speedFactor"": 1.0,\n                    ""tau"": 1.0\n                },\n                ""speed_mode"": 1\n            },\n            ""initial_speed"": 0,\n            ""lane_change_controller"": [\n                ""SimLaneChangeController"",\n                {}\n            ],\n            ""lane_change_params"": {\n                ""controller_params"": {\n                    ""laneChangeModel"": ""LC2013"",\n                    ""lcCooperative"": ""1.0"",\n                    ""lcKeepRight"": ""1.0"",\n                    ""lcSpeedGain"": ""1.0"",\n                    ""lcStrategic"": ""1.0""\n                },\n                ""lane_change_mode"": 512\n            },\n            ""num_vehicles"": 1,\n            ""routing_controller"": [\n                ""ContinuousRouter"",\n                {}\n            ],\n            ""veh_id"": ""rl""\n        }\n    ]\n}'}, 'env': 'AccelEnv-v0', 'local_evaluator_tf_session_args': {'inter_op_parallelism_threads': 8, 'intra_op_parallelism_threads': 8}, 'model': {'free_log_std': False, 'custom_options': {}, 'framestack': True, 'channel_major': False, 'max_seq_len': 20, 'lstm_use_prev_action_reward': False, 'squash_to_range': False, 'dim': 84, 'grayscale': False, 'fcnet_hiddens': [100, 50, 25], 'use_lstm': False, 'custom_model': None, 'fcnet_activation': 'tanh', 'conv_filters': None, 'conv_activation': 'relu', 'lstm_cell_size': 256, 'zero_mean': True, 'custom_preprocessor': None}, 'output_compress_columns': ['obs', 'new_obs'], 'monitor': False, 'custom_resources_per_worker': {}, 'output_max_file_size': 67108864, 'num_workers': 1, 'clip_param': 0.3, 'kl_coeff': 0.2, 'multiagent': {'policy_graphs': {}, 'policy_mapping_fn': None, 'policies_to_train': None}, 'input_evaluation': None, 'output': None, 'collect_metrics_timeout': 180, 'num_cpus_per_worker': 1}",169.237.32.118,1,1167.17,9.968105792999268,"{'num_steps_sampled': 252800, 'load_time_ms': 1.169, 'default': {'kl': 0.007966485805809498, 'cur_lr': 0.0005000000237487257, 'total_loss': 2.5946388244628906, 'policy_loss': -0.006853356957435608, 'vf_explained_var': 0.8750669956207275, 'entropy': 1.5330396890640259, 'cur_kl_coeff': 0.32473209500312805, 'vf_loss': 2.598905324935913}, 'sample_time_ms': 9599.587, 'grad_time_ms': 271.482, 'update_time_ms': 4.749, 'num_steps_trained': 252800}",326.30038452343723,2019-04-02_08-02-57,kronos,71,252800,0,1567.6687598228455,{},252800,158,158,1567.6687598228455,492.9053705317178,1600,1554192177,{},0b32d2eec3344b1fbde4822793b2e447,66.4306665637337
False,208,"{'input': 'sampler', 'callbacks': {'on_train_result': None, 'on_sample_end': None, 'on_episode_step': None, 'on_episode_start': None, 'on_episode_end': None}, 'sample_batch_size': 200, 'clip_actions': False, 'clip_rewards': None, 'tf_session_args': {'inter_op_parallelism_threads': 2, 'intra_op_parallelism_threads': 2, 'device_count': {'CPU': 1}, 'log_device_placement': False, 'allow_soft_placement': True, 'gpu_options': {'allow_growth': True}}, 'kl_target': 0.01, 'horizon': 1500, 'lr': 0.0005, 'sample_async': False, 'simple_optimizer': False, 'compress_observations': False, 'num_envs_per_worker': 1, 'gamma': 0.99, 'sgd_minibatch_size': 128, 'observation_filter': 'NoFilter', 'entropy_coeff': 0.0, 'batch_mode': 'truncate_episodes', 'straggler_mitigation': False, 'vf_share_layers': False, 'num_gpus': 0, 'synchronize_filters': True, 'num_sgd_iter': 10, 'train_batch_size': 1500, 'optimizer': {}, 'num_gpus_per_worker': 0, 'preprocessor_pref': 'deepmind', 'num_cpus_for_driver': 1, 'lr_schedule': None, 'use_gae': True, 'lambda': 0.97, 'vf_loss_coeff': 1.0, 'vf_clip_param': 1000000.0, 'log_level': 'INFO', 'env_config': {'run': 'PPO', 'flow_params': '{\n    ""env"": {\n        ""additional_params"": {\n            ""max_accel"": 3,\n            ""max_decel"": 3,\n            ""sort_vehicles"": false,\n            ""target_velocity"": 20\n        },\n        ""evaluate"": false,\n        ""horizon"": 1500,\n        ""sims_per_step"": 1,\n        ""warmup_steps"": 0\n    },\n    ""env_name"": ""AccelEnv"",\n    ""exp_tag"": ""figure_eight_0"",\n    ""initial"": {\n        ""additional_params"": {},\n        ""bunching"": 0,\n        ""edges_distribution"": ""all"",\n        ""lanes_distribution"": Infinity,\n        ""min_gap"": 0,\n        ""perturbation"": 0.0,\n        ""shuffle"": false,\n        ""spacing"": ""uniform"",\n        ""x0"": 0\n    },\n    ""net"": {\n        ""additional_params"": {\n            ""lanes"": 1,\n            ""radius_ring"": 30,\n            ""resolution"": 40,\n            ""speed_limit"": 30\n        },\n        ""inflows"": {\n            ""_InFlows__flows"": [],\n            ""num_flows"": 0\n        },\n        ""netfile"": null,\n        ""no_internal_links"": false,\n        ""osm_path"": null\n    },\n    ""scenario"": ""Figure8Scenario"",\n    ""sim"": {\n        ""emission_path"": null,\n        ""lateral_resolution"": null,\n        ""no_step_log"": true,\n        ""num_clients"": 1,\n        ""overtake_right"": false,\n        ""port"": null,\n        ""print_warnings"": true,\n        ""pxpm"": 2,\n        ""render"": false,\n        ""restart_instance"": false,\n        ""save_render"": false,\n        ""seed"": null,\n        ""show_radius"": false,\n        ""sight_radius"": 25,\n        ""sim_step"": 0.1,\n        ""teleport_time"": -1\n    },\n    ""simulator"": ""traci"",\n    ""veh"": [\n        {\n            ""acceleration_controller"": [\n                ""IDMController"",\n                {\n                    ""noise"": 0.2\n                }\n            ],\n            ""car_following_params"": {\n                ""controller_params"": {\n                    ""accel"": 1.0,\n                    ""carFollowModel"": ""IDM"",\n                    ""decel"": 1.5,\n                    ""impatience"": 0.5,\n                    ""maxSpeed"": 30,\n                    ""minGap"": 2.5,\n                    ""sigma"": 0.5,\n                    ""speedDev"": 0.1,\n                    ""speedFactor"": 1.0,\n                    ""tau"": 1.0\n                },\n                ""speed_mode"": 1\n            },\n            ""initial_speed"": 0,\n            ""lane_change_controller"": [\n                ""SimLaneChangeController"",\n                {}\n            ],\n            ""lane_change_params"": {\n                ""controller_params"": {\n                    ""laneChangeModel"": ""LC2013"",\n                    ""lcCooperative"": ""1.0"",\n                    ""lcKeepRight"": ""1.0"",\n                    ""lcSpeedGain"": ""1.0"",\n                    ""lcStrategic"": ""1.0""\n                },\n                ""lane_change_mode"": 512\n            },\n            ""num_vehicles"": 13,\n            ""routing_controller"": [\n                ""ContinuousRouter"",\n                {}\n            ],\n            ""veh_id"": ""human""\n        },\n        {\n            ""acceleration_controller"": [\n                ""RLController"",\n                {}\n            ],\n            ""car_following_params"": {\n                ""controller_params"": {\n                    ""accel"": 1.0,\n                    ""carFollowModel"": ""IDM"",\n                    ""decel"": 1.5,\n                    ""impatience"": 0.5,\n                    ""maxSpeed"": 30,\n                    ""minGap"": 2.5,\n                    ""sigma"": 0.5,\n                    ""speedDev"": 0.1,\n                    ""speedFactor"": 1.0,\n                    ""tau"": 1.0\n                },\n                ""speed_mode"": 1\n            },\n            ""initial_speed"": 0,\n            ""lane_change_controller"": [\n                ""SimLaneChangeController"",\n                {}\n            ],\n            ""lane_change_params"": {\n                ""controller_params"": {\n                    ""laneChangeModel"": ""LC2013"",\n                    ""lcCooperative"": ""1.0"",\n                    ""lcKeepRight"": ""1.0"",\n                    ""lcSpeedGain"": ""1.0"",\n                    ""lcStrategic"": ""1.0""\n                },\n                ""lane_change_mode"": 512\n            },\n            ""num_vehicles"": 1,\n            ""routing_controller"": [\n                ""ContinuousRouter"",\n                {}\n            ],\n            ""veh_id"": ""rl""\n        }\n    ]\n}'}, 'env': 'AccelEnv-v0', 'local_evaluator_tf_session_args': {'inter_op_parallelism_threads': 8, 'intra_op_parallelism_threads': 8}, 'model': {'free_log_std': False, 'custom_options': {}, 'framestack': True, 'channel_major': False, 'max_seq_len': 20, 'lstm_use_prev_action_reward': False, 'squash_to_range': False, 'dim': 84, 'grayscale': False, 'fcnet_hiddens': [100, 50, 25], 'use_lstm': False, 'custom_model': None, 'fcnet_activation': 'tanh', 'conv_filters': None, 'conv_activation': 'relu', 'lstm_cell_size': 256, 'zero_mean': True, 'custom_preprocessor': None}, 'output_compress_columns': ['obs', 'new_obs'], 'monitor': False, 'custom_resources_per_worker': {}, 'output_max_file_size': 67108864, 'num_workers': 1, 'clip_param': 0.3, 'kl_coeff': 0.2, 'multiagent': {'policy_graphs': {}, 'policy_mapping_fn': None, 'policies_to_train': None}, 'input_evaluation': None, 'output': None, 'collect_metrics_timeout': 180, 'num_cpus_per_worker': 1}",169.237.32.118,2,1157.36,9.8301100730896,"{'num_steps_sampled': 254400, 'load_time_ms': 1.194, 'default': {'kl': 0.030857624486088753, 'cur_lr': 0.0005000000237487257, 'total_loss': 1.3489294052124023, 'policy_loss': -0.02775655686855316, 'vf_explained_var': 0.9677339196205139, 'entropy': 1.4418574571609497, 'cur_kl_coeff': 0.32473209500312805, 'vf_loss': 1.3666654825210571}, 'sample_time_ms': 9599.096, 'grad_time_ms': 270.238, 'update_time_ms': 4.656, 'num_steps_trained': 254400}",324.0244705835959,2019-04-02_08-03-07,kronos,71,254400,0,1577.498869895935,{},254400,159,159,1577.498869895935,492.9053705317178,1600,1554192187,{},0b32d2eec3344b1fbde4822793b2e447,66.4306665637337
False,209,"{'input': 'sampler', 'callbacks': {'on_train_result': None, 'on_sample_end': None, 'on_episode_step': None, 'on_episode_start': None, 'on_episode_end': None}, 'sample_batch_size': 200, 'clip_actions': False, 'clip_rewards': None, 'tf_session_args': {'inter_op_parallelism_threads': 2, 'intra_op_parallelism_threads': 2, 'device_count': {'CPU': 1}, 'log_device_placement': False, 'allow_soft_placement': True, 'gpu_options': {'allow_growth': True}}, 'kl_target': 0.01, 'horizon': 1500, 'lr': 0.0005, 'sample_async': False, 'simple_optimizer': False, 'compress_observations': False, 'num_envs_per_worker': 1, 'gamma': 0.99, 'sgd_minibatch_size': 128, 'observation_filter': 'NoFilter', 'entropy_coeff': 0.0, 'batch_mode': 'truncate_episodes', 'straggler_mitigation': False, 'vf_share_layers': False, 'num_gpus': 0, 'synchronize_filters': True, 'num_sgd_iter': 10, 'train_batch_size': 1500, 'optimizer': {}, 'num_gpus_per_worker': 0, 'preprocessor_pref': 'deepmind', 'num_cpus_for_driver': 1, 'lr_schedule': None, 'use_gae': True, 'lambda': 0.97, 'vf_loss_coeff': 1.0, 'vf_clip_param': 1000000.0, 'log_level': 'INFO', 'env_config': {'run': 'PPO', 'flow_params': '{\n    ""env"": {\n        ""additional_params"": {\n            ""max_accel"": 3,\n            ""max_decel"": 3,\n            ""sort_vehicles"": false,\n            ""target_velocity"": 20\n        },\n        ""evaluate"": false,\n        ""horizon"": 1500,\n        ""sims_per_step"": 1,\n        ""warmup_steps"": 0\n    },\n    ""env_name"": ""AccelEnv"",\n    ""exp_tag"": ""figure_eight_0"",\n    ""initial"": {\n        ""additional_params"": {},\n        ""bunching"": 0,\n        ""edges_distribution"": ""all"",\n        ""lanes_distribution"": Infinity,\n        ""min_gap"": 0,\n        ""perturbation"": 0.0,\n        ""shuffle"": false,\n        ""spacing"": ""uniform"",\n        ""x0"": 0\n    },\n    ""net"": {\n        ""additional_params"": {\n            ""lanes"": 1,\n            ""radius_ring"": 30,\n            ""resolution"": 40,\n            ""speed_limit"": 30\n        },\n        ""inflows"": {\n            ""_InFlows__flows"": [],\n            ""num_flows"": 0\n        },\n        ""netfile"": null,\n        ""no_internal_links"": false,\n        ""osm_path"": null\n    },\n    ""scenario"": ""Figure8Scenario"",\n    ""sim"": {\n        ""emission_path"": null,\n        ""lateral_resolution"": null,\n        ""no_step_log"": true,\n        ""num_clients"": 1,\n        ""overtake_right"": false,\n        ""port"": null,\n        ""print_warnings"": true,\n        ""pxpm"": 2,\n        ""render"": false,\n        ""restart_instance"": false,\n        ""save_render"": false,\n        ""seed"": null,\n        ""show_radius"": false,\n        ""sight_radius"": 25,\n        ""sim_step"": 0.1,\n        ""teleport_time"": -1\n    },\n    ""simulator"": ""traci"",\n    ""veh"": [\n        {\n            ""acceleration_controller"": [\n                ""IDMController"",\n                {\n                    ""noise"": 0.2\n                }\n            ],\n            ""car_following_params"": {\n                ""controller_params"": {\n                    ""accel"": 1.0,\n                    ""carFollowModel"": ""IDM"",\n                    ""decel"": 1.5,\n                    ""impatience"": 0.5,\n                    ""maxSpeed"": 30,\n                    ""minGap"": 2.5,\n                    ""sigma"": 0.5,\n                    ""speedDev"": 0.1,\n                    ""speedFactor"": 1.0,\n                    ""tau"": 1.0\n                },\n                ""speed_mode"": 1\n            },\n            ""initial_speed"": 0,\n            ""lane_change_controller"": [\n                ""SimLaneChangeController"",\n                {}\n            ],\n            ""lane_change_params"": {\n                ""controller_params"": {\n                    ""laneChangeModel"": ""LC2013"",\n                    ""lcCooperative"": ""1.0"",\n                    ""lcKeepRight"": ""1.0"",\n                    ""lcSpeedGain"": ""1.0"",\n                    ""lcStrategic"": ""1.0""\n                },\n                ""lane_change_mode"": 512\n            },\n            ""num_vehicles"": 13,\n            ""routing_controller"": [\n                ""ContinuousRouter"",\n                {}\n            ],\n            ""veh_id"": ""human""\n        },\n        {\n            ""acceleration_controller"": [\n                ""RLController"",\n                {}\n            ],\n            ""car_following_params"": {\n                ""controller_params"": {\n                    ""accel"": 1.0,\n                    ""carFollowModel"": ""IDM"",\n                    ""decel"": 1.5,\n                    ""impatience"": 0.5,\n                    ""maxSpeed"": 30,\n                    ""minGap"": 2.5,\n                    ""sigma"": 0.5,\n                    ""speedDev"": 0.1,\n                    ""speedFactor"": 1.0,\n                    ""tau"": 1.0\n                },\n                ""speed_mode"": 1\n            },\n            ""initial_speed"": 0,\n            ""lane_change_controller"": [\n                ""SimLaneChangeController"",\n                {}\n            ],\n            ""lane_change_params"": {\n                ""controller_params"": {\n                    ""laneChangeModel"": ""LC2013"",\n                    ""lcCooperative"": ""1.0"",\n                    ""lcKeepRight"": ""1.0"",\n                    ""lcSpeedGain"": ""1.0"",\n                    ""lcStrategic"": ""1.0""\n                },\n                ""lane_change_mode"": 512\n            },\n            ""num_vehicles"": 1,\n            ""routing_controller"": [\n                ""ContinuousRouter"",\n                {}\n            ],\n            ""veh_id"": ""rl""\n        }\n    ]\n}'}, 'env': 'AccelEnv-v0', 'local_evaluator_tf_session_args': {'inter_op_parallelism_threads': 8, 'intra_op_parallelism_threads': 8}, 'model': {'free_log_std': False, 'custom_options': {}, 'framestack': True, 'channel_major': False, 'max_seq_len': 20, 'lstm_use_prev_action_reward': False, 'squash_to_range': False, 'dim': 84, 'grayscale': False, 'fcnet_hiddens': [100, 50, 25], 'use_lstm': False, 'custom_model': None, 'fcnet_activation': 'tanh', 'conv_filters': None, 'conv_activation': 'relu', 'lstm_cell_size': 256, 'zero_mean': True, 'custom_preprocessor': None}, 'output_compress_columns': ['obs', 'new_obs'], 'monitor': False, 'custom_resources_per_worker': {}, 'output_max_file_size': 67108864, 'num_workers': 1, 'clip_param': 0.3, 'kl_coeff': 0.2, 'multiagent': {'policy_graphs': {}, 'policy_mapping_fn': None, 'policies_to_train': None}, 'input_evaluation': None, 'output': None, 'collect_metrics_timeout': 180, 'num_cpus_per_worker': 1}",169.237.32.118,1,1159.19,9.977612018585205,"{'num_steps_sampled': 256000, 'load_time_ms': 1.196, 'default': {'kl': 0.0130731500685215, 'cur_lr': 0.0005000000237487257, 'total_loss': 1.3503707647323608, 'policy_loss': -0.004750530701130629, 'vf_explained_var': 0.963886022567749, 'entropy': 1.5954809188842773, 'cur_kl_coeff': 0.48709818720817566, 'vf_loss': 1.3487534523010254}, 'sample_time_ms': 9622.387, 'grad_time_ms': 270.697, 'update_time_ms': 4.488, 'num_steps_trained': 256000}",324.4810015770616,2019-04-02_08-03-17,kronos,71,256000,0,1587.4764819145203,{},256000,160,160,1587.4764819145203,492.9053705317178,1600,1554192197,{},0b32d2eec3344b1fbde4822793b2e447,66.4306665637337
False,210,"{'input': 'sampler', 'callbacks': {'on_train_result': None, 'on_sample_end': None, 'on_episode_step': None, 'on_episode_start': None, 'on_episode_end': None}, 'sample_batch_size': 200, 'clip_actions': False, 'clip_rewards': None, 'tf_session_args': {'inter_op_parallelism_threads': 2, 'intra_op_parallelism_threads': 2, 'device_count': {'CPU': 1}, 'log_device_placement': False, 'allow_soft_placement': True, 'gpu_options': {'allow_growth': True}}, 'kl_target': 0.01, 'horizon': 1500, 'lr': 0.0005, 'sample_async': False, 'simple_optimizer': False, 'compress_observations': False, 'num_envs_per_worker': 1, 'gamma': 0.99, 'sgd_minibatch_size': 128, 'observation_filter': 'NoFilter', 'entropy_coeff': 0.0, 'batch_mode': 'truncate_episodes', 'straggler_mitigation': False, 'vf_share_layers': False, 'num_gpus': 0, 'synchronize_filters': True, 'num_sgd_iter': 10, 'train_batch_size': 1500, 'optimizer': {}, 'num_gpus_per_worker': 0, 'preprocessor_pref': 'deepmind', 'num_cpus_for_driver': 1, 'lr_schedule': None, 'use_gae': True, 'lambda': 0.97, 'vf_loss_coeff': 1.0, 'vf_clip_param': 1000000.0, 'log_level': 'INFO', 'env_config': {'run': 'PPO', 'flow_params': '{\n    ""env"": {\n        ""additional_params"": {\n            ""max_accel"": 3,\n            ""max_decel"": 3,\n            ""sort_vehicles"": false,\n            ""target_velocity"": 20\n        },\n        ""evaluate"": false,\n        ""horizon"": 1500,\n        ""sims_per_step"": 1,\n        ""warmup_steps"": 0\n    },\n    ""env_name"": ""AccelEnv"",\n    ""exp_tag"": ""figure_eight_0"",\n    ""initial"": {\n        ""additional_params"": {},\n        ""bunching"": 0,\n        ""edges_distribution"": ""all"",\n        ""lanes_distribution"": Infinity,\n        ""min_gap"": 0,\n        ""perturbation"": 0.0,\n        ""shuffle"": false,\n        ""spacing"": ""uniform"",\n        ""x0"": 0\n    },\n    ""net"": {\n        ""additional_params"": {\n            ""lanes"": 1,\n            ""radius_ring"": 30,\n            ""resolution"": 40,\n            ""speed_limit"": 30\n        },\n        ""inflows"": {\n            ""_InFlows__flows"": [],\n            ""num_flows"": 0\n        },\n        ""netfile"": null,\n        ""no_internal_links"": false,\n        ""osm_path"": null\n    },\n    ""scenario"": ""Figure8Scenario"",\n    ""sim"": {\n        ""emission_path"": null,\n        ""lateral_resolution"": null,\n        ""no_step_log"": true,\n        ""num_clients"": 1,\n        ""overtake_right"": false,\n        ""port"": null,\n        ""print_warnings"": true,\n        ""pxpm"": 2,\n        ""render"": false,\n        ""restart_instance"": false,\n        ""save_render"": false,\n        ""seed"": null,\n        ""show_radius"": false,\n        ""sight_radius"": 25,\n        ""sim_step"": 0.1,\n        ""teleport_time"": -1\n    },\n    ""simulator"": ""traci"",\n    ""veh"": [\n        {\n            ""acceleration_controller"": [\n                ""IDMController"",\n                {\n                    ""noise"": 0.2\n                }\n            ],\n            ""car_following_params"": {\n                ""controller_params"": {\n                    ""accel"": 1.0,\n                    ""carFollowModel"": ""IDM"",\n                    ""decel"": 1.5,\n                    ""impatience"": 0.5,\n                    ""maxSpeed"": 30,\n                    ""minGap"": 2.5,\n                    ""sigma"": 0.5,\n                    ""speedDev"": 0.1,\n                    ""speedFactor"": 1.0,\n                    ""tau"": 1.0\n                },\n                ""speed_mode"": 1\n            },\n            ""initial_speed"": 0,\n            ""lane_change_controller"": [\n                ""SimLaneChangeController"",\n                {}\n            ],\n            ""lane_change_params"": {\n                ""controller_params"": {\n                    ""laneChangeModel"": ""LC2013"",\n                    ""lcCooperative"": ""1.0"",\n                    ""lcKeepRight"": ""1.0"",\n                    ""lcSpeedGain"": ""1.0"",\n                    ""lcStrategic"": ""1.0""\n                },\n                ""lane_change_mode"": 512\n            },\n            ""num_vehicles"": 13,\n            ""routing_controller"": [\n                ""ContinuousRouter"",\n                {}\n            ],\n            ""veh_id"": ""human""\n        },\n        {\n            ""acceleration_controller"": [\n                ""RLController"",\n                {}\n            ],\n            ""car_following_params"": {\n                ""controller_params"": {\n                    ""accel"": 1.0,\n                    ""carFollowModel"": ""IDM"",\n                    ""decel"": 1.5,\n                    ""impatience"": 0.5,\n                    ""maxSpeed"": 30,\n                    ""minGap"": 2.5,\n                    ""sigma"": 0.5,\n                    ""speedDev"": 0.1,\n                    ""speedFactor"": 1.0,\n                    ""tau"": 1.0\n                },\n                ""speed_mode"": 1\n            },\n            ""initial_speed"": 0,\n            ""lane_change_controller"": [\n                ""SimLaneChangeController"",\n                {}\n            ],\n            ""lane_change_params"": {\n                ""controller_params"": {\n                    ""laneChangeModel"": ""LC2013"",\n                    ""lcCooperative"": ""1.0"",\n                    ""lcKeepRight"": ""1.0"",\n                    ""lcSpeedGain"": ""1.0"",\n                    ""lcStrategic"": ""1.0""\n                },\n                ""lane_change_mode"": 512\n            },\n            ""num_vehicles"": 1,\n            ""routing_controller"": [\n                ""ContinuousRouter"",\n                {}\n            ],\n            ""veh_id"": ""rl""\n        }\n    ]\n}'}, 'env': 'AccelEnv-v0', 'local_evaluator_tf_session_args': {'inter_op_parallelism_threads': 8, 'intra_op_parallelism_threads': 8}, 'model': {'free_log_std': False, 'custom_options': {}, 'framestack': True, 'channel_major': False, 'max_seq_len': 20, 'lstm_use_prev_action_reward': False, 'squash_to_range': False, 'dim': 84, 'grayscale': False, 'fcnet_hiddens': [100, 50, 25], 'use_lstm': False, 'custom_model': None, 'fcnet_activation': 'tanh', 'conv_filters': None, 'conv_activation': 'relu', 'lstm_cell_size': 256, 'zero_mean': True, 'custom_preprocessor': None}, 'output_compress_columns': ['obs', 'new_obs'], 'monitor': False, 'custom_resources_per_worker': {}, 'output_max_file_size': 67108864, 'num_workers': 1, 'clip_param': 0.3, 'kl_coeff': 0.2, 'multiagent': {'policy_graphs': {}, 'policy_mapping_fn': None, 'policies_to_train': None}, 'input_evaluation': None, 'output': None, 'collect_metrics_timeout': 180, 'num_cpus_per_worker': 1}",169.237.32.118,1,1159.19,9.854501247406006,"{'num_steps_sampled': 257600, 'load_time_ms': 1.212, 'default': {'kl': 0.013463042676448822, 'cur_lr': 0.0005000000237487257, 'total_loss': 1.804337501525879, 'policy_loss': -0.024323811754584312, 'vf_explained_var': 0.9834204316139221, 'entropy': 1.6097370386123657, 'cur_kl_coeff': 0.48709818720817566, 'vf_loss': 1.822103500366211}, 'sample_time_ms': 9620.578, 'grad_time_ms': 271.914, 'update_time_ms': 4.423, 'num_steps_trained': 257600}",325.1346383974445,2019-04-02_08-03-26,kronos,71,257600,0,1597.3309831619263,{},257600,161,161,1597.3309831619263,492.9053705317178,1600,1554192206,{},0b32d2eec3344b1fbde4822793b2e447,66.4306665637337
False,212,"{'input': 'sampler', 'callbacks': {'on_train_result': None, 'on_sample_end': None, 'on_episode_step': None, 'on_episode_start': None, 'on_episode_end': None}, 'sample_batch_size': 200, 'clip_actions': False, 'clip_rewards': None, 'tf_session_args': {'inter_op_parallelism_threads': 2, 'intra_op_parallelism_threads': 2, 'device_count': {'CPU': 1}, 'log_device_placement': False, 'allow_soft_placement': True, 'gpu_options': {'allow_growth': True}}, 'kl_target': 0.01, 'horizon': 1500, 'lr': 0.0005, 'sample_async': False, 'simple_optimizer': False, 'compress_observations': False, 'num_envs_per_worker': 1, 'gamma': 0.99, 'sgd_minibatch_size': 128, 'observation_filter': 'NoFilter', 'entropy_coeff': 0.0, 'batch_mode': 'truncate_episodes', 'straggler_mitigation': False, 'vf_share_layers': False, 'num_gpus': 0, 'synchronize_filters': True, 'num_sgd_iter': 10, 'train_batch_size': 1500, 'optimizer': {}, 'num_gpus_per_worker': 0, 'preprocessor_pref': 'deepmind', 'num_cpus_for_driver': 1, 'lr_schedule': None, 'use_gae': True, 'lambda': 0.97, 'vf_loss_coeff': 1.0, 'vf_clip_param': 1000000.0, 'log_level': 'INFO', 'env_config': {'run': 'PPO', 'flow_params': '{\n    ""env"": {\n        ""additional_params"": {\n            ""max_accel"": 3,\n            ""max_decel"": 3,\n            ""sort_vehicles"": false,\n            ""target_velocity"": 20\n        },\n        ""evaluate"": false,\n        ""horizon"": 1500,\n        ""sims_per_step"": 1,\n        ""warmup_steps"": 0\n    },\n    ""env_name"": ""AccelEnv"",\n    ""exp_tag"": ""figure_eight_0"",\n    ""initial"": {\n        ""additional_params"": {},\n        ""bunching"": 0,\n        ""edges_distribution"": ""all"",\n        ""lanes_distribution"": Infinity,\n        ""min_gap"": 0,\n        ""perturbation"": 0.0,\n        ""shuffle"": false,\n        ""spacing"": ""uniform"",\n        ""x0"": 0\n    },\n    ""net"": {\n        ""additional_params"": {\n            ""lanes"": 1,\n            ""radius_ring"": 30,\n            ""resolution"": 40,\n            ""speed_limit"": 30\n        },\n        ""inflows"": {\n            ""_InFlows__flows"": [],\n            ""num_flows"": 0\n        },\n        ""netfile"": null,\n        ""no_internal_links"": false,\n        ""osm_path"": null\n    },\n    ""scenario"": ""Figure8Scenario"",\n    ""sim"": {\n        ""emission_path"": null,\n        ""lateral_resolution"": null,\n        ""no_step_log"": true,\n        ""num_clients"": 1,\n        ""overtake_right"": false,\n        ""port"": null,\n        ""print_warnings"": true,\n        ""pxpm"": 2,\n        ""render"": false,\n        ""restart_instance"": false,\n        ""save_render"": false,\n        ""seed"": null,\n        ""show_radius"": false,\n        ""sight_radius"": 25,\n        ""sim_step"": 0.1,\n        ""teleport_time"": -1\n    },\n    ""simulator"": ""traci"",\n    ""veh"": [\n        {\n            ""acceleration_controller"": [\n                ""IDMController"",\n                {\n                    ""noise"": 0.2\n                }\n            ],\n            ""car_following_params"": {\n                ""controller_params"": {\n                    ""accel"": 1.0,\n                    ""carFollowModel"": ""IDM"",\n                    ""decel"": 1.5,\n                    ""impatience"": 0.5,\n                    ""maxSpeed"": 30,\n                    ""minGap"": 2.5,\n                    ""sigma"": 0.5,\n                    ""speedDev"": 0.1,\n                    ""speedFactor"": 1.0,\n                    ""tau"": 1.0\n                },\n                ""speed_mode"": 1\n            },\n            ""initial_speed"": 0,\n            ""lane_change_controller"": [\n                ""SimLaneChangeController"",\n                {}\n            ],\n            ""lane_change_params"": {\n                ""controller_params"": {\n                    ""laneChangeModel"": ""LC2013"",\n                    ""lcCooperative"": ""1.0"",\n                    ""lcKeepRight"": ""1.0"",\n                    ""lcSpeedGain"": ""1.0"",\n                    ""lcStrategic"": ""1.0""\n                },\n                ""lane_change_mode"": 512\n            },\n            ""num_vehicles"": 13,\n            ""routing_controller"": [\n                ""ContinuousRouter"",\n                {}\n            ],\n            ""veh_id"": ""human""\n        },\n        {\n            ""acceleration_controller"": [\n                ""RLController"",\n                {}\n            ],\n            ""car_following_params"": {\n                ""controller_params"": {\n                    ""accel"": 1.0,\n                    ""carFollowModel"": ""IDM"",\n                    ""decel"": 1.5,\n                    ""impatience"": 0.5,\n                    ""maxSpeed"": 30,\n                    ""minGap"": 2.5,\n                    ""sigma"": 0.5,\n                    ""speedDev"": 0.1,\n                    ""speedFactor"": 1.0,\n                    ""tau"": 1.0\n                },\n                ""speed_mode"": 1\n            },\n            ""initial_speed"": 0,\n            ""lane_change_controller"": [\n                ""SimLaneChangeController"",\n                {}\n            ],\n            ""lane_change_params"": {\n                ""controller_params"": {\n                    ""laneChangeModel"": ""LC2013"",\n                    ""lcCooperative"": ""1.0"",\n                    ""lcKeepRight"": ""1.0"",\n                    ""lcSpeedGain"": ""1.0"",\n                    ""lcStrategic"": ""1.0""\n                },\n                ""lane_change_mode"": 512\n            },\n            ""num_vehicles"": 1,\n            ""routing_controller"": [\n                ""ContinuousRouter"",\n                {}\n            ],\n            ""veh_id"": ""rl""\n        }\n    ]\n}'}, 'env': 'AccelEnv-v0', 'local_evaluator_tf_session_args': {'inter_op_parallelism_threads': 8, 'intra_op_parallelism_threads': 8}, 'model': {'free_log_std': False, 'custom_options': {}, 'framestack': True, 'channel_major': False, 'max_seq_len': 20, 'lstm_use_prev_action_reward': False, 'squash_to_range': False, 'dim': 84, 'grayscale': False, 'fcnet_hiddens': [100, 50, 25], 'use_lstm': False, 'custom_model': None, 'fcnet_activation': 'tanh', 'conv_filters': None, 'conv_activation': 'relu', 'lstm_cell_size': 256, 'zero_mean': True, 'custom_preprocessor': None}, 'output_compress_columns': ['obs', 'new_obs'], 'monitor': False, 'custom_resources_per_worker': {}, 'output_max_file_size': 67108864, 'num_workers': 1, 'clip_param': 0.3, 'kl_coeff': 0.2, 'multiagent': {'policy_graphs': {}, 'policy_mapping_fn': None, 'policies_to_train': None}, 'input_evaluation': None, 'output': None, 'collect_metrics_timeout': 180, 'num_cpus_per_worker': 1}",169.237.32.118,2,1147.11,9.910357475280762,"{'num_steps_sampled': 259200, 'load_time_ms': 1.195, 'default': {'kl': 0.006642408203333616, 'cur_lr': 0.0005000000237487257, 'total_loss': 3.1484534740448, 'policy_loss': -0.019803620874881744, 'vf_explained_var': 0.9419507384300232, 'entropy': 1.6306509971618652, 'cur_kl_coeff': 0.48709818720817566, 'vf_loss': 3.1650216579437256}, 'sample_time_ms': 9615.436, 'grad_time_ms': 272.315, 'update_time_ms': 4.494, 'num_steps_trained': 259200}",322.114102554401,2019-04-02_08-03-36,kronos,71,259200,0,1607.241340637207,{},259200,162,162,1607.241340637207,492.9053705317178,1600,1554192216,{},0b32d2eec3344b1fbde4822793b2e447,66.4306665637337
False,213,"{'input': 'sampler', 'callbacks': {'on_train_result': None, 'on_sample_end': None, 'on_episode_step': None, 'on_episode_start': None, 'on_episode_end': None}, 'sample_batch_size': 200, 'clip_actions': False, 'clip_rewards': None, 'tf_session_args': {'inter_op_parallelism_threads': 2, 'intra_op_parallelism_threads': 2, 'device_count': {'CPU': 1}, 'log_device_placement': False, 'allow_soft_placement': True, 'gpu_options': {'allow_growth': True}}, 'kl_target': 0.01, 'horizon': 1500, 'lr': 0.0005, 'sample_async': False, 'simple_optimizer': False, 'compress_observations': False, 'num_envs_per_worker': 1, 'gamma': 0.99, 'sgd_minibatch_size': 128, 'observation_filter': 'NoFilter', 'entropy_coeff': 0.0, 'batch_mode': 'truncate_episodes', 'straggler_mitigation': False, 'vf_share_layers': False, 'num_gpus': 0, 'synchronize_filters': True, 'num_sgd_iter': 10, 'train_batch_size': 1500, 'optimizer': {}, 'num_gpus_per_worker': 0, 'preprocessor_pref': 'deepmind', 'num_cpus_for_driver': 1, 'lr_schedule': None, 'use_gae': True, 'lambda': 0.97, 'vf_loss_coeff': 1.0, 'vf_clip_param': 1000000.0, 'log_level': 'INFO', 'env_config': {'run': 'PPO', 'flow_params': '{\n    ""env"": {\n        ""additional_params"": {\n            ""max_accel"": 3,\n            ""max_decel"": 3,\n            ""sort_vehicles"": false,\n            ""target_velocity"": 20\n        },\n        ""evaluate"": false,\n        ""horizon"": 1500,\n        ""sims_per_step"": 1,\n        ""warmup_steps"": 0\n    },\n    ""env_name"": ""AccelEnv"",\n    ""exp_tag"": ""figure_eight_0"",\n    ""initial"": {\n        ""additional_params"": {},\n        ""bunching"": 0,\n        ""edges_distribution"": ""all"",\n        ""lanes_distribution"": Infinity,\n        ""min_gap"": 0,\n        ""perturbation"": 0.0,\n        ""shuffle"": false,\n        ""spacing"": ""uniform"",\n        ""x0"": 0\n    },\n    ""net"": {\n        ""additional_params"": {\n            ""lanes"": 1,\n            ""radius_ring"": 30,\n            ""resolution"": 40,\n            ""speed_limit"": 30\n        },\n        ""inflows"": {\n            ""_InFlows__flows"": [],\n            ""num_flows"": 0\n        },\n        ""netfile"": null,\n        ""no_internal_links"": false,\n        ""osm_path"": null\n    },\n    ""scenario"": ""Figure8Scenario"",\n    ""sim"": {\n        ""emission_path"": null,\n        ""lateral_resolution"": null,\n        ""no_step_log"": true,\n        ""num_clients"": 1,\n        ""overtake_right"": false,\n        ""port"": null,\n        ""print_warnings"": true,\n        ""pxpm"": 2,\n        ""render"": false,\n        ""restart_instance"": false,\n        ""save_render"": false,\n        ""seed"": null,\n        ""show_radius"": false,\n        ""sight_radius"": 25,\n        ""sim_step"": 0.1,\n        ""teleport_time"": -1\n    },\n    ""simulator"": ""traci"",\n    ""veh"": [\n        {\n            ""acceleration_controller"": [\n                ""IDMController"",\n                {\n                    ""noise"": 0.2\n                }\n            ],\n            ""car_following_params"": {\n                ""controller_params"": {\n                    ""accel"": 1.0,\n                    ""carFollowModel"": ""IDM"",\n                    ""decel"": 1.5,\n                    ""impatience"": 0.5,\n                    ""maxSpeed"": 30,\n                    ""minGap"": 2.5,\n                    ""sigma"": 0.5,\n                    ""speedDev"": 0.1,\n                    ""speedFactor"": 1.0,\n                    ""tau"": 1.0\n                },\n                ""speed_mode"": 1\n            },\n            ""initial_speed"": 0,\n            ""lane_change_controller"": [\n                ""SimLaneChangeController"",\n                {}\n            ],\n            ""lane_change_params"": {\n                ""controller_params"": {\n                    ""laneChangeModel"": ""LC2013"",\n                    ""lcCooperative"": ""1.0"",\n                    ""lcKeepRight"": ""1.0"",\n                    ""lcSpeedGain"": ""1.0"",\n                    ""lcStrategic"": ""1.0""\n                },\n                ""lane_change_mode"": 512\n            },\n            ""num_vehicles"": 13,\n            ""routing_controller"": [\n                ""ContinuousRouter"",\n                {}\n            ],\n            ""veh_id"": ""human""\n        },\n        {\n            ""acceleration_controller"": [\n                ""RLController"",\n                {}\n            ],\n            ""car_following_params"": {\n                ""controller_params"": {\n                    ""accel"": 1.0,\n                    ""carFollowModel"": ""IDM"",\n                    ""decel"": 1.5,\n                    ""impatience"": 0.5,\n                    ""maxSpeed"": 30,\n                    ""minGap"": 2.5,\n                    ""sigma"": 0.5,\n                    ""speedDev"": 0.1,\n                    ""speedFactor"": 1.0,\n                    ""tau"": 1.0\n                },\n                ""speed_mode"": 1\n            },\n            ""initial_speed"": 0,\n            ""lane_change_controller"": [\n                ""SimLaneChangeController"",\n                {}\n            ],\n            ""lane_change_params"": {\n                ""controller_params"": {\n                    ""laneChangeModel"": ""LC2013"",\n                    ""lcCooperative"": ""1.0"",\n                    ""lcKeepRight"": ""1.0"",\n                    ""lcSpeedGain"": ""1.0"",\n                    ""lcStrategic"": ""1.0""\n                },\n                ""lane_change_mode"": 512\n            },\n            ""num_vehicles"": 1,\n            ""routing_controller"": [\n                ""ContinuousRouter"",\n                {}\n            ],\n            ""veh_id"": ""rl""\n        }\n    ]\n}'}, 'env': 'AccelEnv-v0', 'local_evaluator_tf_session_args': {'inter_op_parallelism_threads': 8, 'intra_op_parallelism_threads': 8}, 'model': {'free_log_std': False, 'custom_options': {}, 'framestack': True, 'channel_major': False, 'max_seq_len': 20, 'lstm_use_prev_action_reward': False, 'squash_to_range': False, 'dim': 84, 'grayscale': False, 'fcnet_hiddens': [100, 50, 25], 'use_lstm': False, 'custom_model': None, 'fcnet_activation': 'tanh', 'conv_filters': None, 'conv_activation': 'relu', 'lstm_cell_size': 256, 'zero_mean': True, 'custom_preprocessor': None}, 'output_compress_columns': ['obs', 'new_obs'], 'monitor': False, 'custom_resources_per_worker': {}, 'output_max_file_size': 67108864, 'num_workers': 1, 'clip_param': 0.3, 'kl_coeff': 0.2, 'multiagent': {'policy_graphs': {}, 'policy_mapping_fn': None, 'policies_to_train': None}, 'input_evaluation': None, 'output': None, 'collect_metrics_timeout': 180, 'num_cpus_per_worker': 1}",169.237.32.118,1,1156.49,9.813793897628784,"{'num_steps_sampled': 260800, 'load_time_ms': 1.19, 'default': {'kl': 0.010498777031898499, 'cur_lr': 0.0005000000237487257, 'total_loss': 0.7387740612030029, 'policy_loss': -0.0136641850695014, 'vf_explained_var': 0.978794276714325, 'entropy': 1.5399998426437378, 'cur_kl_coeff': 0.48709818720817566, 'vf_loss': 0.7473244071006775}, 'sample_time_ms': 9642.61, 'grad_time_ms': 273.924, 'update_time_ms': 4.501, 'num_steps_trained': 260800}",324.41797707314674,2019-04-02_08-03-46,kronos,71,260800,0,1617.0551345348358,{},260800,163,163,1617.0551345348358,492.9053705317178,1600,1554192226,{},0b32d2eec3344b1fbde4822793b2e447,66.4306665637337
False,214,"{'input': 'sampler', 'callbacks': {'on_train_result': None, 'on_sample_end': None, 'on_episode_step': None, 'on_episode_start': None, 'on_episode_end': None}, 'sample_batch_size': 200, 'clip_actions': False, 'clip_rewards': None, 'tf_session_args': {'inter_op_parallelism_threads': 2, 'intra_op_parallelism_threads': 2, 'device_count': {'CPU': 1}, 'log_device_placement': False, 'allow_soft_placement': True, 'gpu_options': {'allow_growth': True}}, 'kl_target': 0.01, 'horizon': 1500, 'lr': 0.0005, 'sample_async': False, 'simple_optimizer': False, 'compress_observations': False, 'num_envs_per_worker': 1, 'gamma': 0.99, 'sgd_minibatch_size': 128, 'observation_filter': 'NoFilter', 'entropy_coeff': 0.0, 'batch_mode': 'truncate_episodes', 'straggler_mitigation': False, 'vf_share_layers': False, 'num_gpus': 0, 'synchronize_filters': True, 'num_sgd_iter': 10, 'train_batch_size': 1500, 'optimizer': {}, 'num_gpus_per_worker': 0, 'preprocessor_pref': 'deepmind', 'num_cpus_for_driver': 1, 'lr_schedule': None, 'use_gae': True, 'lambda': 0.97, 'vf_loss_coeff': 1.0, 'vf_clip_param': 1000000.0, 'log_level': 'INFO', 'env_config': {'run': 'PPO', 'flow_params': '{\n    ""env"": {\n        ""additional_params"": {\n            ""max_accel"": 3,\n            ""max_decel"": 3,\n            ""sort_vehicles"": false,\n            ""target_velocity"": 20\n        },\n        ""evaluate"": false,\n        ""horizon"": 1500,\n        ""sims_per_step"": 1,\n        ""warmup_steps"": 0\n    },\n    ""env_name"": ""AccelEnv"",\n    ""exp_tag"": ""figure_eight_0"",\n    ""initial"": {\n        ""additional_params"": {},\n        ""bunching"": 0,\n        ""edges_distribution"": ""all"",\n        ""lanes_distribution"": Infinity,\n        ""min_gap"": 0,\n        ""perturbation"": 0.0,\n        ""shuffle"": false,\n        ""spacing"": ""uniform"",\n        ""x0"": 0\n    },\n    ""net"": {\n        ""additional_params"": {\n            ""lanes"": 1,\n            ""radius_ring"": 30,\n            ""resolution"": 40,\n            ""speed_limit"": 30\n        },\n        ""inflows"": {\n            ""_InFlows__flows"": [],\n            ""num_flows"": 0\n        },\n        ""netfile"": null,\n        ""no_internal_links"": false,\n        ""osm_path"": null\n    },\n    ""scenario"": ""Figure8Scenario"",\n    ""sim"": {\n        ""emission_path"": null,\n        ""lateral_resolution"": null,\n        ""no_step_log"": true,\n        ""num_clients"": 1,\n        ""overtake_right"": false,\n        ""port"": null,\n        ""print_warnings"": true,\n        ""pxpm"": 2,\n        ""render"": false,\n        ""restart_instance"": false,\n        ""save_render"": false,\n        ""seed"": null,\n        ""show_radius"": false,\n        ""sight_radius"": 25,\n        ""sim_step"": 0.1,\n        ""teleport_time"": -1\n    },\n    ""simulator"": ""traci"",\n    ""veh"": [\n        {\n            ""acceleration_controller"": [\n                ""IDMController"",\n                {\n                    ""noise"": 0.2\n                }\n            ],\n            ""car_following_params"": {\n                ""controller_params"": {\n                    ""accel"": 1.0,\n                    ""carFollowModel"": ""IDM"",\n                    ""decel"": 1.5,\n                    ""impatience"": 0.5,\n                    ""maxSpeed"": 30,\n                    ""minGap"": 2.5,\n                    ""sigma"": 0.5,\n                    ""speedDev"": 0.1,\n                    ""speedFactor"": 1.0,\n                    ""tau"": 1.0\n                },\n                ""speed_mode"": 1\n            },\n            ""initial_speed"": 0,\n            ""lane_change_controller"": [\n                ""SimLaneChangeController"",\n                {}\n            ],\n            ""lane_change_params"": {\n                ""controller_params"": {\n                    ""laneChangeModel"": ""LC2013"",\n                    ""lcCooperative"": ""1.0"",\n                    ""lcKeepRight"": ""1.0"",\n                    ""lcSpeedGain"": ""1.0"",\n                    ""lcStrategic"": ""1.0""\n                },\n                ""lane_change_mode"": 512\n            },\n            ""num_vehicles"": 13,\n            ""routing_controller"": [\n                ""ContinuousRouter"",\n                {}\n            ],\n            ""veh_id"": ""human""\n        },\n        {\n            ""acceleration_controller"": [\n                ""RLController"",\n                {}\n            ],\n            ""car_following_params"": {\n                ""controller_params"": {\n                    ""accel"": 1.0,\n                    ""carFollowModel"": ""IDM"",\n                    ""decel"": 1.5,\n                    ""impatience"": 0.5,\n                    ""maxSpeed"": 30,\n                    ""minGap"": 2.5,\n                    ""sigma"": 0.5,\n                    ""speedDev"": 0.1,\n                    ""speedFactor"": 1.0,\n                    ""tau"": 1.0\n                },\n                ""speed_mode"": 1\n            },\n            ""initial_speed"": 0,\n            ""lane_change_controller"": [\n                ""SimLaneChangeController"",\n                {}\n            ],\n            ""lane_change_params"": {\n                ""controller_params"": {\n                    ""laneChangeModel"": ""LC2013"",\n                    ""lcCooperative"": ""1.0"",\n                    ""lcKeepRight"": ""1.0"",\n                    ""lcSpeedGain"": ""1.0"",\n                    ""lcStrategic"": ""1.0""\n                },\n                ""lane_change_mode"": 512\n            },\n            ""num_vehicles"": 1,\n            ""routing_controller"": [\n                ""ContinuousRouter"",\n                {}\n            ],\n            ""veh_id"": ""rl""\n        }\n    ]\n}'}, 'env': 'AccelEnv-v0', 'local_evaluator_tf_session_args': {'inter_op_parallelism_threads': 8, 'intra_op_parallelism_threads': 8}, 'model': {'free_log_std': False, 'custom_options': {}, 'framestack': True, 'channel_major': False, 'max_seq_len': 20, 'lstm_use_prev_action_reward': False, 'squash_to_range': False, 'dim': 84, 'grayscale': False, 'fcnet_hiddens': [100, 50, 25], 'use_lstm': False, 'custom_model': None, 'fcnet_activation': 'tanh', 'conv_filters': None, 'conv_activation': 'relu', 'lstm_cell_size': 256, 'zero_mean': True, 'custom_preprocessor': None}, 'output_compress_columns': ['obs', 'new_obs'], 'monitor': False, 'custom_resources_per_worker': {}, 'output_max_file_size': 67108864, 'num_workers': 1, 'clip_param': 0.3, 'kl_coeff': 0.2, 'multiagent': {'policy_graphs': {}, 'policy_mapping_fn': None, 'policies_to_train': None}, 'input_evaluation': None, 'output': None, 'collect_metrics_timeout': 180, 'num_cpus_per_worker': 1}",169.237.32.118,1,1159.87,9.884451866149902,"{'num_steps_sampled': 262400, 'load_time_ms': 1.153, 'default': {'kl': 0.00861160084605217, 'cur_lr': 0.0005000000237487257, 'total_loss': 0.6995342373847961, 'policy_loss': -0.015833357349038124, 'vf_explained_var': 0.9811427593231201, 'entropy': 1.6637376546859741, 'cur_kl_coeff': 0.48709818720817566, 'vf_loss': 0.711172878742218}, 'sample_time_ms': 9622.384, 'grad_time_ms': 273.324, 'update_time_ms': 4.521, 'num_steps_trained': 262400}",325.3649744910377,2019-04-02_08-03-56,kronos,71,262400,0,1626.9395864009857,{},262400,164,164,1626.9395864009857,492.9053705317178,1600,1554192236,{},0b32d2eec3344b1fbde4822793b2e447,66.4306665637337
False,216,"{'input': 'sampler', 'callbacks': {'on_train_result': None, 'on_sample_end': None, 'on_episode_step': None, 'on_episode_start': None, 'on_episode_end': None}, 'sample_batch_size': 200, 'clip_actions': False, 'clip_rewards': None, 'tf_session_args': {'inter_op_parallelism_threads': 2, 'intra_op_parallelism_threads': 2, 'device_count': {'CPU': 1}, 'log_device_placement': False, 'allow_soft_placement': True, 'gpu_options': {'allow_growth': True}}, 'kl_target': 0.01, 'horizon': 1500, 'lr': 0.0005, 'sample_async': False, 'simple_optimizer': False, 'compress_observations': False, 'num_envs_per_worker': 1, 'gamma': 0.99, 'sgd_minibatch_size': 128, 'observation_filter': 'NoFilter', 'entropy_coeff': 0.0, 'batch_mode': 'truncate_episodes', 'straggler_mitigation': False, 'vf_share_layers': False, 'num_gpus': 0, 'synchronize_filters': True, 'num_sgd_iter': 10, 'train_batch_size': 1500, 'optimizer': {}, 'num_gpus_per_worker': 0, 'preprocessor_pref': 'deepmind', 'num_cpus_for_driver': 1, 'lr_schedule': None, 'use_gae': True, 'lambda': 0.97, 'vf_loss_coeff': 1.0, 'vf_clip_param': 1000000.0, 'log_level': 'INFO', 'env_config': {'run': 'PPO', 'flow_params': '{\n    ""env"": {\n        ""additional_params"": {\n            ""max_accel"": 3,\n            ""max_decel"": 3,\n            ""sort_vehicles"": false,\n            ""target_velocity"": 20\n        },\n        ""evaluate"": false,\n        ""horizon"": 1500,\n        ""sims_per_step"": 1,\n        ""warmup_steps"": 0\n    },\n    ""env_name"": ""AccelEnv"",\n    ""exp_tag"": ""figure_eight_0"",\n    ""initial"": {\n        ""additional_params"": {},\n        ""bunching"": 0,\n        ""edges_distribution"": ""all"",\n        ""lanes_distribution"": Infinity,\n        ""min_gap"": 0,\n        ""perturbation"": 0.0,\n        ""shuffle"": false,\n        ""spacing"": ""uniform"",\n        ""x0"": 0\n    },\n    ""net"": {\n        ""additional_params"": {\n            ""lanes"": 1,\n            ""radius_ring"": 30,\n            ""resolution"": 40,\n            ""speed_limit"": 30\n        },\n        ""inflows"": {\n            ""_InFlows__flows"": [],\n            ""num_flows"": 0\n        },\n        ""netfile"": null,\n        ""no_internal_links"": false,\n        ""osm_path"": null\n    },\n    ""scenario"": ""Figure8Scenario"",\n    ""sim"": {\n        ""emission_path"": null,\n        ""lateral_resolution"": null,\n        ""no_step_log"": true,\n        ""num_clients"": 1,\n        ""overtake_right"": false,\n        ""port"": null,\n        ""print_warnings"": true,\n        ""pxpm"": 2,\n        ""render"": false,\n        ""restart_instance"": false,\n        ""save_render"": false,\n        ""seed"": null,\n        ""show_radius"": false,\n        ""sight_radius"": 25,\n        ""sim_step"": 0.1,\n        ""teleport_time"": -1\n    },\n    ""simulator"": ""traci"",\n    ""veh"": [\n        {\n            ""acceleration_controller"": [\n                ""IDMController"",\n                {\n                    ""noise"": 0.2\n                }\n            ],\n            ""car_following_params"": {\n                ""controller_params"": {\n                    ""accel"": 1.0,\n                    ""carFollowModel"": ""IDM"",\n                    ""decel"": 1.5,\n                    ""impatience"": 0.5,\n                    ""maxSpeed"": 30,\n                    ""minGap"": 2.5,\n                    ""sigma"": 0.5,\n                    ""speedDev"": 0.1,\n                    ""speedFactor"": 1.0,\n                    ""tau"": 1.0\n                },\n                ""speed_mode"": 1\n            },\n            ""initial_speed"": 0,\n            ""lane_change_controller"": [\n                ""SimLaneChangeController"",\n                {}\n            ],\n            ""lane_change_params"": {\n                ""controller_params"": {\n                    ""laneChangeModel"": ""LC2013"",\n                    ""lcCooperative"": ""1.0"",\n                    ""lcKeepRight"": ""1.0"",\n                    ""lcSpeedGain"": ""1.0"",\n                    ""lcStrategic"": ""1.0""\n                },\n                ""lane_change_mode"": 512\n            },\n            ""num_vehicles"": 13,\n            ""routing_controller"": [\n                ""ContinuousRouter"",\n                {}\n            ],\n            ""veh_id"": ""human""\n        },\n        {\n            ""acceleration_controller"": [\n                ""RLController"",\n                {}\n            ],\n            ""car_following_params"": {\n                ""controller_params"": {\n                    ""accel"": 1.0,\n                    ""carFollowModel"": ""IDM"",\n                    ""decel"": 1.5,\n                    ""impatience"": 0.5,\n                    ""maxSpeed"": 30,\n                    ""minGap"": 2.5,\n                    ""sigma"": 0.5,\n                    ""speedDev"": 0.1,\n                    ""speedFactor"": 1.0,\n                    ""tau"": 1.0\n                },\n                ""speed_mode"": 1\n            },\n            ""initial_speed"": 0,\n            ""lane_change_controller"": [\n                ""SimLaneChangeController"",\n                {}\n            ],\n            ""lane_change_params"": {\n                ""controller_params"": {\n                    ""laneChangeModel"": ""LC2013"",\n                    ""lcCooperative"": ""1.0"",\n                    ""lcKeepRight"": ""1.0"",\n                    ""lcSpeedGain"": ""1.0"",\n                    ""lcStrategic"": ""1.0""\n                },\n                ""lane_change_mode"": 512\n            },\n            ""num_vehicles"": 1,\n            ""routing_controller"": [\n                ""ContinuousRouter"",\n                {}\n            ],\n            ""veh_id"": ""rl""\n        }\n    ]\n}'}, 'env': 'AccelEnv-v0', 'local_evaluator_tf_session_args': {'inter_op_parallelism_threads': 8, 'intra_op_parallelism_threads': 8}, 'model': {'free_log_std': False, 'custom_options': {}, 'framestack': True, 'channel_major': False, 'max_seq_len': 20, 'lstm_use_prev_action_reward': False, 'squash_to_range': False, 'dim': 84, 'grayscale': False, 'fcnet_hiddens': [100, 50, 25], 'use_lstm': False, 'custom_model': None, 'fcnet_activation': 'tanh', 'conv_filters': None, 'conv_activation': 'relu', 'lstm_cell_size': 256, 'zero_mean': True, 'custom_preprocessor': None}, 'output_compress_columns': ['obs', 'new_obs'], 'monitor': False, 'custom_resources_per_worker': {}, 'output_max_file_size': 67108864, 'num_workers': 1, 'clip_param': 0.3, 'kl_coeff': 0.2, 'multiagent': {'policy_graphs': {}, 'policy_mapping_fn': None, 'policies_to_train': None}, 'input_evaluation': None, 'output': None, 'collect_metrics_timeout': 180, 'num_cpus_per_worker': 1}",169.237.32.118,2,1156.25,9.748671293258667,"{'num_steps_sampled': 264000, 'load_time_ms': 1.148, 'default': {'kl': 0.005132933612912893, 'cur_lr': 0.0005000000237487257, 'total_loss': 2.9662721157073975, 'policy_loss': -0.012531212531030178, 'vf_explained_var': 0.8965432643890381, 'entropy': 1.7221827507019043, 'cur_kl_coeff': 0.48709818720817566, 'vf_loss': 2.976303815841675}, 'sample_time_ms': 9598.501, 'grad_time_ms': 272.219, 'update_time_ms': 4.502, 'num_steps_trained': 264000}",324.45670404509013,2019-04-02_08-04-06,kronos,71,264000,0,1636.6882576942444,{},264000,165,165,1636.6882576942444,492.9053705317178,1600,1554192246,{},0b32d2eec3344b1fbde4822793b2e447,66.4306665637337
False,217,"{'input': 'sampler', 'callbacks': {'on_train_result': None, 'on_sample_end': None, 'on_episode_step': None, 'on_episode_start': None, 'on_episode_end': None}, 'sample_batch_size': 200, 'clip_actions': False, 'clip_rewards': None, 'tf_session_args': {'inter_op_parallelism_threads': 2, 'intra_op_parallelism_threads': 2, 'device_count': {'CPU': 1}, 'log_device_placement': False, 'allow_soft_placement': True, 'gpu_options': {'allow_growth': True}}, 'kl_target': 0.01, 'horizon': 1500, 'lr': 0.0005, 'sample_async': False, 'simple_optimizer': False, 'compress_observations': False, 'num_envs_per_worker': 1, 'gamma': 0.99, 'sgd_minibatch_size': 128, 'observation_filter': 'NoFilter', 'entropy_coeff': 0.0, 'batch_mode': 'truncate_episodes', 'straggler_mitigation': False, 'vf_share_layers': False, 'num_gpus': 0, 'synchronize_filters': True, 'num_sgd_iter': 10, 'train_batch_size': 1500, 'optimizer': {}, 'num_gpus_per_worker': 0, 'preprocessor_pref': 'deepmind', 'num_cpus_for_driver': 1, 'lr_schedule': None, 'use_gae': True, 'lambda': 0.97, 'vf_loss_coeff': 1.0, 'vf_clip_param': 1000000.0, 'log_level': 'INFO', 'env_config': {'run': 'PPO', 'flow_params': '{\n    ""env"": {\n        ""additional_params"": {\n            ""max_accel"": 3,\n            ""max_decel"": 3,\n            ""sort_vehicles"": false,\n            ""target_velocity"": 20\n        },\n        ""evaluate"": false,\n        ""horizon"": 1500,\n        ""sims_per_step"": 1,\n        ""warmup_steps"": 0\n    },\n    ""env_name"": ""AccelEnv"",\n    ""exp_tag"": ""figure_eight_0"",\n    ""initial"": {\n        ""additional_params"": {},\n        ""bunching"": 0,\n        ""edges_distribution"": ""all"",\n        ""lanes_distribution"": Infinity,\n        ""min_gap"": 0,\n        ""perturbation"": 0.0,\n        ""shuffle"": false,\n        ""spacing"": ""uniform"",\n        ""x0"": 0\n    },\n    ""net"": {\n        ""additional_params"": {\n            ""lanes"": 1,\n            ""radius_ring"": 30,\n            ""resolution"": 40,\n            ""speed_limit"": 30\n        },\n        ""inflows"": {\n            ""_InFlows__flows"": [],\n            ""num_flows"": 0\n        },\n        ""netfile"": null,\n        ""no_internal_links"": false,\n        ""osm_path"": null\n    },\n    ""scenario"": ""Figure8Scenario"",\n    ""sim"": {\n        ""emission_path"": null,\n        ""lateral_resolution"": null,\n        ""no_step_log"": true,\n        ""num_clients"": 1,\n        ""overtake_right"": false,\n        ""port"": null,\n        ""print_warnings"": true,\n        ""pxpm"": 2,\n        ""render"": false,\n        ""restart_instance"": false,\n        ""save_render"": false,\n        ""seed"": null,\n        ""show_radius"": false,\n        ""sight_radius"": 25,\n        ""sim_step"": 0.1,\n        ""teleport_time"": -1\n    },\n    ""simulator"": ""traci"",\n    ""veh"": [\n        {\n            ""acceleration_controller"": [\n                ""IDMController"",\n                {\n                    ""noise"": 0.2\n                }\n            ],\n            ""car_following_params"": {\n                ""controller_params"": {\n                    ""accel"": 1.0,\n                    ""carFollowModel"": ""IDM"",\n                    ""decel"": 1.5,\n                    ""impatience"": 0.5,\n                    ""maxSpeed"": 30,\n                    ""minGap"": 2.5,\n                    ""sigma"": 0.5,\n                    ""speedDev"": 0.1,\n                    ""speedFactor"": 1.0,\n                    ""tau"": 1.0\n                },\n                ""speed_mode"": 1\n            },\n            ""initial_speed"": 0,\n            ""lane_change_controller"": [\n                ""SimLaneChangeController"",\n                {}\n            ],\n            ""lane_change_params"": {\n                ""controller_params"": {\n                    ""laneChangeModel"": ""LC2013"",\n                    ""lcCooperative"": ""1.0"",\n                    ""lcKeepRight"": ""1.0"",\n                    ""lcSpeedGain"": ""1.0"",\n                    ""lcStrategic"": ""1.0""\n                },\n                ""lane_change_mode"": 512\n            },\n            ""num_vehicles"": 13,\n            ""routing_controller"": [\n                ""ContinuousRouter"",\n                {}\n            ],\n            ""veh_id"": ""human""\n        },\n        {\n            ""acceleration_controller"": [\n                ""RLController"",\n                {}\n            ],\n            ""car_following_params"": {\n                ""controller_params"": {\n                    ""accel"": 1.0,\n                    ""carFollowModel"": ""IDM"",\n                    ""decel"": 1.5,\n                    ""impatience"": 0.5,\n                    ""maxSpeed"": 30,\n                    ""minGap"": 2.5,\n                    ""sigma"": 0.5,\n                    ""speedDev"": 0.1,\n                    ""speedFactor"": 1.0,\n                    ""tau"": 1.0\n                },\n                ""speed_mode"": 1\n            },\n            ""initial_speed"": 0,\n            ""lane_change_controller"": [\n                ""SimLaneChangeController"",\n                {}\n            ],\n            ""lane_change_params"": {\n                ""controller_params"": {\n                    ""laneChangeModel"": ""LC2013"",\n                    ""lcCooperative"": ""1.0"",\n                    ""lcKeepRight"": ""1.0"",\n                    ""lcSpeedGain"": ""1.0"",\n                    ""lcStrategic"": ""1.0""\n                },\n                ""lane_change_mode"": 512\n            },\n            ""num_vehicles"": 1,\n            ""routing_controller"": [\n                ""ContinuousRouter"",\n                {}\n            ],\n            ""veh_id"": ""rl""\n        }\n    ]\n}'}, 'env': 'AccelEnv-v0', 'local_evaluator_tf_session_args': {'inter_op_parallelism_threads': 8, 'intra_op_parallelism_threads': 8}, 'model': {'free_log_std': False, 'custom_options': {}, 'framestack': True, 'channel_major': False, 'max_seq_len': 20, 'lstm_use_prev_action_reward': False, 'squash_to_range': False, 'dim': 84, 'grayscale': False, 'fcnet_hiddens': [100, 50, 25], 'use_lstm': False, 'custom_model': None, 'fcnet_activation': 'tanh', 'conv_filters': None, 'conv_activation': 'relu', 'lstm_cell_size': 256, 'zero_mean': True, 'custom_preprocessor': None}, 'output_compress_columns': ['obs', 'new_obs'], 'monitor': False, 'custom_resources_per_worker': {}, 'output_max_file_size': 67108864, 'num_workers': 1, 'clip_param': 0.3, 'kl_coeff': 0.2, 'multiagent': {'policy_graphs': {}, 'policy_mapping_fn': None, 'policies_to_train': None}, 'input_evaluation': None, 'output': None, 'collect_metrics_timeout': 180, 'num_cpus_per_worker': 1}",169.237.32.118,1,1156.25,9.888043403625488,"{'num_steps_sampled': 265600, 'load_time_ms': 1.189, 'default': {'kl': 0.006741169840097427, 'cur_lr': 0.0005000000237487257, 'total_loss': 4.173239231109619, 'policy_loss': -0.003468706039711833, 'vf_explained_var': 0.8992371559143066, 'entropy': 1.4799941778182983, 'cur_kl_coeff': 0.48709818720817566, 'vf_loss': 4.173424243927002}, 'sample_time_ms': 9600.081, 'grad_time_ms': 273.511, 'update_time_ms': 4.562, 'num_steps_trained': 265600}",324.4641275235357,2019-04-02_08-04-16,kronos,71,265600,0,1646.5763010978699,{},265600,166,166,1646.5763010978699,492.9053705317178,1600,1554192256,{},0b32d2eec3344b1fbde4822793b2e447,66.4306665637337
False,218,"{'input': 'sampler', 'callbacks': {'on_train_result': None, 'on_sample_end': None, 'on_episode_step': None, 'on_episode_start': None, 'on_episode_end': None}, 'sample_batch_size': 200, 'clip_actions': False, 'clip_rewards': None, 'tf_session_args': {'inter_op_parallelism_threads': 2, 'intra_op_parallelism_threads': 2, 'device_count': {'CPU': 1}, 'log_device_placement': False, 'allow_soft_placement': True, 'gpu_options': {'allow_growth': True}}, 'kl_target': 0.01, 'horizon': 1500, 'lr': 0.0005, 'sample_async': False, 'simple_optimizer': False, 'compress_observations': False, 'num_envs_per_worker': 1, 'gamma': 0.99, 'sgd_minibatch_size': 128, 'observation_filter': 'NoFilter', 'entropy_coeff': 0.0, 'batch_mode': 'truncate_episodes', 'straggler_mitigation': False, 'vf_share_layers': False, 'num_gpus': 0, 'synchronize_filters': True, 'num_sgd_iter': 10, 'train_batch_size': 1500, 'optimizer': {}, 'num_gpus_per_worker': 0, 'preprocessor_pref': 'deepmind', 'num_cpus_for_driver': 1, 'lr_schedule': None, 'use_gae': True, 'lambda': 0.97, 'vf_loss_coeff': 1.0, 'vf_clip_param': 1000000.0, 'log_level': 'INFO', 'env_config': {'run': 'PPO', 'flow_params': '{\n    ""env"": {\n        ""additional_params"": {\n            ""max_accel"": 3,\n            ""max_decel"": 3,\n            ""sort_vehicles"": false,\n            ""target_velocity"": 20\n        },\n        ""evaluate"": false,\n        ""horizon"": 1500,\n        ""sims_per_step"": 1,\n        ""warmup_steps"": 0\n    },\n    ""env_name"": ""AccelEnv"",\n    ""exp_tag"": ""figure_eight_0"",\n    ""initial"": {\n        ""additional_params"": {},\n        ""bunching"": 0,\n        ""edges_distribution"": ""all"",\n        ""lanes_distribution"": Infinity,\n        ""min_gap"": 0,\n        ""perturbation"": 0.0,\n        ""shuffle"": false,\n        ""spacing"": ""uniform"",\n        ""x0"": 0\n    },\n    ""net"": {\n        ""additional_params"": {\n            ""lanes"": 1,\n            ""radius_ring"": 30,\n            ""resolution"": 40,\n            ""speed_limit"": 30\n        },\n        ""inflows"": {\n            ""_InFlows__flows"": [],\n            ""num_flows"": 0\n        },\n        ""netfile"": null,\n        ""no_internal_links"": false,\n        ""osm_path"": null\n    },\n    ""scenario"": ""Figure8Scenario"",\n    ""sim"": {\n        ""emission_path"": null,\n        ""lateral_resolution"": null,\n        ""no_step_log"": true,\n        ""num_clients"": 1,\n        ""overtake_right"": false,\n        ""port"": null,\n        ""print_warnings"": true,\n        ""pxpm"": 2,\n        ""render"": false,\n        ""restart_instance"": false,\n        ""save_render"": false,\n        ""seed"": null,\n        ""show_radius"": false,\n        ""sight_radius"": 25,\n        ""sim_step"": 0.1,\n        ""teleport_time"": -1\n    },\n    ""simulator"": ""traci"",\n    ""veh"": [\n        {\n            ""acceleration_controller"": [\n                ""IDMController"",\n                {\n                    ""noise"": 0.2\n                }\n            ],\n            ""car_following_params"": {\n                ""controller_params"": {\n                    ""accel"": 1.0,\n                    ""carFollowModel"": ""IDM"",\n                    ""decel"": 1.5,\n                    ""impatience"": 0.5,\n                    ""maxSpeed"": 30,\n                    ""minGap"": 2.5,\n                    ""sigma"": 0.5,\n                    ""speedDev"": 0.1,\n                    ""speedFactor"": 1.0,\n                    ""tau"": 1.0\n                },\n                ""speed_mode"": 1\n            },\n            ""initial_speed"": 0,\n            ""lane_change_controller"": [\n                ""SimLaneChangeController"",\n                {}\n            ],\n            ""lane_change_params"": {\n                ""controller_params"": {\n                    ""laneChangeModel"": ""LC2013"",\n                    ""lcCooperative"": ""1.0"",\n                    ""lcKeepRight"": ""1.0"",\n                    ""lcSpeedGain"": ""1.0"",\n                    ""lcStrategic"": ""1.0""\n                },\n                ""lane_change_mode"": 512\n            },\n            ""num_vehicles"": 13,\n            ""routing_controller"": [\n                ""ContinuousRouter"",\n                {}\n            ],\n            ""veh_id"": ""human""\n        },\n        {\n            ""acceleration_controller"": [\n                ""RLController"",\n                {}\n            ],\n            ""car_following_params"": {\n                ""controller_params"": {\n                    ""accel"": 1.0,\n                    ""carFollowModel"": ""IDM"",\n                    ""decel"": 1.5,\n                    ""impatience"": 0.5,\n                    ""maxSpeed"": 30,\n                    ""minGap"": 2.5,\n                    ""sigma"": 0.5,\n                    ""speedDev"": 0.1,\n                    ""speedFactor"": 1.0,\n                    ""tau"": 1.0\n                },\n                ""speed_mode"": 1\n            },\n            ""initial_speed"": 0,\n            ""lane_change_controller"": [\n                ""SimLaneChangeController"",\n                {}\n            ],\n            ""lane_change_params"": {\n                ""controller_params"": {\n                    ""laneChangeModel"": ""LC2013"",\n                    ""lcCooperative"": ""1.0"",\n                    ""lcKeepRight"": ""1.0"",\n                    ""lcSpeedGain"": ""1.0"",\n                    ""lcStrategic"": ""1.0""\n                },\n                ""lane_change_mode"": 512\n            },\n            ""num_vehicles"": 1,\n            ""routing_controller"": [\n                ""ContinuousRouter"",\n                {}\n            ],\n            ""veh_id"": ""rl""\n        }\n    ]\n}'}, 'env': 'AccelEnv-v0', 'local_evaluator_tf_session_args': {'inter_op_parallelism_threads': 8, 'intra_op_parallelism_threads': 8}, 'model': {'free_log_std': False, 'custom_options': {}, 'framestack': True, 'channel_major': False, 'max_seq_len': 20, 'lstm_use_prev_action_reward': False, 'squash_to_range': False, 'dim': 84, 'grayscale': False, 'fcnet_hiddens': [100, 50, 25], 'use_lstm': False, 'custom_model': None, 'fcnet_activation': 'tanh', 'conv_filters': None, 'conv_activation': 'relu', 'lstm_cell_size': 256, 'zero_mean': True, 'custom_preprocessor': None}, 'output_compress_columns': ['obs', 'new_obs'], 'monitor': False, 'custom_resources_per_worker': {}, 'output_max_file_size': 67108864, 'num_workers': 1, 'clip_param': 0.3, 'kl_coeff': 0.2, 'multiagent': {'policy_graphs': {}, 'policy_mapping_fn': None, 'policies_to_train': None}, 'input_evaluation': None, 'output': None, 'collect_metrics_timeout': 180, 'num_cpus_per_worker': 1}",169.237.32.118,1,1157.47,9.77745532989502,"{'num_steps_sampled': 267200, 'load_time_ms': 1.163, 'default': {'kl': 0.006086729001253843, 'cur_lr': 0.0005000000237487257, 'total_loss': 0.7050988078117371, 'policy_loss': -0.004637882579118013, 'vf_explained_var': 0.9651873111724854, 'entropy': 1.554069995880127, 'cur_kl_coeff': 0.48709818720817566, 'vf_loss': 0.7067718505859375}, 'sample_time_ms': 9580.805, 'grad_time_ms': 273.487, 'update_time_ms': 4.586, 'num_steps_trained': 267200}",325.11997923038047,2019-04-02_08-04-26,kronos,71,267200,0,1656.353756427765,{},267200,167,167,1656.353756427765,492.9053705317178,1600,1554192266,{},0b32d2eec3344b1fbde4822793b2e447,66.4306665637337
False,219,"{'input': 'sampler', 'callbacks': {'on_train_result': None, 'on_sample_end': None, 'on_episode_step': None, 'on_episode_start': None, 'on_episode_end': None}, 'sample_batch_size': 200, 'clip_actions': False, 'clip_rewards': None, 'tf_session_args': {'inter_op_parallelism_threads': 2, 'intra_op_parallelism_threads': 2, 'device_count': {'CPU': 1}, 'log_device_placement': False, 'allow_soft_placement': True, 'gpu_options': {'allow_growth': True}}, 'kl_target': 0.01, 'horizon': 1500, 'lr': 0.0005, 'sample_async': False, 'simple_optimizer': False, 'compress_observations': False, 'num_envs_per_worker': 1, 'gamma': 0.99, 'sgd_minibatch_size': 128, 'observation_filter': 'NoFilter', 'entropy_coeff': 0.0, 'batch_mode': 'truncate_episodes', 'straggler_mitigation': False, 'vf_share_layers': False, 'num_gpus': 0, 'synchronize_filters': True, 'num_sgd_iter': 10, 'train_batch_size': 1500, 'optimizer': {}, 'num_gpus_per_worker': 0, 'preprocessor_pref': 'deepmind', 'num_cpus_for_driver': 1, 'lr_schedule': None, 'use_gae': True, 'lambda': 0.97, 'vf_loss_coeff': 1.0, 'vf_clip_param': 1000000.0, 'log_level': 'INFO', 'env_config': {'run': 'PPO', 'flow_params': '{\n    ""env"": {\n        ""additional_params"": {\n            ""max_accel"": 3,\n            ""max_decel"": 3,\n            ""sort_vehicles"": false,\n            ""target_velocity"": 20\n        },\n        ""evaluate"": false,\n        ""horizon"": 1500,\n        ""sims_per_step"": 1,\n        ""warmup_steps"": 0\n    },\n    ""env_name"": ""AccelEnv"",\n    ""exp_tag"": ""figure_eight_0"",\n    ""initial"": {\n        ""additional_params"": {},\n        ""bunching"": 0,\n        ""edges_distribution"": ""all"",\n        ""lanes_distribution"": Infinity,\n        ""min_gap"": 0,\n        ""perturbation"": 0.0,\n        ""shuffle"": false,\n        ""spacing"": ""uniform"",\n        ""x0"": 0\n    },\n    ""net"": {\n        ""additional_params"": {\n            ""lanes"": 1,\n            ""radius_ring"": 30,\n            ""resolution"": 40,\n            ""speed_limit"": 30\n        },\n        ""inflows"": {\n            ""_InFlows__flows"": [],\n            ""num_flows"": 0\n        },\n        ""netfile"": null,\n        ""no_internal_links"": false,\n        ""osm_path"": null\n    },\n    ""scenario"": ""Figure8Scenario"",\n    ""sim"": {\n        ""emission_path"": null,\n        ""lateral_resolution"": null,\n        ""no_step_log"": true,\n        ""num_clients"": 1,\n        ""overtake_right"": false,\n        ""port"": null,\n        ""print_warnings"": true,\n        ""pxpm"": 2,\n        ""render"": false,\n        ""restart_instance"": false,\n        ""save_render"": false,\n        ""seed"": null,\n        ""show_radius"": false,\n        ""sight_radius"": 25,\n        ""sim_step"": 0.1,\n        ""teleport_time"": -1\n    },\n    ""simulator"": ""traci"",\n    ""veh"": [\n        {\n            ""acceleration_controller"": [\n                ""IDMController"",\n                {\n                    ""noise"": 0.2\n                }\n            ],\n            ""car_following_params"": {\n                ""controller_params"": {\n                    ""accel"": 1.0,\n                    ""carFollowModel"": ""IDM"",\n                    ""decel"": 1.5,\n                    ""impatience"": 0.5,\n                    ""maxSpeed"": 30,\n                    ""minGap"": 2.5,\n                    ""sigma"": 0.5,\n                    ""speedDev"": 0.1,\n                    ""speedFactor"": 1.0,\n                    ""tau"": 1.0\n                },\n                ""speed_mode"": 1\n            },\n            ""initial_speed"": 0,\n            ""lane_change_controller"": [\n                ""SimLaneChangeController"",\n                {}\n            ],\n            ""lane_change_params"": {\n                ""controller_params"": {\n                    ""laneChangeModel"": ""LC2013"",\n                    ""lcCooperative"": ""1.0"",\n                    ""lcKeepRight"": ""1.0"",\n                    ""lcSpeedGain"": ""1.0"",\n                    ""lcStrategic"": ""1.0""\n                },\n                ""lane_change_mode"": 512\n            },\n            ""num_vehicles"": 13,\n            ""routing_controller"": [\n                ""ContinuousRouter"",\n                {}\n            ],\n            ""veh_id"": ""human""\n        },\n        {\n            ""acceleration_controller"": [\n                ""RLController"",\n                {}\n            ],\n            ""car_following_params"": {\n                ""controller_params"": {\n                    ""accel"": 1.0,\n                    ""carFollowModel"": ""IDM"",\n                    ""decel"": 1.5,\n                    ""impatience"": 0.5,\n                    ""maxSpeed"": 30,\n                    ""minGap"": 2.5,\n                    ""sigma"": 0.5,\n                    ""speedDev"": 0.1,\n                    ""speedFactor"": 1.0,\n                    ""tau"": 1.0\n                },\n                ""speed_mode"": 1\n            },\n            ""initial_speed"": 0,\n            ""lane_change_controller"": [\n                ""SimLaneChangeController"",\n                {}\n            ],\n            ""lane_change_params"": {\n                ""controller_params"": {\n                    ""laneChangeModel"": ""LC2013"",\n                    ""lcCooperative"": ""1.0"",\n                    ""lcKeepRight"": ""1.0"",\n                    ""lcSpeedGain"": ""1.0"",\n                    ""lcStrategic"": ""1.0""\n                },\n                ""lane_change_mode"": 512\n            },\n            ""num_vehicles"": 1,\n            ""routing_controller"": [\n                ""ContinuousRouter"",\n                {}\n            ],\n            ""veh_id"": ""rl""\n        }\n    ]\n}'}, 'env': 'AccelEnv-v0', 'local_evaluator_tf_session_args': {'inter_op_parallelism_threads': 8, 'intra_op_parallelism_threads': 8}, 'model': {'free_log_std': False, 'custom_options': {}, 'framestack': True, 'channel_major': False, 'max_seq_len': 20, 'lstm_use_prev_action_reward': False, 'squash_to_range': False, 'dim': 84, 'grayscale': False, 'fcnet_hiddens': [100, 50, 25], 'use_lstm': False, 'custom_model': None, 'fcnet_activation': 'tanh', 'conv_filters': None, 'conv_activation': 'relu', 'lstm_cell_size': 256, 'zero_mean': True, 'custom_preprocessor': None}, 'output_compress_columns': ['obs', 'new_obs'], 'monitor': False, 'custom_resources_per_worker': {}, 'output_max_file_size': 67108864, 'num_workers': 1, 'clip_param': 0.3, 'kl_coeff': 0.2, 'multiagent': {'policy_graphs': {}, 'policy_mapping_fn': None, 'policies_to_train': None}, 'input_evaluation': None, 'output': None, 'collect_metrics_timeout': 180, 'num_cpus_per_worker': 1}",169.237.32.118,1,1157.47,9.695831298828125,"{'num_steps_sampled': 268800, 'load_time_ms': 1.161, 'default': {'kl': 0.016537515446543694, 'cur_lr': 0.0005000000237487257, 'total_loss': 2.121525764465332, 'policy_loss': -0.01818780042231083, 'vf_explained_var': 0.9489272236824036, 'entropy': 1.5716136693954468, 'cur_kl_coeff': 0.48709818720817566, 'vf_loss': 2.1316580772399902}, 'sample_time_ms': 9552.983, 'grad_time_ms': 273.998, 'update_time_ms': 4.676, 'num_steps_trained': 268800}",324.5181524719836,2019-04-02_08-04-35,kronos,71,268800,0,1666.049587726593,{},268800,168,168,1666.049587726593,492.9053705317178,1600,1554192275,{},0b32d2eec3344b1fbde4822793b2e447,66.4306665637337
False,220,"{'input': 'sampler', 'callbacks': {'on_train_result': None, 'on_sample_end': None, 'on_episode_step': None, 'on_episode_start': None, 'on_episode_end': None}, 'sample_batch_size': 200, 'clip_actions': False, 'clip_rewards': None, 'tf_session_args': {'inter_op_parallelism_threads': 2, 'intra_op_parallelism_threads': 2, 'device_count': {'CPU': 1}, 'log_device_placement': False, 'allow_soft_placement': True, 'gpu_options': {'allow_growth': True}}, 'kl_target': 0.01, 'horizon': 1500, 'lr': 0.0005, 'sample_async': False, 'simple_optimizer': False, 'compress_observations': False, 'num_envs_per_worker': 1, 'gamma': 0.99, 'sgd_minibatch_size': 128, 'observation_filter': 'NoFilter', 'entropy_coeff': 0.0, 'batch_mode': 'truncate_episodes', 'straggler_mitigation': False, 'vf_share_layers': False, 'num_gpus': 0, 'synchronize_filters': True, 'num_sgd_iter': 10, 'train_batch_size': 1500, 'optimizer': {}, 'num_gpus_per_worker': 0, 'preprocessor_pref': 'deepmind', 'num_cpus_for_driver': 1, 'lr_schedule': None, 'use_gae': True, 'lambda': 0.97, 'vf_loss_coeff': 1.0, 'vf_clip_param': 1000000.0, 'log_level': 'INFO', 'env_config': {'run': 'PPO', 'flow_params': '{\n    ""env"": {\n        ""additional_params"": {\n            ""max_accel"": 3,\n            ""max_decel"": 3,\n            ""sort_vehicles"": false,\n            ""target_velocity"": 20\n        },\n        ""evaluate"": false,\n        ""horizon"": 1500,\n        ""sims_per_step"": 1,\n        ""warmup_steps"": 0\n    },\n    ""env_name"": ""AccelEnv"",\n    ""exp_tag"": ""figure_eight_0"",\n    ""initial"": {\n        ""additional_params"": {},\n        ""bunching"": 0,\n        ""edges_distribution"": ""all"",\n        ""lanes_distribution"": Infinity,\n        ""min_gap"": 0,\n        ""perturbation"": 0.0,\n        ""shuffle"": false,\n        ""spacing"": ""uniform"",\n        ""x0"": 0\n    },\n    ""net"": {\n        ""additional_params"": {\n            ""lanes"": 1,\n            ""radius_ring"": 30,\n            ""resolution"": 40,\n            ""speed_limit"": 30\n        },\n        ""inflows"": {\n            ""_InFlows__flows"": [],\n            ""num_flows"": 0\n        },\n        ""netfile"": null,\n        ""no_internal_links"": false,\n        ""osm_path"": null\n    },\n    ""scenario"": ""Figure8Scenario"",\n    ""sim"": {\n        ""emission_path"": null,\n        ""lateral_resolution"": null,\n        ""no_step_log"": true,\n        ""num_clients"": 1,\n        ""overtake_right"": false,\n        ""port"": null,\n        ""print_warnings"": true,\n        ""pxpm"": 2,\n        ""render"": false,\n        ""restart_instance"": false,\n        ""save_render"": false,\n        ""seed"": null,\n        ""show_radius"": false,\n        ""sight_radius"": 25,\n        ""sim_step"": 0.1,\n        ""teleport_time"": -1\n    },\n    ""simulator"": ""traci"",\n    ""veh"": [\n        {\n            ""acceleration_controller"": [\n                ""IDMController"",\n                {\n                    ""noise"": 0.2\n                }\n            ],\n            ""car_following_params"": {\n                ""controller_params"": {\n                    ""accel"": 1.0,\n                    ""carFollowModel"": ""IDM"",\n                    ""decel"": 1.5,\n                    ""impatience"": 0.5,\n                    ""maxSpeed"": 30,\n                    ""minGap"": 2.5,\n                    ""sigma"": 0.5,\n                    ""speedDev"": 0.1,\n                    ""speedFactor"": 1.0,\n                    ""tau"": 1.0\n                },\n                ""speed_mode"": 1\n            },\n            ""initial_speed"": 0,\n            ""lane_change_controller"": [\n                ""SimLaneChangeController"",\n                {}\n            ],\n            ""lane_change_params"": {\n                ""controller_params"": {\n                    ""laneChangeModel"": ""LC2013"",\n                    ""lcCooperative"": ""1.0"",\n                    ""lcKeepRight"": ""1.0"",\n                    ""lcSpeedGain"": ""1.0"",\n                    ""lcStrategic"": ""1.0""\n                },\n                ""lane_change_mode"": 512\n            },\n            ""num_vehicles"": 13,\n            ""routing_controller"": [\n                ""ContinuousRouter"",\n                {}\n            ],\n            ""veh_id"": ""human""\n        },\n        {\n            ""acceleration_controller"": [\n                ""RLController"",\n                {}\n            ],\n            ""car_following_params"": {\n                ""controller_params"": {\n                    ""accel"": 1.0,\n                    ""carFollowModel"": ""IDM"",\n                    ""decel"": 1.5,\n                    ""impatience"": 0.5,\n                    ""maxSpeed"": 30,\n                    ""minGap"": 2.5,\n                    ""sigma"": 0.5,\n                    ""speedDev"": 0.1,\n                    ""speedFactor"": 1.0,\n                    ""tau"": 1.0\n                },\n                ""speed_mode"": 1\n            },\n            ""initial_speed"": 0,\n            ""lane_change_controller"": [\n                ""SimLaneChangeController"",\n                {}\n            ],\n            ""lane_change_params"": {\n                ""controller_params"": {\n                    ""laneChangeModel"": ""LC2013"",\n                    ""lcCooperative"": ""1.0"",\n                    ""lcKeepRight"": ""1.0"",\n                    ""lcSpeedGain"": ""1.0"",\n                    ""lcStrategic"": ""1.0""\n                },\n                ""lane_change_mode"": 512\n            },\n            ""num_vehicles"": 1,\n            ""routing_controller"": [\n                ""ContinuousRouter"",\n                {}\n            ],\n            ""veh_id"": ""rl""\n        }\n    ]\n}'}, 'env': 'AccelEnv-v0', 'local_evaluator_tf_session_args': {'inter_op_parallelism_threads': 8, 'intra_op_parallelism_threads': 8}, 'model': {'free_log_std': False, 'custom_options': {}, 'framestack': True, 'channel_major': False, 'max_seq_len': 20, 'lstm_use_prev_action_reward': False, 'squash_to_range': False, 'dim': 84, 'grayscale': False, 'fcnet_hiddens': [100, 50, 25], 'use_lstm': False, 'custom_model': None, 'fcnet_activation': 'tanh', 'conv_filters': None, 'conv_activation': 'relu', 'lstm_cell_size': 256, 'zero_mean': True, 'custom_preprocessor': None}, 'output_compress_columns': ['obs', 'new_obs'], 'monitor': False, 'custom_resources_per_worker': {}, 'output_max_file_size': 67108864, 'num_workers': 1, 'clip_param': 0.3, 'kl_coeff': 0.2, 'multiagent': {'policy_graphs': {}, 'policy_mapping_fn': None, 'policies_to_train': None}, 'input_evaluation': None, 'output': None, 'collect_metrics_timeout': 180, 'num_cpus_per_worker': 1}",169.237.32.118,1,1165.77,9.885446786880493,"{'num_steps_sampled': 270400, 'load_time_ms': 1.11, 'default': {'kl': 0.01133867260068655, 'cur_lr': 0.0005000000237487257, 'total_loss': 0.9433738589286804, 'policy_loss': -0.015829438343644142, 'vf_explained_var': 0.9509894251823425, 'entropy': 1.59527587890625, 'cur_kl_coeff': 0.48709818720817566, 'vf_loss': 0.9536802768707275}, 'sample_time_ms': 9558.55, 'grad_time_ms': 273.654, 'update_time_ms': 4.974, 'num_steps_trained': 270400}",326.7041239332477,2019-04-02_08-04-45,kronos,71,270400,0,1675.9350345134735,{},270400,169,169,1675.9350345134735,492.9053705317178,1600,1554192285,{},0b32d2eec3344b1fbde4822793b2e447,66.4306665637337
False,222,"{'input': 'sampler', 'callbacks': {'on_train_result': None, 'on_sample_end': None, 'on_episode_step': None, 'on_episode_start': None, 'on_episode_end': None}, 'sample_batch_size': 200, 'clip_actions': False, 'clip_rewards': None, 'tf_session_args': {'inter_op_parallelism_threads': 2, 'intra_op_parallelism_threads': 2, 'device_count': {'CPU': 1}, 'log_device_placement': False, 'allow_soft_placement': True, 'gpu_options': {'allow_growth': True}}, 'kl_target': 0.01, 'horizon': 1500, 'lr': 0.0005, 'sample_async': False, 'simple_optimizer': False, 'compress_observations': False, 'num_envs_per_worker': 1, 'gamma': 0.99, 'sgd_minibatch_size': 128, 'observation_filter': 'NoFilter', 'entropy_coeff': 0.0, 'batch_mode': 'truncate_episodes', 'straggler_mitigation': False, 'vf_share_layers': False, 'num_gpus': 0, 'synchronize_filters': True, 'num_sgd_iter': 10, 'train_batch_size': 1500, 'optimizer': {}, 'num_gpus_per_worker': 0, 'preprocessor_pref': 'deepmind', 'num_cpus_for_driver': 1, 'lr_schedule': None, 'use_gae': True, 'lambda': 0.97, 'vf_loss_coeff': 1.0, 'vf_clip_param': 1000000.0, 'log_level': 'INFO', 'env_config': {'run': 'PPO', 'flow_params': '{\n    ""env"": {\n        ""additional_params"": {\n            ""max_accel"": 3,\n            ""max_decel"": 3,\n            ""sort_vehicles"": false,\n            ""target_velocity"": 20\n        },\n        ""evaluate"": false,\n        ""horizon"": 1500,\n        ""sims_per_step"": 1,\n        ""warmup_steps"": 0\n    },\n    ""env_name"": ""AccelEnv"",\n    ""exp_tag"": ""figure_eight_0"",\n    ""initial"": {\n        ""additional_params"": {},\n        ""bunching"": 0,\n        ""edges_distribution"": ""all"",\n        ""lanes_distribution"": Infinity,\n        ""min_gap"": 0,\n        ""perturbation"": 0.0,\n        ""shuffle"": false,\n        ""spacing"": ""uniform"",\n        ""x0"": 0\n    },\n    ""net"": {\n        ""additional_params"": {\n            ""lanes"": 1,\n            ""radius_ring"": 30,\n            ""resolution"": 40,\n            ""speed_limit"": 30\n        },\n        ""inflows"": {\n            ""_InFlows__flows"": [],\n            ""num_flows"": 0\n        },\n        ""netfile"": null,\n        ""no_internal_links"": false,\n        ""osm_path"": null\n    },\n    ""scenario"": ""Figure8Scenario"",\n    ""sim"": {\n        ""emission_path"": null,\n        ""lateral_resolution"": null,\n        ""no_step_log"": true,\n        ""num_clients"": 1,\n        ""overtake_right"": false,\n        ""port"": null,\n        ""print_warnings"": true,\n        ""pxpm"": 2,\n        ""render"": false,\n        ""restart_instance"": false,\n        ""save_render"": false,\n        ""seed"": null,\n        ""show_radius"": false,\n        ""sight_radius"": 25,\n        ""sim_step"": 0.1,\n        ""teleport_time"": -1\n    },\n    ""simulator"": ""traci"",\n    ""veh"": [\n        {\n            ""acceleration_controller"": [\n                ""IDMController"",\n                {\n                    ""noise"": 0.2\n                }\n            ],\n            ""car_following_params"": {\n                ""controller_params"": {\n                    ""accel"": 1.0,\n                    ""carFollowModel"": ""IDM"",\n                    ""decel"": 1.5,\n                    ""impatience"": 0.5,\n                    ""maxSpeed"": 30,\n                    ""minGap"": 2.5,\n                    ""sigma"": 0.5,\n                    ""speedDev"": 0.1,\n                    ""speedFactor"": 1.0,\n                    ""tau"": 1.0\n                },\n                ""speed_mode"": 1\n            },\n            ""initial_speed"": 0,\n            ""lane_change_controller"": [\n                ""SimLaneChangeController"",\n                {}\n            ],\n            ""lane_change_params"": {\n                ""controller_params"": {\n                    ""laneChangeModel"": ""LC2013"",\n                    ""lcCooperative"": ""1.0"",\n                    ""lcKeepRight"": ""1.0"",\n                    ""lcSpeedGain"": ""1.0"",\n                    ""lcStrategic"": ""1.0""\n                },\n                ""lane_change_mode"": 512\n            },\n            ""num_vehicles"": 13,\n            ""routing_controller"": [\n                ""ContinuousRouter"",\n                {}\n            ],\n            ""veh_id"": ""human""\n        },\n        {\n            ""acceleration_controller"": [\n                ""RLController"",\n                {}\n            ],\n            ""car_following_params"": {\n                ""controller_params"": {\n                    ""accel"": 1.0,\n                    ""carFollowModel"": ""IDM"",\n                    ""decel"": 1.5,\n                    ""impatience"": 0.5,\n                    ""maxSpeed"": 30,\n                    ""minGap"": 2.5,\n                    ""sigma"": 0.5,\n                    ""speedDev"": 0.1,\n                    ""speedFactor"": 1.0,\n                    ""tau"": 1.0\n                },\n                ""speed_mode"": 1\n            },\n            ""initial_speed"": 0,\n            ""lane_change_controller"": [\n                ""SimLaneChangeController"",\n                {}\n            ],\n            ""lane_change_params"": {\n                ""controller_params"": {\n                    ""laneChangeModel"": ""LC2013"",\n                    ""lcCooperative"": ""1.0"",\n                    ""lcKeepRight"": ""1.0"",\n                    ""lcSpeedGain"": ""1.0"",\n                    ""lcStrategic"": ""1.0""\n                },\n                ""lane_change_mode"": 512\n            },\n            ""num_vehicles"": 1,\n            ""routing_controller"": [\n                ""ContinuousRouter"",\n                {}\n            ],\n            ""veh_id"": ""rl""\n        }\n    ]\n}'}, 'env': 'AccelEnv-v0', 'local_evaluator_tf_session_args': {'inter_op_parallelism_threads': 8, 'intra_op_parallelism_threads': 8}, 'model': {'free_log_std': False, 'custom_options': {}, 'framestack': True, 'channel_major': False, 'max_seq_len': 20, 'lstm_use_prev_action_reward': False, 'squash_to_range': False, 'dim': 84, 'grayscale': False, 'fcnet_hiddens': [100, 50, 25], 'use_lstm': False, 'custom_model': None, 'fcnet_activation': 'tanh', 'conv_filters': None, 'conv_activation': 'relu', 'lstm_cell_size': 256, 'zero_mean': True, 'custom_preprocessor': None}, 'output_compress_columns': ['obs', 'new_obs'], 'monitor': False, 'custom_resources_per_worker': {}, 'output_max_file_size': 67108864, 'num_workers': 1, 'clip_param': 0.3, 'kl_coeff': 0.2, 'multiagent': {'policy_graphs': {}, 'policy_mapping_fn': None, 'policies_to_train': None}, 'input_evaluation': None, 'output': None, 'collect_metrics_timeout': 180, 'num_cpus_per_worker': 1}",169.237.32.118,2,1165.86,9.992613077163696,"{'num_steps_sampled': 272000, 'load_time_ms': 1.107, 'default': {'kl': 0.015651719644665718, 'cur_lr': 0.0005000000237487257, 'total_loss': 1.6324434280395508, 'policy_loss': -0.020497890189290047, 'vf_explained_var': 0.947054386138916, 'entropy': 1.5630747079849243, 'cur_kl_coeff': 0.48709818720817566, 'vf_loss': 1.6453174352645874}, 'sample_time_ms': 9560.292, 'grad_time_ms': 273.41, 'update_time_ms': 4.991, 'num_steps_trained': 272000}",326.76690642128983,2019-04-02_08-04-55,kronos,71,272000,0,1685.9276475906372,{},272000,170,170,1685.9276475906372,492.9053705317178,1600,1554192295,{},0b32d2eec3344b1fbde4822793b2e447,66.4306665637337
False,223,"{'input': 'sampler', 'callbacks': {'on_train_result': None, 'on_sample_end': None, 'on_episode_step': None, 'on_episode_start': None, 'on_episode_end': None}, 'sample_batch_size': 200, 'clip_actions': False, 'clip_rewards': None, 'tf_session_args': {'inter_op_parallelism_threads': 2, 'intra_op_parallelism_threads': 2, 'device_count': {'CPU': 1}, 'log_device_placement': False, 'allow_soft_placement': True, 'gpu_options': {'allow_growth': True}}, 'kl_target': 0.01, 'horizon': 1500, 'lr': 0.0005, 'sample_async': False, 'simple_optimizer': False, 'compress_observations': False, 'num_envs_per_worker': 1, 'gamma': 0.99, 'sgd_minibatch_size': 128, 'observation_filter': 'NoFilter', 'entropy_coeff': 0.0, 'batch_mode': 'truncate_episodes', 'straggler_mitigation': False, 'vf_share_layers': False, 'num_gpus': 0, 'synchronize_filters': True, 'num_sgd_iter': 10, 'train_batch_size': 1500, 'optimizer': {}, 'num_gpus_per_worker': 0, 'preprocessor_pref': 'deepmind', 'num_cpus_for_driver': 1, 'lr_schedule': None, 'use_gae': True, 'lambda': 0.97, 'vf_loss_coeff': 1.0, 'vf_clip_param': 1000000.0, 'log_level': 'INFO', 'env_config': {'run': 'PPO', 'flow_params': '{\n    ""env"": {\n        ""additional_params"": {\n            ""max_accel"": 3,\n            ""max_decel"": 3,\n            ""sort_vehicles"": false,\n            ""target_velocity"": 20\n        },\n        ""evaluate"": false,\n        ""horizon"": 1500,\n        ""sims_per_step"": 1,\n        ""warmup_steps"": 0\n    },\n    ""env_name"": ""AccelEnv"",\n    ""exp_tag"": ""figure_eight_0"",\n    ""initial"": {\n        ""additional_params"": {},\n        ""bunching"": 0,\n        ""edges_distribution"": ""all"",\n        ""lanes_distribution"": Infinity,\n        ""min_gap"": 0,\n        ""perturbation"": 0.0,\n        ""shuffle"": false,\n        ""spacing"": ""uniform"",\n        ""x0"": 0\n    },\n    ""net"": {\n        ""additional_params"": {\n            ""lanes"": 1,\n            ""radius_ring"": 30,\n            ""resolution"": 40,\n            ""speed_limit"": 30\n        },\n        ""inflows"": {\n            ""_InFlows__flows"": [],\n            ""num_flows"": 0\n        },\n        ""netfile"": null,\n        ""no_internal_links"": false,\n        ""osm_path"": null\n    },\n    ""scenario"": ""Figure8Scenario"",\n    ""sim"": {\n        ""emission_path"": null,\n        ""lateral_resolution"": null,\n        ""no_step_log"": true,\n        ""num_clients"": 1,\n        ""overtake_right"": false,\n        ""port"": null,\n        ""print_warnings"": true,\n        ""pxpm"": 2,\n        ""render"": false,\n        ""restart_instance"": false,\n        ""save_render"": false,\n        ""seed"": null,\n        ""show_radius"": false,\n        ""sight_radius"": 25,\n        ""sim_step"": 0.1,\n        ""teleport_time"": -1\n    },\n    ""simulator"": ""traci"",\n    ""veh"": [\n        {\n            ""acceleration_controller"": [\n                ""IDMController"",\n                {\n                    ""noise"": 0.2\n                }\n            ],\n            ""car_following_params"": {\n                ""controller_params"": {\n                    ""accel"": 1.0,\n                    ""carFollowModel"": ""IDM"",\n                    ""decel"": 1.5,\n                    ""impatience"": 0.5,\n                    ""maxSpeed"": 30,\n                    ""minGap"": 2.5,\n                    ""sigma"": 0.5,\n                    ""speedDev"": 0.1,\n                    ""speedFactor"": 1.0,\n                    ""tau"": 1.0\n                },\n                ""speed_mode"": 1\n            },\n            ""initial_speed"": 0,\n            ""lane_change_controller"": [\n                ""SimLaneChangeController"",\n                {}\n            ],\n            ""lane_change_params"": {\n                ""controller_params"": {\n                    ""laneChangeModel"": ""LC2013"",\n                    ""lcCooperative"": ""1.0"",\n                    ""lcKeepRight"": ""1.0"",\n                    ""lcSpeedGain"": ""1.0"",\n                    ""lcStrategic"": ""1.0""\n                },\n                ""lane_change_mode"": 512\n            },\n            ""num_vehicles"": 13,\n            ""routing_controller"": [\n                ""ContinuousRouter"",\n                {}\n            ],\n            ""veh_id"": ""human""\n        },\n        {\n            ""acceleration_controller"": [\n                ""RLController"",\n                {}\n            ],\n            ""car_following_params"": {\n                ""controller_params"": {\n                    ""accel"": 1.0,\n                    ""carFollowModel"": ""IDM"",\n                    ""decel"": 1.5,\n                    ""impatience"": 0.5,\n                    ""maxSpeed"": 30,\n                    ""minGap"": 2.5,\n                    ""sigma"": 0.5,\n                    ""speedDev"": 0.1,\n                    ""speedFactor"": 1.0,\n                    ""tau"": 1.0\n                },\n                ""speed_mode"": 1\n            },\n            ""initial_speed"": 0,\n            ""lane_change_controller"": [\n                ""SimLaneChangeController"",\n                {}\n            ],\n            ""lane_change_params"": {\n                ""controller_params"": {\n                    ""laneChangeModel"": ""LC2013"",\n                    ""lcCooperative"": ""1.0"",\n                    ""lcKeepRight"": ""1.0"",\n                    ""lcSpeedGain"": ""1.0"",\n                    ""lcStrategic"": ""1.0""\n                },\n                ""lane_change_mode"": 512\n            },\n            ""num_vehicles"": 1,\n            ""routing_controller"": [\n                ""ContinuousRouter"",\n                {}\n            ],\n            ""veh_id"": ""rl""\n        }\n    ]\n}'}, 'env': 'AccelEnv-v0', 'local_evaluator_tf_session_args': {'inter_op_parallelism_threads': 8, 'intra_op_parallelism_threads': 8}, 'model': {'free_log_std': False, 'custom_options': {}, 'framestack': True, 'channel_major': False, 'max_seq_len': 20, 'lstm_use_prev_action_reward': False, 'squash_to_range': False, 'dim': 84, 'grayscale': False, 'fcnet_hiddens': [100, 50, 25], 'use_lstm': False, 'custom_model': None, 'fcnet_activation': 'tanh', 'conv_filters': None, 'conv_activation': 'relu', 'lstm_cell_size': 256, 'zero_mean': True, 'custom_preprocessor': None}, 'output_compress_columns': ['obs', 'new_obs'], 'monitor': False, 'custom_resources_per_worker': {}, 'output_max_file_size': 67108864, 'num_workers': 1, 'clip_param': 0.3, 'kl_coeff': 0.2, 'multiagent': {'policy_graphs': {}, 'policy_mapping_fn': None, 'policies_to_train': None}, 'input_evaluation': None, 'output': None, 'collect_metrics_timeout': 180, 'num_cpus_per_worker': 1}",169.237.32.118,1,1166.41,9.917012453079224,"{'num_steps_sampled': 273600, 'load_time_ms': 1.142, 'default': {'kl': 0.015976162627339363, 'cur_lr': 0.0005000000237487257, 'total_loss': 3.1178224086761475, 'policy_loss': -0.020239034667611122, 'vf_explained_var': 0.9192847609519958, 'entropy': 1.6137148141860962, 'cur_kl_coeff': 0.48709818720817566, 'vf_loss': 3.130279541015625}, 'sample_time_ms': 9565.076, 'grad_time_ms': 274.871, 'update_time_ms': 4.94, 'num_steps_trained': 273600}",327.3260831863881,2019-04-02_08-05-05,kronos,71,273600,0,1695.8446600437164,{},273600,171,171,1695.8446600437164,492.9053705317178,1600,1554192305,{},0b32d2eec3344b1fbde4822793b2e447,66.4306665637337
False,224,"{'input': 'sampler', 'callbacks': {'on_train_result': None, 'on_sample_end': None, 'on_episode_step': None, 'on_episode_start': None, 'on_episode_end': None}, 'sample_batch_size': 200, 'clip_actions': False, 'clip_rewards': None, 'tf_session_args': {'inter_op_parallelism_threads': 2, 'intra_op_parallelism_threads': 2, 'device_count': {'CPU': 1}, 'log_device_placement': False, 'allow_soft_placement': True, 'gpu_options': {'allow_growth': True}}, 'kl_target': 0.01, 'horizon': 1500, 'lr': 0.0005, 'sample_async': False, 'simple_optimizer': False, 'compress_observations': False, 'num_envs_per_worker': 1, 'gamma': 0.99, 'sgd_minibatch_size': 128, 'observation_filter': 'NoFilter', 'entropy_coeff': 0.0, 'batch_mode': 'truncate_episodes', 'straggler_mitigation': False, 'vf_share_layers': False, 'num_gpus': 0, 'synchronize_filters': True, 'num_sgd_iter': 10, 'train_batch_size': 1500, 'optimizer': {}, 'num_gpus_per_worker': 0, 'preprocessor_pref': 'deepmind', 'num_cpus_for_driver': 1, 'lr_schedule': None, 'use_gae': True, 'lambda': 0.97, 'vf_loss_coeff': 1.0, 'vf_clip_param': 1000000.0, 'log_level': 'INFO', 'env_config': {'run': 'PPO', 'flow_params': '{\n    ""env"": {\n        ""additional_params"": {\n            ""max_accel"": 3,\n            ""max_decel"": 3,\n            ""sort_vehicles"": false,\n            ""target_velocity"": 20\n        },\n        ""evaluate"": false,\n        ""horizon"": 1500,\n        ""sims_per_step"": 1,\n        ""warmup_steps"": 0\n    },\n    ""env_name"": ""AccelEnv"",\n    ""exp_tag"": ""figure_eight_0"",\n    ""initial"": {\n        ""additional_params"": {},\n        ""bunching"": 0,\n        ""edges_distribution"": ""all"",\n        ""lanes_distribution"": Infinity,\n        ""min_gap"": 0,\n        ""perturbation"": 0.0,\n        ""shuffle"": false,\n        ""spacing"": ""uniform"",\n        ""x0"": 0\n    },\n    ""net"": {\n        ""additional_params"": {\n            ""lanes"": 1,\n            ""radius_ring"": 30,\n            ""resolution"": 40,\n            ""speed_limit"": 30\n        },\n        ""inflows"": {\n            ""_InFlows__flows"": [],\n            ""num_flows"": 0\n        },\n        ""netfile"": null,\n        ""no_internal_links"": false,\n        ""osm_path"": null\n    },\n    ""scenario"": ""Figure8Scenario"",\n    ""sim"": {\n        ""emission_path"": null,\n        ""lateral_resolution"": null,\n        ""no_step_log"": true,\n        ""num_clients"": 1,\n        ""overtake_right"": false,\n        ""port"": null,\n        ""print_warnings"": true,\n        ""pxpm"": 2,\n        ""render"": false,\n        ""restart_instance"": false,\n        ""save_render"": false,\n        ""seed"": null,\n        ""show_radius"": false,\n        ""sight_radius"": 25,\n        ""sim_step"": 0.1,\n        ""teleport_time"": -1\n    },\n    ""simulator"": ""traci"",\n    ""veh"": [\n        {\n            ""acceleration_controller"": [\n                ""IDMController"",\n                {\n                    ""noise"": 0.2\n                }\n            ],\n            ""car_following_params"": {\n                ""controller_params"": {\n                    ""accel"": 1.0,\n                    ""carFollowModel"": ""IDM"",\n                    ""decel"": 1.5,\n                    ""impatience"": 0.5,\n                    ""maxSpeed"": 30,\n                    ""minGap"": 2.5,\n                    ""sigma"": 0.5,\n                    ""speedDev"": 0.1,\n                    ""speedFactor"": 1.0,\n                    ""tau"": 1.0\n                },\n                ""speed_mode"": 1\n            },\n            ""initial_speed"": 0,\n            ""lane_change_controller"": [\n                ""SimLaneChangeController"",\n                {}\n            ],\n            ""lane_change_params"": {\n                ""controller_params"": {\n                    ""laneChangeModel"": ""LC2013"",\n                    ""lcCooperative"": ""1.0"",\n                    ""lcKeepRight"": ""1.0"",\n                    ""lcSpeedGain"": ""1.0"",\n                    ""lcStrategic"": ""1.0""\n                },\n                ""lane_change_mode"": 512\n            },\n            ""num_vehicles"": 13,\n            ""routing_controller"": [\n                ""ContinuousRouter"",\n                {}\n            ],\n            ""veh_id"": ""human""\n        },\n        {\n            ""acceleration_controller"": [\n                ""RLController"",\n                {}\n            ],\n            ""car_following_params"": {\n                ""controller_params"": {\n                    ""accel"": 1.0,\n                    ""carFollowModel"": ""IDM"",\n                    ""decel"": 1.5,\n                    ""impatience"": 0.5,\n                    ""maxSpeed"": 30,\n                    ""minGap"": 2.5,\n                    ""sigma"": 0.5,\n                    ""speedDev"": 0.1,\n                    ""speedFactor"": 1.0,\n                    ""tau"": 1.0\n                },\n                ""speed_mode"": 1\n            },\n            ""initial_speed"": 0,\n            ""lane_change_controller"": [\n                ""SimLaneChangeController"",\n                {}\n            ],\n            ""lane_change_params"": {\n                ""controller_params"": {\n                    ""laneChangeModel"": ""LC2013"",\n                    ""lcCooperative"": ""1.0"",\n                    ""lcKeepRight"": ""1.0"",\n                    ""lcSpeedGain"": ""1.0"",\n                    ""lcStrategic"": ""1.0""\n                },\n                ""lane_change_mode"": 512\n            },\n            ""num_vehicles"": 1,\n            ""routing_controller"": [\n                ""ContinuousRouter"",\n                {}\n            ],\n            ""veh_id"": ""rl""\n        }\n    ]\n}'}, 'env': 'AccelEnv-v0', 'local_evaluator_tf_session_args': {'inter_op_parallelism_threads': 8, 'intra_op_parallelism_threads': 8}, 'model': {'free_log_std': False, 'custom_options': {}, 'framestack': True, 'channel_major': False, 'max_seq_len': 20, 'lstm_use_prev_action_reward': False, 'squash_to_range': False, 'dim': 84, 'grayscale': False, 'fcnet_hiddens': [100, 50, 25], 'use_lstm': False, 'custom_model': None, 'fcnet_activation': 'tanh', 'conv_filters': None, 'conv_activation': 'relu', 'lstm_cell_size': 256, 'zero_mean': True, 'custom_preprocessor': None}, 'output_compress_columns': ['obs', 'new_obs'], 'monitor': False, 'custom_resources_per_worker': {}, 'output_max_file_size': 67108864, 'num_workers': 1, 'clip_param': 0.3, 'kl_coeff': 0.2, 'multiagent': {'policy_graphs': {}, 'policy_mapping_fn': None, 'policies_to_train': None}, 'input_evaluation': None, 'output': None, 'collect_metrics_timeout': 180, 'num_cpus_per_worker': 1}",169.237.32.118,1,1166.41,10.017249822616577,"{'num_steps_sampled': 275200, 'load_time_ms': 1.169, 'default': {'kl': 0.010646178387105465, 'cur_lr': 0.0005000000237487257, 'total_loss': 1.2825912237167358, 'policy_loss': -0.021410053595900536, 'vf_explained_var': 0.97573322057724, 'entropy': 1.579342246055603, 'cur_kl_coeff': 0.48709818720817566, 'vf_loss': 1.2988154888153076}, 'sample_time_ms': 9575.727, 'grad_time_ms': 274.782, 'update_time_ms': 4.929, 'num_steps_trained': 275200}",326.9114836566516,2019-04-02_08-05-15,kronos,71,275200,0,1705.861909866333,{},275200,172,172,1705.861909866333,477.0997587367293,1600,1554192315,{},0b32d2eec3344b1fbde4822793b2e447,66.4306665637337
False,225,"{'input': 'sampler', 'callbacks': {'on_train_result': None, 'on_sample_end': None, 'on_episode_step': None, 'on_episode_start': None, 'on_episode_end': None}, 'sample_batch_size': 200, 'clip_actions': False, 'clip_rewards': None, 'tf_session_args': {'inter_op_parallelism_threads': 2, 'intra_op_parallelism_threads': 2, 'device_count': {'CPU': 1}, 'log_device_placement': False, 'allow_soft_placement': True, 'gpu_options': {'allow_growth': True}}, 'kl_target': 0.01, 'horizon': 1500, 'lr': 0.0005, 'sample_async': False, 'simple_optimizer': False, 'compress_observations': False, 'num_envs_per_worker': 1, 'gamma': 0.99, 'sgd_minibatch_size': 128, 'observation_filter': 'NoFilter', 'entropy_coeff': 0.0, 'batch_mode': 'truncate_episodes', 'straggler_mitigation': False, 'vf_share_layers': False, 'num_gpus': 0, 'synchronize_filters': True, 'num_sgd_iter': 10, 'train_batch_size': 1500, 'optimizer': {}, 'num_gpus_per_worker': 0, 'preprocessor_pref': 'deepmind', 'num_cpus_for_driver': 1, 'lr_schedule': None, 'use_gae': True, 'lambda': 0.97, 'vf_loss_coeff': 1.0, 'vf_clip_param': 1000000.0, 'log_level': 'INFO', 'env_config': {'run': 'PPO', 'flow_params': '{\n    ""env"": {\n        ""additional_params"": {\n            ""max_accel"": 3,\n            ""max_decel"": 3,\n            ""sort_vehicles"": false,\n            ""target_velocity"": 20\n        },\n        ""evaluate"": false,\n        ""horizon"": 1500,\n        ""sims_per_step"": 1,\n        ""warmup_steps"": 0\n    },\n    ""env_name"": ""AccelEnv"",\n    ""exp_tag"": ""figure_eight_0"",\n    ""initial"": {\n        ""additional_params"": {},\n        ""bunching"": 0,\n        ""edges_distribution"": ""all"",\n        ""lanes_distribution"": Infinity,\n        ""min_gap"": 0,\n        ""perturbation"": 0.0,\n        ""shuffle"": false,\n        ""spacing"": ""uniform"",\n        ""x0"": 0\n    },\n    ""net"": {\n        ""additional_params"": {\n            ""lanes"": 1,\n            ""radius_ring"": 30,\n            ""resolution"": 40,\n            ""speed_limit"": 30\n        },\n        ""inflows"": {\n            ""_InFlows__flows"": [],\n            ""num_flows"": 0\n        },\n        ""netfile"": null,\n        ""no_internal_links"": false,\n        ""osm_path"": null\n    },\n    ""scenario"": ""Figure8Scenario"",\n    ""sim"": {\n        ""emission_path"": null,\n        ""lateral_resolution"": null,\n        ""no_step_log"": true,\n        ""num_clients"": 1,\n        ""overtake_right"": false,\n        ""port"": null,\n        ""print_warnings"": true,\n        ""pxpm"": 2,\n        ""render"": false,\n        ""restart_instance"": false,\n        ""save_render"": false,\n        ""seed"": null,\n        ""show_radius"": false,\n        ""sight_radius"": 25,\n        ""sim_step"": 0.1,\n        ""teleport_time"": -1\n    },\n    ""simulator"": ""traci"",\n    ""veh"": [\n        {\n            ""acceleration_controller"": [\n                ""IDMController"",\n                {\n                    ""noise"": 0.2\n                }\n            ],\n            ""car_following_params"": {\n                ""controller_params"": {\n                    ""accel"": 1.0,\n                    ""carFollowModel"": ""IDM"",\n                    ""decel"": 1.5,\n                    ""impatience"": 0.5,\n                    ""maxSpeed"": 30,\n                    ""minGap"": 2.5,\n                    ""sigma"": 0.5,\n                    ""speedDev"": 0.1,\n                    ""speedFactor"": 1.0,\n                    ""tau"": 1.0\n                },\n                ""speed_mode"": 1\n            },\n            ""initial_speed"": 0,\n            ""lane_change_controller"": [\n                ""SimLaneChangeController"",\n                {}\n            ],\n            ""lane_change_params"": {\n                ""controller_params"": {\n                    ""laneChangeModel"": ""LC2013"",\n                    ""lcCooperative"": ""1.0"",\n                    ""lcKeepRight"": ""1.0"",\n                    ""lcSpeedGain"": ""1.0"",\n                    ""lcStrategic"": ""1.0""\n                },\n                ""lane_change_mode"": 512\n            },\n            ""num_vehicles"": 13,\n            ""routing_controller"": [\n                ""ContinuousRouter"",\n                {}\n            ],\n            ""veh_id"": ""human""\n        },\n        {\n            ""acceleration_controller"": [\n                ""RLController"",\n                {}\n            ],\n            ""car_following_params"": {\n                ""controller_params"": {\n                    ""accel"": 1.0,\n                    ""carFollowModel"": ""IDM"",\n                    ""decel"": 1.5,\n                    ""impatience"": 0.5,\n                    ""maxSpeed"": 30,\n                    ""minGap"": 2.5,\n                    ""sigma"": 0.5,\n                    ""speedDev"": 0.1,\n                    ""speedFactor"": 1.0,\n                    ""tau"": 1.0\n                },\n                ""speed_mode"": 1\n            },\n            ""initial_speed"": 0,\n            ""lane_change_controller"": [\n                ""SimLaneChangeController"",\n                {}\n            ],\n            ""lane_change_params"": {\n                ""controller_params"": {\n                    ""laneChangeModel"": ""LC2013"",\n                    ""lcCooperative"": ""1.0"",\n                    ""lcKeepRight"": ""1.0"",\n                    ""lcSpeedGain"": ""1.0"",\n                    ""lcStrategic"": ""1.0""\n                },\n                ""lane_change_mode"": 512\n            },\n            ""num_vehicles"": 1,\n            ""routing_controller"": [\n                ""ContinuousRouter"",\n                {}\n            ],\n            ""veh_id"": ""rl""\n        }\n    ]\n}'}, 'env': 'AccelEnv-v0', 'local_evaluator_tf_session_args': {'inter_op_parallelism_threads': 8, 'intra_op_parallelism_threads': 8}, 'model': {'free_log_std': False, 'custom_options': {}, 'framestack': True, 'channel_major': False, 'max_seq_len': 20, 'lstm_use_prev_action_reward': False, 'squash_to_range': False, 'dim': 84, 'grayscale': False, 'fcnet_hiddens': [100, 50, 25], 'use_lstm': False, 'custom_model': None, 'fcnet_activation': 'tanh', 'conv_filters': None, 'conv_activation': 'relu', 'lstm_cell_size': 256, 'zero_mean': True, 'custom_preprocessor': None}, 'output_compress_columns': ['obs', 'new_obs'], 'monitor': False, 'custom_resources_per_worker': {}, 'output_max_file_size': 67108864, 'num_workers': 1, 'clip_param': 0.3, 'kl_coeff': 0.2, 'multiagent': {'policy_graphs': {}, 'policy_mapping_fn': None, 'policies_to_train': None}, 'input_evaluation': None, 'output': None, 'collect_metrics_timeout': 180, 'num_cpus_per_worker': 1}",169.237.32.118,1,1158.59,9.761566400527954,"{'num_steps_sampled': 276800, 'load_time_ms': 1.165, 'default': {'kl': 0.007825583219528198, 'cur_lr': 0.0005000000237487257, 'total_loss': 0.8317437767982483, 'policy_loss': -0.014985675923526287, 'vf_explained_var': 0.9831607937812805, 'entropy': 1.531728744506836, 'cur_kl_coeff': 0.48709818720817566, 'vf_loss': 0.8429176211357117}, 'sample_time_ms': 9572.397, 'grad_time_ms': 272.902, 'update_time_ms': 4.997, 'num_steps_trained': 276800}",324.86541687903673,2019-04-02_08-05-25,kronos,71,276800,0,1715.623476266861,{},276800,173,173,1715.623476266861,477.0997587367293,1600,1554192325,{},0b32d2eec3344b1fbde4822793b2e447,66.4306665637337
False,228,"{'input': 'sampler', 'callbacks': {'on_train_result': None, 'on_sample_end': None, 'on_episode_step': None, 'on_episode_start': None, 'on_episode_end': None}, 'sample_batch_size': 200, 'clip_actions': False, 'clip_rewards': None, 'tf_session_args': {'inter_op_parallelism_threads': 2, 'intra_op_parallelism_threads': 2, 'device_count': {'CPU': 1}, 'log_device_placement': False, 'allow_soft_placement': True, 'gpu_options': {'allow_growth': True}}, 'kl_target': 0.01, 'horizon': 1500, 'lr': 0.0005, 'sample_async': False, 'simple_optimizer': False, 'compress_observations': False, 'num_envs_per_worker': 1, 'gamma': 0.99, 'sgd_minibatch_size': 128, 'observation_filter': 'NoFilter', 'entropy_coeff': 0.0, 'batch_mode': 'truncate_episodes', 'straggler_mitigation': False, 'vf_share_layers': False, 'num_gpus': 0, 'synchronize_filters': True, 'num_sgd_iter': 10, 'train_batch_size': 1500, 'optimizer': {}, 'num_gpus_per_worker': 0, 'preprocessor_pref': 'deepmind', 'num_cpus_for_driver': 1, 'lr_schedule': None, 'use_gae': True, 'lambda': 0.97, 'vf_loss_coeff': 1.0, 'vf_clip_param': 1000000.0, 'log_level': 'INFO', 'env_config': {'run': 'PPO', 'flow_params': '{\n    ""env"": {\n        ""additional_params"": {\n            ""max_accel"": 3,\n            ""max_decel"": 3,\n            ""sort_vehicles"": false,\n            ""target_velocity"": 20\n        },\n        ""evaluate"": false,\n        ""horizon"": 1500,\n        ""sims_per_step"": 1,\n        ""warmup_steps"": 0\n    },\n    ""env_name"": ""AccelEnv"",\n    ""exp_tag"": ""figure_eight_0"",\n    ""initial"": {\n        ""additional_params"": {},\n        ""bunching"": 0,\n        ""edges_distribution"": ""all"",\n        ""lanes_distribution"": Infinity,\n        ""min_gap"": 0,\n        ""perturbation"": 0.0,\n        ""shuffle"": false,\n        ""spacing"": ""uniform"",\n        ""x0"": 0\n    },\n    ""net"": {\n        ""additional_params"": {\n            ""lanes"": 1,\n            ""radius_ring"": 30,\n            ""resolution"": 40,\n            ""speed_limit"": 30\n        },\n        ""inflows"": {\n            ""_InFlows__flows"": [],\n            ""num_flows"": 0\n        },\n        ""netfile"": null,\n        ""no_internal_links"": false,\n        ""osm_path"": null\n    },\n    ""scenario"": ""Figure8Scenario"",\n    ""sim"": {\n        ""emission_path"": null,\n        ""lateral_resolution"": null,\n        ""no_step_log"": true,\n        ""num_clients"": 1,\n        ""overtake_right"": false,\n        ""port"": null,\n        ""print_warnings"": true,\n        ""pxpm"": 2,\n        ""render"": false,\n        ""restart_instance"": false,\n        ""save_render"": false,\n        ""seed"": null,\n        ""show_radius"": false,\n        ""sight_radius"": 25,\n        ""sim_step"": 0.1,\n        ""teleport_time"": -1\n    },\n    ""simulator"": ""traci"",\n    ""veh"": [\n        {\n            ""acceleration_controller"": [\n                ""IDMController"",\n                {\n                    ""noise"": 0.2\n                }\n            ],\n            ""car_following_params"": {\n                ""controller_params"": {\n                    ""accel"": 1.0,\n                    ""carFollowModel"": ""IDM"",\n                    ""decel"": 1.5,\n                    ""impatience"": 0.5,\n                    ""maxSpeed"": 30,\n                    ""minGap"": 2.5,\n                    ""sigma"": 0.5,\n                    ""speedDev"": 0.1,\n                    ""speedFactor"": 1.0,\n                    ""tau"": 1.0\n                },\n                ""speed_mode"": 1\n            },\n            ""initial_speed"": 0,\n            ""lane_change_controller"": [\n                ""SimLaneChangeController"",\n                {}\n            ],\n            ""lane_change_params"": {\n                ""controller_params"": {\n                    ""laneChangeModel"": ""LC2013"",\n                    ""lcCooperative"": ""1.0"",\n                    ""lcKeepRight"": ""1.0"",\n                    ""lcSpeedGain"": ""1.0"",\n                    ""lcStrategic"": ""1.0""\n                },\n                ""lane_change_mode"": 512\n            },\n            ""num_vehicles"": 13,\n            ""routing_controller"": [\n                ""ContinuousRouter"",\n                {}\n            ],\n            ""veh_id"": ""human""\n        },\n        {\n            ""acceleration_controller"": [\n                ""RLController"",\n                {}\n            ],\n            ""car_following_params"": {\n                ""controller_params"": {\n                    ""accel"": 1.0,\n                    ""carFollowModel"": ""IDM"",\n                    ""decel"": 1.5,\n                    ""impatience"": 0.5,\n                    ""maxSpeed"": 30,\n                    ""minGap"": 2.5,\n                    ""sigma"": 0.5,\n                    ""speedDev"": 0.1,\n                    ""speedFactor"": 1.0,\n                    ""tau"": 1.0\n                },\n                ""speed_mode"": 1\n            },\n            ""initial_speed"": 0,\n            ""lane_change_controller"": [\n                ""SimLaneChangeController"",\n                {}\n            ],\n            ""lane_change_params"": {\n                ""controller_params"": {\n                    ""laneChangeModel"": ""LC2013"",\n                    ""lcCooperative"": ""1.0"",\n                    ""lcKeepRight"": ""1.0"",\n                    ""lcSpeedGain"": ""1.0"",\n                    ""lcStrategic"": ""1.0""\n                },\n                ""lane_change_mode"": 512\n            },\n            ""num_vehicles"": 1,\n            ""routing_controller"": [\n                ""ContinuousRouter"",\n                {}\n            ],\n            ""veh_id"": ""rl""\n        }\n    ]\n}'}, 'env': 'AccelEnv-v0', 'local_evaluator_tf_session_args': {'inter_op_parallelism_threads': 8, 'intra_op_parallelism_threads': 8}, 'model': {'free_log_std': False, 'custom_options': {}, 'framestack': True, 'channel_major': False, 'max_seq_len': 20, 'lstm_use_prev_action_reward': False, 'squash_to_range': False, 'dim': 84, 'grayscale': False, 'fcnet_hiddens': [100, 50, 25], 'use_lstm': False, 'custom_model': None, 'fcnet_activation': 'tanh', 'conv_filters': None, 'conv_activation': 'relu', 'lstm_cell_size': 256, 'zero_mean': True, 'custom_preprocessor': None}, 'output_compress_columns': ['obs', 'new_obs'], 'monitor': False, 'custom_resources_per_worker': {}, 'output_max_file_size': 67108864, 'num_workers': 1, 'clip_param': 0.3, 'kl_coeff': 0.2, 'multiagent': {'policy_graphs': {}, 'policy_mapping_fn': None, 'policies_to_train': None}, 'input_evaluation': None, 'output': None, 'collect_metrics_timeout': 180, 'num_cpus_per_worker': 1}",169.237.32.118,3,1149.35,9.822891473770142,"{'num_steps_sampled': 278400, 'load_time_ms': 1.177, 'default': {'kl': 0.009178551845252514, 'cur_lr': 0.0005000000237487257, 'total_loss': 6.713926315307617, 'policy_loss': -0.02119230292737484, 'vf_explained_var': 0.8577365279197693, 'entropy': 1.4547301530838013, 'cur_kl_coeff': 0.48709818720817566, 'vf_loss': 6.730648040771484}, 'sample_time_ms': 9564.766, 'grad_time_ms': 274.377, 'update_time_ms': 4.956, 'num_steps_trained': 278400}",321.5009328651823,2019-04-02_08-05-35,kronos,71,278400,0,1725.446367740631,{},278400,174,174,1725.446367740631,477.0997587367293,1600,1554192335,{},0b32d2eec3344b1fbde4822793b2e447,66.4306665637337
False,229,"{'input': 'sampler', 'callbacks': {'on_train_result': None, 'on_sample_end': None, 'on_episode_step': None, 'on_episode_start': None, 'on_episode_end': None}, 'sample_batch_size': 200, 'clip_actions': False, 'clip_rewards': None, 'tf_session_args': {'inter_op_parallelism_threads': 2, 'intra_op_parallelism_threads': 2, 'device_count': {'CPU': 1}, 'log_device_placement': False, 'allow_soft_placement': True, 'gpu_options': {'allow_growth': True}}, 'kl_target': 0.01, 'horizon': 1500, 'lr': 0.0005, 'sample_async': False, 'simple_optimizer': False, 'compress_observations': False, 'num_envs_per_worker': 1, 'gamma': 0.99, 'sgd_minibatch_size': 128, 'observation_filter': 'NoFilter', 'entropy_coeff': 0.0, 'batch_mode': 'truncate_episodes', 'straggler_mitigation': False, 'vf_share_layers': False, 'num_gpus': 0, 'synchronize_filters': True, 'num_sgd_iter': 10, 'train_batch_size': 1500, 'optimizer': {}, 'num_gpus_per_worker': 0, 'preprocessor_pref': 'deepmind', 'num_cpus_for_driver': 1, 'lr_schedule': None, 'use_gae': True, 'lambda': 0.97, 'vf_loss_coeff': 1.0, 'vf_clip_param': 1000000.0, 'log_level': 'INFO', 'env_config': {'run': 'PPO', 'flow_params': '{\n    ""env"": {\n        ""additional_params"": {\n            ""max_accel"": 3,\n            ""max_decel"": 3,\n            ""sort_vehicles"": false,\n            ""target_velocity"": 20\n        },\n        ""evaluate"": false,\n        ""horizon"": 1500,\n        ""sims_per_step"": 1,\n        ""warmup_steps"": 0\n    },\n    ""env_name"": ""AccelEnv"",\n    ""exp_tag"": ""figure_eight_0"",\n    ""initial"": {\n        ""additional_params"": {},\n        ""bunching"": 0,\n        ""edges_distribution"": ""all"",\n        ""lanes_distribution"": Infinity,\n        ""min_gap"": 0,\n        ""perturbation"": 0.0,\n        ""shuffle"": false,\n        ""spacing"": ""uniform"",\n        ""x0"": 0\n    },\n    ""net"": {\n        ""additional_params"": {\n            ""lanes"": 1,\n            ""radius_ring"": 30,\n            ""resolution"": 40,\n            ""speed_limit"": 30\n        },\n        ""inflows"": {\n            ""_InFlows__flows"": [],\n            ""num_flows"": 0\n        },\n        ""netfile"": null,\n        ""no_internal_links"": false,\n        ""osm_path"": null\n    },\n    ""scenario"": ""Figure8Scenario"",\n    ""sim"": {\n        ""emission_path"": null,\n        ""lateral_resolution"": null,\n        ""no_step_log"": true,\n        ""num_clients"": 1,\n        ""overtake_right"": false,\n        ""port"": null,\n        ""print_warnings"": true,\n        ""pxpm"": 2,\n        ""render"": false,\n        ""restart_instance"": false,\n        ""save_render"": false,\n        ""seed"": null,\n        ""show_radius"": false,\n        ""sight_radius"": 25,\n        ""sim_step"": 0.1,\n        ""teleport_time"": -1\n    },\n    ""simulator"": ""traci"",\n    ""veh"": [\n        {\n            ""acceleration_controller"": [\n                ""IDMController"",\n                {\n                    ""noise"": 0.2\n                }\n            ],\n            ""car_following_params"": {\n                ""controller_params"": {\n                    ""accel"": 1.0,\n                    ""carFollowModel"": ""IDM"",\n                    ""decel"": 1.5,\n                    ""impatience"": 0.5,\n                    ""maxSpeed"": 30,\n                    ""minGap"": 2.5,\n                    ""sigma"": 0.5,\n                    ""speedDev"": 0.1,\n                    ""speedFactor"": 1.0,\n                    ""tau"": 1.0\n                },\n                ""speed_mode"": 1\n            },\n            ""initial_speed"": 0,\n            ""lane_change_controller"": [\n                ""SimLaneChangeController"",\n                {}\n            ],\n            ""lane_change_params"": {\n                ""controller_params"": {\n                    ""laneChangeModel"": ""LC2013"",\n                    ""lcCooperative"": ""1.0"",\n                    ""lcKeepRight"": ""1.0"",\n                    ""lcSpeedGain"": ""1.0"",\n                    ""lcStrategic"": ""1.0""\n                },\n                ""lane_change_mode"": 512\n            },\n            ""num_vehicles"": 13,\n            ""routing_controller"": [\n                ""ContinuousRouter"",\n                {}\n            ],\n            ""veh_id"": ""human""\n        },\n        {\n            ""acceleration_controller"": [\n                ""RLController"",\n                {}\n            ],\n            ""car_following_params"": {\n                ""controller_params"": {\n                    ""accel"": 1.0,\n                    ""carFollowModel"": ""IDM"",\n                    ""decel"": 1.5,\n                    ""impatience"": 0.5,\n                    ""maxSpeed"": 30,\n                    ""minGap"": 2.5,\n                    ""sigma"": 0.5,\n                    ""speedDev"": 0.1,\n                    ""speedFactor"": 1.0,\n                    ""tau"": 1.0\n                },\n                ""speed_mode"": 1\n            },\n            ""initial_speed"": 0,\n            ""lane_change_controller"": [\n                ""SimLaneChangeController"",\n                {}\n            ],\n            ""lane_change_params"": {\n                ""controller_params"": {\n                    ""laneChangeModel"": ""LC2013"",\n                    ""lcCooperative"": ""1.0"",\n                    ""lcKeepRight"": ""1.0"",\n                    ""lcSpeedGain"": ""1.0"",\n                    ""lcStrategic"": ""1.0""\n                },\n                ""lane_change_mode"": 512\n            },\n            ""num_vehicles"": 1,\n            ""routing_controller"": [\n                ""ContinuousRouter"",\n                {}\n            ],\n            ""veh_id"": ""rl""\n        }\n    ]\n}'}, 'env': 'AccelEnv-v0', 'local_evaluator_tf_session_args': {'inter_op_parallelism_threads': 8, 'intra_op_parallelism_threads': 8}, 'model': {'free_log_std': False, 'custom_options': {}, 'framestack': True, 'channel_major': False, 'max_seq_len': 20, 'lstm_use_prev_action_reward': False, 'squash_to_range': False, 'dim': 84, 'grayscale': False, 'fcnet_hiddens': [100, 50, 25], 'use_lstm': False, 'custom_model': None, 'fcnet_activation': 'tanh', 'conv_filters': None, 'conv_activation': 'relu', 'lstm_cell_size': 256, 'zero_mean': True, 'custom_preprocessor': None}, 'output_compress_columns': ['obs', 'new_obs'], 'monitor': False, 'custom_resources_per_worker': {}, 'output_max_file_size': 67108864, 'num_workers': 1, 'clip_param': 0.3, 'kl_coeff': 0.2, 'multiagent': {'policy_graphs': {}, 'policy_mapping_fn': None, 'policies_to_train': None}, 'input_evaluation': None, 'output': None, 'collect_metrics_timeout': 180, 'num_cpus_per_worker': 1}",169.237.32.118,1,1149.35,9.946319580078125,"{'num_steps_sampled': 280000, 'load_time_ms': 1.204, 'default': {'kl': 0.0037357823457568884, 'cur_lr': 0.0005000000237487257, 'total_loss': 3.1550590991973877, 'policy_loss': -0.016243398189544678, 'vf_explained_var': 0.9177394509315491, 'entropy': 1.537021279335022, 'cur_kl_coeff': 0.48709818720817566, 'vf_loss': 3.169483184814453}, 'sample_time_ms': 9586.188, 'grad_time_ms': 272.729, 'update_time_ms': 4.963, 'num_steps_trained': 280000}",321.27714642349,2019-04-02_08-05-45,kronos,71,280000,0,1735.3926873207092,{},280000,175,175,1735.3926873207092,477.0997587367293,1600,1554192345,{},0b32d2eec3344b1fbde4822793b2e447,66.4306665637337
False,230,"{'input': 'sampler', 'callbacks': {'on_train_result': None, 'on_sample_end': None, 'on_episode_step': None, 'on_episode_start': None, 'on_episode_end': None}, 'sample_batch_size': 200, 'clip_actions': False, 'clip_rewards': None, 'tf_session_args': {'inter_op_parallelism_threads': 2, 'intra_op_parallelism_threads': 2, 'device_count': {'CPU': 1}, 'log_device_placement': False, 'allow_soft_placement': True, 'gpu_options': {'allow_growth': True}}, 'kl_target': 0.01, 'horizon': 1500, 'lr': 0.0005, 'sample_async': False, 'simple_optimizer': False, 'compress_observations': False, 'num_envs_per_worker': 1, 'gamma': 0.99, 'sgd_minibatch_size': 128, 'observation_filter': 'NoFilter', 'entropy_coeff': 0.0, 'batch_mode': 'truncate_episodes', 'straggler_mitigation': False, 'vf_share_layers': False, 'num_gpus': 0, 'synchronize_filters': True, 'num_sgd_iter': 10, 'train_batch_size': 1500, 'optimizer': {}, 'num_gpus_per_worker': 0, 'preprocessor_pref': 'deepmind', 'num_cpus_for_driver': 1, 'lr_schedule': None, 'use_gae': True, 'lambda': 0.97, 'vf_loss_coeff': 1.0, 'vf_clip_param': 1000000.0, 'log_level': 'INFO', 'env_config': {'run': 'PPO', 'flow_params': '{\n    ""env"": {\n        ""additional_params"": {\n            ""max_accel"": 3,\n            ""max_decel"": 3,\n            ""sort_vehicles"": false,\n            ""target_velocity"": 20\n        },\n        ""evaluate"": false,\n        ""horizon"": 1500,\n        ""sims_per_step"": 1,\n        ""warmup_steps"": 0\n    },\n    ""env_name"": ""AccelEnv"",\n    ""exp_tag"": ""figure_eight_0"",\n    ""initial"": {\n        ""additional_params"": {},\n        ""bunching"": 0,\n        ""edges_distribution"": ""all"",\n        ""lanes_distribution"": Infinity,\n        ""min_gap"": 0,\n        ""perturbation"": 0.0,\n        ""shuffle"": false,\n        ""spacing"": ""uniform"",\n        ""x0"": 0\n    },\n    ""net"": {\n        ""additional_params"": {\n            ""lanes"": 1,\n            ""radius_ring"": 30,\n            ""resolution"": 40,\n            ""speed_limit"": 30\n        },\n        ""inflows"": {\n            ""_InFlows__flows"": [],\n            ""num_flows"": 0\n        },\n        ""netfile"": null,\n        ""no_internal_links"": false,\n        ""osm_path"": null\n    },\n    ""scenario"": ""Figure8Scenario"",\n    ""sim"": {\n        ""emission_path"": null,\n        ""lateral_resolution"": null,\n        ""no_step_log"": true,\n        ""num_clients"": 1,\n        ""overtake_right"": false,\n        ""port"": null,\n        ""print_warnings"": true,\n        ""pxpm"": 2,\n        ""render"": false,\n        ""restart_instance"": false,\n        ""save_render"": false,\n        ""seed"": null,\n        ""show_radius"": false,\n        ""sight_radius"": 25,\n        ""sim_step"": 0.1,\n        ""teleport_time"": -1\n    },\n    ""simulator"": ""traci"",\n    ""veh"": [\n        {\n            ""acceleration_controller"": [\n                ""IDMController"",\n                {\n                    ""noise"": 0.2\n                }\n            ],\n            ""car_following_params"": {\n                ""controller_params"": {\n                    ""accel"": 1.0,\n                    ""carFollowModel"": ""IDM"",\n                    ""decel"": 1.5,\n                    ""impatience"": 0.5,\n                    ""maxSpeed"": 30,\n                    ""minGap"": 2.5,\n                    ""sigma"": 0.5,\n                    ""speedDev"": 0.1,\n                    ""speedFactor"": 1.0,\n                    ""tau"": 1.0\n                },\n                ""speed_mode"": 1\n            },\n            ""initial_speed"": 0,\n            ""lane_change_controller"": [\n                ""SimLaneChangeController"",\n                {}\n            ],\n            ""lane_change_params"": {\n                ""controller_params"": {\n                    ""laneChangeModel"": ""LC2013"",\n                    ""lcCooperative"": ""1.0"",\n                    ""lcKeepRight"": ""1.0"",\n                    ""lcSpeedGain"": ""1.0"",\n                    ""lcStrategic"": ""1.0""\n                },\n                ""lane_change_mode"": 512\n            },\n            ""num_vehicles"": 13,\n            ""routing_controller"": [\n                ""ContinuousRouter"",\n                {}\n            ],\n            ""veh_id"": ""human""\n        },\n        {\n            ""acceleration_controller"": [\n                ""RLController"",\n                {}\n            ],\n            ""car_following_params"": {\n                ""controller_params"": {\n                    ""accel"": 1.0,\n                    ""carFollowModel"": ""IDM"",\n                    ""decel"": 1.5,\n                    ""impatience"": 0.5,\n                    ""maxSpeed"": 30,\n                    ""minGap"": 2.5,\n                    ""sigma"": 0.5,\n                    ""speedDev"": 0.1,\n                    ""speedFactor"": 1.0,\n                    ""tau"": 1.0\n                },\n                ""speed_mode"": 1\n            },\n            ""initial_speed"": 0,\n            ""lane_change_controller"": [\n                ""SimLaneChangeController"",\n                {}\n            ],\n            ""lane_change_params"": {\n                ""controller_params"": {\n                    ""laneChangeModel"": ""LC2013"",\n                    ""lcCooperative"": ""1.0"",\n                    ""lcKeepRight"": ""1.0"",\n                    ""lcSpeedGain"": ""1.0"",\n                    ""lcStrategic"": ""1.0""\n                },\n                ""lane_change_mode"": 512\n            },\n            ""num_vehicles"": 1,\n            ""routing_controller"": [\n                ""ContinuousRouter"",\n                {}\n            ],\n            ""veh_id"": ""rl""\n        }\n    ]\n}'}, 'env': 'AccelEnv-v0', 'local_evaluator_tf_session_args': {'inter_op_parallelism_threads': 8, 'intra_op_parallelism_threads': 8}, 'model': {'free_log_std': False, 'custom_options': {}, 'framestack': True, 'channel_major': False, 'max_seq_len': 20, 'lstm_use_prev_action_reward': False, 'squash_to_range': False, 'dim': 84, 'grayscale': False, 'fcnet_hiddens': [100, 50, 25], 'use_lstm': False, 'custom_model': None, 'fcnet_activation': 'tanh', 'conv_filters': None, 'conv_activation': 'relu', 'lstm_cell_size': 256, 'zero_mean': True, 'custom_preprocessor': None}, 'output_compress_columns': ['obs', 'new_obs'], 'monitor': False, 'custom_resources_per_worker': {}, 'output_max_file_size': 67108864, 'num_workers': 1, 'clip_param': 0.3, 'kl_coeff': 0.2, 'multiagent': {'policy_graphs': {}, 'policy_mapping_fn': None, 'policies_to_train': None}, 'input_evaluation': None, 'output': None, 'collect_metrics_timeout': 180, 'num_cpus_per_worker': 1}",169.237.32.118,1,1156.51,9.882340669631958,"{'num_steps_sampled': 281600, 'load_time_ms': 1.166, 'default': {'kl': 0.015939507633447647, 'cur_lr': 0.0005000000237487257, 'total_loss': 1.3361128568649292, 'policy_loss': -0.01248281728476286, 'vf_explained_var': 0.9370877146720886, 'entropy': 1.5272740125656128, 'cur_kl_coeff': 0.24354909360408783, 'vf_loss': 1.3447136878967285}, 'sample_time_ms': 9585.213, 'grad_time_ms': 272.995, 'update_time_ms': 5.087, 'num_steps_trained': 281600}",323.5416684189129,2019-04-02_08-05-55,kronos,71,281600,0,1745.2750279903412,{},281600,176,176,1745.2750279903412,477.0997587367293,1600,1554192355,{},0b32d2eec3344b1fbde4822793b2e447,66.4306665637337
False,231,"{'input': 'sampler', 'callbacks': {'on_train_result': None, 'on_sample_end': None, 'on_episode_step': None, 'on_episode_start': None, 'on_episode_end': None}, 'sample_batch_size': 200, 'clip_actions': False, 'clip_rewards': None, 'tf_session_args': {'inter_op_parallelism_threads': 2, 'intra_op_parallelism_threads': 2, 'device_count': {'CPU': 1}, 'log_device_placement': False, 'allow_soft_placement': True, 'gpu_options': {'allow_growth': True}}, 'kl_target': 0.01, 'horizon': 1500, 'lr': 0.0005, 'sample_async': False, 'simple_optimizer': False, 'compress_observations': False, 'num_envs_per_worker': 1, 'gamma': 0.99, 'sgd_minibatch_size': 128, 'observation_filter': 'NoFilter', 'entropy_coeff': 0.0, 'batch_mode': 'truncate_episodes', 'straggler_mitigation': False, 'vf_share_layers': False, 'num_gpus': 0, 'synchronize_filters': True, 'num_sgd_iter': 10, 'train_batch_size': 1500, 'optimizer': {}, 'num_gpus_per_worker': 0, 'preprocessor_pref': 'deepmind', 'num_cpus_for_driver': 1, 'lr_schedule': None, 'use_gae': True, 'lambda': 0.97, 'vf_loss_coeff': 1.0, 'vf_clip_param': 1000000.0, 'log_level': 'INFO', 'env_config': {'run': 'PPO', 'flow_params': '{\n    ""env"": {\n        ""additional_params"": {\n            ""max_accel"": 3,\n            ""max_decel"": 3,\n            ""sort_vehicles"": false,\n            ""target_velocity"": 20\n        },\n        ""evaluate"": false,\n        ""horizon"": 1500,\n        ""sims_per_step"": 1,\n        ""warmup_steps"": 0\n    },\n    ""env_name"": ""AccelEnv"",\n    ""exp_tag"": ""figure_eight_0"",\n    ""initial"": {\n        ""additional_params"": {},\n        ""bunching"": 0,\n        ""edges_distribution"": ""all"",\n        ""lanes_distribution"": Infinity,\n        ""min_gap"": 0,\n        ""perturbation"": 0.0,\n        ""shuffle"": false,\n        ""spacing"": ""uniform"",\n        ""x0"": 0\n    },\n    ""net"": {\n        ""additional_params"": {\n            ""lanes"": 1,\n            ""radius_ring"": 30,\n            ""resolution"": 40,\n            ""speed_limit"": 30\n        },\n        ""inflows"": {\n            ""_InFlows__flows"": [],\n            ""num_flows"": 0\n        },\n        ""netfile"": null,\n        ""no_internal_links"": false,\n        ""osm_path"": null\n    },\n    ""scenario"": ""Figure8Scenario"",\n    ""sim"": {\n        ""emission_path"": null,\n        ""lateral_resolution"": null,\n        ""no_step_log"": true,\n        ""num_clients"": 1,\n        ""overtake_right"": false,\n        ""port"": null,\n        ""print_warnings"": true,\n        ""pxpm"": 2,\n        ""render"": false,\n        ""restart_instance"": false,\n        ""save_render"": false,\n        ""seed"": null,\n        ""show_radius"": false,\n        ""sight_radius"": 25,\n        ""sim_step"": 0.1,\n        ""teleport_time"": -1\n    },\n    ""simulator"": ""traci"",\n    ""veh"": [\n        {\n            ""acceleration_controller"": [\n                ""IDMController"",\n                {\n                    ""noise"": 0.2\n                }\n            ],\n            ""car_following_params"": {\n                ""controller_params"": {\n                    ""accel"": 1.0,\n                    ""carFollowModel"": ""IDM"",\n                    ""decel"": 1.5,\n                    ""impatience"": 0.5,\n                    ""maxSpeed"": 30,\n                    ""minGap"": 2.5,\n                    ""sigma"": 0.5,\n                    ""speedDev"": 0.1,\n                    ""speedFactor"": 1.0,\n                    ""tau"": 1.0\n                },\n                ""speed_mode"": 1\n            },\n            ""initial_speed"": 0,\n            ""lane_change_controller"": [\n                ""SimLaneChangeController"",\n                {}\n            ],\n            ""lane_change_params"": {\n                ""controller_params"": {\n                    ""laneChangeModel"": ""LC2013"",\n                    ""lcCooperative"": ""1.0"",\n                    ""lcKeepRight"": ""1.0"",\n                    ""lcSpeedGain"": ""1.0"",\n                    ""lcStrategic"": ""1.0""\n                },\n                ""lane_change_mode"": 512\n            },\n            ""num_vehicles"": 13,\n            ""routing_controller"": [\n                ""ContinuousRouter"",\n                {}\n            ],\n            ""veh_id"": ""human""\n        },\n        {\n            ""acceleration_controller"": [\n                ""RLController"",\n                {}\n            ],\n            ""car_following_params"": {\n                ""controller_params"": {\n                    ""accel"": 1.0,\n                    ""carFollowModel"": ""IDM"",\n                    ""decel"": 1.5,\n                    ""impatience"": 0.5,\n                    ""maxSpeed"": 30,\n                    ""minGap"": 2.5,\n                    ""sigma"": 0.5,\n                    ""speedDev"": 0.1,\n                    ""speedFactor"": 1.0,\n                    ""tau"": 1.0\n                },\n                ""speed_mode"": 1\n            },\n            ""initial_speed"": 0,\n            ""lane_change_controller"": [\n                ""SimLaneChangeController"",\n                {}\n            ],\n            ""lane_change_params"": {\n                ""controller_params"": {\n                    ""laneChangeModel"": ""LC2013"",\n                    ""lcCooperative"": ""1.0"",\n                    ""lcKeepRight"": ""1.0"",\n                    ""lcSpeedGain"": ""1.0"",\n                    ""lcStrategic"": ""1.0""\n                },\n                ""lane_change_mode"": 512\n            },\n            ""num_vehicles"": 1,\n            ""routing_controller"": [\n                ""ContinuousRouter"",\n                {}\n            ],\n            ""veh_id"": ""rl""\n        }\n    ]\n}'}, 'env': 'AccelEnv-v0', 'local_evaluator_tf_session_args': {'inter_op_parallelism_threads': 8, 'intra_op_parallelism_threads': 8}, 'model': {'free_log_std': False, 'custom_options': {}, 'framestack': True, 'channel_major': False, 'max_seq_len': 20, 'lstm_use_prev_action_reward': False, 'squash_to_range': False, 'dim': 84, 'grayscale': False, 'fcnet_hiddens': [100, 50, 25], 'use_lstm': False, 'custom_model': None, 'fcnet_activation': 'tanh', 'conv_filters': None, 'conv_activation': 'relu', 'lstm_cell_size': 256, 'zero_mean': True, 'custom_preprocessor': None}, 'output_compress_columns': ['obs', 'new_obs'], 'monitor': False, 'custom_resources_per_worker': {}, 'output_max_file_size': 67108864, 'num_workers': 1, 'clip_param': 0.3, 'kl_coeff': 0.2, 'multiagent': {'policy_graphs': {}, 'policy_mapping_fn': None, 'policies_to_train': None}, 'input_evaluation': None, 'output': None, 'collect_metrics_timeout': 180, 'num_cpus_per_worker': 1}",169.237.32.118,1,1166.1,10.006375551223755,"{'num_steps_sampled': 283200, 'load_time_ms': 1.178, 'default': {'kl': 0.008680853992700577, 'cur_lr': 0.0005000000237487257, 'total_loss': 0.9080085754394531, 'policy_loss': -0.012450908310711384, 'vf_explained_var': 0.9368128776550293, 'entropy': 1.555015206336975, 'cur_kl_coeff': 0.24354909360408783, 'vf_loss': 0.9183452725410461}, 'sample_time_ms': 9607.695, 'grad_time_ms': 273.38, 'update_time_ms': 5.059, 'num_steps_trained': 283200}",325.9837994441485,2019-04-02_08-06-05,kronos,71,283200,0,1755.281403541565,{},283200,177,177,1755.281403541565,477.0997587367293,1600,1554192365,{},0b32d2eec3344b1fbde4822793b2e447,66.4306665637337
False,232,"{'input': 'sampler', 'callbacks': {'on_train_result': None, 'on_sample_end': None, 'on_episode_step': None, 'on_episode_start': None, 'on_episode_end': None}, 'sample_batch_size': 200, 'clip_actions': False, 'clip_rewards': None, 'tf_session_args': {'inter_op_parallelism_threads': 2, 'intra_op_parallelism_threads': 2, 'device_count': {'CPU': 1}, 'log_device_placement': False, 'allow_soft_placement': True, 'gpu_options': {'allow_growth': True}}, 'kl_target': 0.01, 'horizon': 1500, 'lr': 0.0005, 'sample_async': False, 'simple_optimizer': False, 'compress_observations': False, 'num_envs_per_worker': 1, 'gamma': 0.99, 'sgd_minibatch_size': 128, 'observation_filter': 'NoFilter', 'entropy_coeff': 0.0, 'batch_mode': 'truncate_episodes', 'straggler_mitigation': False, 'vf_share_layers': False, 'num_gpus': 0, 'synchronize_filters': True, 'num_sgd_iter': 10, 'train_batch_size': 1500, 'optimizer': {}, 'num_gpus_per_worker': 0, 'preprocessor_pref': 'deepmind', 'num_cpus_for_driver': 1, 'lr_schedule': None, 'use_gae': True, 'lambda': 0.97, 'vf_loss_coeff': 1.0, 'vf_clip_param': 1000000.0, 'log_level': 'INFO', 'env_config': {'run': 'PPO', 'flow_params': '{\n    ""env"": {\n        ""additional_params"": {\n            ""max_accel"": 3,\n            ""max_decel"": 3,\n            ""sort_vehicles"": false,\n            ""target_velocity"": 20\n        },\n        ""evaluate"": false,\n        ""horizon"": 1500,\n        ""sims_per_step"": 1,\n        ""warmup_steps"": 0\n    },\n    ""env_name"": ""AccelEnv"",\n    ""exp_tag"": ""figure_eight_0"",\n    ""initial"": {\n        ""additional_params"": {},\n        ""bunching"": 0,\n        ""edges_distribution"": ""all"",\n        ""lanes_distribution"": Infinity,\n        ""min_gap"": 0,\n        ""perturbation"": 0.0,\n        ""shuffle"": false,\n        ""spacing"": ""uniform"",\n        ""x0"": 0\n    },\n    ""net"": {\n        ""additional_params"": {\n            ""lanes"": 1,\n            ""radius_ring"": 30,\n            ""resolution"": 40,\n            ""speed_limit"": 30\n        },\n        ""inflows"": {\n            ""_InFlows__flows"": [],\n            ""num_flows"": 0\n        },\n        ""netfile"": null,\n        ""no_internal_links"": false,\n        ""osm_path"": null\n    },\n    ""scenario"": ""Figure8Scenario"",\n    ""sim"": {\n        ""emission_path"": null,\n        ""lateral_resolution"": null,\n        ""no_step_log"": true,\n        ""num_clients"": 1,\n        ""overtake_right"": false,\n        ""port"": null,\n        ""print_warnings"": true,\n        ""pxpm"": 2,\n        ""render"": false,\n        ""restart_instance"": false,\n        ""save_render"": false,\n        ""seed"": null,\n        ""show_radius"": false,\n        ""sight_radius"": 25,\n        ""sim_step"": 0.1,\n        ""teleport_time"": -1\n    },\n    ""simulator"": ""traci"",\n    ""veh"": [\n        {\n            ""acceleration_controller"": [\n                ""IDMController"",\n                {\n                    ""noise"": 0.2\n                }\n            ],\n            ""car_following_params"": {\n                ""controller_params"": {\n                    ""accel"": 1.0,\n                    ""carFollowModel"": ""IDM"",\n                    ""decel"": 1.5,\n                    ""impatience"": 0.5,\n                    ""maxSpeed"": 30,\n                    ""minGap"": 2.5,\n                    ""sigma"": 0.5,\n                    ""speedDev"": 0.1,\n                    ""speedFactor"": 1.0,\n                    ""tau"": 1.0\n                },\n                ""speed_mode"": 1\n            },\n            ""initial_speed"": 0,\n            ""lane_change_controller"": [\n                ""SimLaneChangeController"",\n                {}\n            ],\n            ""lane_change_params"": {\n                ""controller_params"": {\n                    ""laneChangeModel"": ""LC2013"",\n                    ""lcCooperative"": ""1.0"",\n                    ""lcKeepRight"": ""1.0"",\n                    ""lcSpeedGain"": ""1.0"",\n                    ""lcStrategic"": ""1.0""\n                },\n                ""lane_change_mode"": 512\n            },\n            ""num_vehicles"": 13,\n            ""routing_controller"": [\n                ""ContinuousRouter"",\n                {}\n            ],\n            ""veh_id"": ""human""\n        },\n        {\n            ""acceleration_controller"": [\n                ""RLController"",\n                {}\n            ],\n            ""car_following_params"": {\n                ""controller_params"": {\n                    ""accel"": 1.0,\n                    ""carFollowModel"": ""IDM"",\n                    ""decel"": 1.5,\n                    ""impatience"": 0.5,\n                    ""maxSpeed"": 30,\n                    ""minGap"": 2.5,\n                    ""sigma"": 0.5,\n                    ""speedDev"": 0.1,\n                    ""speedFactor"": 1.0,\n                    ""tau"": 1.0\n                },\n                ""speed_mode"": 1\n            },\n            ""initial_speed"": 0,\n            ""lane_change_controller"": [\n                ""SimLaneChangeController"",\n                {}\n            ],\n            ""lane_change_params"": {\n                ""controller_params"": {\n                    ""laneChangeModel"": ""LC2013"",\n                    ""lcCooperative"": ""1.0"",\n                    ""lcKeepRight"": ""1.0"",\n                    ""lcSpeedGain"": ""1.0"",\n                    ""lcStrategic"": ""1.0""\n                },\n                ""lane_change_mode"": 512\n            },\n            ""num_vehicles"": 1,\n            ""routing_controller"": [\n                ""ContinuousRouter"",\n                {}\n            ],\n            ""veh_id"": ""rl""\n        }\n    ]\n}'}, 'env': 'AccelEnv-v0', 'local_evaluator_tf_session_args': {'inter_op_parallelism_threads': 8, 'intra_op_parallelism_threads': 8}, 'model': {'free_log_std': False, 'custom_options': {}, 'framestack': True, 'channel_major': False, 'max_seq_len': 20, 'lstm_use_prev_action_reward': False, 'squash_to_range': False, 'dim': 84, 'grayscale': False, 'fcnet_hiddens': [100, 50, 25], 'use_lstm': False, 'custom_model': None, 'fcnet_activation': 'tanh', 'conv_filters': None, 'conv_activation': 'relu', 'lstm_cell_size': 256, 'zero_mean': True, 'custom_preprocessor': None}, 'output_compress_columns': ['obs', 'new_obs'], 'monitor': False, 'custom_resources_per_worker': {}, 'output_max_file_size': 67108864, 'num_workers': 1, 'clip_param': 0.3, 'kl_coeff': 0.2, 'multiagent': {'policy_graphs': {}, 'policy_mapping_fn': None, 'policies_to_train': None}, 'input_evaluation': None, 'output': None, 'collect_metrics_timeout': 180, 'num_cpus_per_worker': 1}",169.237.32.118,1,1166.1,9.956053733825684,"{'num_steps_sampled': 284800, 'load_time_ms': 1.178, 'default': {'kl': 0.02150310017168522, 'cur_lr': 0.0005000000237487257, 'total_loss': 2.691242218017578, 'policy_loss': -0.026159798726439476, 'vf_explained_var': 0.8683732151985168, 'entropy': 1.5666407346725464, 'cur_kl_coeff': 0.24354909360408783, 'vf_loss': 2.712164878845215}, 'sample_time_ms': 9633.908, 'grad_time_ms': 273.225, 'update_time_ms': 5.013, 'num_steps_trained': 284800}",325.47250501861765,2019-04-02_08-06-15,kronos,71,284800,0,1765.2374572753906,{},284800,178,178,1765.2374572753906,476.96347428500655,1600,1554192375,{},0b32d2eec3344b1fbde4822793b2e447,66.4306665637337
False,233,"{'input': 'sampler', 'callbacks': {'on_train_result': None, 'on_sample_end': None, 'on_episode_step': None, 'on_episode_start': None, 'on_episode_end': None}, 'sample_batch_size': 200, 'clip_actions': False, 'clip_rewards': None, 'tf_session_args': {'inter_op_parallelism_threads': 2, 'intra_op_parallelism_threads': 2, 'device_count': {'CPU': 1}, 'log_device_placement': False, 'allow_soft_placement': True, 'gpu_options': {'allow_growth': True}}, 'kl_target': 0.01, 'horizon': 1500, 'lr': 0.0005, 'sample_async': False, 'simple_optimizer': False, 'compress_observations': False, 'num_envs_per_worker': 1, 'gamma': 0.99, 'sgd_minibatch_size': 128, 'observation_filter': 'NoFilter', 'entropy_coeff': 0.0, 'batch_mode': 'truncate_episodes', 'straggler_mitigation': False, 'vf_share_layers': False, 'num_gpus': 0, 'synchronize_filters': True, 'num_sgd_iter': 10, 'train_batch_size': 1500, 'optimizer': {}, 'num_gpus_per_worker': 0, 'preprocessor_pref': 'deepmind', 'num_cpus_for_driver': 1, 'lr_schedule': None, 'use_gae': True, 'lambda': 0.97, 'vf_loss_coeff': 1.0, 'vf_clip_param': 1000000.0, 'log_level': 'INFO', 'env_config': {'run': 'PPO', 'flow_params': '{\n    ""env"": {\n        ""additional_params"": {\n            ""max_accel"": 3,\n            ""max_decel"": 3,\n            ""sort_vehicles"": false,\n            ""target_velocity"": 20\n        },\n        ""evaluate"": false,\n        ""horizon"": 1500,\n        ""sims_per_step"": 1,\n        ""warmup_steps"": 0\n    },\n    ""env_name"": ""AccelEnv"",\n    ""exp_tag"": ""figure_eight_0"",\n    ""initial"": {\n        ""additional_params"": {},\n        ""bunching"": 0,\n        ""edges_distribution"": ""all"",\n        ""lanes_distribution"": Infinity,\n        ""min_gap"": 0,\n        ""perturbation"": 0.0,\n        ""shuffle"": false,\n        ""spacing"": ""uniform"",\n        ""x0"": 0\n    },\n    ""net"": {\n        ""additional_params"": {\n            ""lanes"": 1,\n            ""radius_ring"": 30,\n            ""resolution"": 40,\n            ""speed_limit"": 30\n        },\n        ""inflows"": {\n            ""_InFlows__flows"": [],\n            ""num_flows"": 0\n        },\n        ""netfile"": null,\n        ""no_internal_links"": false,\n        ""osm_path"": null\n    },\n    ""scenario"": ""Figure8Scenario"",\n    ""sim"": {\n        ""emission_path"": null,\n        ""lateral_resolution"": null,\n        ""no_step_log"": true,\n        ""num_clients"": 1,\n        ""overtake_right"": false,\n        ""port"": null,\n        ""print_warnings"": true,\n        ""pxpm"": 2,\n        ""render"": false,\n        ""restart_instance"": false,\n        ""save_render"": false,\n        ""seed"": null,\n        ""show_radius"": false,\n        ""sight_radius"": 25,\n        ""sim_step"": 0.1,\n        ""teleport_time"": -1\n    },\n    ""simulator"": ""traci"",\n    ""veh"": [\n        {\n            ""acceleration_controller"": [\n                ""IDMController"",\n                {\n                    ""noise"": 0.2\n                }\n            ],\n            ""car_following_params"": {\n                ""controller_params"": {\n                    ""accel"": 1.0,\n                    ""carFollowModel"": ""IDM"",\n                    ""decel"": 1.5,\n                    ""impatience"": 0.5,\n                    ""maxSpeed"": 30,\n                    ""minGap"": 2.5,\n                    ""sigma"": 0.5,\n                    ""speedDev"": 0.1,\n                    ""speedFactor"": 1.0,\n                    ""tau"": 1.0\n                },\n                ""speed_mode"": 1\n            },\n            ""initial_speed"": 0,\n            ""lane_change_controller"": [\n                ""SimLaneChangeController"",\n                {}\n            ],\n            ""lane_change_params"": {\n                ""controller_params"": {\n                    ""laneChangeModel"": ""LC2013"",\n                    ""lcCooperative"": ""1.0"",\n                    ""lcKeepRight"": ""1.0"",\n                    ""lcSpeedGain"": ""1.0"",\n                    ""lcStrategic"": ""1.0""\n                },\n                ""lane_change_mode"": 512\n            },\n            ""num_vehicles"": 13,\n            ""routing_controller"": [\n                ""ContinuousRouter"",\n                {}\n            ],\n            ""veh_id"": ""human""\n        },\n        {\n            ""acceleration_controller"": [\n                ""RLController"",\n                {}\n            ],\n            ""car_following_params"": {\n                ""controller_params"": {\n                    ""accel"": 1.0,\n                    ""carFollowModel"": ""IDM"",\n                    ""decel"": 1.5,\n                    ""impatience"": 0.5,\n                    ""maxSpeed"": 30,\n                    ""minGap"": 2.5,\n                    ""sigma"": 0.5,\n                    ""speedDev"": 0.1,\n                    ""speedFactor"": 1.0,\n                    ""tau"": 1.0\n                },\n                ""speed_mode"": 1\n            },\n            ""initial_speed"": 0,\n            ""lane_change_controller"": [\n                ""SimLaneChangeController"",\n                {}\n            ],\n            ""lane_change_params"": {\n                ""controller_params"": {\n                    ""laneChangeModel"": ""LC2013"",\n                    ""lcCooperative"": ""1.0"",\n                    ""lcKeepRight"": ""1.0"",\n                    ""lcSpeedGain"": ""1.0"",\n                    ""lcStrategic"": ""1.0""\n                },\n                ""lane_change_mode"": 512\n            },\n            ""num_vehicles"": 1,\n            ""routing_controller"": [\n                ""ContinuousRouter"",\n                {}\n            ],\n            ""veh_id"": ""rl""\n        }\n    ]\n}'}, 'env': 'AccelEnv-v0', 'local_evaluator_tf_session_args': {'inter_op_parallelism_threads': 8, 'intra_op_parallelism_threads': 8}, 'model': {'free_log_std': False, 'custom_options': {}, 'framestack': True, 'channel_major': False, 'max_seq_len': 20, 'lstm_use_prev_action_reward': False, 'squash_to_range': False, 'dim': 84, 'grayscale': False, 'fcnet_hiddens': [100, 50, 25], 'use_lstm': False, 'custom_model': None, 'fcnet_activation': 'tanh', 'conv_filters': None, 'conv_activation': 'relu', 'lstm_cell_size': 256, 'zero_mean': True, 'custom_preprocessor': None}, 'output_compress_columns': ['obs', 'new_obs'], 'monitor': False, 'custom_resources_per_worker': {}, 'output_max_file_size': 67108864, 'num_workers': 1, 'clip_param': 0.3, 'kl_coeff': 0.2, 'multiagent': {'policy_graphs': {}, 'policy_mapping_fn': None, 'policies_to_train': None}, 'input_evaluation': None, 'output': None, 'collect_metrics_timeout': 180, 'num_cpus_per_worker': 1}",169.237.32.118,1,1175.62,10.037460803985596,"{'num_steps_sampled': 286400, 'load_time_ms': 1.209, 'default': {'kl': 0.008813445456326008, 'cur_lr': 0.0005000000237487257, 'total_loss': 1.0971232652664185, 'policy_loss': -0.010922275483608246, 'vf_explained_var': 0.9471649527549744, 'entropy': 1.613014578819275, 'cur_kl_coeff': 0.36532357335090637, 'vf_loss': 1.1048256158828735}, 'sample_time_ms': 9647.816, 'grad_time_ms': 274.865, 'update_time_ms': 4.727, 'num_steps_trained': 286400}",328.4533272434905,2019-04-02_08-06-25,kronos,71,286400,0,1775.2749180793762,{},286400,179,179,1775.2749180793762,476.96347428500655,1600,1554192385,{},0b32d2eec3344b1fbde4822793b2e447,66.4306665637337
False,234,"{'input': 'sampler', 'callbacks': {'on_train_result': None, 'on_sample_end': None, 'on_episode_step': None, 'on_episode_start': None, 'on_episode_end': None}, 'sample_batch_size': 200, 'clip_actions': False, 'clip_rewards': None, 'tf_session_args': {'inter_op_parallelism_threads': 2, 'intra_op_parallelism_threads': 2, 'device_count': {'CPU': 1}, 'log_device_placement': False, 'allow_soft_placement': True, 'gpu_options': {'allow_growth': True}}, 'kl_target': 0.01, 'horizon': 1500, 'lr': 0.0005, 'sample_async': False, 'simple_optimizer': False, 'compress_observations': False, 'num_envs_per_worker': 1, 'gamma': 0.99, 'sgd_minibatch_size': 128, 'observation_filter': 'NoFilter', 'entropy_coeff': 0.0, 'batch_mode': 'truncate_episodes', 'straggler_mitigation': False, 'vf_share_layers': False, 'num_gpus': 0, 'synchronize_filters': True, 'num_sgd_iter': 10, 'train_batch_size': 1500, 'optimizer': {}, 'num_gpus_per_worker': 0, 'preprocessor_pref': 'deepmind', 'num_cpus_for_driver': 1, 'lr_schedule': None, 'use_gae': True, 'lambda': 0.97, 'vf_loss_coeff': 1.0, 'vf_clip_param': 1000000.0, 'log_level': 'INFO', 'env_config': {'run': 'PPO', 'flow_params': '{\n    ""env"": {\n        ""additional_params"": {\n            ""max_accel"": 3,\n            ""max_decel"": 3,\n            ""sort_vehicles"": false,\n            ""target_velocity"": 20\n        },\n        ""evaluate"": false,\n        ""horizon"": 1500,\n        ""sims_per_step"": 1,\n        ""warmup_steps"": 0\n    },\n    ""env_name"": ""AccelEnv"",\n    ""exp_tag"": ""figure_eight_0"",\n    ""initial"": {\n        ""additional_params"": {},\n        ""bunching"": 0,\n        ""edges_distribution"": ""all"",\n        ""lanes_distribution"": Infinity,\n        ""min_gap"": 0,\n        ""perturbation"": 0.0,\n        ""shuffle"": false,\n        ""spacing"": ""uniform"",\n        ""x0"": 0\n    },\n    ""net"": {\n        ""additional_params"": {\n            ""lanes"": 1,\n            ""radius_ring"": 30,\n            ""resolution"": 40,\n            ""speed_limit"": 30\n        },\n        ""inflows"": {\n            ""_InFlows__flows"": [],\n            ""num_flows"": 0\n        },\n        ""netfile"": null,\n        ""no_internal_links"": false,\n        ""osm_path"": null\n    },\n    ""scenario"": ""Figure8Scenario"",\n    ""sim"": {\n        ""emission_path"": null,\n        ""lateral_resolution"": null,\n        ""no_step_log"": true,\n        ""num_clients"": 1,\n        ""overtake_right"": false,\n        ""port"": null,\n        ""print_warnings"": true,\n        ""pxpm"": 2,\n        ""render"": false,\n        ""restart_instance"": false,\n        ""save_render"": false,\n        ""seed"": null,\n        ""show_radius"": false,\n        ""sight_radius"": 25,\n        ""sim_step"": 0.1,\n        ""teleport_time"": -1\n    },\n    ""simulator"": ""traci"",\n    ""veh"": [\n        {\n            ""acceleration_controller"": [\n                ""IDMController"",\n                {\n                    ""noise"": 0.2\n                }\n            ],\n            ""car_following_params"": {\n                ""controller_params"": {\n                    ""accel"": 1.0,\n                    ""carFollowModel"": ""IDM"",\n                    ""decel"": 1.5,\n                    ""impatience"": 0.5,\n                    ""maxSpeed"": 30,\n                    ""minGap"": 2.5,\n                    ""sigma"": 0.5,\n                    ""speedDev"": 0.1,\n                    ""speedFactor"": 1.0,\n                    ""tau"": 1.0\n                },\n                ""speed_mode"": 1\n            },\n            ""initial_speed"": 0,\n            ""lane_change_controller"": [\n                ""SimLaneChangeController"",\n                {}\n            ],\n            ""lane_change_params"": {\n                ""controller_params"": {\n                    ""laneChangeModel"": ""LC2013"",\n                    ""lcCooperative"": ""1.0"",\n                    ""lcKeepRight"": ""1.0"",\n                    ""lcSpeedGain"": ""1.0"",\n                    ""lcStrategic"": ""1.0""\n                },\n                ""lane_change_mode"": 512\n            },\n            ""num_vehicles"": 13,\n            ""routing_controller"": [\n                ""ContinuousRouter"",\n                {}\n            ],\n            ""veh_id"": ""human""\n        },\n        {\n            ""acceleration_controller"": [\n                ""RLController"",\n                {}\n            ],\n            ""car_following_params"": {\n                ""controller_params"": {\n                    ""accel"": 1.0,\n                    ""carFollowModel"": ""IDM"",\n                    ""decel"": 1.5,\n                    ""impatience"": 0.5,\n                    ""maxSpeed"": 30,\n                    ""minGap"": 2.5,\n                    ""sigma"": 0.5,\n                    ""speedDev"": 0.1,\n                    ""speedFactor"": 1.0,\n                    ""tau"": 1.0\n                },\n                ""speed_mode"": 1\n            },\n            ""initial_speed"": 0,\n            ""lane_change_controller"": [\n                ""SimLaneChangeController"",\n                {}\n            ],\n            ""lane_change_params"": {\n                ""controller_params"": {\n                    ""laneChangeModel"": ""LC2013"",\n                    ""lcCooperative"": ""1.0"",\n                    ""lcKeepRight"": ""1.0"",\n                    ""lcSpeedGain"": ""1.0"",\n                    ""lcStrategic"": ""1.0""\n                },\n                ""lane_change_mode"": 512\n            },\n            ""num_vehicles"": 1,\n            ""routing_controller"": [\n                ""ContinuousRouter"",\n                {}\n            ],\n            ""veh_id"": ""rl""\n        }\n    ]\n}'}, 'env': 'AccelEnv-v0', 'local_evaluator_tf_session_args': {'inter_op_parallelism_threads': 8, 'intra_op_parallelism_threads': 8}, 'model': {'free_log_std': False, 'custom_options': {}, 'framestack': True, 'channel_major': False, 'max_seq_len': 20, 'lstm_use_prev_action_reward': False, 'squash_to_range': False, 'dim': 84, 'grayscale': False, 'fcnet_hiddens': [100, 50, 25], 'use_lstm': False, 'custom_model': None, 'fcnet_activation': 'tanh', 'conv_filters': None, 'conv_activation': 'relu', 'lstm_cell_size': 256, 'zero_mean': True, 'custom_preprocessor': None}, 'output_compress_columns': ['obs', 'new_obs'], 'monitor': False, 'custom_resources_per_worker': {}, 'output_max_file_size': 67108864, 'num_workers': 1, 'clip_param': 0.3, 'kl_coeff': 0.2, 'multiagent': {'policy_graphs': {}, 'policy_mapping_fn': None, 'policies_to_train': None}, 'input_evaluation': None, 'output': None, 'collect_metrics_timeout': 180, 'num_cpus_per_worker': 1}",169.237.32.118,1,1175.62,9.955591440200806,"{'num_steps_sampled': 288000, 'load_time_ms': 1.23, 'default': {'kl': 0.00793722178786993, 'cur_lr': 0.0005000000237487257, 'total_loss': 1.571065068244934, 'policy_loss': -0.014005635865032673, 'vf_explained_var': 0.9084498882293701, 'entropy': 1.5611013174057007, 'cur_kl_coeff': 0.36532357335090637, 'vf_loss': 1.5821709632873535}, 'sample_time_ms': 9643.249, 'grad_time_ms': 275.686, 'update_time_ms': 4.729, 'num_steps_trained': 288000}",328.5820911399749,2019-04-02_08-06-35,kronos,71,288000,0,1785.230509519577,{},288000,180,180,1785.230509519577,476.96347428500655,1600,1554192395,{},0b32d2eec3344b1fbde4822793b2e447,66.4306665637337
False,235,"{'input': 'sampler', 'callbacks': {'on_train_result': None, 'on_sample_end': None, 'on_episode_step': None, 'on_episode_start': None, 'on_episode_end': None}, 'sample_batch_size': 200, 'clip_actions': False, 'clip_rewards': None, 'tf_session_args': {'inter_op_parallelism_threads': 2, 'intra_op_parallelism_threads': 2, 'device_count': {'CPU': 1}, 'log_device_placement': False, 'allow_soft_placement': True, 'gpu_options': {'allow_growth': True}}, 'kl_target': 0.01, 'horizon': 1500, 'lr': 0.0005, 'sample_async': False, 'simple_optimizer': False, 'compress_observations': False, 'num_envs_per_worker': 1, 'gamma': 0.99, 'sgd_minibatch_size': 128, 'observation_filter': 'NoFilter', 'entropy_coeff': 0.0, 'batch_mode': 'truncate_episodes', 'straggler_mitigation': False, 'vf_share_layers': False, 'num_gpus': 0, 'synchronize_filters': True, 'num_sgd_iter': 10, 'train_batch_size': 1500, 'optimizer': {}, 'num_gpus_per_worker': 0, 'preprocessor_pref': 'deepmind', 'num_cpus_for_driver': 1, 'lr_schedule': None, 'use_gae': True, 'lambda': 0.97, 'vf_loss_coeff': 1.0, 'vf_clip_param': 1000000.0, 'log_level': 'INFO', 'env_config': {'run': 'PPO', 'flow_params': '{\n    ""env"": {\n        ""additional_params"": {\n            ""max_accel"": 3,\n            ""max_decel"": 3,\n            ""sort_vehicles"": false,\n            ""target_velocity"": 20\n        },\n        ""evaluate"": false,\n        ""horizon"": 1500,\n        ""sims_per_step"": 1,\n        ""warmup_steps"": 0\n    },\n    ""env_name"": ""AccelEnv"",\n    ""exp_tag"": ""figure_eight_0"",\n    ""initial"": {\n        ""additional_params"": {},\n        ""bunching"": 0,\n        ""edges_distribution"": ""all"",\n        ""lanes_distribution"": Infinity,\n        ""min_gap"": 0,\n        ""perturbation"": 0.0,\n        ""shuffle"": false,\n        ""spacing"": ""uniform"",\n        ""x0"": 0\n    },\n    ""net"": {\n        ""additional_params"": {\n            ""lanes"": 1,\n            ""radius_ring"": 30,\n            ""resolution"": 40,\n            ""speed_limit"": 30\n        },\n        ""inflows"": {\n            ""_InFlows__flows"": [],\n            ""num_flows"": 0\n        },\n        ""netfile"": null,\n        ""no_internal_links"": false,\n        ""osm_path"": null\n    },\n    ""scenario"": ""Figure8Scenario"",\n    ""sim"": {\n        ""emission_path"": null,\n        ""lateral_resolution"": null,\n        ""no_step_log"": true,\n        ""num_clients"": 1,\n        ""overtake_right"": false,\n        ""port"": null,\n        ""print_warnings"": true,\n        ""pxpm"": 2,\n        ""render"": false,\n        ""restart_instance"": false,\n        ""save_render"": false,\n        ""seed"": null,\n        ""show_radius"": false,\n        ""sight_radius"": 25,\n        ""sim_step"": 0.1,\n        ""teleport_time"": -1\n    },\n    ""simulator"": ""traci"",\n    ""veh"": [\n        {\n            ""acceleration_controller"": [\n                ""IDMController"",\n                {\n                    ""noise"": 0.2\n                }\n            ],\n            ""car_following_params"": {\n                ""controller_params"": {\n                    ""accel"": 1.0,\n                    ""carFollowModel"": ""IDM"",\n                    ""decel"": 1.5,\n                    ""impatience"": 0.5,\n                    ""maxSpeed"": 30,\n                    ""minGap"": 2.5,\n                    ""sigma"": 0.5,\n                    ""speedDev"": 0.1,\n                    ""speedFactor"": 1.0,\n                    ""tau"": 1.0\n                },\n                ""speed_mode"": 1\n            },\n            ""initial_speed"": 0,\n            ""lane_change_controller"": [\n                ""SimLaneChangeController"",\n                {}\n            ],\n            ""lane_change_params"": {\n                ""controller_params"": {\n                    ""laneChangeModel"": ""LC2013"",\n                    ""lcCooperative"": ""1.0"",\n                    ""lcKeepRight"": ""1.0"",\n                    ""lcSpeedGain"": ""1.0"",\n                    ""lcStrategic"": ""1.0""\n                },\n                ""lane_change_mode"": 512\n            },\n            ""num_vehicles"": 13,\n            ""routing_controller"": [\n                ""ContinuousRouter"",\n                {}\n            ],\n            ""veh_id"": ""human""\n        },\n        {\n            ""acceleration_controller"": [\n                ""RLController"",\n                {}\n            ],\n            ""car_following_params"": {\n                ""controller_params"": {\n                    ""accel"": 1.0,\n                    ""carFollowModel"": ""IDM"",\n                    ""decel"": 1.5,\n                    ""impatience"": 0.5,\n                    ""maxSpeed"": 30,\n                    ""minGap"": 2.5,\n                    ""sigma"": 0.5,\n                    ""speedDev"": 0.1,\n                    ""speedFactor"": 1.0,\n                    ""tau"": 1.0\n                },\n                ""speed_mode"": 1\n            },\n            ""initial_speed"": 0,\n            ""lane_change_controller"": [\n                ""SimLaneChangeController"",\n                {}\n            ],\n            ""lane_change_params"": {\n                ""controller_params"": {\n                    ""laneChangeModel"": ""LC2013"",\n                    ""lcCooperative"": ""1.0"",\n                    ""lcKeepRight"": ""1.0"",\n                    ""lcSpeedGain"": ""1.0"",\n                    ""lcStrategic"": ""1.0""\n                },\n                ""lane_change_mode"": 512\n            },\n            ""num_vehicles"": 1,\n            ""routing_controller"": [\n                ""ContinuousRouter"",\n                {}\n            ],\n            ""veh_id"": ""rl""\n        }\n    ]\n}'}, 'env': 'AccelEnv-v0', 'local_evaluator_tf_session_args': {'inter_op_parallelism_threads': 8, 'intra_op_parallelism_threads': 8}, 'model': {'free_log_std': False, 'custom_options': {}, 'framestack': True, 'channel_major': False, 'max_seq_len': 20, 'lstm_use_prev_action_reward': False, 'squash_to_range': False, 'dim': 84, 'grayscale': False, 'fcnet_hiddens': [100, 50, 25], 'use_lstm': False, 'custom_model': None, 'fcnet_activation': 'tanh', 'conv_filters': None, 'conv_activation': 'relu', 'lstm_cell_size': 256, 'zero_mean': True, 'custom_preprocessor': None}, 'output_compress_columns': ['obs', 'new_obs'], 'monitor': False, 'custom_resources_per_worker': {}, 'output_max_file_size': 67108864, 'num_workers': 1, 'clip_param': 0.3, 'kl_coeff': 0.2, 'multiagent': {'policy_graphs': {}, 'policy_mapping_fn': None, 'policies_to_train': None}, 'input_evaluation': None, 'output': None, 'collect_metrics_timeout': 180, 'num_cpus_per_worker': 1}",169.237.32.118,1,1175.62,9.952472686767578,"{'num_steps_sampled': 289600, 'load_time_ms': 1.209, 'default': {'kl': 0.015449310652911663, 'cur_lr': 0.0005000000237487257, 'total_loss': 1.0541201829910278, 'policy_loss': -0.026843568310141563, 'vf_explained_var': 0.968322217464447, 'entropy': 1.5260471105575562, 'cur_kl_coeff': 0.36532357335090637, 'vf_loss': 1.0753196477890015}, 'sample_time_ms': 9648.199, 'grad_time_ms': 274.364, 'update_time_ms': 4.672, 'num_steps_trained': 289600}",328.95898293047946,2019-04-02_08-06-45,kronos,71,289600,0,1795.1829822063446,{},289600,181,181,1795.1829822063446,476.96347428500655,1600,1554192405,{},0b32d2eec3344b1fbde4822793b2e447,66.4306665637337
False,236,"{'input': 'sampler', 'callbacks': {'on_train_result': None, 'on_sample_end': None, 'on_episode_step': None, 'on_episode_start': None, 'on_episode_end': None}, 'sample_batch_size': 200, 'clip_actions': False, 'clip_rewards': None, 'tf_session_args': {'inter_op_parallelism_threads': 2, 'intra_op_parallelism_threads': 2, 'device_count': {'CPU': 1}, 'log_device_placement': False, 'allow_soft_placement': True, 'gpu_options': {'allow_growth': True}}, 'kl_target': 0.01, 'horizon': 1500, 'lr': 0.0005, 'sample_async': False, 'simple_optimizer': False, 'compress_observations': False, 'num_envs_per_worker': 1, 'gamma': 0.99, 'sgd_minibatch_size': 128, 'observation_filter': 'NoFilter', 'entropy_coeff': 0.0, 'batch_mode': 'truncate_episodes', 'straggler_mitigation': False, 'vf_share_layers': False, 'num_gpus': 0, 'synchronize_filters': True, 'num_sgd_iter': 10, 'train_batch_size': 1500, 'optimizer': {}, 'num_gpus_per_worker': 0, 'preprocessor_pref': 'deepmind', 'num_cpus_for_driver': 1, 'lr_schedule': None, 'use_gae': True, 'lambda': 0.97, 'vf_loss_coeff': 1.0, 'vf_clip_param': 1000000.0, 'log_level': 'INFO', 'env_config': {'run': 'PPO', 'flow_params': '{\n    ""env"": {\n        ""additional_params"": {\n            ""max_accel"": 3,\n            ""max_decel"": 3,\n            ""sort_vehicles"": false,\n            ""target_velocity"": 20\n        },\n        ""evaluate"": false,\n        ""horizon"": 1500,\n        ""sims_per_step"": 1,\n        ""warmup_steps"": 0\n    },\n    ""env_name"": ""AccelEnv"",\n    ""exp_tag"": ""figure_eight_0"",\n    ""initial"": {\n        ""additional_params"": {},\n        ""bunching"": 0,\n        ""edges_distribution"": ""all"",\n        ""lanes_distribution"": Infinity,\n        ""min_gap"": 0,\n        ""perturbation"": 0.0,\n        ""shuffle"": false,\n        ""spacing"": ""uniform"",\n        ""x0"": 0\n    },\n    ""net"": {\n        ""additional_params"": {\n            ""lanes"": 1,\n            ""radius_ring"": 30,\n            ""resolution"": 40,\n            ""speed_limit"": 30\n        },\n        ""inflows"": {\n            ""_InFlows__flows"": [],\n            ""num_flows"": 0\n        },\n        ""netfile"": null,\n        ""no_internal_links"": false,\n        ""osm_path"": null\n    },\n    ""scenario"": ""Figure8Scenario"",\n    ""sim"": {\n        ""emission_path"": null,\n        ""lateral_resolution"": null,\n        ""no_step_log"": true,\n        ""num_clients"": 1,\n        ""overtake_right"": false,\n        ""port"": null,\n        ""print_warnings"": true,\n        ""pxpm"": 2,\n        ""render"": false,\n        ""restart_instance"": false,\n        ""save_render"": false,\n        ""seed"": null,\n        ""show_radius"": false,\n        ""sight_radius"": 25,\n        ""sim_step"": 0.1,\n        ""teleport_time"": -1\n    },\n    ""simulator"": ""traci"",\n    ""veh"": [\n        {\n            ""acceleration_controller"": [\n                ""IDMController"",\n                {\n                    ""noise"": 0.2\n                }\n            ],\n            ""car_following_params"": {\n                ""controller_params"": {\n                    ""accel"": 1.0,\n                    ""carFollowModel"": ""IDM"",\n                    ""decel"": 1.5,\n                    ""impatience"": 0.5,\n                    ""maxSpeed"": 30,\n                    ""minGap"": 2.5,\n                    ""sigma"": 0.5,\n                    ""speedDev"": 0.1,\n                    ""speedFactor"": 1.0,\n                    ""tau"": 1.0\n                },\n                ""speed_mode"": 1\n            },\n            ""initial_speed"": 0,\n            ""lane_change_controller"": [\n                ""SimLaneChangeController"",\n                {}\n            ],\n            ""lane_change_params"": {\n                ""controller_params"": {\n                    ""laneChangeModel"": ""LC2013"",\n                    ""lcCooperative"": ""1.0"",\n                    ""lcKeepRight"": ""1.0"",\n                    ""lcSpeedGain"": ""1.0"",\n                    ""lcStrategic"": ""1.0""\n                },\n                ""lane_change_mode"": 512\n            },\n            ""num_vehicles"": 13,\n            ""routing_controller"": [\n                ""ContinuousRouter"",\n                {}\n            ],\n            ""veh_id"": ""human""\n        },\n        {\n            ""acceleration_controller"": [\n                ""RLController"",\n                {}\n            ],\n            ""car_following_params"": {\n                ""controller_params"": {\n                    ""accel"": 1.0,\n                    ""carFollowModel"": ""IDM"",\n                    ""decel"": 1.5,\n                    ""impatience"": 0.5,\n                    ""maxSpeed"": 30,\n                    ""minGap"": 2.5,\n                    ""sigma"": 0.5,\n                    ""speedDev"": 0.1,\n                    ""speedFactor"": 1.0,\n                    ""tau"": 1.0\n                },\n                ""speed_mode"": 1\n            },\n            ""initial_speed"": 0,\n            ""lane_change_controller"": [\n                ""SimLaneChangeController"",\n                {}\n            ],\n            ""lane_change_params"": {\n                ""controller_params"": {\n                    ""laneChangeModel"": ""LC2013"",\n                    ""lcCooperative"": ""1.0"",\n                    ""lcKeepRight"": ""1.0"",\n                    ""lcSpeedGain"": ""1.0"",\n                    ""lcStrategic"": ""1.0""\n                },\n                ""lane_change_mode"": 512\n            },\n            ""num_vehicles"": 1,\n            ""routing_controller"": [\n                ""ContinuousRouter"",\n                {}\n            ],\n            ""veh_id"": ""rl""\n        }\n    ]\n}'}, 'env': 'AccelEnv-v0', 'local_evaluator_tf_session_args': {'inter_op_parallelism_threads': 8, 'intra_op_parallelism_threads': 8}, 'model': {'free_log_std': False, 'custom_options': {}, 'framestack': True, 'channel_major': False, 'max_seq_len': 20, 'lstm_use_prev_action_reward': False, 'squash_to_range': False, 'dim': 84, 'grayscale': False, 'fcnet_hiddens': [100, 50, 25], 'use_lstm': False, 'custom_model': None, 'fcnet_activation': 'tanh', 'conv_filters': None, 'conv_activation': 'relu', 'lstm_cell_size': 256, 'zero_mean': True, 'custom_preprocessor': None}, 'output_compress_columns': ['obs', 'new_obs'], 'monitor': False, 'custom_resources_per_worker': {}, 'output_max_file_size': 67108864, 'num_workers': 1, 'clip_param': 0.3, 'kl_coeff': 0.2, 'multiagent': {'policy_graphs': {}, 'policy_mapping_fn': None, 'policies_to_train': None}, 'input_evaluation': None, 'output': None, 'collect_metrics_timeout': 180, 'num_cpus_per_worker': 1}",169.237.32.118,1,1175.62,10.031050205230713,"{'num_steps_sampled': 291200, 'load_time_ms': 1.228, 'default': {'kl': 0.012114479206502438, 'cur_lr': 0.0005000000237487257, 'total_loss': 1.1035634279251099, 'policy_loss': -0.02317068725824356, 'vf_explained_var': 0.9504914879798889, 'entropy': 1.5423170328140259, 'cur_kl_coeff': 0.36532357335090637, 'vf_loss': 1.122308373451233}, 'sample_time_ms': 9649.083, 'grad_time_ms': 274.89, 'update_time_ms': 4.692, 'num_steps_trained': 291200}",328.5745100811761,2019-04-02_08-06-55,kronos,71,291200,0,1805.2140324115753,{},291200,182,182,1805.2140324115753,476.96347428500655,1600,1554192415,{},0b32d2eec3344b1fbde4822793b2e447,66.4306665637337
False,237,"{'input': 'sampler', 'callbacks': {'on_train_result': None, 'on_sample_end': None, 'on_episode_step': None, 'on_episode_start': None, 'on_episode_end': None}, 'sample_batch_size': 200, 'clip_actions': False, 'clip_rewards': None, 'tf_session_args': {'inter_op_parallelism_threads': 2, 'intra_op_parallelism_threads': 2, 'device_count': {'CPU': 1}, 'log_device_placement': False, 'allow_soft_placement': True, 'gpu_options': {'allow_growth': True}}, 'kl_target': 0.01, 'horizon': 1500, 'lr': 0.0005, 'sample_async': False, 'simple_optimizer': False, 'compress_observations': False, 'num_envs_per_worker': 1, 'gamma': 0.99, 'sgd_minibatch_size': 128, 'observation_filter': 'NoFilter', 'entropy_coeff': 0.0, 'batch_mode': 'truncate_episodes', 'straggler_mitigation': False, 'vf_share_layers': False, 'num_gpus': 0, 'synchronize_filters': True, 'num_sgd_iter': 10, 'train_batch_size': 1500, 'optimizer': {}, 'num_gpus_per_worker': 0, 'preprocessor_pref': 'deepmind', 'num_cpus_for_driver': 1, 'lr_schedule': None, 'use_gae': True, 'lambda': 0.97, 'vf_loss_coeff': 1.0, 'vf_clip_param': 1000000.0, 'log_level': 'INFO', 'env_config': {'run': 'PPO', 'flow_params': '{\n    ""env"": {\n        ""additional_params"": {\n            ""max_accel"": 3,\n            ""max_decel"": 3,\n            ""sort_vehicles"": false,\n            ""target_velocity"": 20\n        },\n        ""evaluate"": false,\n        ""horizon"": 1500,\n        ""sims_per_step"": 1,\n        ""warmup_steps"": 0\n    },\n    ""env_name"": ""AccelEnv"",\n    ""exp_tag"": ""figure_eight_0"",\n    ""initial"": {\n        ""additional_params"": {},\n        ""bunching"": 0,\n        ""edges_distribution"": ""all"",\n        ""lanes_distribution"": Infinity,\n        ""min_gap"": 0,\n        ""perturbation"": 0.0,\n        ""shuffle"": false,\n        ""spacing"": ""uniform"",\n        ""x0"": 0\n    },\n    ""net"": {\n        ""additional_params"": {\n            ""lanes"": 1,\n            ""radius_ring"": 30,\n            ""resolution"": 40,\n            ""speed_limit"": 30\n        },\n        ""inflows"": {\n            ""_InFlows__flows"": [],\n            ""num_flows"": 0\n        },\n        ""netfile"": null,\n        ""no_internal_links"": false,\n        ""osm_path"": null\n    },\n    ""scenario"": ""Figure8Scenario"",\n    ""sim"": {\n        ""emission_path"": null,\n        ""lateral_resolution"": null,\n        ""no_step_log"": true,\n        ""num_clients"": 1,\n        ""overtake_right"": false,\n        ""port"": null,\n        ""print_warnings"": true,\n        ""pxpm"": 2,\n        ""render"": false,\n        ""restart_instance"": false,\n        ""save_render"": false,\n        ""seed"": null,\n        ""show_radius"": false,\n        ""sight_radius"": 25,\n        ""sim_step"": 0.1,\n        ""teleport_time"": -1\n    },\n    ""simulator"": ""traci"",\n    ""veh"": [\n        {\n            ""acceleration_controller"": [\n                ""IDMController"",\n                {\n                    ""noise"": 0.2\n                }\n            ],\n            ""car_following_params"": {\n                ""controller_params"": {\n                    ""accel"": 1.0,\n                    ""carFollowModel"": ""IDM"",\n                    ""decel"": 1.5,\n                    ""impatience"": 0.5,\n                    ""maxSpeed"": 30,\n                    ""minGap"": 2.5,\n                    ""sigma"": 0.5,\n                    ""speedDev"": 0.1,\n                    ""speedFactor"": 1.0,\n                    ""tau"": 1.0\n                },\n                ""speed_mode"": 1\n            },\n            ""initial_speed"": 0,\n            ""lane_change_controller"": [\n                ""SimLaneChangeController"",\n                {}\n            ],\n            ""lane_change_params"": {\n                ""controller_params"": {\n                    ""laneChangeModel"": ""LC2013"",\n                    ""lcCooperative"": ""1.0"",\n                    ""lcKeepRight"": ""1.0"",\n                    ""lcSpeedGain"": ""1.0"",\n                    ""lcStrategic"": ""1.0""\n                },\n                ""lane_change_mode"": 512\n            },\n            ""num_vehicles"": 13,\n            ""routing_controller"": [\n                ""ContinuousRouter"",\n                {}\n            ],\n            ""veh_id"": ""human""\n        },\n        {\n            ""acceleration_controller"": [\n                ""RLController"",\n                {}\n            ],\n            ""car_following_params"": {\n                ""controller_params"": {\n                    ""accel"": 1.0,\n                    ""carFollowModel"": ""IDM"",\n                    ""decel"": 1.5,\n                    ""impatience"": 0.5,\n                    ""maxSpeed"": 30,\n                    ""minGap"": 2.5,\n                    ""sigma"": 0.5,\n                    ""speedDev"": 0.1,\n                    ""speedFactor"": 1.0,\n                    ""tau"": 1.0\n                },\n                ""speed_mode"": 1\n            },\n            ""initial_speed"": 0,\n            ""lane_change_controller"": [\n                ""SimLaneChangeController"",\n                {}\n            ],\n            ""lane_change_params"": {\n                ""controller_params"": {\n                    ""laneChangeModel"": ""LC2013"",\n                    ""lcCooperative"": ""1.0"",\n                    ""lcKeepRight"": ""1.0"",\n                    ""lcSpeedGain"": ""1.0"",\n                    ""lcStrategic"": ""1.0""\n                },\n                ""lane_change_mode"": 512\n            },\n            ""num_vehicles"": 1,\n            ""routing_controller"": [\n                ""ContinuousRouter"",\n                {}\n            ],\n            ""veh_id"": ""rl""\n        }\n    ]\n}'}, 'env': 'AccelEnv-v0', 'local_evaluator_tf_session_args': {'inter_op_parallelism_threads': 8, 'intra_op_parallelism_threads': 8}, 'model': {'free_log_std': False, 'custom_options': {}, 'framestack': True, 'channel_major': False, 'max_seq_len': 20, 'lstm_use_prev_action_reward': False, 'squash_to_range': False, 'dim': 84, 'grayscale': False, 'fcnet_hiddens': [100, 50, 25], 'use_lstm': False, 'custom_model': None, 'fcnet_activation': 'tanh', 'conv_filters': None, 'conv_activation': 'relu', 'lstm_cell_size': 256, 'zero_mean': True, 'custom_preprocessor': None}, 'output_compress_columns': ['obs', 'new_obs'], 'monitor': False, 'custom_resources_per_worker': {}, 'output_max_file_size': 67108864, 'num_workers': 1, 'clip_param': 0.3, 'kl_coeff': 0.2, 'multiagent': {'policy_graphs': {}, 'policy_mapping_fn': None, 'policies_to_train': None}, 'input_evaluation': None, 'output': None, 'collect_metrics_timeout': 180, 'num_cpus_per_worker': 1}",169.237.32.118,1,1175.62,9.903920888900757,"{'num_steps_sampled': 292800, 'load_time_ms': 1.267, 'default': {'kl': 0.008253897540271282, 'cur_lr': 0.0005000000237487257, 'total_loss': 0.7934392094612122, 'policy_loss': -0.015134857036173344, 'vf_explained_var': 0.9740138053894043, 'entropy': 1.5748968124389648, 'cur_kl_coeff': 0.36532357335090637, 'vf_loss': 0.8055587410926819}, 'sample_time_ms': 9661.892, 'grad_time_ms': 276.332, 'update_time_ms': 4.643, 'num_steps_trained': 292800}",328.9847138103311,2019-04-02_08-07-04,kronos,71,292800,0,1815.117953300476,{},292800,183,183,1815.117953300476,476.96347428500655,1600,1554192424,{},0b32d2eec3344b1fbde4822793b2e447,66.4306665637337
False,238,"{'input': 'sampler', 'callbacks': {'on_train_result': None, 'on_sample_end': None, 'on_episode_step': None, 'on_episode_start': None, 'on_episode_end': None}, 'sample_batch_size': 200, 'clip_actions': False, 'clip_rewards': None, 'tf_session_args': {'inter_op_parallelism_threads': 2, 'intra_op_parallelism_threads': 2, 'device_count': {'CPU': 1}, 'log_device_placement': False, 'allow_soft_placement': True, 'gpu_options': {'allow_growth': True}}, 'kl_target': 0.01, 'horizon': 1500, 'lr': 0.0005, 'sample_async': False, 'simple_optimizer': False, 'compress_observations': False, 'num_envs_per_worker': 1, 'gamma': 0.99, 'sgd_minibatch_size': 128, 'observation_filter': 'NoFilter', 'entropy_coeff': 0.0, 'batch_mode': 'truncate_episodes', 'straggler_mitigation': False, 'vf_share_layers': False, 'num_gpus': 0, 'synchronize_filters': True, 'num_sgd_iter': 10, 'train_batch_size': 1500, 'optimizer': {}, 'num_gpus_per_worker': 0, 'preprocessor_pref': 'deepmind', 'num_cpus_for_driver': 1, 'lr_schedule': None, 'use_gae': True, 'lambda': 0.97, 'vf_loss_coeff': 1.0, 'vf_clip_param': 1000000.0, 'log_level': 'INFO', 'env_config': {'run': 'PPO', 'flow_params': '{\n    ""env"": {\n        ""additional_params"": {\n            ""max_accel"": 3,\n            ""max_decel"": 3,\n            ""sort_vehicles"": false,\n            ""target_velocity"": 20\n        },\n        ""evaluate"": false,\n        ""horizon"": 1500,\n        ""sims_per_step"": 1,\n        ""warmup_steps"": 0\n    },\n    ""env_name"": ""AccelEnv"",\n    ""exp_tag"": ""figure_eight_0"",\n    ""initial"": {\n        ""additional_params"": {},\n        ""bunching"": 0,\n        ""edges_distribution"": ""all"",\n        ""lanes_distribution"": Infinity,\n        ""min_gap"": 0,\n        ""perturbation"": 0.0,\n        ""shuffle"": false,\n        ""spacing"": ""uniform"",\n        ""x0"": 0\n    },\n    ""net"": {\n        ""additional_params"": {\n            ""lanes"": 1,\n            ""radius_ring"": 30,\n            ""resolution"": 40,\n            ""speed_limit"": 30\n        },\n        ""inflows"": {\n            ""_InFlows__flows"": [],\n            ""num_flows"": 0\n        },\n        ""netfile"": null,\n        ""no_internal_links"": false,\n        ""osm_path"": null\n    },\n    ""scenario"": ""Figure8Scenario"",\n    ""sim"": {\n        ""emission_path"": null,\n        ""lateral_resolution"": null,\n        ""no_step_log"": true,\n        ""num_clients"": 1,\n        ""overtake_right"": false,\n        ""port"": null,\n        ""print_warnings"": true,\n        ""pxpm"": 2,\n        ""render"": false,\n        ""restart_instance"": false,\n        ""save_render"": false,\n        ""seed"": null,\n        ""show_radius"": false,\n        ""sight_radius"": 25,\n        ""sim_step"": 0.1,\n        ""teleport_time"": -1\n    },\n    ""simulator"": ""traci"",\n    ""veh"": [\n        {\n            ""acceleration_controller"": [\n                ""IDMController"",\n                {\n                    ""noise"": 0.2\n                }\n            ],\n            ""car_following_params"": {\n                ""controller_params"": {\n                    ""accel"": 1.0,\n                    ""carFollowModel"": ""IDM"",\n                    ""decel"": 1.5,\n                    ""impatience"": 0.5,\n                    ""maxSpeed"": 30,\n                    ""minGap"": 2.5,\n                    ""sigma"": 0.5,\n                    ""speedDev"": 0.1,\n                    ""speedFactor"": 1.0,\n                    ""tau"": 1.0\n                },\n                ""speed_mode"": 1\n            },\n            ""initial_speed"": 0,\n            ""lane_change_controller"": [\n                ""SimLaneChangeController"",\n                {}\n            ],\n            ""lane_change_params"": {\n                ""controller_params"": {\n                    ""laneChangeModel"": ""LC2013"",\n                    ""lcCooperative"": ""1.0"",\n                    ""lcKeepRight"": ""1.0"",\n                    ""lcSpeedGain"": ""1.0"",\n                    ""lcStrategic"": ""1.0""\n                },\n                ""lane_change_mode"": 512\n            },\n            ""num_vehicles"": 13,\n            ""routing_controller"": [\n                ""ContinuousRouter"",\n                {}\n            ],\n            ""veh_id"": ""human""\n        },\n        {\n            ""acceleration_controller"": [\n                ""RLController"",\n                {}\n            ],\n            ""car_following_params"": {\n                ""controller_params"": {\n                    ""accel"": 1.0,\n                    ""carFollowModel"": ""IDM"",\n                    ""decel"": 1.5,\n                    ""impatience"": 0.5,\n                    ""maxSpeed"": 30,\n                    ""minGap"": 2.5,\n                    ""sigma"": 0.5,\n                    ""speedDev"": 0.1,\n                    ""speedFactor"": 1.0,\n                    ""tau"": 1.0\n                },\n                ""speed_mode"": 1\n            },\n            ""initial_speed"": 0,\n            ""lane_change_controller"": [\n                ""SimLaneChangeController"",\n                {}\n            ],\n            ""lane_change_params"": {\n                ""controller_params"": {\n                    ""laneChangeModel"": ""LC2013"",\n                    ""lcCooperative"": ""1.0"",\n                    ""lcKeepRight"": ""1.0"",\n                    ""lcSpeedGain"": ""1.0"",\n                    ""lcStrategic"": ""1.0""\n                },\n                ""lane_change_mode"": 512\n            },\n            ""num_vehicles"": 1,\n            ""routing_controller"": [\n                ""ContinuousRouter"",\n                {}\n            ],\n            ""veh_id"": ""rl""\n        }\n    ]\n}'}, 'env': 'AccelEnv-v0', 'local_evaluator_tf_session_args': {'inter_op_parallelism_threads': 8, 'intra_op_parallelism_threads': 8}, 'model': {'free_log_std': False, 'custom_options': {}, 'framestack': True, 'channel_major': False, 'max_seq_len': 20, 'lstm_use_prev_action_reward': False, 'squash_to_range': False, 'dim': 84, 'grayscale': False, 'fcnet_hiddens': [100, 50, 25], 'use_lstm': False, 'custom_model': None, 'fcnet_activation': 'tanh', 'conv_filters': None, 'conv_activation': 'relu', 'lstm_cell_size': 256, 'zero_mean': True, 'custom_preprocessor': None}, 'output_compress_columns': ['obs', 'new_obs'], 'monitor': False, 'custom_resources_per_worker': {}, 'output_max_file_size': 67108864, 'num_workers': 1, 'clip_param': 0.3, 'kl_coeff': 0.2, 'multiagent': {'policy_graphs': {}, 'policy_mapping_fn': None, 'policies_to_train': None}, 'input_evaluation': None, 'output': None, 'collect_metrics_timeout': 180, 'num_cpus_per_worker': 1}",169.237.32.118,1,1187.94,9.991262912750244,"{'num_steps_sampled': 294400, 'load_time_ms': 1.308, 'default': {'kl': 0.011208121664822102, 'cur_lr': 0.0005000000237487257, 'total_loss': 0.9434194564819336, 'policy_loss': -0.02132320962846279, 'vf_explained_var': 0.9516055583953857, 'entropy': 1.6035841703414917, 'cur_kl_coeff': 0.36532357335090637, 'vf_loss': 0.9606480598449707}, 'sample_time_ms': 9680.052, 'grad_time_ms': 274.943, 'update_time_ms': 4.672, 'num_steps_trained': 294400}",332.45033097149064,2019-04-02_08-07-14,kronos,71,294400,0,1825.1092162132263,{},294400,184,184,1825.1092162132263,476.96347428500655,1600,1554192434,{},0b32d2eec3344b1fbde4822793b2e447,66.4306665637337
False,240,"{'input': 'sampler', 'callbacks': {'on_train_result': None, 'on_sample_end': None, 'on_episode_step': None, 'on_episode_start': None, 'on_episode_end': None}, 'sample_batch_size': 200, 'clip_actions': False, 'clip_rewards': None, 'tf_session_args': {'inter_op_parallelism_threads': 2, 'intra_op_parallelism_threads': 2, 'device_count': {'CPU': 1}, 'log_device_placement': False, 'allow_soft_placement': True, 'gpu_options': {'allow_growth': True}}, 'kl_target': 0.01, 'horizon': 1500, 'lr': 0.0005, 'sample_async': False, 'simple_optimizer': False, 'compress_observations': False, 'num_envs_per_worker': 1, 'gamma': 0.99, 'sgd_minibatch_size': 128, 'observation_filter': 'NoFilter', 'entropy_coeff': 0.0, 'batch_mode': 'truncate_episodes', 'straggler_mitigation': False, 'vf_share_layers': False, 'num_gpus': 0, 'synchronize_filters': True, 'num_sgd_iter': 10, 'train_batch_size': 1500, 'optimizer': {}, 'num_gpus_per_worker': 0, 'preprocessor_pref': 'deepmind', 'num_cpus_for_driver': 1, 'lr_schedule': None, 'use_gae': True, 'lambda': 0.97, 'vf_loss_coeff': 1.0, 'vf_clip_param': 1000000.0, 'log_level': 'INFO', 'env_config': {'run': 'PPO', 'flow_params': '{\n    ""env"": {\n        ""additional_params"": {\n            ""max_accel"": 3,\n            ""max_decel"": 3,\n            ""sort_vehicles"": false,\n            ""target_velocity"": 20\n        },\n        ""evaluate"": false,\n        ""horizon"": 1500,\n        ""sims_per_step"": 1,\n        ""warmup_steps"": 0\n    },\n    ""env_name"": ""AccelEnv"",\n    ""exp_tag"": ""figure_eight_0"",\n    ""initial"": {\n        ""additional_params"": {},\n        ""bunching"": 0,\n        ""edges_distribution"": ""all"",\n        ""lanes_distribution"": Infinity,\n        ""min_gap"": 0,\n        ""perturbation"": 0.0,\n        ""shuffle"": false,\n        ""spacing"": ""uniform"",\n        ""x0"": 0\n    },\n    ""net"": {\n        ""additional_params"": {\n            ""lanes"": 1,\n            ""radius_ring"": 30,\n            ""resolution"": 40,\n            ""speed_limit"": 30\n        },\n        ""inflows"": {\n            ""_InFlows__flows"": [],\n            ""num_flows"": 0\n        },\n        ""netfile"": null,\n        ""no_internal_links"": false,\n        ""osm_path"": null\n    },\n    ""scenario"": ""Figure8Scenario"",\n    ""sim"": {\n        ""emission_path"": null,\n        ""lateral_resolution"": null,\n        ""no_step_log"": true,\n        ""num_clients"": 1,\n        ""overtake_right"": false,\n        ""port"": null,\n        ""print_warnings"": true,\n        ""pxpm"": 2,\n        ""render"": false,\n        ""restart_instance"": false,\n        ""save_render"": false,\n        ""seed"": null,\n        ""show_radius"": false,\n        ""sight_radius"": 25,\n        ""sim_step"": 0.1,\n        ""teleport_time"": -1\n    },\n    ""simulator"": ""traci"",\n    ""veh"": [\n        {\n            ""acceleration_controller"": [\n                ""IDMController"",\n                {\n                    ""noise"": 0.2\n                }\n            ],\n            ""car_following_params"": {\n                ""controller_params"": {\n                    ""accel"": 1.0,\n                    ""carFollowModel"": ""IDM"",\n                    ""decel"": 1.5,\n                    ""impatience"": 0.5,\n                    ""maxSpeed"": 30,\n                    ""minGap"": 2.5,\n                    ""sigma"": 0.5,\n                    ""speedDev"": 0.1,\n                    ""speedFactor"": 1.0,\n                    ""tau"": 1.0\n                },\n                ""speed_mode"": 1\n            },\n            ""initial_speed"": 0,\n            ""lane_change_controller"": [\n                ""SimLaneChangeController"",\n                {}\n            ],\n            ""lane_change_params"": {\n                ""controller_params"": {\n                    ""laneChangeModel"": ""LC2013"",\n                    ""lcCooperative"": ""1.0"",\n                    ""lcKeepRight"": ""1.0"",\n                    ""lcSpeedGain"": ""1.0"",\n                    ""lcStrategic"": ""1.0""\n                },\n                ""lane_change_mode"": 512\n            },\n            ""num_vehicles"": 13,\n            ""routing_controller"": [\n                ""ContinuousRouter"",\n                {}\n            ],\n            ""veh_id"": ""human""\n        },\n        {\n            ""acceleration_controller"": [\n                ""RLController"",\n                {}\n            ],\n            ""car_following_params"": {\n                ""controller_params"": {\n                    ""accel"": 1.0,\n                    ""carFollowModel"": ""IDM"",\n                    ""decel"": 1.5,\n                    ""impatience"": 0.5,\n                    ""maxSpeed"": 30,\n                    ""minGap"": 2.5,\n                    ""sigma"": 0.5,\n                    ""speedDev"": 0.1,\n                    ""speedFactor"": 1.0,\n                    ""tau"": 1.0\n                },\n                ""speed_mode"": 1\n            },\n            ""initial_speed"": 0,\n            ""lane_change_controller"": [\n                ""SimLaneChangeController"",\n                {}\n            ],\n            ""lane_change_params"": {\n                ""controller_params"": {\n                    ""laneChangeModel"": ""LC2013"",\n                    ""lcCooperative"": ""1.0"",\n                    ""lcKeepRight"": ""1.0"",\n                    ""lcSpeedGain"": ""1.0"",\n                    ""lcStrategic"": ""1.0""\n                },\n                ""lane_change_mode"": 512\n            },\n            ""num_vehicles"": 1,\n            ""routing_controller"": [\n                ""ContinuousRouter"",\n                {}\n            ],\n            ""veh_id"": ""rl""\n        }\n    ]\n}'}, 'env': 'AccelEnv-v0', 'local_evaluator_tf_session_args': {'inter_op_parallelism_threads': 8, 'intra_op_parallelism_threads': 8}, 'model': {'free_log_std': False, 'custom_options': {}, 'framestack': True, 'channel_major': False, 'max_seq_len': 20, 'lstm_use_prev_action_reward': False, 'squash_to_range': False, 'dim': 84, 'grayscale': False, 'fcnet_hiddens': [100, 50, 25], 'use_lstm': False, 'custom_model': None, 'fcnet_activation': 'tanh', 'conv_filters': None, 'conv_activation': 'relu', 'lstm_cell_size': 256, 'zero_mean': True, 'custom_preprocessor': None}, 'output_compress_columns': ['obs', 'new_obs'], 'monitor': False, 'custom_resources_per_worker': {}, 'output_max_file_size': 67108864, 'num_workers': 1, 'clip_param': 0.3, 'kl_coeff': 0.2, 'multiagent': {'policy_graphs': {}, 'policy_mapping_fn': None, 'policies_to_train': None}, 'input_evaluation': None, 'output': None, 'collect_metrics_timeout': 180, 'num_cpus_per_worker': 1}",169.237.32.118,2,1187.94,10.088385105133057,"{'num_steps_sampled': 296000, 'load_time_ms': 1.281, 'default': {'kl': 0.010026782751083374, 'cur_lr': 0.0005000000237487257, 'total_loss': 3.458631753921509, 'policy_loss': -0.01816384494304657, 'vf_explained_var': 0.8535106182098389, 'entropy': 1.5984563827514648, 'cur_kl_coeff': 0.36532357335090637, 'vf_loss': 3.473132848739624}, 'sample_time_ms': 9693.16, 'grad_time_ms': 276.197, 'update_time_ms': 4.561, 'num_steps_trained': 296000}",332.9036892841853,2019-04-02_08-07-25,kronos,71,296000,0,1835.1976013183594,{},296000,185,185,1835.1976013183594,476.96347428500655,1600,1554192445,{},0b32d2eec3344b1fbde4822793b2e447,66.4306665637337
False,241,"{'input': 'sampler', 'callbacks': {'on_train_result': None, 'on_sample_end': None, 'on_episode_step': None, 'on_episode_start': None, 'on_episode_end': None}, 'sample_batch_size': 200, 'clip_actions': False, 'clip_rewards': None, 'tf_session_args': {'inter_op_parallelism_threads': 2, 'intra_op_parallelism_threads': 2, 'device_count': {'CPU': 1}, 'log_device_placement': False, 'allow_soft_placement': True, 'gpu_options': {'allow_growth': True}}, 'kl_target': 0.01, 'horizon': 1500, 'lr': 0.0005, 'sample_async': False, 'simple_optimizer': False, 'compress_observations': False, 'num_envs_per_worker': 1, 'gamma': 0.99, 'sgd_minibatch_size': 128, 'observation_filter': 'NoFilter', 'entropy_coeff': 0.0, 'batch_mode': 'truncate_episodes', 'straggler_mitigation': False, 'vf_share_layers': False, 'num_gpus': 0, 'synchronize_filters': True, 'num_sgd_iter': 10, 'train_batch_size': 1500, 'optimizer': {}, 'num_gpus_per_worker': 0, 'preprocessor_pref': 'deepmind', 'num_cpus_for_driver': 1, 'lr_schedule': None, 'use_gae': True, 'lambda': 0.97, 'vf_loss_coeff': 1.0, 'vf_clip_param': 1000000.0, 'log_level': 'INFO', 'env_config': {'run': 'PPO', 'flow_params': '{\n    ""env"": {\n        ""additional_params"": {\n            ""max_accel"": 3,\n            ""max_decel"": 3,\n            ""sort_vehicles"": false,\n            ""target_velocity"": 20\n        },\n        ""evaluate"": false,\n        ""horizon"": 1500,\n        ""sims_per_step"": 1,\n        ""warmup_steps"": 0\n    },\n    ""env_name"": ""AccelEnv"",\n    ""exp_tag"": ""figure_eight_0"",\n    ""initial"": {\n        ""additional_params"": {},\n        ""bunching"": 0,\n        ""edges_distribution"": ""all"",\n        ""lanes_distribution"": Infinity,\n        ""min_gap"": 0,\n        ""perturbation"": 0.0,\n        ""shuffle"": false,\n        ""spacing"": ""uniform"",\n        ""x0"": 0\n    },\n    ""net"": {\n        ""additional_params"": {\n            ""lanes"": 1,\n            ""radius_ring"": 30,\n            ""resolution"": 40,\n            ""speed_limit"": 30\n        },\n        ""inflows"": {\n            ""_InFlows__flows"": [],\n            ""num_flows"": 0\n        },\n        ""netfile"": null,\n        ""no_internal_links"": false,\n        ""osm_path"": null\n    },\n    ""scenario"": ""Figure8Scenario"",\n    ""sim"": {\n        ""emission_path"": null,\n        ""lateral_resolution"": null,\n        ""no_step_log"": true,\n        ""num_clients"": 1,\n        ""overtake_right"": false,\n        ""port"": null,\n        ""print_warnings"": true,\n        ""pxpm"": 2,\n        ""render"": false,\n        ""restart_instance"": false,\n        ""save_render"": false,\n        ""seed"": null,\n        ""show_radius"": false,\n        ""sight_radius"": 25,\n        ""sim_step"": 0.1,\n        ""teleport_time"": -1\n    },\n    ""simulator"": ""traci"",\n    ""veh"": [\n        {\n            ""acceleration_controller"": [\n                ""IDMController"",\n                {\n                    ""noise"": 0.2\n                }\n            ],\n            ""car_following_params"": {\n                ""controller_params"": {\n                    ""accel"": 1.0,\n                    ""carFollowModel"": ""IDM"",\n                    ""decel"": 1.5,\n                    ""impatience"": 0.5,\n                    ""maxSpeed"": 30,\n                    ""minGap"": 2.5,\n                    ""sigma"": 0.5,\n                    ""speedDev"": 0.1,\n                    ""speedFactor"": 1.0,\n                    ""tau"": 1.0\n                },\n                ""speed_mode"": 1\n            },\n            ""initial_speed"": 0,\n            ""lane_change_controller"": [\n                ""SimLaneChangeController"",\n                {}\n            ],\n            ""lane_change_params"": {\n                ""controller_params"": {\n                    ""laneChangeModel"": ""LC2013"",\n                    ""lcCooperative"": ""1.0"",\n                    ""lcKeepRight"": ""1.0"",\n                    ""lcSpeedGain"": ""1.0"",\n                    ""lcStrategic"": ""1.0""\n                },\n                ""lane_change_mode"": 512\n            },\n            ""num_vehicles"": 13,\n            ""routing_controller"": [\n                ""ContinuousRouter"",\n                {}\n            ],\n            ""veh_id"": ""human""\n        },\n        {\n            ""acceleration_controller"": [\n                ""RLController"",\n                {}\n            ],\n            ""car_following_params"": {\n                ""controller_params"": {\n                    ""accel"": 1.0,\n                    ""carFollowModel"": ""IDM"",\n                    ""decel"": 1.5,\n                    ""impatience"": 0.5,\n                    ""maxSpeed"": 30,\n                    ""minGap"": 2.5,\n                    ""sigma"": 0.5,\n                    ""speedDev"": 0.1,\n                    ""speedFactor"": 1.0,\n                    ""tau"": 1.0\n                },\n                ""speed_mode"": 1\n            },\n            ""initial_speed"": 0,\n            ""lane_change_controller"": [\n                ""SimLaneChangeController"",\n                {}\n            ],\n            ""lane_change_params"": {\n                ""controller_params"": {\n                    ""laneChangeModel"": ""LC2013"",\n                    ""lcCooperative"": ""1.0"",\n                    ""lcKeepRight"": ""1.0"",\n                    ""lcSpeedGain"": ""1.0"",\n                    ""lcStrategic"": ""1.0""\n                },\n                ""lane_change_mode"": 512\n            },\n            ""num_vehicles"": 1,\n            ""routing_controller"": [\n                ""ContinuousRouter"",\n                {}\n            ],\n            ""veh_id"": ""rl""\n        }\n    ]\n}'}, 'env': 'AccelEnv-v0', 'local_evaluator_tf_session_args': {'inter_op_parallelism_threads': 8, 'intra_op_parallelism_threads': 8}, 'model': {'free_log_std': False, 'custom_options': {}, 'framestack': True, 'channel_major': False, 'max_seq_len': 20, 'lstm_use_prev_action_reward': False, 'squash_to_range': False, 'dim': 84, 'grayscale': False, 'fcnet_hiddens': [100, 50, 25], 'use_lstm': False, 'custom_model': None, 'fcnet_activation': 'tanh', 'conv_filters': None, 'conv_activation': 'relu', 'lstm_cell_size': 256, 'zero_mean': True, 'custom_preprocessor': None}, 'output_compress_columns': ['obs', 'new_obs'], 'monitor': False, 'custom_resources_per_worker': {}, 'output_max_file_size': 67108864, 'num_workers': 1, 'clip_param': 0.3, 'kl_coeff': 0.2, 'multiagent': {'policy_graphs': {}, 'policy_mapping_fn': None, 'policies_to_train': None}, 'input_evaluation': None, 'output': None, 'collect_metrics_timeout': 180, 'num_cpus_per_worker': 1}",169.237.32.118,1,1199.8,9.913194417953491,"{'num_steps_sampled': 297600, 'load_time_ms': 1.317, 'default': {'kl': 0.013762903399765491, 'cur_lr': 0.0005000000237487257, 'total_loss': 0.5894562005996704, 'policy_loss': -0.02210075967013836, 'vf_explained_var': 0.9867222309112549, 'entropy': 1.6162118911743164, 'cur_kl_coeff': 0.36532357335090637, 'vf_loss': 0.6065290570259094}, 'sample_time_ms': 9695.942, 'grad_time_ms': 276.615, 'update_time_ms': 4.43, 'num_steps_trained': 297600}",336.4362633287908,2019-04-02_08-07-35,kronos,71,297600,0,1845.1107957363129,{},297600,186,186,1845.1107957363129,476.96347428500655,1600,1554192455,{},0b32d2eec3344b1fbde4822793b2e447,66.4306665637337
False,242,"{'input': 'sampler', 'callbacks': {'on_train_result': None, 'on_sample_end': None, 'on_episode_step': None, 'on_episode_start': None, 'on_episode_end': None}, 'sample_batch_size': 200, 'clip_actions': False, 'clip_rewards': None, 'tf_session_args': {'inter_op_parallelism_threads': 2, 'intra_op_parallelism_threads': 2, 'device_count': {'CPU': 1}, 'log_device_placement': False, 'allow_soft_placement': True, 'gpu_options': {'allow_growth': True}}, 'kl_target': 0.01, 'horizon': 1500, 'lr': 0.0005, 'sample_async': False, 'simple_optimizer': False, 'compress_observations': False, 'num_envs_per_worker': 1, 'gamma': 0.99, 'sgd_minibatch_size': 128, 'observation_filter': 'NoFilter', 'entropy_coeff': 0.0, 'batch_mode': 'truncate_episodes', 'straggler_mitigation': False, 'vf_share_layers': False, 'num_gpus': 0, 'synchronize_filters': True, 'num_sgd_iter': 10, 'train_batch_size': 1500, 'optimizer': {}, 'num_gpus_per_worker': 0, 'preprocessor_pref': 'deepmind', 'num_cpus_for_driver': 1, 'lr_schedule': None, 'use_gae': True, 'lambda': 0.97, 'vf_loss_coeff': 1.0, 'vf_clip_param': 1000000.0, 'log_level': 'INFO', 'env_config': {'run': 'PPO', 'flow_params': '{\n    ""env"": {\n        ""additional_params"": {\n            ""max_accel"": 3,\n            ""max_decel"": 3,\n            ""sort_vehicles"": false,\n            ""target_velocity"": 20\n        },\n        ""evaluate"": false,\n        ""horizon"": 1500,\n        ""sims_per_step"": 1,\n        ""warmup_steps"": 0\n    },\n    ""env_name"": ""AccelEnv"",\n    ""exp_tag"": ""figure_eight_0"",\n    ""initial"": {\n        ""additional_params"": {},\n        ""bunching"": 0,\n        ""edges_distribution"": ""all"",\n        ""lanes_distribution"": Infinity,\n        ""min_gap"": 0,\n        ""perturbation"": 0.0,\n        ""shuffle"": false,\n        ""spacing"": ""uniform"",\n        ""x0"": 0\n    },\n    ""net"": {\n        ""additional_params"": {\n            ""lanes"": 1,\n            ""radius_ring"": 30,\n            ""resolution"": 40,\n            ""speed_limit"": 30\n        },\n        ""inflows"": {\n            ""_InFlows__flows"": [],\n            ""num_flows"": 0\n        },\n        ""netfile"": null,\n        ""no_internal_links"": false,\n        ""osm_path"": null\n    },\n    ""scenario"": ""Figure8Scenario"",\n    ""sim"": {\n        ""emission_path"": null,\n        ""lateral_resolution"": null,\n        ""no_step_log"": true,\n        ""num_clients"": 1,\n        ""overtake_right"": false,\n        ""port"": null,\n        ""print_warnings"": true,\n        ""pxpm"": 2,\n        ""render"": false,\n        ""restart_instance"": false,\n        ""save_render"": false,\n        ""seed"": null,\n        ""show_radius"": false,\n        ""sight_radius"": 25,\n        ""sim_step"": 0.1,\n        ""teleport_time"": -1\n    },\n    ""simulator"": ""traci"",\n    ""veh"": [\n        {\n            ""acceleration_controller"": [\n                ""IDMController"",\n                {\n                    ""noise"": 0.2\n                }\n            ],\n            ""car_following_params"": {\n                ""controller_params"": {\n                    ""accel"": 1.0,\n                    ""carFollowModel"": ""IDM"",\n                    ""decel"": 1.5,\n                    ""impatience"": 0.5,\n                    ""maxSpeed"": 30,\n                    ""minGap"": 2.5,\n                    ""sigma"": 0.5,\n                    ""speedDev"": 0.1,\n                    ""speedFactor"": 1.0,\n                    ""tau"": 1.0\n                },\n                ""speed_mode"": 1\n            },\n            ""initial_speed"": 0,\n            ""lane_change_controller"": [\n                ""SimLaneChangeController"",\n                {}\n            ],\n            ""lane_change_params"": {\n                ""controller_params"": {\n                    ""laneChangeModel"": ""LC2013"",\n                    ""lcCooperative"": ""1.0"",\n                    ""lcKeepRight"": ""1.0"",\n                    ""lcSpeedGain"": ""1.0"",\n                    ""lcStrategic"": ""1.0""\n                },\n                ""lane_change_mode"": 512\n            },\n            ""num_vehicles"": 13,\n            ""routing_controller"": [\n                ""ContinuousRouter"",\n                {}\n            ],\n            ""veh_id"": ""human""\n        },\n        {\n            ""acceleration_controller"": [\n                ""RLController"",\n                {}\n            ],\n            ""car_following_params"": {\n                ""controller_params"": {\n                    ""accel"": 1.0,\n                    ""carFollowModel"": ""IDM"",\n                    ""decel"": 1.5,\n                    ""impatience"": 0.5,\n                    ""maxSpeed"": 30,\n                    ""minGap"": 2.5,\n                    ""sigma"": 0.5,\n                    ""speedDev"": 0.1,\n                    ""speedFactor"": 1.0,\n                    ""tau"": 1.0\n                },\n                ""speed_mode"": 1\n            },\n            ""initial_speed"": 0,\n            ""lane_change_controller"": [\n                ""SimLaneChangeController"",\n                {}\n            ],\n            ""lane_change_params"": {\n                ""controller_params"": {\n                    ""laneChangeModel"": ""LC2013"",\n                    ""lcCooperative"": ""1.0"",\n                    ""lcKeepRight"": ""1.0"",\n                    ""lcSpeedGain"": ""1.0"",\n                    ""lcStrategic"": ""1.0""\n                },\n                ""lane_change_mode"": 512\n            },\n            ""num_vehicles"": 1,\n            ""routing_controller"": [\n                ""ContinuousRouter"",\n                {}\n            ],\n            ""veh_id"": ""rl""\n        }\n    ]\n}'}, 'env': 'AccelEnv-v0', 'local_evaluator_tf_session_args': {'inter_op_parallelism_threads': 8, 'intra_op_parallelism_threads': 8}, 'model': {'free_log_std': False, 'custom_options': {}, 'framestack': True, 'channel_major': False, 'max_seq_len': 20, 'lstm_use_prev_action_reward': False, 'squash_to_range': False, 'dim': 84, 'grayscale': False, 'fcnet_hiddens': [100, 50, 25], 'use_lstm': False, 'custom_model': None, 'fcnet_activation': 'tanh', 'conv_filters': None, 'conv_activation': 'relu', 'lstm_cell_size': 256, 'zero_mean': True, 'custom_preprocessor': None}, 'output_compress_columns': ['obs', 'new_obs'], 'monitor': False, 'custom_resources_per_worker': {}, 'output_max_file_size': 67108864, 'num_workers': 1, 'clip_param': 0.3, 'kl_coeff': 0.2, 'multiagent': {'policy_graphs': {}, 'policy_mapping_fn': None, 'policies_to_train': None}, 'input_evaluation': None, 'output': None, 'collect_metrics_timeout': 180, 'num_cpus_per_worker': 1}",169.237.32.118,1,1206.85,9.761360883712769,"{'num_steps_sampled': 299200, 'load_time_ms': 1.302, 'default': {'kl': 0.019314782693982124, 'cur_lr': 0.0005000000237487257, 'total_loss': 0.792792022228241, 'policy_loss': -0.02785511501133442, 'vf_explained_var': 0.9884037375450134, 'entropy': 1.674789547920227, 'cur_kl_coeff': 0.36532357335090637, 'vf_loss': 0.8135910034179688}, 'sample_time_ms': 9672.821, 'grad_time_ms': 275.291, 'update_time_ms': 4.471, 'num_steps_trained': 299200}",338.5224506001721,2019-04-02_08-07-44,kronos,71,299200,0,1854.8721566200256,{},299200,187,187,1854.8721566200256,476.96347428500655,1600,1554192464,{},0b32d2eec3344b1fbde4822793b2e447,66.4306665637337
False,243,"{'input': 'sampler', 'callbacks': {'on_train_result': None, 'on_sample_end': None, 'on_episode_step': None, 'on_episode_start': None, 'on_episode_end': None}, 'sample_batch_size': 200, 'clip_actions': False, 'clip_rewards': None, 'tf_session_args': {'inter_op_parallelism_threads': 2, 'intra_op_parallelism_threads': 2, 'device_count': {'CPU': 1}, 'log_device_placement': False, 'allow_soft_placement': True, 'gpu_options': {'allow_growth': True}}, 'kl_target': 0.01, 'horizon': 1500, 'lr': 0.0005, 'sample_async': False, 'simple_optimizer': False, 'compress_observations': False, 'num_envs_per_worker': 1, 'gamma': 0.99, 'sgd_minibatch_size': 128, 'observation_filter': 'NoFilter', 'entropy_coeff': 0.0, 'batch_mode': 'truncate_episodes', 'straggler_mitigation': False, 'vf_share_layers': False, 'num_gpus': 0, 'synchronize_filters': True, 'num_sgd_iter': 10, 'train_batch_size': 1500, 'optimizer': {}, 'num_gpus_per_worker': 0, 'preprocessor_pref': 'deepmind', 'num_cpus_for_driver': 1, 'lr_schedule': None, 'use_gae': True, 'lambda': 0.97, 'vf_loss_coeff': 1.0, 'vf_clip_param': 1000000.0, 'log_level': 'INFO', 'env_config': {'run': 'PPO', 'flow_params': '{\n    ""env"": {\n        ""additional_params"": {\n            ""max_accel"": 3,\n            ""max_decel"": 3,\n            ""sort_vehicles"": false,\n            ""target_velocity"": 20\n        },\n        ""evaluate"": false,\n        ""horizon"": 1500,\n        ""sims_per_step"": 1,\n        ""warmup_steps"": 0\n    },\n    ""env_name"": ""AccelEnv"",\n    ""exp_tag"": ""figure_eight_0"",\n    ""initial"": {\n        ""additional_params"": {},\n        ""bunching"": 0,\n        ""edges_distribution"": ""all"",\n        ""lanes_distribution"": Infinity,\n        ""min_gap"": 0,\n        ""perturbation"": 0.0,\n        ""shuffle"": false,\n        ""spacing"": ""uniform"",\n        ""x0"": 0\n    },\n    ""net"": {\n        ""additional_params"": {\n            ""lanes"": 1,\n            ""radius_ring"": 30,\n            ""resolution"": 40,\n            ""speed_limit"": 30\n        },\n        ""inflows"": {\n            ""_InFlows__flows"": [],\n            ""num_flows"": 0\n        },\n        ""netfile"": null,\n        ""no_internal_links"": false,\n        ""osm_path"": null\n    },\n    ""scenario"": ""Figure8Scenario"",\n    ""sim"": {\n        ""emission_path"": null,\n        ""lateral_resolution"": null,\n        ""no_step_log"": true,\n        ""num_clients"": 1,\n        ""overtake_right"": false,\n        ""port"": null,\n        ""print_warnings"": true,\n        ""pxpm"": 2,\n        ""render"": false,\n        ""restart_instance"": false,\n        ""save_render"": false,\n        ""seed"": null,\n        ""show_radius"": false,\n        ""sight_radius"": 25,\n        ""sim_step"": 0.1,\n        ""teleport_time"": -1\n    },\n    ""simulator"": ""traci"",\n    ""veh"": [\n        {\n            ""acceleration_controller"": [\n                ""IDMController"",\n                {\n                    ""noise"": 0.2\n                }\n            ],\n            ""car_following_params"": {\n                ""controller_params"": {\n                    ""accel"": 1.0,\n                    ""carFollowModel"": ""IDM"",\n                    ""decel"": 1.5,\n                    ""impatience"": 0.5,\n                    ""maxSpeed"": 30,\n                    ""minGap"": 2.5,\n                    ""sigma"": 0.5,\n                    ""speedDev"": 0.1,\n                    ""speedFactor"": 1.0,\n                    ""tau"": 1.0\n                },\n                ""speed_mode"": 1\n            },\n            ""initial_speed"": 0,\n            ""lane_change_controller"": [\n                ""SimLaneChangeController"",\n                {}\n            ],\n            ""lane_change_params"": {\n                ""controller_params"": {\n                    ""laneChangeModel"": ""LC2013"",\n                    ""lcCooperative"": ""1.0"",\n                    ""lcKeepRight"": ""1.0"",\n                    ""lcSpeedGain"": ""1.0"",\n                    ""lcStrategic"": ""1.0""\n                },\n                ""lane_change_mode"": 512\n            },\n            ""num_vehicles"": 13,\n            ""routing_controller"": [\n                ""ContinuousRouter"",\n                {}\n            ],\n            ""veh_id"": ""human""\n        },\n        {\n            ""acceleration_controller"": [\n                ""RLController"",\n                {}\n            ],\n            ""car_following_params"": {\n                ""controller_params"": {\n                    ""accel"": 1.0,\n                    ""carFollowModel"": ""IDM"",\n                    ""decel"": 1.5,\n                    ""impatience"": 0.5,\n                    ""maxSpeed"": 30,\n                    ""minGap"": 2.5,\n                    ""sigma"": 0.5,\n                    ""speedDev"": 0.1,\n                    ""speedFactor"": 1.0,\n                    ""tau"": 1.0\n                },\n                ""speed_mode"": 1\n            },\n            ""initial_speed"": 0,\n            ""lane_change_controller"": [\n                ""SimLaneChangeController"",\n                {}\n            ],\n            ""lane_change_params"": {\n                ""controller_params"": {\n                    ""laneChangeModel"": ""LC2013"",\n                    ""lcCooperative"": ""1.0"",\n                    ""lcKeepRight"": ""1.0"",\n                    ""lcSpeedGain"": ""1.0"",\n                    ""lcStrategic"": ""1.0""\n                },\n                ""lane_change_mode"": 512\n            },\n            ""num_vehicles"": 1,\n            ""routing_controller"": [\n                ""ContinuousRouter"",\n                {}\n            ],\n            ""veh_id"": ""rl""\n        }\n    ]\n}'}, 'env': 'AccelEnv-v0', 'local_evaluator_tf_session_args': {'inter_op_parallelism_threads': 8, 'intra_op_parallelism_threads': 8}, 'model': {'free_log_std': False, 'custom_options': {}, 'framestack': True, 'channel_major': False, 'max_seq_len': 20, 'lstm_use_prev_action_reward': False, 'squash_to_range': False, 'dim': 84, 'grayscale': False, 'fcnet_hiddens': [100, 50, 25], 'use_lstm': False, 'custom_model': None, 'fcnet_activation': 'tanh', 'conv_filters': None, 'conv_activation': 'relu', 'lstm_cell_size': 256, 'zero_mean': True, 'custom_preprocessor': None}, 'output_compress_columns': ['obs', 'new_obs'], 'monitor': False, 'custom_resources_per_worker': {}, 'output_max_file_size': 67108864, 'num_workers': 1, 'clip_param': 0.3, 'kl_coeff': 0.2, 'multiagent': {'policy_graphs': {}, 'policy_mapping_fn': None, 'policies_to_train': None}, 'input_evaluation': None, 'output': None, 'collect_metrics_timeout': 180, 'num_cpus_per_worker': 1}",169.237.32.118,1,1206.85,9.986838340759277,"{'num_steps_sampled': 300800, 'load_time_ms': 1.279, 'default': {'kl': 0.022618474438786507, 'cur_lr': 0.0005000000237487257, 'total_loss': 4.6862006187438965, 'policy_loss': -0.028041774407029152, 'vf_explained_var': 0.8434445858001709, 'entropy': 1.5799680948257446, 'cur_kl_coeff': 0.36532357335090637, 'vf_loss': 4.705978870391846}, 'sample_time_ms': 9675.929, 'grad_time_ms': 275.337, 'update_time_ms': 4.448, 'num_steps_trained': 300800}",338.65888543091137,2019-04-02_08-07-54,kronos,71,300800,0,1864.858994960785,{},300800,188,188,1864.858994960785,476.96347428500655,1600,1554192474,{},0b32d2eec3344b1fbde4822793b2e447,66.4306665637337
False,244,"{'input': 'sampler', 'callbacks': {'on_train_result': None, 'on_sample_end': None, 'on_episode_step': None, 'on_episode_start': None, 'on_episode_end': None}, 'sample_batch_size': 200, 'clip_actions': False, 'clip_rewards': None, 'tf_session_args': {'inter_op_parallelism_threads': 2, 'intra_op_parallelism_threads': 2, 'device_count': {'CPU': 1}, 'log_device_placement': False, 'allow_soft_placement': True, 'gpu_options': {'allow_growth': True}}, 'kl_target': 0.01, 'horizon': 1500, 'lr': 0.0005, 'sample_async': False, 'simple_optimizer': False, 'compress_observations': False, 'num_envs_per_worker': 1, 'gamma': 0.99, 'sgd_minibatch_size': 128, 'observation_filter': 'NoFilter', 'entropy_coeff': 0.0, 'batch_mode': 'truncate_episodes', 'straggler_mitigation': False, 'vf_share_layers': False, 'num_gpus': 0, 'synchronize_filters': True, 'num_sgd_iter': 10, 'train_batch_size': 1500, 'optimizer': {}, 'num_gpus_per_worker': 0, 'preprocessor_pref': 'deepmind', 'num_cpus_for_driver': 1, 'lr_schedule': None, 'use_gae': True, 'lambda': 0.97, 'vf_loss_coeff': 1.0, 'vf_clip_param': 1000000.0, 'log_level': 'INFO', 'env_config': {'run': 'PPO', 'flow_params': '{\n    ""env"": {\n        ""additional_params"": {\n            ""max_accel"": 3,\n            ""max_decel"": 3,\n            ""sort_vehicles"": false,\n            ""target_velocity"": 20\n        },\n        ""evaluate"": false,\n        ""horizon"": 1500,\n        ""sims_per_step"": 1,\n        ""warmup_steps"": 0\n    },\n    ""env_name"": ""AccelEnv"",\n    ""exp_tag"": ""figure_eight_0"",\n    ""initial"": {\n        ""additional_params"": {},\n        ""bunching"": 0,\n        ""edges_distribution"": ""all"",\n        ""lanes_distribution"": Infinity,\n        ""min_gap"": 0,\n        ""perturbation"": 0.0,\n        ""shuffle"": false,\n        ""spacing"": ""uniform"",\n        ""x0"": 0\n    },\n    ""net"": {\n        ""additional_params"": {\n            ""lanes"": 1,\n            ""radius_ring"": 30,\n            ""resolution"": 40,\n            ""speed_limit"": 30\n        },\n        ""inflows"": {\n            ""_InFlows__flows"": [],\n            ""num_flows"": 0\n        },\n        ""netfile"": null,\n        ""no_internal_links"": false,\n        ""osm_path"": null\n    },\n    ""scenario"": ""Figure8Scenario"",\n    ""sim"": {\n        ""emission_path"": null,\n        ""lateral_resolution"": null,\n        ""no_step_log"": true,\n        ""num_clients"": 1,\n        ""overtake_right"": false,\n        ""port"": null,\n        ""print_warnings"": true,\n        ""pxpm"": 2,\n        ""render"": false,\n        ""restart_instance"": false,\n        ""save_render"": false,\n        ""seed"": null,\n        ""show_radius"": false,\n        ""sight_radius"": 25,\n        ""sim_step"": 0.1,\n        ""teleport_time"": -1\n    },\n    ""simulator"": ""traci"",\n    ""veh"": [\n        {\n            ""acceleration_controller"": [\n                ""IDMController"",\n                {\n                    ""noise"": 0.2\n                }\n            ],\n            ""car_following_params"": {\n                ""controller_params"": {\n                    ""accel"": 1.0,\n                    ""carFollowModel"": ""IDM"",\n                    ""decel"": 1.5,\n                    ""impatience"": 0.5,\n                    ""maxSpeed"": 30,\n                    ""minGap"": 2.5,\n                    ""sigma"": 0.5,\n                    ""speedDev"": 0.1,\n                    ""speedFactor"": 1.0,\n                    ""tau"": 1.0\n                },\n                ""speed_mode"": 1\n            },\n            ""initial_speed"": 0,\n            ""lane_change_controller"": [\n                ""SimLaneChangeController"",\n                {}\n            ],\n            ""lane_change_params"": {\n                ""controller_params"": {\n                    ""laneChangeModel"": ""LC2013"",\n                    ""lcCooperative"": ""1.0"",\n                    ""lcKeepRight"": ""1.0"",\n                    ""lcSpeedGain"": ""1.0"",\n                    ""lcStrategic"": ""1.0""\n                },\n                ""lane_change_mode"": 512\n            },\n            ""num_vehicles"": 13,\n            ""routing_controller"": [\n                ""ContinuousRouter"",\n                {}\n            ],\n            ""veh_id"": ""human""\n        },\n        {\n            ""acceleration_controller"": [\n                ""RLController"",\n                {}\n            ],\n            ""car_following_params"": {\n                ""controller_params"": {\n                    ""accel"": 1.0,\n                    ""carFollowModel"": ""IDM"",\n                    ""decel"": 1.5,\n                    ""impatience"": 0.5,\n                    ""maxSpeed"": 30,\n                    ""minGap"": 2.5,\n                    ""sigma"": 0.5,\n                    ""speedDev"": 0.1,\n                    ""speedFactor"": 1.0,\n                    ""tau"": 1.0\n                },\n                ""speed_mode"": 1\n            },\n            ""initial_speed"": 0,\n            ""lane_change_controller"": [\n                ""SimLaneChangeController"",\n                {}\n            ],\n            ""lane_change_params"": {\n                ""controller_params"": {\n                    ""laneChangeModel"": ""LC2013"",\n                    ""lcCooperative"": ""1.0"",\n                    ""lcKeepRight"": ""1.0"",\n                    ""lcSpeedGain"": ""1.0"",\n                    ""lcStrategic"": ""1.0""\n                },\n                ""lane_change_mode"": 512\n            },\n            ""num_vehicles"": 1,\n            ""routing_controller"": [\n                ""ContinuousRouter"",\n                {}\n            ],\n            ""veh_id"": ""rl""\n        }\n    ]\n}'}, 'env': 'AccelEnv-v0', 'local_evaluator_tf_session_args': {'inter_op_parallelism_threads': 8, 'intra_op_parallelism_threads': 8}, 'model': {'free_log_std': False, 'custom_options': {}, 'framestack': True, 'channel_major': False, 'max_seq_len': 20, 'lstm_use_prev_action_reward': False, 'squash_to_range': False, 'dim': 84, 'grayscale': False, 'fcnet_hiddens': [100, 50, 25], 'use_lstm': False, 'custom_model': None, 'fcnet_activation': 'tanh', 'conv_filters': None, 'conv_activation': 'relu', 'lstm_cell_size': 256, 'zero_mean': True, 'custom_preprocessor': None}, 'output_compress_columns': ['obs', 'new_obs'], 'monitor': False, 'custom_resources_per_worker': {}, 'output_max_file_size': 67108864, 'num_workers': 1, 'clip_param': 0.3, 'kl_coeff': 0.2, 'multiagent': {'policy_graphs': {}, 'policy_mapping_fn': None, 'policies_to_train': None}, 'input_evaluation': None, 'output': None, 'collect_metrics_timeout': 180, 'num_cpus_per_worker': 1}",169.237.32.118,1,1218.82,10.038475513458252,"{'num_steps_sampled': 302400, 'load_time_ms': 1.279, 'default': {'kl': 0.011135503649711609, 'cur_lr': 0.0005000000237487257, 'total_loss': 2.2222933769226074, 'policy_loss': -0.016178464516997337, 'vf_explained_var': 0.9099398255348206, 'entropy': 1.633481502532959, 'cur_kl_coeff': 0.5479854941368103, 'vf_loss': 2.2323696613311768}, 'sample_time_ms': 9677.126, 'grad_time_ms': 274.127, 'update_time_ms': 4.49, 'num_steps_trained': 302400}",342.2980342267788,2019-04-02_08-08-04,kronos,71,302400,0,1874.8974704742432,{},302400,189,189,1874.8974704742432,476.96347428500655,1600,1554192484,{},0b32d2eec3344b1fbde4822793b2e447,66.4306665637337
False,245,"{'input': 'sampler', 'callbacks': {'on_train_result': None, 'on_sample_end': None, 'on_episode_step': None, 'on_episode_start': None, 'on_episode_end': None}, 'sample_batch_size': 200, 'clip_actions': False, 'clip_rewards': None, 'tf_session_args': {'inter_op_parallelism_threads': 2, 'intra_op_parallelism_threads': 2, 'device_count': {'CPU': 1}, 'log_device_placement': False, 'allow_soft_placement': True, 'gpu_options': {'allow_growth': True}}, 'kl_target': 0.01, 'horizon': 1500, 'lr': 0.0005, 'sample_async': False, 'simple_optimizer': False, 'compress_observations': False, 'num_envs_per_worker': 1, 'gamma': 0.99, 'sgd_minibatch_size': 128, 'observation_filter': 'NoFilter', 'entropy_coeff': 0.0, 'batch_mode': 'truncate_episodes', 'straggler_mitigation': False, 'vf_share_layers': False, 'num_gpus': 0, 'synchronize_filters': True, 'num_sgd_iter': 10, 'train_batch_size': 1500, 'optimizer': {}, 'num_gpus_per_worker': 0, 'preprocessor_pref': 'deepmind', 'num_cpus_for_driver': 1, 'lr_schedule': None, 'use_gae': True, 'lambda': 0.97, 'vf_loss_coeff': 1.0, 'vf_clip_param': 1000000.0, 'log_level': 'INFO', 'env_config': {'run': 'PPO', 'flow_params': '{\n    ""env"": {\n        ""additional_params"": {\n            ""max_accel"": 3,\n            ""max_decel"": 3,\n            ""sort_vehicles"": false,\n            ""target_velocity"": 20\n        },\n        ""evaluate"": false,\n        ""horizon"": 1500,\n        ""sims_per_step"": 1,\n        ""warmup_steps"": 0\n    },\n    ""env_name"": ""AccelEnv"",\n    ""exp_tag"": ""figure_eight_0"",\n    ""initial"": {\n        ""additional_params"": {},\n        ""bunching"": 0,\n        ""edges_distribution"": ""all"",\n        ""lanes_distribution"": Infinity,\n        ""min_gap"": 0,\n        ""perturbation"": 0.0,\n        ""shuffle"": false,\n        ""spacing"": ""uniform"",\n        ""x0"": 0\n    },\n    ""net"": {\n        ""additional_params"": {\n            ""lanes"": 1,\n            ""radius_ring"": 30,\n            ""resolution"": 40,\n            ""speed_limit"": 30\n        },\n        ""inflows"": {\n            ""_InFlows__flows"": [],\n            ""num_flows"": 0\n        },\n        ""netfile"": null,\n        ""no_internal_links"": false,\n        ""osm_path"": null\n    },\n    ""scenario"": ""Figure8Scenario"",\n    ""sim"": {\n        ""emission_path"": null,\n        ""lateral_resolution"": null,\n        ""no_step_log"": true,\n        ""num_clients"": 1,\n        ""overtake_right"": false,\n        ""port"": null,\n        ""print_warnings"": true,\n        ""pxpm"": 2,\n        ""render"": false,\n        ""restart_instance"": false,\n        ""save_render"": false,\n        ""seed"": null,\n        ""show_radius"": false,\n        ""sight_radius"": 25,\n        ""sim_step"": 0.1,\n        ""teleport_time"": -1\n    },\n    ""simulator"": ""traci"",\n    ""veh"": [\n        {\n            ""acceleration_controller"": [\n                ""IDMController"",\n                {\n                    ""noise"": 0.2\n                }\n            ],\n            ""car_following_params"": {\n                ""controller_params"": {\n                    ""accel"": 1.0,\n                    ""carFollowModel"": ""IDM"",\n                    ""decel"": 1.5,\n                    ""impatience"": 0.5,\n                    ""maxSpeed"": 30,\n                    ""minGap"": 2.5,\n                    ""sigma"": 0.5,\n                    ""speedDev"": 0.1,\n                    ""speedFactor"": 1.0,\n                    ""tau"": 1.0\n                },\n                ""speed_mode"": 1\n            },\n            ""initial_speed"": 0,\n            ""lane_change_controller"": [\n                ""SimLaneChangeController"",\n                {}\n            ],\n            ""lane_change_params"": {\n                ""controller_params"": {\n                    ""laneChangeModel"": ""LC2013"",\n                    ""lcCooperative"": ""1.0"",\n                    ""lcKeepRight"": ""1.0"",\n                    ""lcSpeedGain"": ""1.0"",\n                    ""lcStrategic"": ""1.0""\n                },\n                ""lane_change_mode"": 512\n            },\n            ""num_vehicles"": 13,\n            ""routing_controller"": [\n                ""ContinuousRouter"",\n                {}\n            ],\n            ""veh_id"": ""human""\n        },\n        {\n            ""acceleration_controller"": [\n                ""RLController"",\n                {}\n            ],\n            ""car_following_params"": {\n                ""controller_params"": {\n                    ""accel"": 1.0,\n                    ""carFollowModel"": ""IDM"",\n                    ""decel"": 1.5,\n                    ""impatience"": 0.5,\n                    ""maxSpeed"": 30,\n                    ""minGap"": 2.5,\n                    ""sigma"": 0.5,\n                    ""speedDev"": 0.1,\n                    ""speedFactor"": 1.0,\n                    ""tau"": 1.0\n                },\n                ""speed_mode"": 1\n            },\n            ""initial_speed"": 0,\n            ""lane_change_controller"": [\n                ""SimLaneChangeController"",\n                {}\n            ],\n            ""lane_change_params"": {\n                ""controller_params"": {\n                    ""laneChangeModel"": ""LC2013"",\n                    ""lcCooperative"": ""1.0"",\n                    ""lcKeepRight"": ""1.0"",\n                    ""lcSpeedGain"": ""1.0"",\n                    ""lcStrategic"": ""1.0""\n                },\n                ""lane_change_mode"": 512\n            },\n            ""num_vehicles"": 1,\n            ""routing_controller"": [\n                ""ContinuousRouter"",\n                {}\n            ],\n            ""veh_id"": ""rl""\n        }\n    ]\n}'}, 'env': 'AccelEnv-v0', 'local_evaluator_tf_session_args': {'inter_op_parallelism_threads': 8, 'intra_op_parallelism_threads': 8}, 'model': {'free_log_std': False, 'custom_options': {}, 'framestack': True, 'channel_major': False, 'max_seq_len': 20, 'lstm_use_prev_action_reward': False, 'squash_to_range': False, 'dim': 84, 'grayscale': False, 'fcnet_hiddens': [100, 50, 25], 'use_lstm': False, 'custom_model': None, 'fcnet_activation': 'tanh', 'conv_filters': None, 'conv_activation': 'relu', 'lstm_cell_size': 256, 'zero_mean': True, 'custom_preprocessor': None}, 'output_compress_columns': ['obs', 'new_obs'], 'monitor': False, 'custom_resources_per_worker': {}, 'output_max_file_size': 67108864, 'num_workers': 1, 'clip_param': 0.3, 'kl_coeff': 0.2, 'multiagent': {'policy_graphs': {}, 'policy_mapping_fn': None, 'policies_to_train': None}, 'input_evaluation': None, 'output': None, 'collect_metrics_timeout': 180, 'num_cpus_per_worker': 1}",169.237.32.118,1,1223.85,9.925183773040771,"{'num_steps_sampled': 304000, 'load_time_ms': 1.264, 'default': {'kl': 0.013364042155444622, 'cur_lr': 0.0005000000237487257, 'total_loss': 2.432180643081665, 'policy_loss': -0.01879241317510605, 'vf_explained_var': 0.8818365931510925, 'entropy': 1.6309465169906616, 'cur_kl_coeff': 0.5479854941368103, 'vf_loss': 2.4436495304107666}, 'sample_time_ms': 9672.936, 'grad_time_ms': 275.207, 'update_time_ms': 4.513, 'num_steps_trained': 304000}",344.1547829259785,2019-04-02_08-08-14,kronos,71,304000,0,1884.822654247284,{},304000,190,190,1884.822654247284,476.96347428500655,1600,1554192494,{},0b32d2eec3344b1fbde4822793b2e447,66.4306665637337
False,246,"{'input': 'sampler', 'callbacks': {'on_train_result': None, 'on_sample_end': None, 'on_episode_step': None, 'on_episode_start': None, 'on_episode_end': None}, 'sample_batch_size': 200, 'clip_actions': False, 'clip_rewards': None, 'tf_session_args': {'inter_op_parallelism_threads': 2, 'intra_op_parallelism_threads': 2, 'device_count': {'CPU': 1}, 'log_device_placement': False, 'allow_soft_placement': True, 'gpu_options': {'allow_growth': True}}, 'kl_target': 0.01, 'horizon': 1500, 'lr': 0.0005, 'sample_async': False, 'simple_optimizer': False, 'compress_observations': False, 'num_envs_per_worker': 1, 'gamma': 0.99, 'sgd_minibatch_size': 128, 'observation_filter': 'NoFilter', 'entropy_coeff': 0.0, 'batch_mode': 'truncate_episodes', 'straggler_mitigation': False, 'vf_share_layers': False, 'num_gpus': 0, 'synchronize_filters': True, 'num_sgd_iter': 10, 'train_batch_size': 1500, 'optimizer': {}, 'num_gpus_per_worker': 0, 'preprocessor_pref': 'deepmind', 'num_cpus_for_driver': 1, 'lr_schedule': None, 'use_gae': True, 'lambda': 0.97, 'vf_loss_coeff': 1.0, 'vf_clip_param': 1000000.0, 'log_level': 'INFO', 'env_config': {'run': 'PPO', 'flow_params': '{\n    ""env"": {\n        ""additional_params"": {\n            ""max_accel"": 3,\n            ""max_decel"": 3,\n            ""sort_vehicles"": false,\n            ""target_velocity"": 20\n        },\n        ""evaluate"": false,\n        ""horizon"": 1500,\n        ""sims_per_step"": 1,\n        ""warmup_steps"": 0\n    },\n    ""env_name"": ""AccelEnv"",\n    ""exp_tag"": ""figure_eight_0"",\n    ""initial"": {\n        ""additional_params"": {},\n        ""bunching"": 0,\n        ""edges_distribution"": ""all"",\n        ""lanes_distribution"": Infinity,\n        ""min_gap"": 0,\n        ""perturbation"": 0.0,\n        ""shuffle"": false,\n        ""spacing"": ""uniform"",\n        ""x0"": 0\n    },\n    ""net"": {\n        ""additional_params"": {\n            ""lanes"": 1,\n            ""radius_ring"": 30,\n            ""resolution"": 40,\n            ""speed_limit"": 30\n        },\n        ""inflows"": {\n            ""_InFlows__flows"": [],\n            ""num_flows"": 0\n        },\n        ""netfile"": null,\n        ""no_internal_links"": false,\n        ""osm_path"": null\n    },\n    ""scenario"": ""Figure8Scenario"",\n    ""sim"": {\n        ""emission_path"": null,\n        ""lateral_resolution"": null,\n        ""no_step_log"": true,\n        ""num_clients"": 1,\n        ""overtake_right"": false,\n        ""port"": null,\n        ""print_warnings"": true,\n        ""pxpm"": 2,\n        ""render"": false,\n        ""restart_instance"": false,\n        ""save_render"": false,\n        ""seed"": null,\n        ""show_radius"": false,\n        ""sight_radius"": 25,\n        ""sim_step"": 0.1,\n        ""teleport_time"": -1\n    },\n    ""simulator"": ""traci"",\n    ""veh"": [\n        {\n            ""acceleration_controller"": [\n                ""IDMController"",\n                {\n                    ""noise"": 0.2\n                }\n            ],\n            ""car_following_params"": {\n                ""controller_params"": {\n                    ""accel"": 1.0,\n                    ""carFollowModel"": ""IDM"",\n                    ""decel"": 1.5,\n                    ""impatience"": 0.5,\n                    ""maxSpeed"": 30,\n                    ""minGap"": 2.5,\n                    ""sigma"": 0.5,\n                    ""speedDev"": 0.1,\n                    ""speedFactor"": 1.0,\n                    ""tau"": 1.0\n                },\n                ""speed_mode"": 1\n            },\n            ""initial_speed"": 0,\n            ""lane_change_controller"": [\n                ""SimLaneChangeController"",\n                {}\n            ],\n            ""lane_change_params"": {\n                ""controller_params"": {\n                    ""laneChangeModel"": ""LC2013"",\n                    ""lcCooperative"": ""1.0"",\n                    ""lcKeepRight"": ""1.0"",\n                    ""lcSpeedGain"": ""1.0"",\n                    ""lcStrategic"": ""1.0""\n                },\n                ""lane_change_mode"": 512\n            },\n            ""num_vehicles"": 13,\n            ""routing_controller"": [\n                ""ContinuousRouter"",\n                {}\n            ],\n            ""veh_id"": ""human""\n        },\n        {\n            ""acceleration_controller"": [\n                ""RLController"",\n                {}\n            ],\n            ""car_following_params"": {\n                ""controller_params"": {\n                    ""accel"": 1.0,\n                    ""carFollowModel"": ""IDM"",\n                    ""decel"": 1.5,\n                    ""impatience"": 0.5,\n                    ""maxSpeed"": 30,\n                    ""minGap"": 2.5,\n                    ""sigma"": 0.5,\n                    ""speedDev"": 0.1,\n                    ""speedFactor"": 1.0,\n                    ""tau"": 1.0\n                },\n                ""speed_mode"": 1\n            },\n            ""initial_speed"": 0,\n            ""lane_change_controller"": [\n                ""SimLaneChangeController"",\n                {}\n            ],\n            ""lane_change_params"": {\n                ""controller_params"": {\n                    ""laneChangeModel"": ""LC2013"",\n                    ""lcCooperative"": ""1.0"",\n                    ""lcKeepRight"": ""1.0"",\n                    ""lcSpeedGain"": ""1.0"",\n                    ""lcStrategic"": ""1.0""\n                },\n                ""lane_change_mode"": 512\n            },\n            ""num_vehicles"": 1,\n            ""routing_controller"": [\n                ""ContinuousRouter"",\n                {}\n            ],\n            ""veh_id"": ""rl""\n        }\n    ]\n}'}, 'env': 'AccelEnv-v0', 'local_evaluator_tf_session_args': {'inter_op_parallelism_threads': 8, 'intra_op_parallelism_threads': 8}, 'model': {'free_log_std': False, 'custom_options': {}, 'framestack': True, 'channel_major': False, 'max_seq_len': 20, 'lstm_use_prev_action_reward': False, 'squash_to_range': False, 'dim': 84, 'grayscale': False, 'fcnet_hiddens': [100, 50, 25], 'use_lstm': False, 'custom_model': None, 'fcnet_activation': 'tanh', 'conv_filters': None, 'conv_activation': 'relu', 'lstm_cell_size': 256, 'zero_mean': True, 'custom_preprocessor': None}, 'output_compress_columns': ['obs', 'new_obs'], 'monitor': False, 'custom_resources_per_worker': {}, 'output_max_file_size': 67108864, 'num_workers': 1, 'clip_param': 0.3, 'kl_coeff': 0.2, 'multiagent': {'policy_graphs': {}, 'policy_mapping_fn': None, 'policies_to_train': None}, 'input_evaluation': None, 'output': None, 'collect_metrics_timeout': 180, 'num_cpus_per_worker': 1}",169.237.32.118,1,1223.85,9.9801664352417,"{'num_steps_sampled': 305600, 'load_time_ms': 1.228, 'default': {'kl': 0.004924678709357977, 'cur_lr': 0.0005000000237487257, 'total_loss': 1.0358995199203491, 'policy_loss': -0.010817405767738819, 'vf_explained_var': 0.9771110415458679, 'entropy': 1.5510621070861816, 'cur_kl_coeff': 0.5479854941368103, 'vf_loss': 1.0440181493759155}, 'sample_time_ms': 9675.282, 'grad_time_ms': 275.604, 'update_time_ms': 4.594, 'num_steps_trained': 305600}",343.9059024251536,2019-04-02_08-08-24,kronos,71,305600,0,1894.8028206825256,{},305600,191,191,1894.8028206825256,476.96347428500655,1600,1554192504,{},0b32d2eec3344b1fbde4822793b2e447,66.4306665637337
False,247,"{'input': 'sampler', 'callbacks': {'on_train_result': None, 'on_sample_end': None, 'on_episode_step': None, 'on_episode_start': None, 'on_episode_end': None}, 'sample_batch_size': 200, 'clip_actions': False, 'clip_rewards': None, 'tf_session_args': {'inter_op_parallelism_threads': 2, 'intra_op_parallelism_threads': 2, 'device_count': {'CPU': 1}, 'log_device_placement': False, 'allow_soft_placement': True, 'gpu_options': {'allow_growth': True}}, 'kl_target': 0.01, 'horizon': 1500, 'lr': 0.0005, 'sample_async': False, 'simple_optimizer': False, 'compress_observations': False, 'num_envs_per_worker': 1, 'gamma': 0.99, 'sgd_minibatch_size': 128, 'observation_filter': 'NoFilter', 'entropy_coeff': 0.0, 'batch_mode': 'truncate_episodes', 'straggler_mitigation': False, 'vf_share_layers': False, 'num_gpus': 0, 'synchronize_filters': True, 'num_sgd_iter': 10, 'train_batch_size': 1500, 'optimizer': {}, 'num_gpus_per_worker': 0, 'preprocessor_pref': 'deepmind', 'num_cpus_for_driver': 1, 'lr_schedule': None, 'use_gae': True, 'lambda': 0.97, 'vf_loss_coeff': 1.0, 'vf_clip_param': 1000000.0, 'log_level': 'INFO', 'env_config': {'run': 'PPO', 'flow_params': '{\n    ""env"": {\n        ""additional_params"": {\n            ""max_accel"": 3,\n            ""max_decel"": 3,\n            ""sort_vehicles"": false,\n            ""target_velocity"": 20\n        },\n        ""evaluate"": false,\n        ""horizon"": 1500,\n        ""sims_per_step"": 1,\n        ""warmup_steps"": 0\n    },\n    ""env_name"": ""AccelEnv"",\n    ""exp_tag"": ""figure_eight_0"",\n    ""initial"": {\n        ""additional_params"": {},\n        ""bunching"": 0,\n        ""edges_distribution"": ""all"",\n        ""lanes_distribution"": Infinity,\n        ""min_gap"": 0,\n        ""perturbation"": 0.0,\n        ""shuffle"": false,\n        ""spacing"": ""uniform"",\n        ""x0"": 0\n    },\n    ""net"": {\n        ""additional_params"": {\n            ""lanes"": 1,\n            ""radius_ring"": 30,\n            ""resolution"": 40,\n            ""speed_limit"": 30\n        },\n        ""inflows"": {\n            ""_InFlows__flows"": [],\n            ""num_flows"": 0\n        },\n        ""netfile"": null,\n        ""no_internal_links"": false,\n        ""osm_path"": null\n    },\n    ""scenario"": ""Figure8Scenario"",\n    ""sim"": {\n        ""emission_path"": null,\n        ""lateral_resolution"": null,\n        ""no_step_log"": true,\n        ""num_clients"": 1,\n        ""overtake_right"": false,\n        ""port"": null,\n        ""print_warnings"": true,\n        ""pxpm"": 2,\n        ""render"": false,\n        ""restart_instance"": false,\n        ""save_render"": false,\n        ""seed"": null,\n        ""show_radius"": false,\n        ""sight_radius"": 25,\n        ""sim_step"": 0.1,\n        ""teleport_time"": -1\n    },\n    ""simulator"": ""traci"",\n    ""veh"": [\n        {\n            ""acceleration_controller"": [\n                ""IDMController"",\n                {\n                    ""noise"": 0.2\n                }\n            ],\n            ""car_following_params"": {\n                ""controller_params"": {\n                    ""accel"": 1.0,\n                    ""carFollowModel"": ""IDM"",\n                    ""decel"": 1.5,\n                    ""impatience"": 0.5,\n                    ""maxSpeed"": 30,\n                    ""minGap"": 2.5,\n                    ""sigma"": 0.5,\n                    ""speedDev"": 0.1,\n                    ""speedFactor"": 1.0,\n                    ""tau"": 1.0\n                },\n                ""speed_mode"": 1\n            },\n            ""initial_speed"": 0,\n            ""lane_change_controller"": [\n                ""SimLaneChangeController"",\n                {}\n            ],\n            ""lane_change_params"": {\n                ""controller_params"": {\n                    ""laneChangeModel"": ""LC2013"",\n                    ""lcCooperative"": ""1.0"",\n                    ""lcKeepRight"": ""1.0"",\n                    ""lcSpeedGain"": ""1.0"",\n                    ""lcStrategic"": ""1.0""\n                },\n                ""lane_change_mode"": 512\n            },\n            ""num_vehicles"": 13,\n            ""routing_controller"": [\n                ""ContinuousRouter"",\n                {}\n            ],\n            ""veh_id"": ""human""\n        },\n        {\n            ""acceleration_controller"": [\n                ""RLController"",\n                {}\n            ],\n            ""car_following_params"": {\n                ""controller_params"": {\n                    ""accel"": 1.0,\n                    ""carFollowModel"": ""IDM"",\n                    ""decel"": 1.5,\n                    ""impatience"": 0.5,\n                    ""maxSpeed"": 30,\n                    ""minGap"": 2.5,\n                    ""sigma"": 0.5,\n                    ""speedDev"": 0.1,\n                    ""speedFactor"": 1.0,\n                    ""tau"": 1.0\n                },\n                ""speed_mode"": 1\n            },\n            ""initial_speed"": 0,\n            ""lane_change_controller"": [\n                ""SimLaneChangeController"",\n                {}\n            ],\n            ""lane_change_params"": {\n                ""controller_params"": {\n                    ""laneChangeModel"": ""LC2013"",\n                    ""lcCooperative"": ""1.0"",\n                    ""lcKeepRight"": ""1.0"",\n                    ""lcSpeedGain"": ""1.0"",\n                    ""lcStrategic"": ""1.0""\n                },\n                ""lane_change_mode"": 512\n            },\n            ""num_vehicles"": 1,\n            ""routing_controller"": [\n                ""ContinuousRouter"",\n                {}\n            ],\n            ""veh_id"": ""rl""\n        }\n    ]\n}'}, 'env': 'AccelEnv-v0', 'local_evaluator_tf_session_args': {'inter_op_parallelism_threads': 8, 'intra_op_parallelism_threads': 8}, 'model': {'free_log_std': False, 'custom_options': {}, 'framestack': True, 'channel_major': False, 'max_seq_len': 20, 'lstm_use_prev_action_reward': False, 'squash_to_range': False, 'dim': 84, 'grayscale': False, 'fcnet_hiddens': [100, 50, 25], 'use_lstm': False, 'custom_model': None, 'fcnet_activation': 'tanh', 'conv_filters': None, 'conv_activation': 'relu', 'lstm_cell_size': 256, 'zero_mean': True, 'custom_preprocessor': None}, 'output_compress_columns': ['obs', 'new_obs'], 'monitor': False, 'custom_resources_per_worker': {}, 'output_max_file_size': 67108864, 'num_workers': 1, 'clip_param': 0.3, 'kl_coeff': 0.2, 'multiagent': {'policy_graphs': {}, 'policy_mapping_fn': None, 'policies_to_train': None}, 'input_evaluation': None, 'output': None, 'collect_metrics_timeout': 180, 'num_cpus_per_worker': 1}",169.237.32.118,1,1223.85,10.02648639678955,"{'num_steps_sampled': 307200, 'load_time_ms': 1.213, 'default': {'kl': 0.00877328310161829, 'cur_lr': 0.0005000000237487257, 'total_loss': 0.875109851360321, 'policy_loss': -0.00428808992728591, 'vf_explained_var': 0.9700787663459778, 'entropy': 1.633001446723938, 'cur_kl_coeff': 0.27399274706840515, 'vf_loss': 0.8769940733909607}, 'sample_time_ms': 9674.647, 'grad_time_ms': 275.907, 'update_time_ms': 4.443, 'num_steps_trained': 307200}",344.27346999116065,2019-04-02_08-08-34,kronos,71,307200,0,1904.8293070793152,{},307200,192,192,1904.8293070793152,476.96347428500655,1600,1554192514,{},0b32d2eec3344b1fbde4822793b2e447,66.4306665637337
False,248,"{'input': 'sampler', 'callbacks': {'on_train_result': None, 'on_sample_end': None, 'on_episode_step': None, 'on_episode_start': None, 'on_episode_end': None}, 'sample_batch_size': 200, 'clip_actions': False, 'clip_rewards': None, 'tf_session_args': {'inter_op_parallelism_threads': 2, 'intra_op_parallelism_threads': 2, 'device_count': {'CPU': 1}, 'log_device_placement': False, 'allow_soft_placement': True, 'gpu_options': {'allow_growth': True}}, 'kl_target': 0.01, 'horizon': 1500, 'lr': 0.0005, 'sample_async': False, 'simple_optimizer': False, 'compress_observations': False, 'num_envs_per_worker': 1, 'gamma': 0.99, 'sgd_minibatch_size': 128, 'observation_filter': 'NoFilter', 'entropy_coeff': 0.0, 'batch_mode': 'truncate_episodes', 'straggler_mitigation': False, 'vf_share_layers': False, 'num_gpus': 0, 'synchronize_filters': True, 'num_sgd_iter': 10, 'train_batch_size': 1500, 'optimizer': {}, 'num_gpus_per_worker': 0, 'preprocessor_pref': 'deepmind', 'num_cpus_for_driver': 1, 'lr_schedule': None, 'use_gae': True, 'lambda': 0.97, 'vf_loss_coeff': 1.0, 'vf_clip_param': 1000000.0, 'log_level': 'INFO', 'env_config': {'run': 'PPO', 'flow_params': '{\n    ""env"": {\n        ""additional_params"": {\n            ""max_accel"": 3,\n            ""max_decel"": 3,\n            ""sort_vehicles"": false,\n            ""target_velocity"": 20\n        },\n        ""evaluate"": false,\n        ""horizon"": 1500,\n        ""sims_per_step"": 1,\n        ""warmup_steps"": 0\n    },\n    ""env_name"": ""AccelEnv"",\n    ""exp_tag"": ""figure_eight_0"",\n    ""initial"": {\n        ""additional_params"": {},\n        ""bunching"": 0,\n        ""edges_distribution"": ""all"",\n        ""lanes_distribution"": Infinity,\n        ""min_gap"": 0,\n        ""perturbation"": 0.0,\n        ""shuffle"": false,\n        ""spacing"": ""uniform"",\n        ""x0"": 0\n    },\n    ""net"": {\n        ""additional_params"": {\n            ""lanes"": 1,\n            ""radius_ring"": 30,\n            ""resolution"": 40,\n            ""speed_limit"": 30\n        },\n        ""inflows"": {\n            ""_InFlows__flows"": [],\n            ""num_flows"": 0\n        },\n        ""netfile"": null,\n        ""no_internal_links"": false,\n        ""osm_path"": null\n    },\n    ""scenario"": ""Figure8Scenario"",\n    ""sim"": {\n        ""emission_path"": null,\n        ""lateral_resolution"": null,\n        ""no_step_log"": true,\n        ""num_clients"": 1,\n        ""overtake_right"": false,\n        ""port"": null,\n        ""print_warnings"": true,\n        ""pxpm"": 2,\n        ""render"": false,\n        ""restart_instance"": false,\n        ""save_render"": false,\n        ""seed"": null,\n        ""show_radius"": false,\n        ""sight_radius"": 25,\n        ""sim_step"": 0.1,\n        ""teleport_time"": -1\n    },\n    ""simulator"": ""traci"",\n    ""veh"": [\n        {\n            ""acceleration_controller"": [\n                ""IDMController"",\n                {\n                    ""noise"": 0.2\n                }\n            ],\n            ""car_following_params"": {\n                ""controller_params"": {\n                    ""accel"": 1.0,\n                    ""carFollowModel"": ""IDM"",\n                    ""decel"": 1.5,\n                    ""impatience"": 0.5,\n                    ""maxSpeed"": 30,\n                    ""minGap"": 2.5,\n                    ""sigma"": 0.5,\n                    ""speedDev"": 0.1,\n                    ""speedFactor"": 1.0,\n                    ""tau"": 1.0\n                },\n                ""speed_mode"": 1\n            },\n            ""initial_speed"": 0,\n            ""lane_change_controller"": [\n                ""SimLaneChangeController"",\n                {}\n            ],\n            ""lane_change_params"": {\n                ""controller_params"": {\n                    ""laneChangeModel"": ""LC2013"",\n                    ""lcCooperative"": ""1.0"",\n                    ""lcKeepRight"": ""1.0"",\n                    ""lcSpeedGain"": ""1.0"",\n                    ""lcStrategic"": ""1.0""\n                },\n                ""lane_change_mode"": 512\n            },\n            ""num_vehicles"": 13,\n            ""routing_controller"": [\n                ""ContinuousRouter"",\n                {}\n            ],\n            ""veh_id"": ""human""\n        },\n        {\n            ""acceleration_controller"": [\n                ""RLController"",\n                {}\n            ],\n            ""car_following_params"": {\n                ""controller_params"": {\n                    ""accel"": 1.0,\n                    ""carFollowModel"": ""IDM"",\n                    ""decel"": 1.5,\n                    ""impatience"": 0.5,\n                    ""maxSpeed"": 30,\n                    ""minGap"": 2.5,\n                    ""sigma"": 0.5,\n                    ""speedDev"": 0.1,\n                    ""speedFactor"": 1.0,\n                    ""tau"": 1.0\n                },\n                ""speed_mode"": 1\n            },\n            ""initial_speed"": 0,\n            ""lane_change_controller"": [\n                ""SimLaneChangeController"",\n                {}\n            ],\n            ""lane_change_params"": {\n                ""controller_params"": {\n                    ""laneChangeModel"": ""LC2013"",\n                    ""lcCooperative"": ""1.0"",\n                    ""lcKeepRight"": ""1.0"",\n                    ""lcSpeedGain"": ""1.0"",\n                    ""lcStrategic"": ""1.0""\n                },\n                ""lane_change_mode"": 512\n            },\n            ""num_vehicles"": 1,\n            ""routing_controller"": [\n                ""ContinuousRouter"",\n                {}\n            ],\n            ""veh_id"": ""rl""\n        }\n    ]\n}'}, 'env': 'AccelEnv-v0', 'local_evaluator_tf_session_args': {'inter_op_parallelism_threads': 8, 'intra_op_parallelism_threads': 8}, 'model': {'free_log_std': False, 'custom_options': {}, 'framestack': True, 'channel_major': False, 'max_seq_len': 20, 'lstm_use_prev_action_reward': False, 'squash_to_range': False, 'dim': 84, 'grayscale': False, 'fcnet_hiddens': [100, 50, 25], 'use_lstm': False, 'custom_model': None, 'fcnet_activation': 'tanh', 'conv_filters': None, 'conv_activation': 'relu', 'lstm_cell_size': 256, 'zero_mean': True, 'custom_preprocessor': None}, 'output_compress_columns': ['obs', 'new_obs'], 'monitor': False, 'custom_resources_per_worker': {}, 'output_max_file_size': 67108864, 'num_workers': 1, 'clip_param': 0.3, 'kl_coeff': 0.2, 'multiagent': {'policy_graphs': {}, 'policy_mapping_fn': None, 'policies_to_train': None}, 'input_evaluation': None, 'output': None, 'collect_metrics_timeout': 180, 'num_cpus_per_worker': 1}",169.237.32.118,1,1223.85,10.002697229385376,"{'num_steps_sampled': 308800, 'load_time_ms': 1.169, 'default': {'kl': 0.014331427402794361, 'cur_lr': 0.0005000000237487257, 'total_loss': 0.4805435240268707, 'policy_loss': -0.011137749068439007, 'vf_explained_var': 0.9695945382118225, 'entropy': 1.561265468597412, 'cur_kl_coeff': 0.27399274706840515, 'vf_loss': 0.48775461316108704}, 'sample_time_ms': 9685.669, 'grad_time_ms': 274.599, 'update_time_ms': 4.66, 'num_steps_trained': 308800}",344.4391932819214,2019-04-02_08-08-44,kronos,71,308800,0,1914.8320043087006,{},308800,193,193,1914.8320043087006,476.96347428500655,1600,1554192524,{},0b32d2eec3344b1fbde4822793b2e447,66.4306665637337
False,249,"{'input': 'sampler', 'callbacks': {'on_train_result': None, 'on_sample_end': None, 'on_episode_step': None, 'on_episode_start': None, 'on_episode_end': None}, 'sample_batch_size': 200, 'clip_actions': False, 'clip_rewards': None, 'tf_session_args': {'inter_op_parallelism_threads': 2, 'intra_op_parallelism_threads': 2, 'device_count': {'CPU': 1}, 'log_device_placement': False, 'allow_soft_placement': True, 'gpu_options': {'allow_growth': True}}, 'kl_target': 0.01, 'horizon': 1500, 'lr': 0.0005, 'sample_async': False, 'simple_optimizer': False, 'compress_observations': False, 'num_envs_per_worker': 1, 'gamma': 0.99, 'sgd_minibatch_size': 128, 'observation_filter': 'NoFilter', 'entropy_coeff': 0.0, 'batch_mode': 'truncate_episodes', 'straggler_mitigation': False, 'vf_share_layers': False, 'num_gpus': 0, 'synchronize_filters': True, 'num_sgd_iter': 10, 'train_batch_size': 1500, 'optimizer': {}, 'num_gpus_per_worker': 0, 'preprocessor_pref': 'deepmind', 'num_cpus_for_driver': 1, 'lr_schedule': None, 'use_gae': True, 'lambda': 0.97, 'vf_loss_coeff': 1.0, 'vf_clip_param': 1000000.0, 'log_level': 'INFO', 'env_config': {'run': 'PPO', 'flow_params': '{\n    ""env"": {\n        ""additional_params"": {\n            ""max_accel"": 3,\n            ""max_decel"": 3,\n            ""sort_vehicles"": false,\n            ""target_velocity"": 20\n        },\n        ""evaluate"": false,\n        ""horizon"": 1500,\n        ""sims_per_step"": 1,\n        ""warmup_steps"": 0\n    },\n    ""env_name"": ""AccelEnv"",\n    ""exp_tag"": ""figure_eight_0"",\n    ""initial"": {\n        ""additional_params"": {},\n        ""bunching"": 0,\n        ""edges_distribution"": ""all"",\n        ""lanes_distribution"": Infinity,\n        ""min_gap"": 0,\n        ""perturbation"": 0.0,\n        ""shuffle"": false,\n        ""spacing"": ""uniform"",\n        ""x0"": 0\n    },\n    ""net"": {\n        ""additional_params"": {\n            ""lanes"": 1,\n            ""radius_ring"": 30,\n            ""resolution"": 40,\n            ""speed_limit"": 30\n        },\n        ""inflows"": {\n            ""_InFlows__flows"": [],\n            ""num_flows"": 0\n        },\n        ""netfile"": null,\n        ""no_internal_links"": false,\n        ""osm_path"": null\n    },\n    ""scenario"": ""Figure8Scenario"",\n    ""sim"": {\n        ""emission_path"": null,\n        ""lateral_resolution"": null,\n        ""no_step_log"": true,\n        ""num_clients"": 1,\n        ""overtake_right"": false,\n        ""port"": null,\n        ""print_warnings"": true,\n        ""pxpm"": 2,\n        ""render"": false,\n        ""restart_instance"": false,\n        ""save_render"": false,\n        ""seed"": null,\n        ""show_radius"": false,\n        ""sight_radius"": 25,\n        ""sim_step"": 0.1,\n        ""teleport_time"": -1\n    },\n    ""simulator"": ""traci"",\n    ""veh"": [\n        {\n            ""acceleration_controller"": [\n                ""IDMController"",\n                {\n                    ""noise"": 0.2\n                }\n            ],\n            ""car_following_params"": {\n                ""controller_params"": {\n                    ""accel"": 1.0,\n                    ""carFollowModel"": ""IDM"",\n                    ""decel"": 1.5,\n                    ""impatience"": 0.5,\n                    ""maxSpeed"": 30,\n                    ""minGap"": 2.5,\n                    ""sigma"": 0.5,\n                    ""speedDev"": 0.1,\n                    ""speedFactor"": 1.0,\n                    ""tau"": 1.0\n                },\n                ""speed_mode"": 1\n            },\n            ""initial_speed"": 0,\n            ""lane_change_controller"": [\n                ""SimLaneChangeController"",\n                {}\n            ],\n            ""lane_change_params"": {\n                ""controller_params"": {\n                    ""laneChangeModel"": ""LC2013"",\n                    ""lcCooperative"": ""1.0"",\n                    ""lcKeepRight"": ""1.0"",\n                    ""lcSpeedGain"": ""1.0"",\n                    ""lcStrategic"": ""1.0""\n                },\n                ""lane_change_mode"": 512\n            },\n            ""num_vehicles"": 13,\n            ""routing_controller"": [\n                ""ContinuousRouter"",\n                {}\n            ],\n            ""veh_id"": ""human""\n        },\n        {\n            ""acceleration_controller"": [\n                ""RLController"",\n                {}\n            ],\n            ""car_following_params"": {\n                ""controller_params"": {\n                    ""accel"": 1.0,\n                    ""carFollowModel"": ""IDM"",\n                    ""decel"": 1.5,\n                    ""impatience"": 0.5,\n                    ""maxSpeed"": 30,\n                    ""minGap"": 2.5,\n                    ""sigma"": 0.5,\n                    ""speedDev"": 0.1,\n                    ""speedFactor"": 1.0,\n                    ""tau"": 1.0\n                },\n                ""speed_mode"": 1\n            },\n            ""initial_speed"": 0,\n            ""lane_change_controller"": [\n                ""SimLaneChangeController"",\n                {}\n            ],\n            ""lane_change_params"": {\n                ""controller_params"": {\n                    ""laneChangeModel"": ""LC2013"",\n                    ""lcCooperative"": ""1.0"",\n                    ""lcKeepRight"": ""1.0"",\n                    ""lcSpeedGain"": ""1.0"",\n                    ""lcStrategic"": ""1.0""\n                },\n                ""lane_change_mode"": 512\n            },\n            ""num_vehicles"": 1,\n            ""routing_controller"": [\n                ""ContinuousRouter"",\n                {}\n            ],\n            ""veh_id"": ""rl""\n        }\n    ]\n}'}, 'env': 'AccelEnv-v0', 'local_evaluator_tf_session_args': {'inter_op_parallelism_threads': 8, 'intra_op_parallelism_threads': 8}, 'model': {'free_log_std': False, 'custom_options': {}, 'framestack': True, 'channel_major': False, 'max_seq_len': 20, 'lstm_use_prev_action_reward': False, 'squash_to_range': False, 'dim': 84, 'grayscale': False, 'fcnet_hiddens': [100, 50, 25], 'use_lstm': False, 'custom_model': None, 'fcnet_activation': 'tanh', 'conv_filters': None, 'conv_activation': 'relu', 'lstm_cell_size': 256, 'zero_mean': True, 'custom_preprocessor': None}, 'output_compress_columns': ['obs', 'new_obs'], 'monitor': False, 'custom_resources_per_worker': {}, 'output_max_file_size': 67108864, 'num_workers': 1, 'clip_param': 0.3, 'kl_coeff': 0.2, 'multiagent': {'policy_graphs': {}, 'policy_mapping_fn': None, 'policies_to_train': None}, 'input_evaluation': None, 'output': None, 'collect_metrics_timeout': 180, 'num_cpus_per_worker': 1}",169.237.32.118,1,1223.85,9.9212327003479,"{'num_steps_sampled': 310400, 'load_time_ms': 1.157, 'default': {'kl': 0.009869073517620564, 'cur_lr': 0.0005000000237487257, 'total_loss': 0.7682036757469177, 'policy_loss': -0.005408493336290121, 'vf_explained_var': 0.9759947657585144, 'entropy': 1.5540814399719238, 'cur_kl_coeff': 0.27399274706840515, 'vf_loss': 0.7709081172943115}, 'sample_time_ms': 9678.027, 'grad_time_ms': 275.001, 'update_time_ms': 4.852, 'num_steps_trained': 310400}",344.7513963920116,2019-04-02_08-08-54,kronos,71,310400,0,1924.7532370090485,{},310400,194,194,1924.7532370090485,476.96347428500655,1600,1554192534,{},0b32d2eec3344b1fbde4822793b2e447,66.4306665637337
False,250,"{'input': 'sampler', 'callbacks': {'on_train_result': None, 'on_sample_end': None, 'on_episode_step': None, 'on_episode_start': None, 'on_episode_end': None}, 'sample_batch_size': 200, 'clip_actions': False, 'clip_rewards': None, 'tf_session_args': {'inter_op_parallelism_threads': 2, 'intra_op_parallelism_threads': 2, 'device_count': {'CPU': 1}, 'log_device_placement': False, 'allow_soft_placement': True, 'gpu_options': {'allow_growth': True}}, 'kl_target': 0.01, 'horizon': 1500, 'lr': 0.0005, 'sample_async': False, 'simple_optimizer': False, 'compress_observations': False, 'num_envs_per_worker': 1, 'gamma': 0.99, 'sgd_minibatch_size': 128, 'observation_filter': 'NoFilter', 'entropy_coeff': 0.0, 'batch_mode': 'truncate_episodes', 'straggler_mitigation': False, 'vf_share_layers': False, 'num_gpus': 0, 'synchronize_filters': True, 'num_sgd_iter': 10, 'train_batch_size': 1500, 'optimizer': {}, 'num_gpus_per_worker': 0, 'preprocessor_pref': 'deepmind', 'num_cpus_for_driver': 1, 'lr_schedule': None, 'use_gae': True, 'lambda': 0.97, 'vf_loss_coeff': 1.0, 'vf_clip_param': 1000000.0, 'log_level': 'INFO', 'env_config': {'run': 'PPO', 'flow_params': '{\n    ""env"": {\n        ""additional_params"": {\n            ""max_accel"": 3,\n            ""max_decel"": 3,\n            ""sort_vehicles"": false,\n            ""target_velocity"": 20\n        },\n        ""evaluate"": false,\n        ""horizon"": 1500,\n        ""sims_per_step"": 1,\n        ""warmup_steps"": 0\n    },\n    ""env_name"": ""AccelEnv"",\n    ""exp_tag"": ""figure_eight_0"",\n    ""initial"": {\n        ""additional_params"": {},\n        ""bunching"": 0,\n        ""edges_distribution"": ""all"",\n        ""lanes_distribution"": Infinity,\n        ""min_gap"": 0,\n        ""perturbation"": 0.0,\n        ""shuffle"": false,\n        ""spacing"": ""uniform"",\n        ""x0"": 0\n    },\n    ""net"": {\n        ""additional_params"": {\n            ""lanes"": 1,\n            ""radius_ring"": 30,\n            ""resolution"": 40,\n            ""speed_limit"": 30\n        },\n        ""inflows"": {\n            ""_InFlows__flows"": [],\n            ""num_flows"": 0\n        },\n        ""netfile"": null,\n        ""no_internal_links"": false,\n        ""osm_path"": null\n    },\n    ""scenario"": ""Figure8Scenario"",\n    ""sim"": {\n        ""emission_path"": null,\n        ""lateral_resolution"": null,\n        ""no_step_log"": true,\n        ""num_clients"": 1,\n        ""overtake_right"": false,\n        ""port"": null,\n        ""print_warnings"": true,\n        ""pxpm"": 2,\n        ""render"": false,\n        ""restart_instance"": false,\n        ""save_render"": false,\n        ""seed"": null,\n        ""show_radius"": false,\n        ""sight_radius"": 25,\n        ""sim_step"": 0.1,\n        ""teleport_time"": -1\n    },\n    ""simulator"": ""traci"",\n    ""veh"": [\n        {\n            ""acceleration_controller"": [\n                ""IDMController"",\n                {\n                    ""noise"": 0.2\n                }\n            ],\n            ""car_following_params"": {\n                ""controller_params"": {\n                    ""accel"": 1.0,\n                    ""carFollowModel"": ""IDM"",\n                    ""decel"": 1.5,\n                    ""impatience"": 0.5,\n                    ""maxSpeed"": 30,\n                    ""minGap"": 2.5,\n                    ""sigma"": 0.5,\n                    ""speedDev"": 0.1,\n                    ""speedFactor"": 1.0,\n                    ""tau"": 1.0\n                },\n                ""speed_mode"": 1\n            },\n            ""initial_speed"": 0,\n            ""lane_change_controller"": [\n                ""SimLaneChangeController"",\n                {}\n            ],\n            ""lane_change_params"": {\n                ""controller_params"": {\n                    ""laneChangeModel"": ""LC2013"",\n                    ""lcCooperative"": ""1.0"",\n                    ""lcKeepRight"": ""1.0"",\n                    ""lcSpeedGain"": ""1.0"",\n                    ""lcStrategic"": ""1.0""\n                },\n                ""lane_change_mode"": 512\n            },\n            ""num_vehicles"": 13,\n            ""routing_controller"": [\n                ""ContinuousRouter"",\n                {}\n            ],\n            ""veh_id"": ""human""\n        },\n        {\n            ""acceleration_controller"": [\n                ""RLController"",\n                {}\n            ],\n            ""car_following_params"": {\n                ""controller_params"": {\n                    ""accel"": 1.0,\n                    ""carFollowModel"": ""IDM"",\n                    ""decel"": 1.5,\n                    ""impatience"": 0.5,\n                    ""maxSpeed"": 30,\n                    ""minGap"": 2.5,\n                    ""sigma"": 0.5,\n                    ""speedDev"": 0.1,\n                    ""speedFactor"": 1.0,\n                    ""tau"": 1.0\n                },\n                ""speed_mode"": 1\n            },\n            ""initial_speed"": 0,\n            ""lane_change_controller"": [\n                ""SimLaneChangeController"",\n                {}\n            ],\n            ""lane_change_params"": {\n                ""controller_params"": {\n                    ""laneChangeModel"": ""LC2013"",\n                    ""lcCooperative"": ""1.0"",\n                    ""lcKeepRight"": ""1.0"",\n                    ""lcSpeedGain"": ""1.0"",\n                    ""lcStrategic"": ""1.0""\n                },\n                ""lane_change_mode"": 512\n            },\n            ""num_vehicles"": 1,\n            ""routing_controller"": [\n                ""ContinuousRouter"",\n                {}\n            ],\n            ""veh_id"": ""rl""\n        }\n    ]\n}'}, 'env': 'AccelEnv-v0', 'local_evaluator_tf_session_args': {'inter_op_parallelism_threads': 8, 'intra_op_parallelism_threads': 8}, 'model': {'free_log_std': False, 'custom_options': {}, 'framestack': True, 'channel_major': False, 'max_seq_len': 20, 'lstm_use_prev_action_reward': False, 'squash_to_range': False, 'dim': 84, 'grayscale': False, 'fcnet_hiddens': [100, 50, 25], 'use_lstm': False, 'custom_model': None, 'fcnet_activation': 'tanh', 'conv_filters': None, 'conv_activation': 'relu', 'lstm_cell_size': 256, 'zero_mean': True, 'custom_preprocessor': None}, 'output_compress_columns': ['obs', 'new_obs'], 'monitor': False, 'custom_resources_per_worker': {}, 'output_max_file_size': 67108864, 'num_workers': 1, 'clip_param': 0.3, 'kl_coeff': 0.2, 'multiagent': {'policy_graphs': {}, 'policy_mapping_fn': None, 'policies_to_train': None}, 'input_evaluation': None, 'output': None, 'collect_metrics_timeout': 180, 'num_cpus_per_worker': 1}",169.237.32.118,1,1224.81,9.930669784545898,"{'num_steps_sampled': 312000, 'load_time_ms': 1.195, 'default': {'kl': 0.014423307962715626, 'cur_lr': 0.0005000000237487257, 'total_loss': 0.7407011985778809, 'policy_loss': -0.014831806533038616, 'vf_explained_var': 0.9890105128288269, 'entropy': 1.6154741048812866, 'cur_kl_coeff': 0.27399274706840515, 'vf_loss': 0.7515810132026672}, 'sample_time_ms': 9660.634, 'grad_time_ms': 276.509, 'update_time_ms': 4.891, 'num_steps_trained': 312000}",345.2343831237881,2019-04-02_08-09-04,kronos,71,312000,0,1934.6839067935944,{},312000,195,195,1934.6839067935944,476.96347428500655,1600,1554192544,{},0b32d2eec3344b1fbde4822793b2e447,66.4306665637337
False,252,"{'input': 'sampler', 'callbacks': {'on_train_result': None, 'on_sample_end': None, 'on_episode_step': None, 'on_episode_start': None, 'on_episode_end': None}, 'sample_batch_size': 200, 'clip_actions': False, 'clip_rewards': None, 'tf_session_args': {'inter_op_parallelism_threads': 2, 'intra_op_parallelism_threads': 2, 'device_count': {'CPU': 1}, 'log_device_placement': False, 'allow_soft_placement': True, 'gpu_options': {'allow_growth': True}}, 'kl_target': 0.01, 'horizon': 1500, 'lr': 0.0005, 'sample_async': False, 'simple_optimizer': False, 'compress_observations': False, 'num_envs_per_worker': 1, 'gamma': 0.99, 'sgd_minibatch_size': 128, 'observation_filter': 'NoFilter', 'entropy_coeff': 0.0, 'batch_mode': 'truncate_episodes', 'straggler_mitigation': False, 'vf_share_layers': False, 'num_gpus': 0, 'synchronize_filters': True, 'num_sgd_iter': 10, 'train_batch_size': 1500, 'optimizer': {}, 'num_gpus_per_worker': 0, 'preprocessor_pref': 'deepmind', 'num_cpus_for_driver': 1, 'lr_schedule': None, 'use_gae': True, 'lambda': 0.97, 'vf_loss_coeff': 1.0, 'vf_clip_param': 1000000.0, 'log_level': 'INFO', 'env_config': {'run': 'PPO', 'flow_params': '{\n    ""env"": {\n        ""additional_params"": {\n            ""max_accel"": 3,\n            ""max_decel"": 3,\n            ""sort_vehicles"": false,\n            ""target_velocity"": 20\n        },\n        ""evaluate"": false,\n        ""horizon"": 1500,\n        ""sims_per_step"": 1,\n        ""warmup_steps"": 0\n    },\n    ""env_name"": ""AccelEnv"",\n    ""exp_tag"": ""figure_eight_0"",\n    ""initial"": {\n        ""additional_params"": {},\n        ""bunching"": 0,\n        ""edges_distribution"": ""all"",\n        ""lanes_distribution"": Infinity,\n        ""min_gap"": 0,\n        ""perturbation"": 0.0,\n        ""shuffle"": false,\n        ""spacing"": ""uniform"",\n        ""x0"": 0\n    },\n    ""net"": {\n        ""additional_params"": {\n            ""lanes"": 1,\n            ""radius_ring"": 30,\n            ""resolution"": 40,\n            ""speed_limit"": 30\n        },\n        ""inflows"": {\n            ""_InFlows__flows"": [],\n            ""num_flows"": 0\n        },\n        ""netfile"": null,\n        ""no_internal_links"": false,\n        ""osm_path"": null\n    },\n    ""scenario"": ""Figure8Scenario"",\n    ""sim"": {\n        ""emission_path"": null,\n        ""lateral_resolution"": null,\n        ""no_step_log"": true,\n        ""num_clients"": 1,\n        ""overtake_right"": false,\n        ""port"": null,\n        ""print_warnings"": true,\n        ""pxpm"": 2,\n        ""render"": false,\n        ""restart_instance"": false,\n        ""save_render"": false,\n        ""seed"": null,\n        ""show_radius"": false,\n        ""sight_radius"": 25,\n        ""sim_step"": 0.1,\n        ""teleport_time"": -1\n    },\n    ""simulator"": ""traci"",\n    ""veh"": [\n        {\n            ""acceleration_controller"": [\n                ""IDMController"",\n                {\n                    ""noise"": 0.2\n                }\n            ],\n            ""car_following_params"": {\n                ""controller_params"": {\n                    ""accel"": 1.0,\n                    ""carFollowModel"": ""IDM"",\n                    ""decel"": 1.5,\n                    ""impatience"": 0.5,\n                    ""maxSpeed"": 30,\n                    ""minGap"": 2.5,\n                    ""sigma"": 0.5,\n                    ""speedDev"": 0.1,\n                    ""speedFactor"": 1.0,\n                    ""tau"": 1.0\n                },\n                ""speed_mode"": 1\n            },\n            ""initial_speed"": 0,\n            ""lane_change_controller"": [\n                ""SimLaneChangeController"",\n                {}\n            ],\n            ""lane_change_params"": {\n                ""controller_params"": {\n                    ""laneChangeModel"": ""LC2013"",\n                    ""lcCooperative"": ""1.0"",\n                    ""lcKeepRight"": ""1.0"",\n                    ""lcSpeedGain"": ""1.0"",\n                    ""lcStrategic"": ""1.0""\n                },\n                ""lane_change_mode"": 512\n            },\n            ""num_vehicles"": 13,\n            ""routing_controller"": [\n                ""ContinuousRouter"",\n                {}\n            ],\n            ""veh_id"": ""human""\n        },\n        {\n            ""acceleration_controller"": [\n                ""RLController"",\n                {}\n            ],\n            ""car_following_params"": {\n                ""controller_params"": {\n                    ""accel"": 1.0,\n                    ""carFollowModel"": ""IDM"",\n                    ""decel"": 1.5,\n                    ""impatience"": 0.5,\n                    ""maxSpeed"": 30,\n                    ""minGap"": 2.5,\n                    ""sigma"": 0.5,\n                    ""speedDev"": 0.1,\n                    ""speedFactor"": 1.0,\n                    ""tau"": 1.0\n                },\n                ""speed_mode"": 1\n            },\n            ""initial_speed"": 0,\n            ""lane_change_controller"": [\n                ""SimLaneChangeController"",\n                {}\n            ],\n            ""lane_change_params"": {\n                ""controller_params"": {\n                    ""laneChangeModel"": ""LC2013"",\n                    ""lcCooperative"": ""1.0"",\n                    ""lcKeepRight"": ""1.0"",\n                    ""lcSpeedGain"": ""1.0"",\n                    ""lcStrategic"": ""1.0""\n                },\n                ""lane_change_mode"": 512\n            },\n            ""num_vehicles"": 1,\n            ""routing_controller"": [\n                ""ContinuousRouter"",\n                {}\n            ],\n            ""veh_id"": ""rl""\n        }\n    ]\n}'}, 'env': 'AccelEnv-v0', 'local_evaluator_tf_session_args': {'inter_op_parallelism_threads': 8, 'intra_op_parallelism_threads': 8}, 'model': {'free_log_std': False, 'custom_options': {}, 'framestack': True, 'channel_major': False, 'max_seq_len': 20, 'lstm_use_prev_action_reward': False, 'squash_to_range': False, 'dim': 84, 'grayscale': False, 'fcnet_hiddens': [100, 50, 25], 'use_lstm': False, 'custom_model': None, 'fcnet_activation': 'tanh', 'conv_filters': None, 'conv_activation': 'relu', 'lstm_cell_size': 256, 'zero_mean': True, 'custom_preprocessor': None}, 'output_compress_columns': ['obs', 'new_obs'], 'monitor': False, 'custom_resources_per_worker': {}, 'output_max_file_size': 67108864, 'num_workers': 1, 'clip_param': 0.3, 'kl_coeff': 0.2, 'multiagent': {'policy_graphs': {}, 'policy_mapping_fn': None, 'policies_to_train': None}, 'input_evaluation': None, 'output': None, 'collect_metrics_timeout': 180, 'num_cpus_per_worker': 1}",169.237.32.118,2,1237.06,9.857189416885376,"{'num_steps_sampled': 313600, 'load_time_ms': 1.167, 'default': {'kl': 0.01488014217466116, 'cur_lr': 0.0005000000237487257, 'total_loss': 1.1204267740249634, 'policy_loss': -0.01582062803208828, 'vf_explained_var': 0.981170117855072, 'entropy': 1.6491860151290894, 'cur_kl_coeff': 0.27399274706840515, 'vf_loss': 1.1321702003479004}, 'sample_time_ms': 9655.599, 'grad_time_ms': 275.942, 'update_time_ms': 4.95, 'num_steps_trained': 313600}",347.8901367477881,2019-04-02_08-09-14,kronos,71,313600,0,1944.5410962104797,{},313600,196,196,1944.5410962104797,476.96347428500655,1600,1554192554,{},0b32d2eec3344b1fbde4822793b2e447,66.4306665637337
False,253,"{'input': 'sampler', 'callbacks': {'on_train_result': None, 'on_sample_end': None, 'on_episode_step': None, 'on_episode_start': None, 'on_episode_end': None}, 'sample_batch_size': 200, 'clip_actions': False, 'clip_rewards': None, 'tf_session_args': {'inter_op_parallelism_threads': 2, 'intra_op_parallelism_threads': 2, 'device_count': {'CPU': 1}, 'log_device_placement': False, 'allow_soft_placement': True, 'gpu_options': {'allow_growth': True}}, 'kl_target': 0.01, 'horizon': 1500, 'lr': 0.0005, 'sample_async': False, 'simple_optimizer': False, 'compress_observations': False, 'num_envs_per_worker': 1, 'gamma': 0.99, 'sgd_minibatch_size': 128, 'observation_filter': 'NoFilter', 'entropy_coeff': 0.0, 'batch_mode': 'truncate_episodes', 'straggler_mitigation': False, 'vf_share_layers': False, 'num_gpus': 0, 'synchronize_filters': True, 'num_sgd_iter': 10, 'train_batch_size': 1500, 'optimizer': {}, 'num_gpus_per_worker': 0, 'preprocessor_pref': 'deepmind', 'num_cpus_for_driver': 1, 'lr_schedule': None, 'use_gae': True, 'lambda': 0.97, 'vf_loss_coeff': 1.0, 'vf_clip_param': 1000000.0, 'log_level': 'INFO', 'env_config': {'run': 'PPO', 'flow_params': '{\n    ""env"": {\n        ""additional_params"": {\n            ""max_accel"": 3,\n            ""max_decel"": 3,\n            ""sort_vehicles"": false,\n            ""target_velocity"": 20\n        },\n        ""evaluate"": false,\n        ""horizon"": 1500,\n        ""sims_per_step"": 1,\n        ""warmup_steps"": 0\n    },\n    ""env_name"": ""AccelEnv"",\n    ""exp_tag"": ""figure_eight_0"",\n    ""initial"": {\n        ""additional_params"": {},\n        ""bunching"": 0,\n        ""edges_distribution"": ""all"",\n        ""lanes_distribution"": Infinity,\n        ""min_gap"": 0,\n        ""perturbation"": 0.0,\n        ""shuffle"": false,\n        ""spacing"": ""uniform"",\n        ""x0"": 0\n    },\n    ""net"": {\n        ""additional_params"": {\n            ""lanes"": 1,\n            ""radius_ring"": 30,\n            ""resolution"": 40,\n            ""speed_limit"": 30\n        },\n        ""inflows"": {\n            ""_InFlows__flows"": [],\n            ""num_flows"": 0\n        },\n        ""netfile"": null,\n        ""no_internal_links"": false,\n        ""osm_path"": null\n    },\n    ""scenario"": ""Figure8Scenario"",\n    ""sim"": {\n        ""emission_path"": null,\n        ""lateral_resolution"": null,\n        ""no_step_log"": true,\n        ""num_clients"": 1,\n        ""overtake_right"": false,\n        ""port"": null,\n        ""print_warnings"": true,\n        ""pxpm"": 2,\n        ""render"": false,\n        ""restart_instance"": false,\n        ""save_render"": false,\n        ""seed"": null,\n        ""show_radius"": false,\n        ""sight_radius"": 25,\n        ""sim_step"": 0.1,\n        ""teleport_time"": -1\n    },\n    ""simulator"": ""traci"",\n    ""veh"": [\n        {\n            ""acceleration_controller"": [\n                ""IDMController"",\n                {\n                    ""noise"": 0.2\n                }\n            ],\n            ""car_following_params"": {\n                ""controller_params"": {\n                    ""accel"": 1.0,\n                    ""carFollowModel"": ""IDM"",\n                    ""decel"": 1.5,\n                    ""impatience"": 0.5,\n                    ""maxSpeed"": 30,\n                    ""minGap"": 2.5,\n                    ""sigma"": 0.5,\n                    ""speedDev"": 0.1,\n                    ""speedFactor"": 1.0,\n                    ""tau"": 1.0\n                },\n                ""speed_mode"": 1\n            },\n            ""initial_speed"": 0,\n            ""lane_change_controller"": [\n                ""SimLaneChangeController"",\n                {}\n            ],\n            ""lane_change_params"": {\n                ""controller_params"": {\n                    ""laneChangeModel"": ""LC2013"",\n                    ""lcCooperative"": ""1.0"",\n                    ""lcKeepRight"": ""1.0"",\n                    ""lcSpeedGain"": ""1.0"",\n                    ""lcStrategic"": ""1.0""\n                },\n                ""lane_change_mode"": 512\n            },\n            ""num_vehicles"": 13,\n            ""routing_controller"": [\n                ""ContinuousRouter"",\n                {}\n            ],\n            ""veh_id"": ""human""\n        },\n        {\n            ""acceleration_controller"": [\n                ""RLController"",\n                {}\n            ],\n            ""car_following_params"": {\n                ""controller_params"": {\n                    ""accel"": 1.0,\n                    ""carFollowModel"": ""IDM"",\n                    ""decel"": 1.5,\n                    ""impatience"": 0.5,\n                    ""maxSpeed"": 30,\n                    ""minGap"": 2.5,\n                    ""sigma"": 0.5,\n                    ""speedDev"": 0.1,\n                    ""speedFactor"": 1.0,\n                    ""tau"": 1.0\n                },\n                ""speed_mode"": 1\n            },\n            ""initial_speed"": 0,\n            ""lane_change_controller"": [\n                ""SimLaneChangeController"",\n                {}\n            ],\n            ""lane_change_params"": {\n                ""controller_params"": {\n                    ""laneChangeModel"": ""LC2013"",\n                    ""lcCooperative"": ""1.0"",\n                    ""lcKeepRight"": ""1.0"",\n                    ""lcSpeedGain"": ""1.0"",\n                    ""lcStrategic"": ""1.0""\n                },\n                ""lane_change_mode"": 512\n            },\n            ""num_vehicles"": 1,\n            ""routing_controller"": [\n                ""ContinuousRouter"",\n                {}\n            ],\n            ""veh_id"": ""rl""\n        }\n    ]\n}'}, 'env': 'AccelEnv-v0', 'local_evaluator_tf_session_args': {'inter_op_parallelism_threads': 8, 'intra_op_parallelism_threads': 8}, 'model': {'free_log_std': False, 'custom_options': {}, 'framestack': True, 'channel_major': False, 'max_seq_len': 20, 'lstm_use_prev_action_reward': False, 'squash_to_range': False, 'dim': 84, 'grayscale': False, 'fcnet_hiddens': [100, 50, 25], 'use_lstm': False, 'custom_model': None, 'fcnet_activation': 'tanh', 'conv_filters': None, 'conv_activation': 'relu', 'lstm_cell_size': 256, 'zero_mean': True, 'custom_preprocessor': None}, 'output_compress_columns': ['obs', 'new_obs'], 'monitor': False, 'custom_resources_per_worker': {}, 'output_max_file_size': 67108864, 'num_workers': 1, 'clip_param': 0.3, 'kl_coeff': 0.2, 'multiagent': {'policy_graphs': {}, 'policy_mapping_fn': None, 'policies_to_train': None}, 'input_evaluation': None, 'output': None, 'collect_metrics_timeout': 180, 'num_cpus_per_worker': 1}",169.237.32.118,1,1241.96,9.624788999557495,"{'num_steps_sampled': 315200, 'load_time_ms': 1.196, 'default': {'kl': 0.05003553256392479, 'cur_lr': 0.0005000000237487257, 'total_loss': 0.5736500024795532, 'policy_loss': -0.0009575622971169651, 'vf_explained_var': 0.9879967570304871, 'entropy': 1.5994044542312622, 'cur_kl_coeff': 0.27399274706840515, 'vf_loss': 0.5608981251716614}, 'sample_time_ms': 9639.785, 'grad_time_ms': 278.025, 'update_time_ms': 4.95, 'num_steps_trained': 315200}",349.06183075229643,2019-04-02_08-09-24,kronos,71,315200,0,1954.1658852100372,{},315200,197,197,1954.1658852100372,476.96347428500655,1600,1554192564,{},0b32d2eec3344b1fbde4822793b2e447,66.4306665637337
False,254,"{'input': 'sampler', 'callbacks': {'on_train_result': None, 'on_sample_end': None, 'on_episode_step': None, 'on_episode_start': None, 'on_episode_end': None}, 'sample_batch_size': 200, 'clip_actions': False, 'clip_rewards': None, 'tf_session_args': {'inter_op_parallelism_threads': 2, 'intra_op_parallelism_threads': 2, 'device_count': {'CPU': 1}, 'log_device_placement': False, 'allow_soft_placement': True, 'gpu_options': {'allow_growth': True}}, 'kl_target': 0.01, 'horizon': 1500, 'lr': 0.0005, 'sample_async': False, 'simple_optimizer': False, 'compress_observations': False, 'num_envs_per_worker': 1, 'gamma': 0.99, 'sgd_minibatch_size': 128, 'observation_filter': 'NoFilter', 'entropy_coeff': 0.0, 'batch_mode': 'truncate_episodes', 'straggler_mitigation': False, 'vf_share_layers': False, 'num_gpus': 0, 'synchronize_filters': True, 'num_sgd_iter': 10, 'train_batch_size': 1500, 'optimizer': {}, 'num_gpus_per_worker': 0, 'preprocessor_pref': 'deepmind', 'num_cpus_for_driver': 1, 'lr_schedule': None, 'use_gae': True, 'lambda': 0.97, 'vf_loss_coeff': 1.0, 'vf_clip_param': 1000000.0, 'log_level': 'INFO', 'env_config': {'run': 'PPO', 'flow_params': '{\n    ""env"": {\n        ""additional_params"": {\n            ""max_accel"": 3,\n            ""max_decel"": 3,\n            ""sort_vehicles"": false,\n            ""target_velocity"": 20\n        },\n        ""evaluate"": false,\n        ""horizon"": 1500,\n        ""sims_per_step"": 1,\n        ""warmup_steps"": 0\n    },\n    ""env_name"": ""AccelEnv"",\n    ""exp_tag"": ""figure_eight_0"",\n    ""initial"": {\n        ""additional_params"": {},\n        ""bunching"": 0,\n        ""edges_distribution"": ""all"",\n        ""lanes_distribution"": Infinity,\n        ""min_gap"": 0,\n        ""perturbation"": 0.0,\n        ""shuffle"": false,\n        ""spacing"": ""uniform"",\n        ""x0"": 0\n    },\n    ""net"": {\n        ""additional_params"": {\n            ""lanes"": 1,\n            ""radius_ring"": 30,\n            ""resolution"": 40,\n            ""speed_limit"": 30\n        },\n        ""inflows"": {\n            ""_InFlows__flows"": [],\n            ""num_flows"": 0\n        },\n        ""netfile"": null,\n        ""no_internal_links"": false,\n        ""osm_path"": null\n    },\n    ""scenario"": ""Figure8Scenario"",\n    ""sim"": {\n        ""emission_path"": null,\n        ""lateral_resolution"": null,\n        ""no_step_log"": true,\n        ""num_clients"": 1,\n        ""overtake_right"": false,\n        ""port"": null,\n        ""print_warnings"": true,\n        ""pxpm"": 2,\n        ""render"": false,\n        ""restart_instance"": false,\n        ""save_render"": false,\n        ""seed"": null,\n        ""show_radius"": false,\n        ""sight_radius"": 25,\n        ""sim_step"": 0.1,\n        ""teleport_time"": -1\n    },\n    ""simulator"": ""traci"",\n    ""veh"": [\n        {\n            ""acceleration_controller"": [\n                ""IDMController"",\n                {\n                    ""noise"": 0.2\n                }\n            ],\n            ""car_following_params"": {\n                ""controller_params"": {\n                    ""accel"": 1.0,\n                    ""carFollowModel"": ""IDM"",\n                    ""decel"": 1.5,\n                    ""impatience"": 0.5,\n                    ""maxSpeed"": 30,\n                    ""minGap"": 2.5,\n                    ""sigma"": 0.5,\n                    ""speedDev"": 0.1,\n                    ""speedFactor"": 1.0,\n                    ""tau"": 1.0\n                },\n                ""speed_mode"": 1\n            },\n            ""initial_speed"": 0,\n            ""lane_change_controller"": [\n                ""SimLaneChangeController"",\n                {}\n            ],\n            ""lane_change_params"": {\n                ""controller_params"": {\n                    ""laneChangeModel"": ""LC2013"",\n                    ""lcCooperative"": ""1.0"",\n                    ""lcKeepRight"": ""1.0"",\n                    ""lcSpeedGain"": ""1.0"",\n                    ""lcStrategic"": ""1.0""\n                },\n                ""lane_change_mode"": 512\n            },\n            ""num_vehicles"": 13,\n            ""routing_controller"": [\n                ""ContinuousRouter"",\n                {}\n            ],\n            ""veh_id"": ""human""\n        },\n        {\n            ""acceleration_controller"": [\n                ""RLController"",\n                {}\n            ],\n            ""car_following_params"": {\n                ""controller_params"": {\n                    ""accel"": 1.0,\n                    ""carFollowModel"": ""IDM"",\n                    ""decel"": 1.5,\n                    ""impatience"": 0.5,\n                    ""maxSpeed"": 30,\n                    ""minGap"": 2.5,\n                    ""sigma"": 0.5,\n                    ""speedDev"": 0.1,\n                    ""speedFactor"": 1.0,\n                    ""tau"": 1.0\n                },\n                ""speed_mode"": 1\n            },\n            ""initial_speed"": 0,\n            ""lane_change_controller"": [\n                ""SimLaneChangeController"",\n                {}\n            ],\n            ""lane_change_params"": {\n                ""controller_params"": {\n                    ""laneChangeModel"": ""LC2013"",\n                    ""lcCooperative"": ""1.0"",\n                    ""lcKeepRight"": ""1.0"",\n                    ""lcSpeedGain"": ""1.0"",\n                    ""lcStrategic"": ""1.0""\n                },\n                ""lane_change_mode"": 512\n            },\n            ""num_vehicles"": 1,\n            ""routing_controller"": [\n                ""ContinuousRouter"",\n                {}\n            ],\n            ""veh_id"": ""rl""\n        }\n    ]\n}'}, 'env': 'AccelEnv-v0', 'local_evaluator_tf_session_args': {'inter_op_parallelism_threads': 8, 'intra_op_parallelism_threads': 8}, 'model': {'free_log_std': False, 'custom_options': {}, 'framestack': True, 'channel_major': False, 'max_seq_len': 20, 'lstm_use_prev_action_reward': False, 'squash_to_range': False, 'dim': 84, 'grayscale': False, 'fcnet_hiddens': [100, 50, 25], 'use_lstm': False, 'custom_model': None, 'fcnet_activation': 'tanh', 'conv_filters': None, 'conv_activation': 'relu', 'lstm_cell_size': 256, 'zero_mean': True, 'custom_preprocessor': None}, 'output_compress_columns': ['obs', 'new_obs'], 'monitor': False, 'custom_resources_per_worker': {}, 'output_max_file_size': 67108864, 'num_workers': 1, 'clip_param': 0.3, 'kl_coeff': 0.2, 'multiagent': {'policy_graphs': {}, 'policy_mapping_fn': None, 'policies_to_train': None}, 'input_evaluation': None, 'output': None, 'collect_metrics_timeout': 180, 'num_cpus_per_worker': 1}",169.237.32.118,1,1241.96,9.864443302154541,"{'num_steps_sampled': 316800, 'load_time_ms': 1.2, 'default': {'kl': 0.004117908421903849, 'cur_lr': 0.0005000000237487257, 'total_loss': 0.9306362271308899, 'policy_loss': -0.013661094009876251, 'vf_explained_var': 0.9661720395088196, 'entropy': 1.6383846998214722, 'cur_kl_coeff': 0.4109891355037689, 'vf_loss': 0.9426050186157227}, 'sample_time_ms': 9628.27, 'grad_time_ms': 277.232, 'update_time_ms': 5.005, 'num_steps_trained': 316800}",349.37272970566465,2019-04-02_08-09-34,kronos,71,316800,0,1964.0303285121918,{},316800,198,198,1964.0303285121918,476.96347428500655,1600,1554192574,{},0b32d2eec3344b1fbde4822793b2e447,66.4306665637337
False,255,"{'input': 'sampler', 'callbacks': {'on_train_result': None, 'on_sample_end': None, 'on_episode_step': None, 'on_episode_start': None, 'on_episode_end': None}, 'sample_batch_size': 200, 'clip_actions': False, 'clip_rewards': None, 'tf_session_args': {'inter_op_parallelism_threads': 2, 'intra_op_parallelism_threads': 2, 'device_count': {'CPU': 1}, 'log_device_placement': False, 'allow_soft_placement': True, 'gpu_options': {'allow_growth': True}}, 'kl_target': 0.01, 'horizon': 1500, 'lr': 0.0005, 'sample_async': False, 'simple_optimizer': False, 'compress_observations': False, 'num_envs_per_worker': 1, 'gamma': 0.99, 'sgd_minibatch_size': 128, 'observation_filter': 'NoFilter', 'entropy_coeff': 0.0, 'batch_mode': 'truncate_episodes', 'straggler_mitigation': False, 'vf_share_layers': False, 'num_gpus': 0, 'synchronize_filters': True, 'num_sgd_iter': 10, 'train_batch_size': 1500, 'optimizer': {}, 'num_gpus_per_worker': 0, 'preprocessor_pref': 'deepmind', 'num_cpus_for_driver': 1, 'lr_schedule': None, 'use_gae': True, 'lambda': 0.97, 'vf_loss_coeff': 1.0, 'vf_clip_param': 1000000.0, 'log_level': 'INFO', 'env_config': {'run': 'PPO', 'flow_params': '{\n    ""env"": {\n        ""additional_params"": {\n            ""max_accel"": 3,\n            ""max_decel"": 3,\n            ""sort_vehicles"": false,\n            ""target_velocity"": 20\n        },\n        ""evaluate"": false,\n        ""horizon"": 1500,\n        ""sims_per_step"": 1,\n        ""warmup_steps"": 0\n    },\n    ""env_name"": ""AccelEnv"",\n    ""exp_tag"": ""figure_eight_0"",\n    ""initial"": {\n        ""additional_params"": {},\n        ""bunching"": 0,\n        ""edges_distribution"": ""all"",\n        ""lanes_distribution"": Infinity,\n        ""min_gap"": 0,\n        ""perturbation"": 0.0,\n        ""shuffle"": false,\n        ""spacing"": ""uniform"",\n        ""x0"": 0\n    },\n    ""net"": {\n        ""additional_params"": {\n            ""lanes"": 1,\n            ""radius_ring"": 30,\n            ""resolution"": 40,\n            ""speed_limit"": 30\n        },\n        ""inflows"": {\n            ""_InFlows__flows"": [],\n            ""num_flows"": 0\n        },\n        ""netfile"": null,\n        ""no_internal_links"": false,\n        ""osm_path"": null\n    },\n    ""scenario"": ""Figure8Scenario"",\n    ""sim"": {\n        ""emission_path"": null,\n        ""lateral_resolution"": null,\n        ""no_step_log"": true,\n        ""num_clients"": 1,\n        ""overtake_right"": false,\n        ""port"": null,\n        ""print_warnings"": true,\n        ""pxpm"": 2,\n        ""render"": false,\n        ""restart_instance"": false,\n        ""save_render"": false,\n        ""seed"": null,\n        ""show_radius"": false,\n        ""sight_radius"": 25,\n        ""sim_step"": 0.1,\n        ""teleport_time"": -1\n    },\n    ""simulator"": ""traci"",\n    ""veh"": [\n        {\n            ""acceleration_controller"": [\n                ""IDMController"",\n                {\n                    ""noise"": 0.2\n                }\n            ],\n            ""car_following_params"": {\n                ""controller_params"": {\n                    ""accel"": 1.0,\n                    ""carFollowModel"": ""IDM"",\n                    ""decel"": 1.5,\n                    ""impatience"": 0.5,\n                    ""maxSpeed"": 30,\n                    ""minGap"": 2.5,\n                    ""sigma"": 0.5,\n                    ""speedDev"": 0.1,\n                    ""speedFactor"": 1.0,\n                    ""tau"": 1.0\n                },\n                ""speed_mode"": 1\n            },\n            ""initial_speed"": 0,\n            ""lane_change_controller"": [\n                ""SimLaneChangeController"",\n                {}\n            ],\n            ""lane_change_params"": {\n                ""controller_params"": {\n                    ""laneChangeModel"": ""LC2013"",\n                    ""lcCooperative"": ""1.0"",\n                    ""lcKeepRight"": ""1.0"",\n                    ""lcSpeedGain"": ""1.0"",\n                    ""lcStrategic"": ""1.0""\n                },\n                ""lane_change_mode"": 512\n            },\n            ""num_vehicles"": 13,\n            ""routing_controller"": [\n                ""ContinuousRouter"",\n                {}\n            ],\n            ""veh_id"": ""human""\n        },\n        {\n            ""acceleration_controller"": [\n                ""RLController"",\n                {}\n            ],\n            ""car_following_params"": {\n                ""controller_params"": {\n                    ""accel"": 1.0,\n                    ""carFollowModel"": ""IDM"",\n                    ""decel"": 1.5,\n                    ""impatience"": 0.5,\n                    ""maxSpeed"": 30,\n                    ""minGap"": 2.5,\n                    ""sigma"": 0.5,\n                    ""speedDev"": 0.1,\n                    ""speedFactor"": 1.0,\n                    ""tau"": 1.0\n                },\n                ""speed_mode"": 1\n            },\n            ""initial_speed"": 0,\n            ""lane_change_controller"": [\n                ""SimLaneChangeController"",\n                {}\n            ],\n            ""lane_change_params"": {\n                ""controller_params"": {\n                    ""laneChangeModel"": ""LC2013"",\n                    ""lcCooperative"": ""1.0"",\n                    ""lcKeepRight"": ""1.0"",\n                    ""lcSpeedGain"": ""1.0"",\n                    ""lcStrategic"": ""1.0""\n                },\n                ""lane_change_mode"": 512\n            },\n            ""num_vehicles"": 1,\n            ""routing_controller"": [\n                ""ContinuousRouter"",\n                {}\n            ],\n            ""veh_id"": ""rl""\n        }\n    ]\n}'}, 'env': 'AccelEnv-v0', 'local_evaluator_tf_session_args': {'inter_op_parallelism_threads': 8, 'intra_op_parallelism_threads': 8}, 'model': {'free_log_std': False, 'custom_options': {}, 'framestack': True, 'channel_major': False, 'max_seq_len': 20, 'lstm_use_prev_action_reward': False, 'squash_to_range': False, 'dim': 84, 'grayscale': False, 'fcnet_hiddens': [100, 50, 25], 'use_lstm': False, 'custom_model': None, 'fcnet_activation': 'tanh', 'conv_filters': None, 'conv_activation': 'relu', 'lstm_cell_size': 256, 'zero_mean': True, 'custom_preprocessor': None}, 'output_compress_columns': ['obs', 'new_obs'], 'monitor': False, 'custom_resources_per_worker': {}, 'output_max_file_size': 67108864, 'num_workers': 1, 'clip_param': 0.3, 'kl_coeff': 0.2, 'multiagent': {'policy_graphs': {}, 'policy_mapping_fn': None, 'policies_to_train': None}, 'input_evaluation': None, 'output': None, 'collect_metrics_timeout': 180, 'num_cpus_per_worker': 1}",169.237.32.118,1,1243.99,9.82413649559021,"{'num_steps_sampled': 318400, 'load_time_ms': 1.179, 'default': {'kl': 0.007947971113026142, 'cur_lr': 0.0005000000237487257, 'total_loss': 1.5513149499893188, 'policy_loss': -0.010532583110034466, 'vf_explained_var': 0.9646351337432861, 'entropy': 1.6288199424743652, 'cur_kl_coeff': 0.20549456775188446, 'vf_loss': 1.5602140426635742}, 'sample_time_ms': 9607.141, 'grad_time_ms': 277.05, 'update_time_ms': 4.95, 'num_steps_trained': 318400}",350.6051501327863,2019-04-02_08-09-43,kronos,71,318400,0,1973.854465007782,{},318400,199,199,1973.854465007782,476.96347428500655,1600,1554192583,{},0b32d2eec3344b1fbde4822793b2e447,66.4306665637337
False,257,"{'input': 'sampler', 'callbacks': {'on_train_result': None, 'on_sample_end': None, 'on_episode_step': None, 'on_episode_start': None, 'on_episode_end': None}, 'sample_batch_size': 200, 'clip_actions': False, 'clip_rewards': None, 'tf_session_args': {'inter_op_parallelism_threads': 2, 'intra_op_parallelism_threads': 2, 'device_count': {'CPU': 1}, 'log_device_placement': False, 'allow_soft_placement': True, 'gpu_options': {'allow_growth': True}}, 'kl_target': 0.01, 'horizon': 1500, 'lr': 0.0005, 'sample_async': False, 'simple_optimizer': False, 'compress_observations': False, 'num_envs_per_worker': 1, 'gamma': 0.99, 'sgd_minibatch_size': 128, 'observation_filter': 'NoFilter', 'entropy_coeff': 0.0, 'batch_mode': 'truncate_episodes', 'straggler_mitigation': False, 'vf_share_layers': False, 'num_gpus': 0, 'synchronize_filters': True, 'num_sgd_iter': 10, 'train_batch_size': 1500, 'optimizer': {}, 'num_gpus_per_worker': 0, 'preprocessor_pref': 'deepmind', 'num_cpus_for_driver': 1, 'lr_schedule': None, 'use_gae': True, 'lambda': 0.97, 'vf_loss_coeff': 1.0, 'vf_clip_param': 1000000.0, 'log_level': 'INFO', 'env_config': {'run': 'PPO', 'flow_params': '{\n    ""env"": {\n        ""additional_params"": {\n            ""max_accel"": 3,\n            ""max_decel"": 3,\n            ""sort_vehicles"": false,\n            ""target_velocity"": 20\n        },\n        ""evaluate"": false,\n        ""horizon"": 1500,\n        ""sims_per_step"": 1,\n        ""warmup_steps"": 0\n    },\n    ""env_name"": ""AccelEnv"",\n    ""exp_tag"": ""figure_eight_0"",\n    ""initial"": {\n        ""additional_params"": {},\n        ""bunching"": 0,\n        ""edges_distribution"": ""all"",\n        ""lanes_distribution"": Infinity,\n        ""min_gap"": 0,\n        ""perturbation"": 0.0,\n        ""shuffle"": false,\n        ""spacing"": ""uniform"",\n        ""x0"": 0\n    },\n    ""net"": {\n        ""additional_params"": {\n            ""lanes"": 1,\n            ""radius_ring"": 30,\n            ""resolution"": 40,\n            ""speed_limit"": 30\n        },\n        ""inflows"": {\n            ""_InFlows__flows"": [],\n            ""num_flows"": 0\n        },\n        ""netfile"": null,\n        ""no_internal_links"": false,\n        ""osm_path"": null\n    },\n    ""scenario"": ""Figure8Scenario"",\n    ""sim"": {\n        ""emission_path"": null,\n        ""lateral_resolution"": null,\n        ""no_step_log"": true,\n        ""num_clients"": 1,\n        ""overtake_right"": false,\n        ""port"": null,\n        ""print_warnings"": true,\n        ""pxpm"": 2,\n        ""render"": false,\n        ""restart_instance"": false,\n        ""save_render"": false,\n        ""seed"": null,\n        ""show_radius"": false,\n        ""sight_radius"": 25,\n        ""sim_step"": 0.1,\n        ""teleport_time"": -1\n    },\n    ""simulator"": ""traci"",\n    ""veh"": [\n        {\n            ""acceleration_controller"": [\n                ""IDMController"",\n                {\n                    ""noise"": 0.2\n                }\n            ],\n            ""car_following_params"": {\n                ""controller_params"": {\n                    ""accel"": 1.0,\n                    ""carFollowModel"": ""IDM"",\n                    ""decel"": 1.5,\n                    ""impatience"": 0.5,\n                    ""maxSpeed"": 30,\n                    ""minGap"": 2.5,\n                    ""sigma"": 0.5,\n                    ""speedDev"": 0.1,\n                    ""speedFactor"": 1.0,\n                    ""tau"": 1.0\n                },\n                ""speed_mode"": 1\n            },\n            ""initial_speed"": 0,\n            ""lane_change_controller"": [\n                ""SimLaneChangeController"",\n                {}\n            ],\n            ""lane_change_params"": {\n                ""controller_params"": {\n                    ""laneChangeModel"": ""LC2013"",\n                    ""lcCooperative"": ""1.0"",\n                    ""lcKeepRight"": ""1.0"",\n                    ""lcSpeedGain"": ""1.0"",\n                    ""lcStrategic"": ""1.0""\n                },\n                ""lane_change_mode"": 512\n            },\n            ""num_vehicles"": 13,\n            ""routing_controller"": [\n                ""ContinuousRouter"",\n                {}\n            ],\n            ""veh_id"": ""human""\n        },\n        {\n            ""acceleration_controller"": [\n                ""RLController"",\n                {}\n            ],\n            ""car_following_params"": {\n                ""controller_params"": {\n                    ""accel"": 1.0,\n                    ""carFollowModel"": ""IDM"",\n                    ""decel"": 1.5,\n                    ""impatience"": 0.5,\n                    ""maxSpeed"": 30,\n                    ""minGap"": 2.5,\n                    ""sigma"": 0.5,\n                    ""speedDev"": 0.1,\n                    ""speedFactor"": 1.0,\n                    ""tau"": 1.0\n                },\n                ""speed_mode"": 1\n            },\n            ""initial_speed"": 0,\n            ""lane_change_controller"": [\n                ""SimLaneChangeController"",\n                {}\n            ],\n            ""lane_change_params"": {\n                ""controller_params"": {\n                    ""laneChangeModel"": ""LC2013"",\n                    ""lcCooperative"": ""1.0"",\n                    ""lcKeepRight"": ""1.0"",\n                    ""lcSpeedGain"": ""1.0"",\n                    ""lcStrategic"": ""1.0""\n                },\n                ""lane_change_mode"": 512\n            },\n            ""num_vehicles"": 1,\n            ""routing_controller"": [\n                ""ContinuousRouter"",\n                {}\n            ],\n            ""veh_id"": ""rl""\n        }\n    ]\n}'}, 'env': 'AccelEnv-v0', 'local_evaluator_tf_session_args': {'inter_op_parallelism_threads': 8, 'intra_op_parallelism_threads': 8}, 'model': {'free_log_std': False, 'custom_options': {}, 'framestack': True, 'channel_major': False, 'max_seq_len': 20, 'lstm_use_prev_action_reward': False, 'squash_to_range': False, 'dim': 84, 'grayscale': False, 'fcnet_hiddens': [100, 50, 25], 'use_lstm': False, 'custom_model': None, 'fcnet_activation': 'tanh', 'conv_filters': None, 'conv_activation': 'relu', 'lstm_cell_size': 256, 'zero_mean': True, 'custom_preprocessor': None}, 'output_compress_columns': ['obs', 'new_obs'], 'monitor': False, 'custom_resources_per_worker': {}, 'output_max_file_size': 67108864, 'num_workers': 1, 'clip_param': 0.3, 'kl_coeff': 0.2, 'multiagent': {'policy_graphs': {}, 'policy_mapping_fn': None, 'policies_to_train': None}, 'input_evaluation': None, 'output': None, 'collect_metrics_timeout': 180, 'num_cpus_per_worker': 1}",169.237.32.118,2,1257.86,9.894465208053589,"{'num_steps_sampled': 320000, 'load_time_ms': 1.171, 'default': {'kl': 0.008684652857482433, 'cur_lr': 0.0005000000237487257, 'total_loss': 1.3219281435012817, 'policy_loss': -0.019253795966506004, 'vf_explained_var': 0.9489087462425232, 'entropy': 1.6163851022720337, 'cur_kl_coeff': 0.20549456775188446, 'vf_loss': 1.3393973112106323}, 'sample_time_ms': 9605.858, 'grad_time_ms': 275.264, 'update_time_ms': 5.022, 'num_steps_trained': 320000}",354.8413372924326,2019-04-02_08-09-53,kronos,71,320000,0,1983.7489302158356,{},320000,200,200,1983.7489302158356,476.96347428500655,1600,1554192593,{},0b32d2eec3344b1fbde4822793b2e447,66.4306665637337
False,258,"{'input': 'sampler', 'callbacks': {'on_train_result': None, 'on_sample_end': None, 'on_episode_step': None, 'on_episode_start': None, 'on_episode_end': None}, 'sample_batch_size': 200, 'clip_actions': False, 'clip_rewards': None, 'tf_session_args': {'inter_op_parallelism_threads': 2, 'intra_op_parallelism_threads': 2, 'device_count': {'CPU': 1}, 'log_device_placement': False, 'allow_soft_placement': True, 'gpu_options': {'allow_growth': True}}, 'kl_target': 0.01, 'horizon': 1500, 'lr': 0.0005, 'sample_async': False, 'simple_optimizer': False, 'compress_observations': False, 'num_envs_per_worker': 1, 'gamma': 0.99, 'sgd_minibatch_size': 128, 'observation_filter': 'NoFilter', 'entropy_coeff': 0.0, 'batch_mode': 'truncate_episodes', 'straggler_mitigation': False, 'vf_share_layers': False, 'num_gpus': 0, 'synchronize_filters': True, 'num_sgd_iter': 10, 'train_batch_size': 1500, 'optimizer': {}, 'num_gpus_per_worker': 0, 'preprocessor_pref': 'deepmind', 'num_cpus_for_driver': 1, 'lr_schedule': None, 'use_gae': True, 'lambda': 0.97, 'vf_loss_coeff': 1.0, 'vf_clip_param': 1000000.0, 'log_level': 'INFO', 'env_config': {'run': 'PPO', 'flow_params': '{\n    ""env"": {\n        ""additional_params"": {\n            ""max_accel"": 3,\n            ""max_decel"": 3,\n            ""sort_vehicles"": false,\n            ""target_velocity"": 20\n        },\n        ""evaluate"": false,\n        ""horizon"": 1500,\n        ""sims_per_step"": 1,\n        ""warmup_steps"": 0\n    },\n    ""env_name"": ""AccelEnv"",\n    ""exp_tag"": ""figure_eight_0"",\n    ""initial"": {\n        ""additional_params"": {},\n        ""bunching"": 0,\n        ""edges_distribution"": ""all"",\n        ""lanes_distribution"": Infinity,\n        ""min_gap"": 0,\n        ""perturbation"": 0.0,\n        ""shuffle"": false,\n        ""spacing"": ""uniform"",\n        ""x0"": 0\n    },\n    ""net"": {\n        ""additional_params"": {\n            ""lanes"": 1,\n            ""radius_ring"": 30,\n            ""resolution"": 40,\n            ""speed_limit"": 30\n        },\n        ""inflows"": {\n            ""_InFlows__flows"": [],\n            ""num_flows"": 0\n        },\n        ""netfile"": null,\n        ""no_internal_links"": false,\n        ""osm_path"": null\n    },\n    ""scenario"": ""Figure8Scenario"",\n    ""sim"": {\n        ""emission_path"": null,\n        ""lateral_resolution"": null,\n        ""no_step_log"": true,\n        ""num_clients"": 1,\n        ""overtake_right"": false,\n        ""port"": null,\n        ""print_warnings"": true,\n        ""pxpm"": 2,\n        ""render"": false,\n        ""restart_instance"": false,\n        ""save_render"": false,\n        ""seed"": null,\n        ""show_radius"": false,\n        ""sight_radius"": 25,\n        ""sim_step"": 0.1,\n        ""teleport_time"": -1\n    },\n    ""simulator"": ""traci"",\n    ""veh"": [\n        {\n            ""acceleration_controller"": [\n                ""IDMController"",\n                {\n                    ""noise"": 0.2\n                }\n            ],\n            ""car_following_params"": {\n                ""controller_params"": {\n                    ""accel"": 1.0,\n                    ""carFollowModel"": ""IDM"",\n                    ""decel"": 1.5,\n                    ""impatience"": 0.5,\n                    ""maxSpeed"": 30,\n                    ""minGap"": 2.5,\n                    ""sigma"": 0.5,\n                    ""speedDev"": 0.1,\n                    ""speedFactor"": 1.0,\n                    ""tau"": 1.0\n                },\n                ""speed_mode"": 1\n            },\n            ""initial_speed"": 0,\n            ""lane_change_controller"": [\n                ""SimLaneChangeController"",\n                {}\n            ],\n            ""lane_change_params"": {\n                ""controller_params"": {\n                    ""laneChangeModel"": ""LC2013"",\n                    ""lcCooperative"": ""1.0"",\n                    ""lcKeepRight"": ""1.0"",\n                    ""lcSpeedGain"": ""1.0"",\n                    ""lcStrategic"": ""1.0""\n                },\n                ""lane_change_mode"": 512\n            },\n            ""num_vehicles"": 13,\n            ""routing_controller"": [\n                ""ContinuousRouter"",\n                {}\n            ],\n            ""veh_id"": ""human""\n        },\n        {\n            ""acceleration_controller"": [\n                ""RLController"",\n                {}\n            ],\n            ""car_following_params"": {\n                ""controller_params"": {\n                    ""accel"": 1.0,\n                    ""carFollowModel"": ""IDM"",\n                    ""decel"": 1.5,\n                    ""impatience"": 0.5,\n                    ""maxSpeed"": 30,\n                    ""minGap"": 2.5,\n                    ""sigma"": 0.5,\n                    ""speedDev"": 0.1,\n                    ""speedFactor"": 1.0,\n                    ""tau"": 1.0\n                },\n                ""speed_mode"": 1\n            },\n            ""initial_speed"": 0,\n            ""lane_change_controller"": [\n                ""SimLaneChangeController"",\n                {}\n            ],\n            ""lane_change_params"": {\n                ""controller_params"": {\n                    ""laneChangeModel"": ""LC2013"",\n                    ""lcCooperative"": ""1.0"",\n                    ""lcKeepRight"": ""1.0"",\n                    ""lcSpeedGain"": ""1.0"",\n                    ""lcStrategic"": ""1.0""\n                },\n                ""lane_change_mode"": 512\n            },\n            ""num_vehicles"": 1,\n            ""routing_controller"": [\n                ""ContinuousRouter"",\n                {}\n            ],\n            ""veh_id"": ""rl""\n        }\n    ]\n}'}, 'env': 'AccelEnv-v0', 'local_evaluator_tf_session_args': {'inter_op_parallelism_threads': 8, 'intra_op_parallelism_threads': 8}, 'model': {'free_log_std': False, 'custom_options': {}, 'framestack': True, 'channel_major': False, 'max_seq_len': 20, 'lstm_use_prev_action_reward': False, 'squash_to_range': False, 'dim': 84, 'grayscale': False, 'fcnet_hiddens': [100, 50, 25], 'use_lstm': False, 'custom_model': None, 'fcnet_activation': 'tanh', 'conv_filters': None, 'conv_activation': 'relu', 'lstm_cell_size': 256, 'zero_mean': True, 'custom_preprocessor': None}, 'output_compress_columns': ['obs', 'new_obs'], 'monitor': False, 'custom_resources_per_worker': {}, 'output_max_file_size': 67108864, 'num_workers': 1, 'clip_param': 0.3, 'kl_coeff': 0.2, 'multiagent': {'policy_graphs': {}, 'policy_mapping_fn': None, 'policies_to_train': None}, 'input_evaluation': None, 'output': None, 'collect_metrics_timeout': 180, 'num_cpus_per_worker': 1}",169.237.32.118,1,1253.15,9.488367080688477,"{'num_steps_sampled': 321600, 'load_time_ms': 1.172, 'default': {'kl': 0.017621075734496117, 'cur_lr': 0.0005000000237487257, 'total_loss': 0.7923341393470764, 'policy_loss': -0.03598979488015175, 'vf_explained_var': 0.9818419814109802, 'entropy': 1.5352979898452759, 'cur_kl_coeff': 0.20549456775188446, 'vf_loss': 0.8247029781341553}, 'sample_time_ms': 9556.571, 'grad_time_ms': 275.402, 'update_time_ms': 4.984, 'num_steps_trained': 321600}",353.3310766672855,2019-04-02_08-10-03,kronos,71,321600,0,1993.237297296524,{},321600,201,201,1993.237297296524,476.96347428500655,1600,1554192603,{},0b32d2eec3344b1fbde4822793b2e447,66.4306665637337
False,259,"{'input': 'sampler', 'callbacks': {'on_train_result': None, 'on_sample_end': None, 'on_episode_step': None, 'on_episode_start': None, 'on_episode_end': None}, 'sample_batch_size': 200, 'clip_actions': False, 'clip_rewards': None, 'tf_session_args': {'inter_op_parallelism_threads': 2, 'intra_op_parallelism_threads': 2, 'device_count': {'CPU': 1}, 'log_device_placement': False, 'allow_soft_placement': True, 'gpu_options': {'allow_growth': True}}, 'kl_target': 0.01, 'horizon': 1500, 'lr': 0.0005, 'sample_async': False, 'simple_optimizer': False, 'compress_observations': False, 'num_envs_per_worker': 1, 'gamma': 0.99, 'sgd_minibatch_size': 128, 'observation_filter': 'NoFilter', 'entropy_coeff': 0.0, 'batch_mode': 'truncate_episodes', 'straggler_mitigation': False, 'vf_share_layers': False, 'num_gpus': 0, 'synchronize_filters': True, 'num_sgd_iter': 10, 'train_batch_size': 1500, 'optimizer': {}, 'num_gpus_per_worker': 0, 'preprocessor_pref': 'deepmind', 'num_cpus_for_driver': 1, 'lr_schedule': None, 'use_gae': True, 'lambda': 0.97, 'vf_loss_coeff': 1.0, 'vf_clip_param': 1000000.0, 'log_level': 'INFO', 'env_config': {'run': 'PPO', 'flow_params': '{\n    ""env"": {\n        ""additional_params"": {\n            ""max_accel"": 3,\n            ""max_decel"": 3,\n            ""sort_vehicles"": false,\n            ""target_velocity"": 20\n        },\n        ""evaluate"": false,\n        ""horizon"": 1500,\n        ""sims_per_step"": 1,\n        ""warmup_steps"": 0\n    },\n    ""env_name"": ""AccelEnv"",\n    ""exp_tag"": ""figure_eight_0"",\n    ""initial"": {\n        ""additional_params"": {},\n        ""bunching"": 0,\n        ""edges_distribution"": ""all"",\n        ""lanes_distribution"": Infinity,\n        ""min_gap"": 0,\n        ""perturbation"": 0.0,\n        ""shuffle"": false,\n        ""spacing"": ""uniform"",\n        ""x0"": 0\n    },\n    ""net"": {\n        ""additional_params"": {\n            ""lanes"": 1,\n            ""radius_ring"": 30,\n            ""resolution"": 40,\n            ""speed_limit"": 30\n        },\n        ""inflows"": {\n            ""_InFlows__flows"": [],\n            ""num_flows"": 0\n        },\n        ""netfile"": null,\n        ""no_internal_links"": false,\n        ""osm_path"": null\n    },\n    ""scenario"": ""Figure8Scenario"",\n    ""sim"": {\n        ""emission_path"": null,\n        ""lateral_resolution"": null,\n        ""no_step_log"": true,\n        ""num_clients"": 1,\n        ""overtake_right"": false,\n        ""port"": null,\n        ""print_warnings"": true,\n        ""pxpm"": 2,\n        ""render"": false,\n        ""restart_instance"": false,\n        ""save_render"": false,\n        ""seed"": null,\n        ""show_radius"": false,\n        ""sight_radius"": 25,\n        ""sim_step"": 0.1,\n        ""teleport_time"": -1\n    },\n    ""simulator"": ""traci"",\n    ""veh"": [\n        {\n            ""acceleration_controller"": [\n                ""IDMController"",\n                {\n                    ""noise"": 0.2\n                }\n            ],\n            ""car_following_params"": {\n                ""controller_params"": {\n                    ""accel"": 1.0,\n                    ""carFollowModel"": ""IDM"",\n                    ""decel"": 1.5,\n                    ""impatience"": 0.5,\n                    ""maxSpeed"": 30,\n                    ""minGap"": 2.5,\n                    ""sigma"": 0.5,\n                    ""speedDev"": 0.1,\n                    ""speedFactor"": 1.0,\n                    ""tau"": 1.0\n                },\n                ""speed_mode"": 1\n            },\n            ""initial_speed"": 0,\n            ""lane_change_controller"": [\n                ""SimLaneChangeController"",\n                {}\n            ],\n            ""lane_change_params"": {\n                ""controller_params"": {\n                    ""laneChangeModel"": ""LC2013"",\n                    ""lcCooperative"": ""1.0"",\n                    ""lcKeepRight"": ""1.0"",\n                    ""lcSpeedGain"": ""1.0"",\n                    ""lcStrategic"": ""1.0""\n                },\n                ""lane_change_mode"": 512\n            },\n            ""num_vehicles"": 13,\n            ""routing_controller"": [\n                ""ContinuousRouter"",\n                {}\n            ],\n            ""veh_id"": ""human""\n        },\n        {\n            ""acceleration_controller"": [\n                ""RLController"",\n                {}\n            ],\n            ""car_following_params"": {\n                ""controller_params"": {\n                    ""accel"": 1.0,\n                    ""carFollowModel"": ""IDM"",\n                    ""decel"": 1.5,\n                    ""impatience"": 0.5,\n                    ""maxSpeed"": 30,\n                    ""minGap"": 2.5,\n                    ""sigma"": 0.5,\n                    ""speedDev"": 0.1,\n                    ""speedFactor"": 1.0,\n                    ""tau"": 1.0\n                },\n                ""speed_mode"": 1\n            },\n            ""initial_speed"": 0,\n            ""lane_change_controller"": [\n                ""SimLaneChangeController"",\n                {}\n            ],\n            ""lane_change_params"": {\n                ""controller_params"": {\n                    ""laneChangeModel"": ""LC2013"",\n                    ""lcCooperative"": ""1.0"",\n                    ""lcKeepRight"": ""1.0"",\n                    ""lcSpeedGain"": ""1.0"",\n                    ""lcStrategic"": ""1.0""\n                },\n                ""lane_change_mode"": 512\n            },\n            ""num_vehicles"": 1,\n            ""routing_controller"": [\n                ""ContinuousRouter"",\n                {}\n            ],\n            ""veh_id"": ""rl""\n        }\n    ]\n}'}, 'env': 'AccelEnv-v0', 'local_evaluator_tf_session_args': {'inter_op_parallelism_threads': 8, 'intra_op_parallelism_threads': 8}, 'model': {'free_log_std': False, 'custom_options': {}, 'framestack': True, 'channel_major': False, 'max_seq_len': 20, 'lstm_use_prev_action_reward': False, 'squash_to_range': False, 'dim': 84, 'grayscale': False, 'fcnet_hiddens': [100, 50, 25], 'use_lstm': False, 'custom_model': None, 'fcnet_activation': 'tanh', 'conv_filters': None, 'conv_activation': 'relu', 'lstm_cell_size': 256, 'zero_mean': True, 'custom_preprocessor': None}, 'output_compress_columns': ['obs', 'new_obs'], 'monitor': False, 'custom_resources_per_worker': {}, 'output_max_file_size': 67108864, 'num_workers': 1, 'clip_param': 0.3, 'kl_coeff': 0.2, 'multiagent': {'policy_graphs': {}, 'policy_mapping_fn': None, 'policies_to_train': None}, 'input_evaluation': None, 'output': None, 'collect_metrics_timeout': 180, 'num_cpus_per_worker': 1}",169.237.32.118,1,1248.99,9.88125491142273,"{'num_steps_sampled': 323200, 'load_time_ms': 1.171, 'default': {'kl': 0.011835387907922268, 'cur_lr': 0.0005000000237487257, 'total_loss': 0.49660611152648926, 'policy_loss': -0.02210739441215992, 'vf_explained_var': 0.9916843771934509, 'entropy': 1.7228657007217407, 'cur_kl_coeff': 0.20549456775188446, 'vf_loss': 0.5162814259529114}, 'sample_time_ms': 9542.252, 'grad_time_ms': 275.185, 'update_time_ms': 4.97, 'num_steps_trained': 323200}",351.94017059566437,2019-04-02_08-10-13,kronos,71,323200,0,2003.1185522079468,{},323200,202,202,2003.1185522079468,476.96347428500655,1600,1554192613,{},0b32d2eec3344b1fbde4822793b2e447,66.4306665637337
False,261,"{'input': 'sampler', 'callbacks': {'on_train_result': None, 'on_sample_end': None, 'on_episode_step': None, 'on_episode_start': None, 'on_episode_end': None}, 'sample_batch_size': 200, 'clip_actions': False, 'clip_rewards': None, 'tf_session_args': {'inter_op_parallelism_threads': 2, 'intra_op_parallelism_threads': 2, 'device_count': {'CPU': 1}, 'log_device_placement': False, 'allow_soft_placement': True, 'gpu_options': {'allow_growth': True}}, 'kl_target': 0.01, 'horizon': 1500, 'lr': 0.0005, 'sample_async': False, 'simple_optimizer': False, 'compress_observations': False, 'num_envs_per_worker': 1, 'gamma': 0.99, 'sgd_minibatch_size': 128, 'observation_filter': 'NoFilter', 'entropy_coeff': 0.0, 'batch_mode': 'truncate_episodes', 'straggler_mitigation': False, 'vf_share_layers': False, 'num_gpus': 0, 'synchronize_filters': True, 'num_sgd_iter': 10, 'train_batch_size': 1500, 'optimizer': {}, 'num_gpus_per_worker': 0, 'preprocessor_pref': 'deepmind', 'num_cpus_for_driver': 1, 'lr_schedule': None, 'use_gae': True, 'lambda': 0.97, 'vf_loss_coeff': 1.0, 'vf_clip_param': 1000000.0, 'log_level': 'INFO', 'env_config': {'run': 'PPO', 'flow_params': '{\n    ""env"": {\n        ""additional_params"": {\n            ""max_accel"": 3,\n            ""max_decel"": 3,\n            ""sort_vehicles"": false,\n            ""target_velocity"": 20\n        },\n        ""evaluate"": false,\n        ""horizon"": 1500,\n        ""sims_per_step"": 1,\n        ""warmup_steps"": 0\n    },\n    ""env_name"": ""AccelEnv"",\n    ""exp_tag"": ""figure_eight_0"",\n    ""initial"": {\n        ""additional_params"": {},\n        ""bunching"": 0,\n        ""edges_distribution"": ""all"",\n        ""lanes_distribution"": Infinity,\n        ""min_gap"": 0,\n        ""perturbation"": 0.0,\n        ""shuffle"": false,\n        ""spacing"": ""uniform"",\n        ""x0"": 0\n    },\n    ""net"": {\n        ""additional_params"": {\n            ""lanes"": 1,\n            ""radius_ring"": 30,\n            ""resolution"": 40,\n            ""speed_limit"": 30\n        },\n        ""inflows"": {\n            ""_InFlows__flows"": [],\n            ""num_flows"": 0\n        },\n        ""netfile"": null,\n        ""no_internal_links"": false,\n        ""osm_path"": null\n    },\n    ""scenario"": ""Figure8Scenario"",\n    ""sim"": {\n        ""emission_path"": null,\n        ""lateral_resolution"": null,\n        ""no_step_log"": true,\n        ""num_clients"": 1,\n        ""overtake_right"": false,\n        ""port"": null,\n        ""print_warnings"": true,\n        ""pxpm"": 2,\n        ""render"": false,\n        ""restart_instance"": false,\n        ""save_render"": false,\n        ""seed"": null,\n        ""show_radius"": false,\n        ""sight_radius"": 25,\n        ""sim_step"": 0.1,\n        ""teleport_time"": -1\n    },\n    ""simulator"": ""traci"",\n    ""veh"": [\n        {\n            ""acceleration_controller"": [\n                ""IDMController"",\n                {\n                    ""noise"": 0.2\n                }\n            ],\n            ""car_following_params"": {\n                ""controller_params"": {\n                    ""accel"": 1.0,\n                    ""carFollowModel"": ""IDM"",\n                    ""decel"": 1.5,\n                    ""impatience"": 0.5,\n                    ""maxSpeed"": 30,\n                    ""minGap"": 2.5,\n                    ""sigma"": 0.5,\n                    ""speedDev"": 0.1,\n                    ""speedFactor"": 1.0,\n                    ""tau"": 1.0\n                },\n                ""speed_mode"": 1\n            },\n            ""initial_speed"": 0,\n            ""lane_change_controller"": [\n                ""SimLaneChangeController"",\n                {}\n            ],\n            ""lane_change_params"": {\n                ""controller_params"": {\n                    ""laneChangeModel"": ""LC2013"",\n                    ""lcCooperative"": ""1.0"",\n                    ""lcKeepRight"": ""1.0"",\n                    ""lcSpeedGain"": ""1.0"",\n                    ""lcStrategic"": ""1.0""\n                },\n                ""lane_change_mode"": 512\n            },\n            ""num_vehicles"": 13,\n            ""routing_controller"": [\n                ""ContinuousRouter"",\n                {}\n            ],\n            ""veh_id"": ""human""\n        },\n        {\n            ""acceleration_controller"": [\n                ""RLController"",\n                {}\n            ],\n            ""car_following_params"": {\n                ""controller_params"": {\n                    ""accel"": 1.0,\n                    ""carFollowModel"": ""IDM"",\n                    ""decel"": 1.5,\n                    ""impatience"": 0.5,\n                    ""maxSpeed"": 30,\n                    ""minGap"": 2.5,\n                    ""sigma"": 0.5,\n                    ""speedDev"": 0.1,\n                    ""speedFactor"": 1.0,\n                    ""tau"": 1.0\n                },\n                ""speed_mode"": 1\n            },\n            ""initial_speed"": 0,\n            ""lane_change_controller"": [\n                ""SimLaneChangeController"",\n                {}\n            ],\n            ""lane_change_params"": {\n                ""controller_params"": {\n                    ""laneChangeModel"": ""LC2013"",\n                    ""lcCooperative"": ""1.0"",\n                    ""lcKeepRight"": ""1.0"",\n                    ""lcSpeedGain"": ""1.0"",\n                    ""lcStrategic"": ""1.0""\n                },\n                ""lane_change_mode"": 512\n            },\n            ""num_vehicles"": 1,\n            ""routing_controller"": [\n                ""ContinuousRouter"",\n                {}\n            ],\n            ""veh_id"": ""rl""\n        }\n    ]\n}'}, 'env': 'AccelEnv-v0', 'local_evaluator_tf_session_args': {'inter_op_parallelism_threads': 8, 'intra_op_parallelism_threads': 8}, 'model': {'free_log_std': False, 'custom_options': {}, 'framestack': True, 'channel_major': False, 'max_seq_len': 20, 'lstm_use_prev_action_reward': False, 'squash_to_range': False, 'dim': 84, 'grayscale': False, 'fcnet_hiddens': [100, 50, 25], 'use_lstm': False, 'custom_model': None, 'fcnet_activation': 'tanh', 'conv_filters': None, 'conv_activation': 'relu', 'lstm_cell_size': 256, 'zero_mean': True, 'custom_preprocessor': None}, 'output_compress_columns': ['obs', 'new_obs'], 'monitor': False, 'custom_resources_per_worker': {}, 'output_max_file_size': 67108864, 'num_workers': 1, 'clip_param': 0.3, 'kl_coeff': 0.2, 'multiagent': {'policy_graphs': {}, 'policy_mapping_fn': None, 'policies_to_train': None}, 'input_evaluation': None, 'output': None, 'collect_metrics_timeout': 180, 'num_cpus_per_worker': 1}",169.237.32.118,2,1253.65,9.92866587638855,"{'num_steps_sampled': 324800, 'load_time_ms': 1.217, 'default': {'kl': 0.012933987192809582, 'cur_lr': 0.0005000000237487257, 'total_loss': 0.6002616286277771, 'policy_loss': -0.010081598535180092, 'vf_explained_var': 0.9857019782066345, 'entropy': 1.6133674383163452, 'cur_kl_coeff': 0.20549456775188446, 'vf_loss': 0.6076853275299072}, 'sample_time_ms': 9532.163, 'grad_time_ms': 277.934, 'update_time_ms': 4.793, 'num_steps_trained': 324800}",352.7398865317741,2019-04-02_08-10-23,kronos,71,324800,0,2013.0472180843353,{},324800,203,203,2013.0472180843353,476.96347428500655,1600,1554192623,{},0b32d2eec3344b1fbde4822793b2e447,66.4306665637337
False,262,"{'input': 'sampler', 'callbacks': {'on_train_result': None, 'on_sample_end': None, 'on_episode_step': None, 'on_episode_start': None, 'on_episode_end': None}, 'sample_batch_size': 200, 'clip_actions': False, 'clip_rewards': None, 'tf_session_args': {'inter_op_parallelism_threads': 2, 'intra_op_parallelism_threads': 2, 'device_count': {'CPU': 1}, 'log_device_placement': False, 'allow_soft_placement': True, 'gpu_options': {'allow_growth': True}}, 'kl_target': 0.01, 'horizon': 1500, 'lr': 0.0005, 'sample_async': False, 'simple_optimizer': False, 'compress_observations': False, 'num_envs_per_worker': 1, 'gamma': 0.99, 'sgd_minibatch_size': 128, 'observation_filter': 'NoFilter', 'entropy_coeff': 0.0, 'batch_mode': 'truncate_episodes', 'straggler_mitigation': False, 'vf_share_layers': False, 'num_gpus': 0, 'synchronize_filters': True, 'num_sgd_iter': 10, 'train_batch_size': 1500, 'optimizer': {}, 'num_gpus_per_worker': 0, 'preprocessor_pref': 'deepmind', 'num_cpus_for_driver': 1, 'lr_schedule': None, 'use_gae': True, 'lambda': 0.97, 'vf_loss_coeff': 1.0, 'vf_clip_param': 1000000.0, 'log_level': 'INFO', 'env_config': {'run': 'PPO', 'flow_params': '{\n    ""env"": {\n        ""additional_params"": {\n            ""max_accel"": 3,\n            ""max_decel"": 3,\n            ""sort_vehicles"": false,\n            ""target_velocity"": 20\n        },\n        ""evaluate"": false,\n        ""horizon"": 1500,\n        ""sims_per_step"": 1,\n        ""warmup_steps"": 0\n    },\n    ""env_name"": ""AccelEnv"",\n    ""exp_tag"": ""figure_eight_0"",\n    ""initial"": {\n        ""additional_params"": {},\n        ""bunching"": 0,\n        ""edges_distribution"": ""all"",\n        ""lanes_distribution"": Infinity,\n        ""min_gap"": 0,\n        ""perturbation"": 0.0,\n        ""shuffle"": false,\n        ""spacing"": ""uniform"",\n        ""x0"": 0\n    },\n    ""net"": {\n        ""additional_params"": {\n            ""lanes"": 1,\n            ""radius_ring"": 30,\n            ""resolution"": 40,\n            ""speed_limit"": 30\n        },\n        ""inflows"": {\n            ""_InFlows__flows"": [],\n            ""num_flows"": 0\n        },\n        ""netfile"": null,\n        ""no_internal_links"": false,\n        ""osm_path"": null\n    },\n    ""scenario"": ""Figure8Scenario"",\n    ""sim"": {\n        ""emission_path"": null,\n        ""lateral_resolution"": null,\n        ""no_step_log"": true,\n        ""num_clients"": 1,\n        ""overtake_right"": false,\n        ""port"": null,\n        ""print_warnings"": true,\n        ""pxpm"": 2,\n        ""render"": false,\n        ""restart_instance"": false,\n        ""save_render"": false,\n        ""seed"": null,\n        ""show_radius"": false,\n        ""sight_radius"": 25,\n        ""sim_step"": 0.1,\n        ""teleport_time"": -1\n    },\n    ""simulator"": ""traci"",\n    ""veh"": [\n        {\n            ""acceleration_controller"": [\n                ""IDMController"",\n                {\n                    ""noise"": 0.2\n                }\n            ],\n            ""car_following_params"": {\n                ""controller_params"": {\n                    ""accel"": 1.0,\n                    ""carFollowModel"": ""IDM"",\n                    ""decel"": 1.5,\n                    ""impatience"": 0.5,\n                    ""maxSpeed"": 30,\n                    ""minGap"": 2.5,\n                    ""sigma"": 0.5,\n                    ""speedDev"": 0.1,\n                    ""speedFactor"": 1.0,\n                    ""tau"": 1.0\n                },\n                ""speed_mode"": 1\n            },\n            ""initial_speed"": 0,\n            ""lane_change_controller"": [\n                ""SimLaneChangeController"",\n                {}\n            ],\n            ""lane_change_params"": {\n                ""controller_params"": {\n                    ""laneChangeModel"": ""LC2013"",\n                    ""lcCooperative"": ""1.0"",\n                    ""lcKeepRight"": ""1.0"",\n                    ""lcSpeedGain"": ""1.0"",\n                    ""lcStrategic"": ""1.0""\n                },\n                ""lane_change_mode"": 512\n            },\n            ""num_vehicles"": 13,\n            ""routing_controller"": [\n                ""ContinuousRouter"",\n                {}\n            ],\n            ""veh_id"": ""human""\n        },\n        {\n            ""acceleration_controller"": [\n                ""RLController"",\n                {}\n            ],\n            ""car_following_params"": {\n                ""controller_params"": {\n                    ""accel"": 1.0,\n                    ""carFollowModel"": ""IDM"",\n                    ""decel"": 1.5,\n                    ""impatience"": 0.5,\n                    ""maxSpeed"": 30,\n                    ""minGap"": 2.5,\n                    ""sigma"": 0.5,\n                    ""speedDev"": 0.1,\n                    ""speedFactor"": 1.0,\n                    ""tau"": 1.0\n                },\n                ""speed_mode"": 1\n            },\n            ""initial_speed"": 0,\n            ""lane_change_controller"": [\n                ""SimLaneChangeController"",\n                {}\n            ],\n            ""lane_change_params"": {\n                ""controller_params"": {\n                    ""laneChangeModel"": ""LC2013"",\n                    ""lcCooperative"": ""1.0"",\n                    ""lcKeepRight"": ""1.0"",\n                    ""lcSpeedGain"": ""1.0"",\n                    ""lcStrategic"": ""1.0""\n                },\n                ""lane_change_mode"": 512\n            },\n            ""num_vehicles"": 1,\n            ""routing_controller"": [\n                ""ContinuousRouter"",\n                {}\n            ],\n            ""veh_id"": ""rl""\n        }\n    ]\n}'}, 'env': 'AccelEnv-v0', 'local_evaluator_tf_session_args': {'inter_op_parallelism_threads': 8, 'intra_op_parallelism_threads': 8}, 'model': {'free_log_std': False, 'custom_options': {}, 'framestack': True, 'channel_major': False, 'max_seq_len': 20, 'lstm_use_prev_action_reward': False, 'squash_to_range': False, 'dim': 84, 'grayscale': False, 'fcnet_hiddens': [100, 50, 25], 'use_lstm': False, 'custom_model': None, 'fcnet_activation': 'tanh', 'conv_filters': None, 'conv_activation': 'relu', 'lstm_cell_size': 256, 'zero_mean': True, 'custom_preprocessor': None}, 'output_compress_columns': ['obs', 'new_obs'], 'monitor': False, 'custom_resources_per_worker': {}, 'output_max_file_size': 67108864, 'num_workers': 1, 'clip_param': 0.3, 'kl_coeff': 0.2, 'multiagent': {'policy_graphs': {}, 'policy_mapping_fn': None, 'policies_to_train': None}, 'input_evaluation': None, 'output': None, 'collect_metrics_timeout': 180, 'num_cpus_per_worker': 1}",169.237.32.118,1,1265.62,9.95738434791565,"{'num_steps_sampled': 326400, 'load_time_ms': 1.213, 'default': {'kl': 0.0071893311105668545, 'cur_lr': 0.0005000000237487257, 'total_loss': 0.4231783151626587, 'policy_loss': -0.007526492699980736, 'vf_explained_var': 0.9928575158119202, 'entropy': 1.5014533996582031, 'cur_kl_coeff': 0.20549456775188446, 'vf_loss': 0.42922738194465637}, 'sample_time_ms': 9536.528, 'grad_time_ms': 277.468, 'update_time_ms': 4.568, 'num_steps_trained': 326400}",356.08012780697686,2019-04-02_08-10-33,kronos,71,326400,0,2023.004602432251,{},326400,204,204,2023.004602432251,476.96347428500655,1600,1554192633,{},0b32d2eec3344b1fbde4822793b2e447,66.4306665637337
False,263,"{'input': 'sampler', 'callbacks': {'on_train_result': None, 'on_sample_end': None, 'on_episode_step': None, 'on_episode_start': None, 'on_episode_end': None}, 'sample_batch_size': 200, 'clip_actions': False, 'clip_rewards': None, 'tf_session_args': {'inter_op_parallelism_threads': 2, 'intra_op_parallelism_threads': 2, 'device_count': {'CPU': 1}, 'log_device_placement': False, 'allow_soft_placement': True, 'gpu_options': {'allow_growth': True}}, 'kl_target': 0.01, 'horizon': 1500, 'lr': 0.0005, 'sample_async': False, 'simple_optimizer': False, 'compress_observations': False, 'num_envs_per_worker': 1, 'gamma': 0.99, 'sgd_minibatch_size': 128, 'observation_filter': 'NoFilter', 'entropy_coeff': 0.0, 'batch_mode': 'truncate_episodes', 'straggler_mitigation': False, 'vf_share_layers': False, 'num_gpus': 0, 'synchronize_filters': True, 'num_sgd_iter': 10, 'train_batch_size': 1500, 'optimizer': {}, 'num_gpus_per_worker': 0, 'preprocessor_pref': 'deepmind', 'num_cpus_for_driver': 1, 'lr_schedule': None, 'use_gae': True, 'lambda': 0.97, 'vf_loss_coeff': 1.0, 'vf_clip_param': 1000000.0, 'log_level': 'INFO', 'env_config': {'run': 'PPO', 'flow_params': '{\n    ""env"": {\n        ""additional_params"": {\n            ""max_accel"": 3,\n            ""max_decel"": 3,\n            ""sort_vehicles"": false,\n            ""target_velocity"": 20\n        },\n        ""evaluate"": false,\n        ""horizon"": 1500,\n        ""sims_per_step"": 1,\n        ""warmup_steps"": 0\n    },\n    ""env_name"": ""AccelEnv"",\n    ""exp_tag"": ""figure_eight_0"",\n    ""initial"": {\n        ""additional_params"": {},\n        ""bunching"": 0,\n        ""edges_distribution"": ""all"",\n        ""lanes_distribution"": Infinity,\n        ""min_gap"": 0,\n        ""perturbation"": 0.0,\n        ""shuffle"": false,\n        ""spacing"": ""uniform"",\n        ""x0"": 0\n    },\n    ""net"": {\n        ""additional_params"": {\n            ""lanes"": 1,\n            ""radius_ring"": 30,\n            ""resolution"": 40,\n            ""speed_limit"": 30\n        },\n        ""inflows"": {\n            ""_InFlows__flows"": [],\n            ""num_flows"": 0\n        },\n        ""netfile"": null,\n        ""no_internal_links"": false,\n        ""osm_path"": null\n    },\n    ""scenario"": ""Figure8Scenario"",\n    ""sim"": {\n        ""emission_path"": null,\n        ""lateral_resolution"": null,\n        ""no_step_log"": true,\n        ""num_clients"": 1,\n        ""overtake_right"": false,\n        ""port"": null,\n        ""print_warnings"": true,\n        ""pxpm"": 2,\n        ""render"": false,\n        ""restart_instance"": false,\n        ""save_render"": false,\n        ""seed"": null,\n        ""show_radius"": false,\n        ""sight_radius"": 25,\n        ""sim_step"": 0.1,\n        ""teleport_time"": -1\n    },\n    ""simulator"": ""traci"",\n    ""veh"": [\n        {\n            ""acceleration_controller"": [\n                ""IDMController"",\n                {\n                    ""noise"": 0.2\n                }\n            ],\n            ""car_following_params"": {\n                ""controller_params"": {\n                    ""accel"": 1.0,\n                    ""carFollowModel"": ""IDM"",\n                    ""decel"": 1.5,\n                    ""impatience"": 0.5,\n                    ""maxSpeed"": 30,\n                    ""minGap"": 2.5,\n                    ""sigma"": 0.5,\n                    ""speedDev"": 0.1,\n                    ""speedFactor"": 1.0,\n                    ""tau"": 1.0\n                },\n                ""speed_mode"": 1\n            },\n            ""initial_speed"": 0,\n            ""lane_change_controller"": [\n                ""SimLaneChangeController"",\n                {}\n            ],\n            ""lane_change_params"": {\n                ""controller_params"": {\n                    ""laneChangeModel"": ""LC2013"",\n                    ""lcCooperative"": ""1.0"",\n                    ""lcKeepRight"": ""1.0"",\n                    ""lcSpeedGain"": ""1.0"",\n                    ""lcStrategic"": ""1.0""\n                },\n                ""lane_change_mode"": 512\n            },\n            ""num_vehicles"": 13,\n            ""routing_controller"": [\n                ""ContinuousRouter"",\n                {}\n            ],\n            ""veh_id"": ""human""\n        },\n        {\n            ""acceleration_controller"": [\n                ""RLController"",\n                {}\n            ],\n            ""car_following_params"": {\n                ""controller_params"": {\n                    ""accel"": 1.0,\n                    ""carFollowModel"": ""IDM"",\n                    ""decel"": 1.5,\n                    ""impatience"": 0.5,\n                    ""maxSpeed"": 30,\n                    ""minGap"": 2.5,\n                    ""sigma"": 0.5,\n                    ""speedDev"": 0.1,\n                    ""speedFactor"": 1.0,\n                    ""tau"": 1.0\n                },\n                ""speed_mode"": 1\n            },\n            ""initial_speed"": 0,\n            ""lane_change_controller"": [\n                ""SimLaneChangeController"",\n                {}\n            ],\n            ""lane_change_params"": {\n                ""controller_params"": {\n                    ""laneChangeModel"": ""LC2013"",\n                    ""lcCooperative"": ""1.0"",\n                    ""lcKeepRight"": ""1.0"",\n                    ""lcSpeedGain"": ""1.0"",\n                    ""lcStrategic"": ""1.0""\n                },\n                ""lane_change_mode"": 512\n            },\n            ""num_vehicles"": 1,\n            ""routing_controller"": [\n                ""ContinuousRouter"",\n                {}\n            ],\n            ""veh_id"": ""rl""\n        }\n    ]\n}'}, 'env': 'AccelEnv-v0', 'local_evaluator_tf_session_args': {'inter_op_parallelism_threads': 8, 'intra_op_parallelism_threads': 8}, 'model': {'free_log_std': False, 'custom_options': {}, 'framestack': True, 'channel_major': False, 'max_seq_len': 20, 'lstm_use_prev_action_reward': False, 'squash_to_range': False, 'dim': 84, 'grayscale': False, 'fcnet_hiddens': [100, 50, 25], 'use_lstm': False, 'custom_model': None, 'fcnet_activation': 'tanh', 'conv_filters': None, 'conv_activation': 'relu', 'lstm_cell_size': 256, 'zero_mean': True, 'custom_preprocessor': None}, 'output_compress_columns': ['obs', 'new_obs'], 'monitor': False, 'custom_resources_per_worker': {}, 'output_max_file_size': 67108864, 'num_workers': 1, 'clip_param': 0.3, 'kl_coeff': 0.2, 'multiagent': {'policy_graphs': {}, 'policy_mapping_fn': None, 'policies_to_train': None}, 'input_evaluation': None, 'output': None, 'collect_metrics_timeout': 180, 'num_cpus_per_worker': 1}",169.237.32.118,1,1265.62,9.818958282470703,"{'num_steps_sampled': 328000, 'load_time_ms': 1.239, 'default': {'kl': 0.010705605149269104, 'cur_lr': 0.0005000000237487257, 'total_loss': 0.7868595719337463, 'policy_loss': -0.021260147914290428, 'vf_explained_var': 0.9830905795097351, 'entropy': 1.5492397546768188, 'cur_kl_coeff': 0.20549456775188446, 'vf_loss': 0.8059198260307312}, 'sample_time_ms': 9526.045, 'grad_time_ms': 276.791, 'update_time_ms': 4.554, 'num_steps_trained': 328000}",356.1903951919829,2019-04-02_08-10-42,kronos,71,328000,0,2032.8235607147217,{},328000,205,205,2032.8235607147217,476.96347428500655,1600,1554192642,{},0b32d2eec3344b1fbde4822793b2e447,66.4306665637337
False,265,"{'input': 'sampler', 'callbacks': {'on_train_result': None, 'on_sample_end': None, 'on_episode_step': None, 'on_episode_start': None, 'on_episode_end': None}, 'sample_batch_size': 200, 'clip_actions': False, 'clip_rewards': None, 'tf_session_args': {'inter_op_parallelism_threads': 2, 'intra_op_parallelism_threads': 2, 'device_count': {'CPU': 1}, 'log_device_placement': False, 'allow_soft_placement': True, 'gpu_options': {'allow_growth': True}}, 'kl_target': 0.01, 'horizon': 1500, 'lr': 0.0005, 'sample_async': False, 'simple_optimizer': False, 'compress_observations': False, 'num_envs_per_worker': 1, 'gamma': 0.99, 'sgd_minibatch_size': 128, 'observation_filter': 'NoFilter', 'entropy_coeff': 0.0, 'batch_mode': 'truncate_episodes', 'straggler_mitigation': False, 'vf_share_layers': False, 'num_gpus': 0, 'synchronize_filters': True, 'num_sgd_iter': 10, 'train_batch_size': 1500, 'optimizer': {}, 'num_gpus_per_worker': 0, 'preprocessor_pref': 'deepmind', 'num_cpus_for_driver': 1, 'lr_schedule': None, 'use_gae': True, 'lambda': 0.97, 'vf_loss_coeff': 1.0, 'vf_clip_param': 1000000.0, 'log_level': 'INFO', 'env_config': {'run': 'PPO', 'flow_params': '{\n    ""env"": {\n        ""additional_params"": {\n            ""max_accel"": 3,\n            ""max_decel"": 3,\n            ""sort_vehicles"": false,\n            ""target_velocity"": 20\n        },\n        ""evaluate"": false,\n        ""horizon"": 1500,\n        ""sims_per_step"": 1,\n        ""warmup_steps"": 0\n    },\n    ""env_name"": ""AccelEnv"",\n    ""exp_tag"": ""figure_eight_0"",\n    ""initial"": {\n        ""additional_params"": {},\n        ""bunching"": 0,\n        ""edges_distribution"": ""all"",\n        ""lanes_distribution"": Infinity,\n        ""min_gap"": 0,\n        ""perturbation"": 0.0,\n        ""shuffle"": false,\n        ""spacing"": ""uniform"",\n        ""x0"": 0\n    },\n    ""net"": {\n        ""additional_params"": {\n            ""lanes"": 1,\n            ""radius_ring"": 30,\n            ""resolution"": 40,\n            ""speed_limit"": 30\n        },\n        ""inflows"": {\n            ""_InFlows__flows"": [],\n            ""num_flows"": 0\n        },\n        ""netfile"": null,\n        ""no_internal_links"": false,\n        ""osm_path"": null\n    },\n    ""scenario"": ""Figure8Scenario"",\n    ""sim"": {\n        ""emission_path"": null,\n        ""lateral_resolution"": null,\n        ""no_step_log"": true,\n        ""num_clients"": 1,\n        ""overtake_right"": false,\n        ""port"": null,\n        ""print_warnings"": true,\n        ""pxpm"": 2,\n        ""render"": false,\n        ""restart_instance"": false,\n        ""save_render"": false,\n        ""seed"": null,\n        ""show_radius"": false,\n        ""sight_radius"": 25,\n        ""sim_step"": 0.1,\n        ""teleport_time"": -1\n    },\n    ""simulator"": ""traci"",\n    ""veh"": [\n        {\n            ""acceleration_controller"": [\n                ""IDMController"",\n                {\n                    ""noise"": 0.2\n                }\n            ],\n            ""car_following_params"": {\n                ""controller_params"": {\n                    ""accel"": 1.0,\n                    ""carFollowModel"": ""IDM"",\n                    ""decel"": 1.5,\n                    ""impatience"": 0.5,\n                    ""maxSpeed"": 30,\n                    ""minGap"": 2.5,\n                    ""sigma"": 0.5,\n                    ""speedDev"": 0.1,\n                    ""speedFactor"": 1.0,\n                    ""tau"": 1.0\n                },\n                ""speed_mode"": 1\n            },\n            ""initial_speed"": 0,\n            ""lane_change_controller"": [\n                ""SimLaneChangeController"",\n                {}\n            ],\n            ""lane_change_params"": {\n                ""controller_params"": {\n                    ""laneChangeModel"": ""LC2013"",\n                    ""lcCooperative"": ""1.0"",\n                    ""lcKeepRight"": ""1.0"",\n                    ""lcSpeedGain"": ""1.0"",\n                    ""lcStrategic"": ""1.0""\n                },\n                ""lane_change_mode"": 512\n            },\n            ""num_vehicles"": 13,\n            ""routing_controller"": [\n                ""ContinuousRouter"",\n                {}\n            ],\n            ""veh_id"": ""human""\n        },\n        {\n            ""acceleration_controller"": [\n                ""RLController"",\n                {}\n            ],\n            ""car_following_params"": {\n                ""controller_params"": {\n                    ""accel"": 1.0,\n                    ""carFollowModel"": ""IDM"",\n                    ""decel"": 1.5,\n                    ""impatience"": 0.5,\n                    ""maxSpeed"": 30,\n                    ""minGap"": 2.5,\n                    ""sigma"": 0.5,\n                    ""speedDev"": 0.1,\n                    ""speedFactor"": 1.0,\n                    ""tau"": 1.0\n                },\n                ""speed_mode"": 1\n            },\n            ""initial_speed"": 0,\n            ""lane_change_controller"": [\n                ""SimLaneChangeController"",\n                {}\n            ],\n            ""lane_change_params"": {\n                ""controller_params"": {\n                    ""laneChangeModel"": ""LC2013"",\n                    ""lcCooperative"": ""1.0"",\n                    ""lcKeepRight"": ""1.0"",\n                    ""lcSpeedGain"": ""1.0"",\n                    ""lcStrategic"": ""1.0""\n                },\n                ""lane_change_mode"": 512\n            },\n            ""num_vehicles"": 1,\n            ""routing_controller"": [\n                ""ContinuousRouter"",\n                {}\n            ],\n            ""veh_id"": ""rl""\n        }\n    ]\n}'}, 'env': 'AccelEnv-v0', 'local_evaluator_tf_session_args': {'inter_op_parallelism_threads': 8, 'intra_op_parallelism_threads': 8}, 'model': {'free_log_std': False, 'custom_options': {}, 'framestack': True, 'channel_major': False, 'max_seq_len': 20, 'lstm_use_prev_action_reward': False, 'squash_to_range': False, 'dim': 84, 'grayscale': False, 'fcnet_hiddens': [100, 50, 25], 'use_lstm': False, 'custom_model': None, 'fcnet_activation': 'tanh', 'conv_filters': None, 'conv_activation': 'relu', 'lstm_cell_size': 256, 'zero_mean': True, 'custom_preprocessor': None}, 'output_compress_columns': ['obs', 'new_obs'], 'monitor': False, 'custom_resources_per_worker': {}, 'output_max_file_size': 67108864, 'num_workers': 1, 'clip_param': 0.3, 'kl_coeff': 0.2, 'multiagent': {'policy_graphs': {}, 'policy_mapping_fn': None, 'policies_to_train': None}, 'input_evaluation': None, 'output': None, 'collect_metrics_timeout': 180, 'num_cpus_per_worker': 1}",169.237.32.118,2,1269.98,9.602723121643066,"{'num_steps_sampled': 329600, 'load_time_ms': 1.268, 'default': {'kl': 0.01323746144771576, 'cur_lr': 0.0005000000237487257, 'total_loss': 1.419268012046814, 'policy_loss': -0.018560340628027916, 'vf_explained_var': 0.9827401041984558, 'entropy': 1.5925534963607788, 'cur_kl_coeff': 0.20549456775188446, 'vf_loss': 1.4351080656051636}, 'sample_time_ms': 9500.259, 'grad_time_ms': 277.162, 'update_time_ms': 4.505, 'num_steps_trained': 329600}",356.64524552634043,2019-04-02_08-10-52,kronos,71,329600,0,2042.4262838363647,{},329600,206,206,2042.4262838363647,476.96347428500655,1600,1554192652,{},0b32d2eec3344b1fbde4822793b2e447,66.4306665637337
False,266,"{'input': 'sampler', 'callbacks': {'on_train_result': None, 'on_sample_end': None, 'on_episode_step': None, 'on_episode_start': None, 'on_episode_end': None}, 'sample_batch_size': 200, 'clip_actions': False, 'clip_rewards': None, 'tf_session_args': {'inter_op_parallelism_threads': 2, 'intra_op_parallelism_threads': 2, 'device_count': {'CPU': 1}, 'log_device_placement': False, 'allow_soft_placement': True, 'gpu_options': {'allow_growth': True}}, 'kl_target': 0.01, 'horizon': 1500, 'lr': 0.0005, 'sample_async': False, 'simple_optimizer': False, 'compress_observations': False, 'num_envs_per_worker': 1, 'gamma': 0.99, 'sgd_minibatch_size': 128, 'observation_filter': 'NoFilter', 'entropy_coeff': 0.0, 'batch_mode': 'truncate_episodes', 'straggler_mitigation': False, 'vf_share_layers': False, 'num_gpus': 0, 'synchronize_filters': True, 'num_sgd_iter': 10, 'train_batch_size': 1500, 'optimizer': {}, 'num_gpus_per_worker': 0, 'preprocessor_pref': 'deepmind', 'num_cpus_for_driver': 1, 'lr_schedule': None, 'use_gae': True, 'lambda': 0.97, 'vf_loss_coeff': 1.0, 'vf_clip_param': 1000000.0, 'log_level': 'INFO', 'env_config': {'run': 'PPO', 'flow_params': '{\n    ""env"": {\n        ""additional_params"": {\n            ""max_accel"": 3,\n            ""max_decel"": 3,\n            ""sort_vehicles"": false,\n            ""target_velocity"": 20\n        },\n        ""evaluate"": false,\n        ""horizon"": 1500,\n        ""sims_per_step"": 1,\n        ""warmup_steps"": 0\n    },\n    ""env_name"": ""AccelEnv"",\n    ""exp_tag"": ""figure_eight_0"",\n    ""initial"": {\n        ""additional_params"": {},\n        ""bunching"": 0,\n        ""edges_distribution"": ""all"",\n        ""lanes_distribution"": Infinity,\n        ""min_gap"": 0,\n        ""perturbation"": 0.0,\n        ""shuffle"": false,\n        ""spacing"": ""uniform"",\n        ""x0"": 0\n    },\n    ""net"": {\n        ""additional_params"": {\n            ""lanes"": 1,\n            ""radius_ring"": 30,\n            ""resolution"": 40,\n            ""speed_limit"": 30\n        },\n        ""inflows"": {\n            ""_InFlows__flows"": [],\n            ""num_flows"": 0\n        },\n        ""netfile"": null,\n        ""no_internal_links"": false,\n        ""osm_path"": null\n    },\n    ""scenario"": ""Figure8Scenario"",\n    ""sim"": {\n        ""emission_path"": null,\n        ""lateral_resolution"": null,\n        ""no_step_log"": true,\n        ""num_clients"": 1,\n        ""overtake_right"": false,\n        ""port"": null,\n        ""print_warnings"": true,\n        ""pxpm"": 2,\n        ""render"": false,\n        ""restart_instance"": false,\n        ""save_render"": false,\n        ""seed"": null,\n        ""show_radius"": false,\n        ""sight_radius"": 25,\n        ""sim_step"": 0.1,\n        ""teleport_time"": -1\n    },\n    ""simulator"": ""traci"",\n    ""veh"": [\n        {\n            ""acceleration_controller"": [\n                ""IDMController"",\n                {\n                    ""noise"": 0.2\n                }\n            ],\n            ""car_following_params"": {\n                ""controller_params"": {\n                    ""accel"": 1.0,\n                    ""carFollowModel"": ""IDM"",\n                    ""decel"": 1.5,\n                    ""impatience"": 0.5,\n                    ""maxSpeed"": 30,\n                    ""minGap"": 2.5,\n                    ""sigma"": 0.5,\n                    ""speedDev"": 0.1,\n                    ""speedFactor"": 1.0,\n                    ""tau"": 1.0\n                },\n                ""speed_mode"": 1\n            },\n            ""initial_speed"": 0,\n            ""lane_change_controller"": [\n                ""SimLaneChangeController"",\n                {}\n            ],\n            ""lane_change_params"": {\n                ""controller_params"": {\n                    ""laneChangeModel"": ""LC2013"",\n                    ""lcCooperative"": ""1.0"",\n                    ""lcKeepRight"": ""1.0"",\n                    ""lcSpeedGain"": ""1.0"",\n                    ""lcStrategic"": ""1.0""\n                },\n                ""lane_change_mode"": 512\n            },\n            ""num_vehicles"": 13,\n            ""routing_controller"": [\n                ""ContinuousRouter"",\n                {}\n            ],\n            ""veh_id"": ""human""\n        },\n        {\n            ""acceleration_controller"": [\n                ""RLController"",\n                {}\n            ],\n            ""car_following_params"": {\n                ""controller_params"": {\n                    ""accel"": 1.0,\n                    ""carFollowModel"": ""IDM"",\n                    ""decel"": 1.5,\n                    ""impatience"": 0.5,\n                    ""maxSpeed"": 30,\n                    ""minGap"": 2.5,\n                    ""sigma"": 0.5,\n                    ""speedDev"": 0.1,\n                    ""speedFactor"": 1.0,\n                    ""tau"": 1.0\n                },\n                ""speed_mode"": 1\n            },\n            ""initial_speed"": 0,\n            ""lane_change_controller"": [\n                ""SimLaneChangeController"",\n                {}\n            ],\n            ""lane_change_params"": {\n                ""controller_params"": {\n                    ""laneChangeModel"": ""LC2013"",\n                    ""lcCooperative"": ""1.0"",\n                    ""lcKeepRight"": ""1.0"",\n                    ""lcSpeedGain"": ""1.0"",\n                    ""lcStrategic"": ""1.0""\n                },\n                ""lane_change_mode"": 512\n            },\n            ""num_vehicles"": 1,\n            ""routing_controller"": [\n                ""ContinuousRouter"",\n                {}\n            ],\n            ""veh_id"": ""rl""\n        }\n    ]\n}'}, 'env': 'AccelEnv-v0', 'local_evaluator_tf_session_args': {'inter_op_parallelism_threads': 8, 'intra_op_parallelism_threads': 8}, 'model': {'free_log_std': False, 'custom_options': {}, 'framestack': True, 'channel_major': False, 'max_seq_len': 20, 'lstm_use_prev_action_reward': False, 'squash_to_range': False, 'dim': 84, 'grayscale': False, 'fcnet_hiddens': [100, 50, 25], 'use_lstm': False, 'custom_model': None, 'fcnet_activation': 'tanh', 'conv_filters': None, 'conv_activation': 'relu', 'lstm_cell_size': 256, 'zero_mean': True, 'custom_preprocessor': None}, 'output_compress_columns': ['obs', 'new_obs'], 'monitor': False, 'custom_resources_per_worker': {}, 'output_max_file_size': 67108864, 'num_workers': 1, 'clip_param': 0.3, 'kl_coeff': 0.2, 'multiagent': {'policy_graphs': {}, 'policy_mapping_fn': None, 'policies_to_train': None}, 'input_evaluation': None, 'output': None, 'collect_metrics_timeout': 180, 'num_cpus_per_worker': 1}",169.237.32.118,1,1269.98,9.929936408996582,"{'num_steps_sampled': 331200, 'load_time_ms': 1.274, 'default': {'kl': 0.0185586828738451, 'cur_lr': 0.0005000000237487257, 'total_loss': 2.4038093090057373, 'policy_loss': -0.03830544278025627, 'vf_explained_var': 0.939700186252594, 'entropy': 1.6378507614135742, 'cur_kl_coeff': 0.20549456775188446, 'vf_loss': 2.438300848007202}, 'sample_time_ms': 9532.568, 'grad_time_ms': 275.408, 'update_time_ms': 4.48, 'num_steps_trained': 331200}",357.18879238434033,2019-04-02_08-11-02,kronos,71,331200,0,2052.3562202453613,{},331200,207,207,2052.3562202453613,476.96347428500655,1600,1554192662,{},0b32d2eec3344b1fbde4822793b2e447,66.4306665637337
False,267,"{'input': 'sampler', 'callbacks': {'on_train_result': None, 'on_sample_end': None, 'on_episode_step': None, 'on_episode_start': None, 'on_episode_end': None}, 'sample_batch_size': 200, 'clip_actions': False, 'clip_rewards': None, 'tf_session_args': {'inter_op_parallelism_threads': 2, 'intra_op_parallelism_threads': 2, 'device_count': {'CPU': 1}, 'log_device_placement': False, 'allow_soft_placement': True, 'gpu_options': {'allow_growth': True}}, 'kl_target': 0.01, 'horizon': 1500, 'lr': 0.0005, 'sample_async': False, 'simple_optimizer': False, 'compress_observations': False, 'num_envs_per_worker': 1, 'gamma': 0.99, 'sgd_minibatch_size': 128, 'observation_filter': 'NoFilter', 'entropy_coeff': 0.0, 'batch_mode': 'truncate_episodes', 'straggler_mitigation': False, 'vf_share_layers': False, 'num_gpus': 0, 'synchronize_filters': True, 'num_sgd_iter': 10, 'train_batch_size': 1500, 'optimizer': {}, 'num_gpus_per_worker': 0, 'preprocessor_pref': 'deepmind', 'num_cpus_for_driver': 1, 'lr_schedule': None, 'use_gae': True, 'lambda': 0.97, 'vf_loss_coeff': 1.0, 'vf_clip_param': 1000000.0, 'log_level': 'INFO', 'env_config': {'run': 'PPO', 'flow_params': '{\n    ""env"": {\n        ""additional_params"": {\n            ""max_accel"": 3,\n            ""max_decel"": 3,\n            ""sort_vehicles"": false,\n            ""target_velocity"": 20\n        },\n        ""evaluate"": false,\n        ""horizon"": 1500,\n        ""sims_per_step"": 1,\n        ""warmup_steps"": 0\n    },\n    ""env_name"": ""AccelEnv"",\n    ""exp_tag"": ""figure_eight_0"",\n    ""initial"": {\n        ""additional_params"": {},\n        ""bunching"": 0,\n        ""edges_distribution"": ""all"",\n        ""lanes_distribution"": Infinity,\n        ""min_gap"": 0,\n        ""perturbation"": 0.0,\n        ""shuffle"": false,\n        ""spacing"": ""uniform"",\n        ""x0"": 0\n    },\n    ""net"": {\n        ""additional_params"": {\n            ""lanes"": 1,\n            ""radius_ring"": 30,\n            ""resolution"": 40,\n            ""speed_limit"": 30\n        },\n        ""inflows"": {\n            ""_InFlows__flows"": [],\n            ""num_flows"": 0\n        },\n        ""netfile"": null,\n        ""no_internal_links"": false,\n        ""osm_path"": null\n    },\n    ""scenario"": ""Figure8Scenario"",\n    ""sim"": {\n        ""emission_path"": null,\n        ""lateral_resolution"": null,\n        ""no_step_log"": true,\n        ""num_clients"": 1,\n        ""overtake_right"": false,\n        ""port"": null,\n        ""print_warnings"": true,\n        ""pxpm"": 2,\n        ""render"": false,\n        ""restart_instance"": false,\n        ""save_render"": false,\n        ""seed"": null,\n        ""show_radius"": false,\n        ""sight_radius"": 25,\n        ""sim_step"": 0.1,\n        ""teleport_time"": -1\n    },\n    ""simulator"": ""traci"",\n    ""veh"": [\n        {\n            ""acceleration_controller"": [\n                ""IDMController"",\n                {\n                    ""noise"": 0.2\n                }\n            ],\n            ""car_following_params"": {\n                ""controller_params"": {\n                    ""accel"": 1.0,\n                    ""carFollowModel"": ""IDM"",\n                    ""decel"": 1.5,\n                    ""impatience"": 0.5,\n                    ""maxSpeed"": 30,\n                    ""minGap"": 2.5,\n                    ""sigma"": 0.5,\n                    ""speedDev"": 0.1,\n                    ""speedFactor"": 1.0,\n                    ""tau"": 1.0\n                },\n                ""speed_mode"": 1\n            },\n            ""initial_speed"": 0,\n            ""lane_change_controller"": [\n                ""SimLaneChangeController"",\n                {}\n            ],\n            ""lane_change_params"": {\n                ""controller_params"": {\n                    ""laneChangeModel"": ""LC2013"",\n                    ""lcCooperative"": ""1.0"",\n                    ""lcKeepRight"": ""1.0"",\n                    ""lcSpeedGain"": ""1.0"",\n                    ""lcStrategic"": ""1.0""\n                },\n                ""lane_change_mode"": 512\n            },\n            ""num_vehicles"": 13,\n            ""routing_controller"": [\n                ""ContinuousRouter"",\n                {}\n            ],\n            ""veh_id"": ""human""\n        },\n        {\n            ""acceleration_controller"": [\n                ""RLController"",\n                {}\n            ],\n            ""car_following_params"": {\n                ""controller_params"": {\n                    ""accel"": 1.0,\n                    ""carFollowModel"": ""IDM"",\n                    ""decel"": 1.5,\n                    ""impatience"": 0.5,\n                    ""maxSpeed"": 30,\n                    ""minGap"": 2.5,\n                    ""sigma"": 0.5,\n                    ""speedDev"": 0.1,\n                    ""speedFactor"": 1.0,\n                    ""tau"": 1.0\n                },\n                ""speed_mode"": 1\n            },\n            ""initial_speed"": 0,\n            ""lane_change_controller"": [\n                ""SimLaneChangeController"",\n                {}\n            ],\n            ""lane_change_params"": {\n                ""controller_params"": {\n                    ""laneChangeModel"": ""LC2013"",\n                    ""lcCooperative"": ""1.0"",\n                    ""lcKeepRight"": ""1.0"",\n                    ""lcSpeedGain"": ""1.0"",\n                    ""lcStrategic"": ""1.0""\n                },\n                ""lane_change_mode"": 512\n            },\n            ""num_vehicles"": 1,\n            ""routing_controller"": [\n                ""ContinuousRouter"",\n                {}\n            ],\n            ""veh_id"": ""rl""\n        }\n    ]\n}'}, 'env': 'AccelEnv-v0', 'local_evaluator_tf_session_args': {'inter_op_parallelism_threads': 8, 'intra_op_parallelism_threads': 8}, 'model': {'free_log_std': False, 'custom_options': {}, 'framestack': True, 'channel_major': False, 'max_seq_len': 20, 'lstm_use_prev_action_reward': False, 'squash_to_range': False, 'dim': 84, 'grayscale': False, 'fcnet_hiddens': [100, 50, 25], 'use_lstm': False, 'custom_model': None, 'fcnet_activation': 'tanh', 'conv_filters': None, 'conv_activation': 'relu', 'lstm_cell_size': 256, 'zero_mean': True, 'custom_preprocessor': None}, 'output_compress_columns': ['obs', 'new_obs'], 'monitor': False, 'custom_resources_per_worker': {}, 'output_max_file_size': 67108864, 'num_workers': 1, 'clip_param': 0.3, 'kl_coeff': 0.2, 'multiagent': {'policy_graphs': {}, 'policy_mapping_fn': None, 'policies_to_train': None}, 'input_evaluation': None, 'output': None, 'collect_metrics_timeout': 180, 'num_cpus_per_worker': 1}",169.237.32.118,1,1269.98,9.769018411636353,"{'num_steps_sampled': 332800, 'load_time_ms': 1.276, 'default': {'kl': 0.016173528507351875, 'cur_lr': 0.0005000000237487257, 'total_loss': 1.1629425287246704, 'policy_loss': -0.024954527616500854, 'vf_explained_var': 0.9756343960762024, 'entropy': 1.6689473390579224, 'cur_kl_coeff': 0.20549456775188446, 'vf_loss': 1.1845734119415283}, 'sample_time_ms': 9519.654, 'grad_time_ms': 278.747, 'update_time_ms': 4.414, 'num_steps_trained': 332800}",357.2736886964797,2019-04-02_08-11-12,kronos,71,332800,0,2062.1252386569977,{},332800,208,208,2062.1252386569977,476.96347428500655,1600,1554192672,{},0b32d2eec3344b1fbde4822793b2e447,66.4306665637337
False,268,"{'input': 'sampler', 'callbacks': {'on_train_result': None, 'on_sample_end': None, 'on_episode_step': None, 'on_episode_start': None, 'on_episode_end': None}, 'sample_batch_size': 200, 'clip_actions': False, 'clip_rewards': None, 'tf_session_args': {'inter_op_parallelism_threads': 2, 'intra_op_parallelism_threads': 2, 'device_count': {'CPU': 1}, 'log_device_placement': False, 'allow_soft_placement': True, 'gpu_options': {'allow_growth': True}}, 'kl_target': 0.01, 'horizon': 1500, 'lr': 0.0005, 'sample_async': False, 'simple_optimizer': False, 'compress_observations': False, 'num_envs_per_worker': 1, 'gamma': 0.99, 'sgd_minibatch_size': 128, 'observation_filter': 'NoFilter', 'entropy_coeff': 0.0, 'batch_mode': 'truncate_episodes', 'straggler_mitigation': False, 'vf_share_layers': False, 'num_gpus': 0, 'synchronize_filters': True, 'num_sgd_iter': 10, 'train_batch_size': 1500, 'optimizer': {}, 'num_gpus_per_worker': 0, 'preprocessor_pref': 'deepmind', 'num_cpus_for_driver': 1, 'lr_schedule': None, 'use_gae': True, 'lambda': 0.97, 'vf_loss_coeff': 1.0, 'vf_clip_param': 1000000.0, 'log_level': 'INFO', 'env_config': {'run': 'PPO', 'flow_params': '{\n    ""env"": {\n        ""additional_params"": {\n            ""max_accel"": 3,\n            ""max_decel"": 3,\n            ""sort_vehicles"": false,\n            ""target_velocity"": 20\n        },\n        ""evaluate"": false,\n        ""horizon"": 1500,\n        ""sims_per_step"": 1,\n        ""warmup_steps"": 0\n    },\n    ""env_name"": ""AccelEnv"",\n    ""exp_tag"": ""figure_eight_0"",\n    ""initial"": {\n        ""additional_params"": {},\n        ""bunching"": 0,\n        ""edges_distribution"": ""all"",\n        ""lanes_distribution"": Infinity,\n        ""min_gap"": 0,\n        ""perturbation"": 0.0,\n        ""shuffle"": false,\n        ""spacing"": ""uniform"",\n        ""x0"": 0\n    },\n    ""net"": {\n        ""additional_params"": {\n            ""lanes"": 1,\n            ""radius_ring"": 30,\n            ""resolution"": 40,\n            ""speed_limit"": 30\n        },\n        ""inflows"": {\n            ""_InFlows__flows"": [],\n            ""num_flows"": 0\n        },\n        ""netfile"": null,\n        ""no_internal_links"": false,\n        ""osm_path"": null\n    },\n    ""scenario"": ""Figure8Scenario"",\n    ""sim"": {\n        ""emission_path"": null,\n        ""lateral_resolution"": null,\n        ""no_step_log"": true,\n        ""num_clients"": 1,\n        ""overtake_right"": false,\n        ""port"": null,\n        ""print_warnings"": true,\n        ""pxpm"": 2,\n        ""render"": false,\n        ""restart_instance"": false,\n        ""save_render"": false,\n        ""seed"": null,\n        ""show_radius"": false,\n        ""sight_radius"": 25,\n        ""sim_step"": 0.1,\n        ""teleport_time"": -1\n    },\n    ""simulator"": ""traci"",\n    ""veh"": [\n        {\n            ""acceleration_controller"": [\n                ""IDMController"",\n                {\n                    ""noise"": 0.2\n                }\n            ],\n            ""car_following_params"": {\n                ""controller_params"": {\n                    ""accel"": 1.0,\n                    ""carFollowModel"": ""IDM"",\n                    ""decel"": 1.5,\n                    ""impatience"": 0.5,\n                    ""maxSpeed"": 30,\n                    ""minGap"": 2.5,\n                    ""sigma"": 0.5,\n                    ""speedDev"": 0.1,\n                    ""speedFactor"": 1.0,\n                    ""tau"": 1.0\n                },\n                ""speed_mode"": 1\n            },\n            ""initial_speed"": 0,\n            ""lane_change_controller"": [\n                ""SimLaneChangeController"",\n                {}\n            ],\n            ""lane_change_params"": {\n                ""controller_params"": {\n                    ""laneChangeModel"": ""LC2013"",\n                    ""lcCooperative"": ""1.0"",\n                    ""lcKeepRight"": ""1.0"",\n                    ""lcSpeedGain"": ""1.0"",\n                    ""lcStrategic"": ""1.0""\n                },\n                ""lane_change_mode"": 512\n            },\n            ""num_vehicles"": 13,\n            ""routing_controller"": [\n                ""ContinuousRouter"",\n                {}\n            ],\n            ""veh_id"": ""human""\n        },\n        {\n            ""acceleration_controller"": [\n                ""RLController"",\n                {}\n            ],\n            ""car_following_params"": {\n                ""controller_params"": {\n                    ""accel"": 1.0,\n                    ""carFollowModel"": ""IDM"",\n                    ""decel"": 1.5,\n                    ""impatience"": 0.5,\n                    ""maxSpeed"": 30,\n                    ""minGap"": 2.5,\n                    ""sigma"": 0.5,\n                    ""speedDev"": 0.1,\n                    ""speedFactor"": 1.0,\n                    ""tau"": 1.0\n                },\n                ""speed_mode"": 1\n            },\n            ""initial_speed"": 0,\n            ""lane_change_controller"": [\n                ""SimLaneChangeController"",\n                {}\n            ],\n            ""lane_change_params"": {\n                ""controller_params"": {\n                    ""laneChangeModel"": ""LC2013"",\n                    ""lcCooperative"": ""1.0"",\n                    ""lcKeepRight"": ""1.0"",\n                    ""lcSpeedGain"": ""1.0"",\n                    ""lcStrategic"": ""1.0""\n                },\n                ""lane_change_mode"": 512\n            },\n            ""num_vehicles"": 1,\n            ""routing_controller"": [\n                ""ContinuousRouter"",\n                {}\n            ],\n            ""veh_id"": ""rl""\n        }\n    ]\n}'}, 'env': 'AccelEnv-v0', 'local_evaluator_tf_session_args': {'inter_op_parallelism_threads': 8, 'intra_op_parallelism_threads': 8}, 'model': {'free_log_std': False, 'custom_options': {}, 'framestack': True, 'channel_major': False, 'max_seq_len': 20, 'lstm_use_prev_action_reward': False, 'squash_to_range': False, 'dim': 84, 'grayscale': False, 'fcnet_hiddens': [100, 50, 25], 'use_lstm': False, 'custom_model': None, 'fcnet_activation': 'tanh', 'conv_filters': None, 'conv_activation': 'relu', 'lstm_cell_size': 256, 'zero_mean': True, 'custom_preprocessor': None}, 'output_compress_columns': ['obs', 'new_obs'], 'monitor': False, 'custom_resources_per_worker': {}, 'output_max_file_size': 67108864, 'num_workers': 1, 'clip_param': 0.3, 'kl_coeff': 0.2, 'multiagent': {'policy_graphs': {}, 'policy_mapping_fn': None, 'policies_to_train': None}, 'input_evaluation': None, 'output': None, 'collect_metrics_timeout': 180, 'num_cpus_per_worker': 1}",169.237.32.118,1,1268.03,9.745640516281128,"{'num_steps_sampled': 334400, 'load_time_ms': 1.293, 'default': {'kl': 0.01926572248339653, 'cur_lr': 0.0005000000237487257, 'total_loss': 0.3418721854686737, 'policy_loss': -0.027873605489730835, 'vf_explained_var': 0.9932419657707214, 'entropy': 1.6505413055419922, 'cur_kl_coeff': 0.20549456775188446, 'vf_loss': 0.3657867908477783}, 'sample_time_ms': 9511.643, 'grad_time_ms': 278.8, 'update_time_ms': 4.493, 'num_steps_trained': 334400}",356.21697777592357,2019-04-02_08-11-22,kronos,71,334400,0,2071.870879173279,{},334400,209,209,2071.870879173279,476.96347428500655,1600,1554192682,{},0b32d2eec3344b1fbde4822793b2e447,66.4306665637337
False,269,"{'input': 'sampler', 'callbacks': {'on_train_result': None, 'on_sample_end': None, 'on_episode_step': None, 'on_episode_start': None, 'on_episode_end': None}, 'sample_batch_size': 200, 'clip_actions': False, 'clip_rewards': None, 'tf_session_args': {'inter_op_parallelism_threads': 2, 'intra_op_parallelism_threads': 2, 'device_count': {'CPU': 1}, 'log_device_placement': False, 'allow_soft_placement': True, 'gpu_options': {'allow_growth': True}}, 'kl_target': 0.01, 'horizon': 1500, 'lr': 0.0005, 'sample_async': False, 'simple_optimizer': False, 'compress_observations': False, 'num_envs_per_worker': 1, 'gamma': 0.99, 'sgd_minibatch_size': 128, 'observation_filter': 'NoFilter', 'entropy_coeff': 0.0, 'batch_mode': 'truncate_episodes', 'straggler_mitigation': False, 'vf_share_layers': False, 'num_gpus': 0, 'synchronize_filters': True, 'num_sgd_iter': 10, 'train_batch_size': 1500, 'optimizer': {}, 'num_gpus_per_worker': 0, 'preprocessor_pref': 'deepmind', 'num_cpus_for_driver': 1, 'lr_schedule': None, 'use_gae': True, 'lambda': 0.97, 'vf_loss_coeff': 1.0, 'vf_clip_param': 1000000.0, 'log_level': 'INFO', 'env_config': {'run': 'PPO', 'flow_params': '{\n    ""env"": {\n        ""additional_params"": {\n            ""max_accel"": 3,\n            ""max_decel"": 3,\n            ""sort_vehicles"": false,\n            ""target_velocity"": 20\n        },\n        ""evaluate"": false,\n        ""horizon"": 1500,\n        ""sims_per_step"": 1,\n        ""warmup_steps"": 0\n    },\n    ""env_name"": ""AccelEnv"",\n    ""exp_tag"": ""figure_eight_0"",\n    ""initial"": {\n        ""additional_params"": {},\n        ""bunching"": 0,\n        ""edges_distribution"": ""all"",\n        ""lanes_distribution"": Infinity,\n        ""min_gap"": 0,\n        ""perturbation"": 0.0,\n        ""shuffle"": false,\n        ""spacing"": ""uniform"",\n        ""x0"": 0\n    },\n    ""net"": {\n        ""additional_params"": {\n            ""lanes"": 1,\n            ""radius_ring"": 30,\n            ""resolution"": 40,\n            ""speed_limit"": 30\n        },\n        ""inflows"": {\n            ""_InFlows__flows"": [],\n            ""num_flows"": 0\n        },\n        ""netfile"": null,\n        ""no_internal_links"": false,\n        ""osm_path"": null\n    },\n    ""scenario"": ""Figure8Scenario"",\n    ""sim"": {\n        ""emission_path"": null,\n        ""lateral_resolution"": null,\n        ""no_step_log"": true,\n        ""num_clients"": 1,\n        ""overtake_right"": false,\n        ""port"": null,\n        ""print_warnings"": true,\n        ""pxpm"": 2,\n        ""render"": false,\n        ""restart_instance"": false,\n        ""save_render"": false,\n        ""seed"": null,\n        ""show_radius"": false,\n        ""sight_radius"": 25,\n        ""sim_step"": 0.1,\n        ""teleport_time"": -1\n    },\n    ""simulator"": ""traci"",\n    ""veh"": [\n        {\n            ""acceleration_controller"": [\n                ""IDMController"",\n                {\n                    ""noise"": 0.2\n                }\n            ],\n            ""car_following_params"": {\n                ""controller_params"": {\n                    ""accel"": 1.0,\n                    ""carFollowModel"": ""IDM"",\n                    ""decel"": 1.5,\n                    ""impatience"": 0.5,\n                    ""maxSpeed"": 30,\n                    ""minGap"": 2.5,\n                    ""sigma"": 0.5,\n                    ""speedDev"": 0.1,\n                    ""speedFactor"": 1.0,\n                    ""tau"": 1.0\n                },\n                ""speed_mode"": 1\n            },\n            ""initial_speed"": 0,\n            ""lane_change_controller"": [\n                ""SimLaneChangeController"",\n                {}\n            ],\n            ""lane_change_params"": {\n                ""controller_params"": {\n                    ""laneChangeModel"": ""LC2013"",\n                    ""lcCooperative"": ""1.0"",\n                    ""lcKeepRight"": ""1.0"",\n                    ""lcSpeedGain"": ""1.0"",\n                    ""lcStrategic"": ""1.0""\n                },\n                ""lane_change_mode"": 512\n            },\n            ""num_vehicles"": 13,\n            ""routing_controller"": [\n                ""ContinuousRouter"",\n                {}\n            ],\n            ""veh_id"": ""human""\n        },\n        {\n            ""acceleration_controller"": [\n                ""RLController"",\n                {}\n            ],\n            ""car_following_params"": {\n                ""controller_params"": {\n                    ""accel"": 1.0,\n                    ""carFollowModel"": ""IDM"",\n                    ""decel"": 1.5,\n                    ""impatience"": 0.5,\n                    ""maxSpeed"": 30,\n                    ""minGap"": 2.5,\n                    ""sigma"": 0.5,\n                    ""speedDev"": 0.1,\n                    ""speedFactor"": 1.0,\n                    ""tau"": 1.0\n                },\n                ""speed_mode"": 1\n            },\n            ""initial_speed"": 0,\n            ""lane_change_controller"": [\n                ""SimLaneChangeController"",\n                {}\n            ],\n            ""lane_change_params"": {\n                ""controller_params"": {\n                    ""laneChangeModel"": ""LC2013"",\n                    ""lcCooperative"": ""1.0"",\n                    ""lcKeepRight"": ""1.0"",\n                    ""lcSpeedGain"": ""1.0"",\n                    ""lcStrategic"": ""1.0""\n                },\n                ""lane_change_mode"": 512\n            },\n            ""num_vehicles"": 1,\n            ""routing_controller"": [\n                ""ContinuousRouter"",\n                {}\n            ],\n            ""veh_id"": ""rl""\n        }\n    ]\n}'}, 'env': 'AccelEnv-v0', 'local_evaluator_tf_session_args': {'inter_op_parallelism_threads': 8, 'intra_op_parallelism_threads': 8}, 'model': {'free_log_std': False, 'custom_options': {}, 'framestack': True, 'channel_major': False, 'max_seq_len': 20, 'lstm_use_prev_action_reward': False, 'squash_to_range': False, 'dim': 84, 'grayscale': False, 'fcnet_hiddens': [100, 50, 25], 'use_lstm': False, 'custom_model': None, 'fcnet_activation': 'tanh', 'conv_filters': None, 'conv_activation': 'relu', 'lstm_cell_size': 256, 'zero_mean': True, 'custom_preprocessor': None}, 'output_compress_columns': ['obs', 'new_obs'], 'monitor': False, 'custom_resources_per_worker': {}, 'output_max_file_size': 67108864, 'num_workers': 1, 'clip_param': 0.3, 'kl_coeff': 0.2, 'multiagent': {'policy_graphs': {}, 'policy_mapping_fn': None, 'policies_to_train': None}, 'input_evaluation': None, 'output': None, 'collect_metrics_timeout': 180, 'num_cpus_per_worker': 1}",169.237.32.118,1,1273.05,9.929540872573853,"{'num_steps_sampled': 336000, 'load_time_ms': 1.273, 'default': {'kl': 0.027852768078446388, 'cur_lr': 0.0005000000237487257, 'total_loss': 0.5120448470115662, 'policy_loss': -0.021836817264556885, 'vf_explained_var': 0.992039680480957, 'entropy': 1.6391754150390625, 'cur_kl_coeff': 0.20549456775188446, 'vf_loss': 0.5281580090522766}, 'sample_time_ms': 9513.304, 'grad_time_ms': 280.561, 'update_time_ms': 4.602, 'num_steps_trained': 336000}",357.6631752302935,2019-04-02_08-11-32,kronos,71,336000,0,2081.8004200458527,{},336000,210,210,2081.8004200458527,476.96347428500655,1600,1554192692,{},0b32d2eec3344b1fbde4822793b2e447,66.4306665637337
False,270,"{'input': 'sampler', 'callbacks': {'on_train_result': None, 'on_sample_end': None, 'on_episode_step': None, 'on_episode_start': None, 'on_episode_end': None}, 'sample_batch_size': 200, 'clip_actions': False, 'clip_rewards': None, 'tf_session_args': {'inter_op_parallelism_threads': 2, 'intra_op_parallelism_threads': 2, 'device_count': {'CPU': 1}, 'log_device_placement': False, 'allow_soft_placement': True, 'gpu_options': {'allow_growth': True}}, 'kl_target': 0.01, 'horizon': 1500, 'lr': 0.0005, 'sample_async': False, 'simple_optimizer': False, 'compress_observations': False, 'num_envs_per_worker': 1, 'gamma': 0.99, 'sgd_minibatch_size': 128, 'observation_filter': 'NoFilter', 'entropy_coeff': 0.0, 'batch_mode': 'truncate_episodes', 'straggler_mitigation': False, 'vf_share_layers': False, 'num_gpus': 0, 'synchronize_filters': True, 'num_sgd_iter': 10, 'train_batch_size': 1500, 'optimizer': {}, 'num_gpus_per_worker': 0, 'preprocessor_pref': 'deepmind', 'num_cpus_for_driver': 1, 'lr_schedule': None, 'use_gae': True, 'lambda': 0.97, 'vf_loss_coeff': 1.0, 'vf_clip_param': 1000000.0, 'log_level': 'INFO', 'env_config': {'run': 'PPO', 'flow_params': '{\n    ""env"": {\n        ""additional_params"": {\n            ""max_accel"": 3,\n            ""max_decel"": 3,\n            ""sort_vehicles"": false,\n            ""target_velocity"": 20\n        },\n        ""evaluate"": false,\n        ""horizon"": 1500,\n        ""sims_per_step"": 1,\n        ""warmup_steps"": 0\n    },\n    ""env_name"": ""AccelEnv"",\n    ""exp_tag"": ""figure_eight_0"",\n    ""initial"": {\n        ""additional_params"": {},\n        ""bunching"": 0,\n        ""edges_distribution"": ""all"",\n        ""lanes_distribution"": Infinity,\n        ""min_gap"": 0,\n        ""perturbation"": 0.0,\n        ""shuffle"": false,\n        ""spacing"": ""uniform"",\n        ""x0"": 0\n    },\n    ""net"": {\n        ""additional_params"": {\n            ""lanes"": 1,\n            ""radius_ring"": 30,\n            ""resolution"": 40,\n            ""speed_limit"": 30\n        },\n        ""inflows"": {\n            ""_InFlows__flows"": [],\n            ""num_flows"": 0\n        },\n        ""netfile"": null,\n        ""no_internal_links"": false,\n        ""osm_path"": null\n    },\n    ""scenario"": ""Figure8Scenario"",\n    ""sim"": {\n        ""emission_path"": null,\n        ""lateral_resolution"": null,\n        ""no_step_log"": true,\n        ""num_clients"": 1,\n        ""overtake_right"": false,\n        ""port"": null,\n        ""print_warnings"": true,\n        ""pxpm"": 2,\n        ""render"": false,\n        ""restart_instance"": false,\n        ""save_render"": false,\n        ""seed"": null,\n        ""show_radius"": false,\n        ""sight_radius"": 25,\n        ""sim_step"": 0.1,\n        ""teleport_time"": -1\n    },\n    ""simulator"": ""traci"",\n    ""veh"": [\n        {\n            ""acceleration_controller"": [\n                ""IDMController"",\n                {\n                    ""noise"": 0.2\n                }\n            ],\n            ""car_following_params"": {\n                ""controller_params"": {\n                    ""accel"": 1.0,\n                    ""carFollowModel"": ""IDM"",\n                    ""decel"": 1.5,\n                    ""impatience"": 0.5,\n                    ""maxSpeed"": 30,\n                    ""minGap"": 2.5,\n                    ""sigma"": 0.5,\n                    ""speedDev"": 0.1,\n                    ""speedFactor"": 1.0,\n                    ""tau"": 1.0\n                },\n                ""speed_mode"": 1\n            },\n            ""initial_speed"": 0,\n            ""lane_change_controller"": [\n                ""SimLaneChangeController"",\n                {}\n            ],\n            ""lane_change_params"": {\n                ""controller_params"": {\n                    ""laneChangeModel"": ""LC2013"",\n                    ""lcCooperative"": ""1.0"",\n                    ""lcKeepRight"": ""1.0"",\n                    ""lcSpeedGain"": ""1.0"",\n                    ""lcStrategic"": ""1.0""\n                },\n                ""lane_change_mode"": 512\n            },\n            ""num_vehicles"": 13,\n            ""routing_controller"": [\n                ""ContinuousRouter"",\n                {}\n            ],\n            ""veh_id"": ""human""\n        },\n        {\n            ""acceleration_controller"": [\n                ""RLController"",\n                {}\n            ],\n            ""car_following_params"": {\n                ""controller_params"": {\n                    ""accel"": 1.0,\n                    ""carFollowModel"": ""IDM"",\n                    ""decel"": 1.5,\n                    ""impatience"": 0.5,\n                    ""maxSpeed"": 30,\n                    ""minGap"": 2.5,\n                    ""sigma"": 0.5,\n                    ""speedDev"": 0.1,\n                    ""speedFactor"": 1.0,\n                    ""tau"": 1.0\n                },\n                ""speed_mode"": 1\n            },\n            ""initial_speed"": 0,\n            ""lane_change_controller"": [\n                ""SimLaneChangeController"",\n                {}\n            ],\n            ""lane_change_params"": {\n                ""controller_params"": {\n                    ""laneChangeModel"": ""LC2013"",\n                    ""lcCooperative"": ""1.0"",\n                    ""lcKeepRight"": ""1.0"",\n                    ""lcSpeedGain"": ""1.0"",\n                    ""lcStrategic"": ""1.0""\n                },\n                ""lane_change_mode"": 512\n            },\n            ""num_vehicles"": 1,\n            ""routing_controller"": [\n                ""ContinuousRouter"",\n                {}\n            ],\n            ""veh_id"": ""rl""\n        }\n    ]\n}'}, 'env': 'AccelEnv-v0', 'local_evaluator_tf_session_args': {'inter_op_parallelism_threads': 8, 'intra_op_parallelism_threads': 8}, 'model': {'free_log_std': False, 'custom_options': {}, 'framestack': True, 'channel_major': False, 'max_seq_len': 20, 'lstm_use_prev_action_reward': False, 'squash_to_range': False, 'dim': 84, 'grayscale': False, 'fcnet_hiddens': [100, 50, 25], 'use_lstm': False, 'custom_model': None, 'fcnet_activation': 'tanh', 'conv_filters': None, 'conv_activation': 'relu', 'lstm_cell_size': 256, 'zero_mean': True, 'custom_preprocessor': None}, 'output_compress_columns': ['obs', 'new_obs'], 'monitor': False, 'custom_resources_per_worker': {}, 'output_max_file_size': 67108864, 'num_workers': 1, 'clip_param': 0.3, 'kl_coeff': 0.2, 'multiagent': {'policy_graphs': {}, 'policy_mapping_fn': None, 'policies_to_train': None}, 'input_evaluation': None, 'output': None, 'collect_metrics_timeout': 180, 'num_cpus_per_worker': 1}",169.237.32.118,1,1273.05,9.97315526008606,"{'num_steps_sampled': 337600, 'load_time_ms': 1.269, 'default': {'kl': 0.011607377789914608, 'cur_lr': 0.0005000000237487257, 'total_loss': 0.5527684688568115, 'policy_loss': -0.027805089950561523, 'vf_explained_var': 0.9887087345123291, 'entropy': 1.6056369543075562, 'cur_kl_coeff': 0.3082418143749237, 'vf_loss': 0.5769956707954407}, 'sample_time_ms': 9562.796, 'grad_time_ms': 279.528, 'update_time_ms': 4.626, 'num_steps_trained': 337600}",357.496030923095,2019-04-02_08-11-42,kronos,71,337600,0,2091.7735753059387,{},337600,211,211,2091.7735753059387,476.96347428500655,1600,1554192702,{},0b32d2eec3344b1fbde4822793b2e447,66.4306665637337
False,272,"{'input': 'sampler', 'callbacks': {'on_train_result': None, 'on_sample_end': None, 'on_episode_step': None, 'on_episode_start': None, 'on_episode_end': None}, 'sample_batch_size': 200, 'clip_actions': False, 'clip_rewards': None, 'tf_session_args': {'inter_op_parallelism_threads': 2, 'intra_op_parallelism_threads': 2, 'device_count': {'CPU': 1}, 'log_device_placement': False, 'allow_soft_placement': True, 'gpu_options': {'allow_growth': True}}, 'kl_target': 0.01, 'horizon': 1500, 'lr': 0.0005, 'sample_async': False, 'simple_optimizer': False, 'compress_observations': False, 'num_envs_per_worker': 1, 'gamma': 0.99, 'sgd_minibatch_size': 128, 'observation_filter': 'NoFilter', 'entropy_coeff': 0.0, 'batch_mode': 'truncate_episodes', 'straggler_mitigation': False, 'vf_share_layers': False, 'num_gpus': 0, 'synchronize_filters': True, 'num_sgd_iter': 10, 'train_batch_size': 1500, 'optimizer': {}, 'num_gpus_per_worker': 0, 'preprocessor_pref': 'deepmind', 'num_cpus_for_driver': 1, 'lr_schedule': None, 'use_gae': True, 'lambda': 0.97, 'vf_loss_coeff': 1.0, 'vf_clip_param': 1000000.0, 'log_level': 'INFO', 'env_config': {'run': 'PPO', 'flow_params': '{\n    ""env"": {\n        ""additional_params"": {\n            ""max_accel"": 3,\n            ""max_decel"": 3,\n            ""sort_vehicles"": false,\n            ""target_velocity"": 20\n        },\n        ""evaluate"": false,\n        ""horizon"": 1500,\n        ""sims_per_step"": 1,\n        ""warmup_steps"": 0\n    },\n    ""env_name"": ""AccelEnv"",\n    ""exp_tag"": ""figure_eight_0"",\n    ""initial"": {\n        ""additional_params"": {},\n        ""bunching"": 0,\n        ""edges_distribution"": ""all"",\n        ""lanes_distribution"": Infinity,\n        ""min_gap"": 0,\n        ""perturbation"": 0.0,\n        ""shuffle"": false,\n        ""spacing"": ""uniform"",\n        ""x0"": 0\n    },\n    ""net"": {\n        ""additional_params"": {\n            ""lanes"": 1,\n            ""radius_ring"": 30,\n            ""resolution"": 40,\n            ""speed_limit"": 30\n        },\n        ""inflows"": {\n            ""_InFlows__flows"": [],\n            ""num_flows"": 0\n        },\n        ""netfile"": null,\n        ""no_internal_links"": false,\n        ""osm_path"": null\n    },\n    ""scenario"": ""Figure8Scenario"",\n    ""sim"": {\n        ""emission_path"": null,\n        ""lateral_resolution"": null,\n        ""no_step_log"": true,\n        ""num_clients"": 1,\n        ""overtake_right"": false,\n        ""port"": null,\n        ""print_warnings"": true,\n        ""pxpm"": 2,\n        ""render"": false,\n        ""restart_instance"": false,\n        ""save_render"": false,\n        ""seed"": null,\n        ""show_radius"": false,\n        ""sight_radius"": 25,\n        ""sim_step"": 0.1,\n        ""teleport_time"": -1\n    },\n    ""simulator"": ""traci"",\n    ""veh"": [\n        {\n            ""acceleration_controller"": [\n                ""IDMController"",\n                {\n                    ""noise"": 0.2\n                }\n            ],\n            ""car_following_params"": {\n                ""controller_params"": {\n                    ""accel"": 1.0,\n                    ""carFollowModel"": ""IDM"",\n                    ""decel"": 1.5,\n                    ""impatience"": 0.5,\n                    ""maxSpeed"": 30,\n                    ""minGap"": 2.5,\n                    ""sigma"": 0.5,\n                    ""speedDev"": 0.1,\n                    ""speedFactor"": 1.0,\n                    ""tau"": 1.0\n                },\n                ""speed_mode"": 1\n            },\n            ""initial_speed"": 0,\n            ""lane_change_controller"": [\n                ""SimLaneChangeController"",\n                {}\n            ],\n            ""lane_change_params"": {\n                ""controller_params"": {\n                    ""laneChangeModel"": ""LC2013"",\n                    ""lcCooperative"": ""1.0"",\n                    ""lcKeepRight"": ""1.0"",\n                    ""lcSpeedGain"": ""1.0"",\n                    ""lcStrategic"": ""1.0""\n                },\n                ""lane_change_mode"": 512\n            },\n            ""num_vehicles"": 13,\n            ""routing_controller"": [\n                ""ContinuousRouter"",\n                {}\n            ],\n            ""veh_id"": ""human""\n        },\n        {\n            ""acceleration_controller"": [\n                ""RLController"",\n                {}\n            ],\n            ""car_following_params"": {\n                ""controller_params"": {\n                    ""accel"": 1.0,\n                    ""carFollowModel"": ""IDM"",\n                    ""decel"": 1.5,\n                    ""impatience"": 0.5,\n                    ""maxSpeed"": 30,\n                    ""minGap"": 2.5,\n                    ""sigma"": 0.5,\n                    ""speedDev"": 0.1,\n                    ""speedFactor"": 1.0,\n                    ""tau"": 1.0\n                },\n                ""speed_mode"": 1\n            },\n            ""initial_speed"": 0,\n            ""lane_change_controller"": [\n                ""SimLaneChangeController"",\n                {}\n            ],\n            ""lane_change_params"": {\n                ""controller_params"": {\n                    ""laneChangeModel"": ""LC2013"",\n                    ""lcCooperative"": ""1.0"",\n                    ""lcKeepRight"": ""1.0"",\n                    ""lcSpeedGain"": ""1.0"",\n                    ""lcStrategic"": ""1.0""\n                },\n                ""lane_change_mode"": 512\n            },\n            ""num_vehicles"": 1,\n            ""routing_controller"": [\n                ""ContinuousRouter"",\n                {}\n            ],\n            ""veh_id"": ""rl""\n        }\n    ]\n}'}, 'env': 'AccelEnv-v0', 'local_evaluator_tf_session_args': {'inter_op_parallelism_threads': 8, 'intra_op_parallelism_threads': 8}, 'model': {'free_log_std': False, 'custom_options': {}, 'framestack': True, 'channel_major': False, 'max_seq_len': 20, 'lstm_use_prev_action_reward': False, 'squash_to_range': False, 'dim': 84, 'grayscale': False, 'fcnet_hiddens': [100, 50, 25], 'use_lstm': False, 'custom_model': None, 'fcnet_activation': 'tanh', 'conv_filters': None, 'conv_activation': 'relu', 'lstm_cell_size': 256, 'zero_mean': True, 'custom_preprocessor': None}, 'output_compress_columns': ['obs', 'new_obs'], 'monitor': False, 'custom_resources_per_worker': {}, 'output_max_file_size': 67108864, 'num_workers': 1, 'clip_param': 0.3, 'kl_coeff': 0.2, 'multiagent': {'policy_graphs': {}, 'policy_mapping_fn': None, 'policies_to_train': None}, 'input_evaluation': None, 'output': None, 'collect_metrics_timeout': 180, 'num_cpus_per_worker': 1}",169.237.32.118,2,1260.94,9.829801559448242,"{'num_steps_sampled': 339200, 'load_time_ms': 1.279, 'default': {'kl': 0.0067285229451954365, 'cur_lr': 0.0005000000237487257, 'total_loss': 1.9697551727294922, 'policy_loss': -0.03428652882575989, 'vf_explained_var': 0.9391310811042786, 'entropy': 1.5853720903396606, 'cur_kl_coeff': 0.3082418143749237, 'vf_loss': 2.001967430114746}, 'sample_time_ms': 9558.528, 'grad_time_ms': 278.665, 'update_time_ms': 4.68, 'num_steps_trained': 339200}",353.2249455565308,2019-04-02_08-11-51,kronos,71,339200,0,2101.603376865387,{},339200,212,212,2101.603376865387,476.96347428500655,1600,1554192711,{},0b32d2eec3344b1fbde4822793b2e447,66.4306665637337
False,273,"{'input': 'sampler', 'callbacks': {'on_train_result': None, 'on_sample_end': None, 'on_episode_step': None, 'on_episode_start': None, 'on_episode_end': None}, 'sample_batch_size': 200, 'clip_actions': False, 'clip_rewards': None, 'tf_session_args': {'inter_op_parallelism_threads': 2, 'intra_op_parallelism_threads': 2, 'device_count': {'CPU': 1}, 'log_device_placement': False, 'allow_soft_placement': True, 'gpu_options': {'allow_growth': True}}, 'kl_target': 0.01, 'horizon': 1500, 'lr': 0.0005, 'sample_async': False, 'simple_optimizer': False, 'compress_observations': False, 'num_envs_per_worker': 1, 'gamma': 0.99, 'sgd_minibatch_size': 128, 'observation_filter': 'NoFilter', 'entropy_coeff': 0.0, 'batch_mode': 'truncate_episodes', 'straggler_mitigation': False, 'vf_share_layers': False, 'num_gpus': 0, 'synchronize_filters': True, 'num_sgd_iter': 10, 'train_batch_size': 1500, 'optimizer': {}, 'num_gpus_per_worker': 0, 'preprocessor_pref': 'deepmind', 'num_cpus_for_driver': 1, 'lr_schedule': None, 'use_gae': True, 'lambda': 0.97, 'vf_loss_coeff': 1.0, 'vf_clip_param': 1000000.0, 'log_level': 'INFO', 'env_config': {'run': 'PPO', 'flow_params': '{\n    ""env"": {\n        ""additional_params"": {\n            ""max_accel"": 3,\n            ""max_decel"": 3,\n            ""sort_vehicles"": false,\n            ""target_velocity"": 20\n        },\n        ""evaluate"": false,\n        ""horizon"": 1500,\n        ""sims_per_step"": 1,\n        ""warmup_steps"": 0\n    },\n    ""env_name"": ""AccelEnv"",\n    ""exp_tag"": ""figure_eight_0"",\n    ""initial"": {\n        ""additional_params"": {},\n        ""bunching"": 0,\n        ""edges_distribution"": ""all"",\n        ""lanes_distribution"": Infinity,\n        ""min_gap"": 0,\n        ""perturbation"": 0.0,\n        ""shuffle"": false,\n        ""spacing"": ""uniform"",\n        ""x0"": 0\n    },\n    ""net"": {\n        ""additional_params"": {\n            ""lanes"": 1,\n            ""radius_ring"": 30,\n            ""resolution"": 40,\n            ""speed_limit"": 30\n        },\n        ""inflows"": {\n            ""_InFlows__flows"": [],\n            ""num_flows"": 0\n        },\n        ""netfile"": null,\n        ""no_internal_links"": false,\n        ""osm_path"": null\n    },\n    ""scenario"": ""Figure8Scenario"",\n    ""sim"": {\n        ""emission_path"": null,\n        ""lateral_resolution"": null,\n        ""no_step_log"": true,\n        ""num_clients"": 1,\n        ""overtake_right"": false,\n        ""port"": null,\n        ""print_warnings"": true,\n        ""pxpm"": 2,\n        ""render"": false,\n        ""restart_instance"": false,\n        ""save_render"": false,\n        ""seed"": null,\n        ""show_radius"": false,\n        ""sight_radius"": 25,\n        ""sim_step"": 0.1,\n        ""teleport_time"": -1\n    },\n    ""simulator"": ""traci"",\n    ""veh"": [\n        {\n            ""acceleration_controller"": [\n                ""IDMController"",\n                {\n                    ""noise"": 0.2\n                }\n            ],\n            ""car_following_params"": {\n                ""controller_params"": {\n                    ""accel"": 1.0,\n                    ""carFollowModel"": ""IDM"",\n                    ""decel"": 1.5,\n                    ""impatience"": 0.5,\n                    ""maxSpeed"": 30,\n                    ""minGap"": 2.5,\n                    ""sigma"": 0.5,\n                    ""speedDev"": 0.1,\n                    ""speedFactor"": 1.0,\n                    ""tau"": 1.0\n                },\n                ""speed_mode"": 1\n            },\n            ""initial_speed"": 0,\n            ""lane_change_controller"": [\n                ""SimLaneChangeController"",\n                {}\n            ],\n            ""lane_change_params"": {\n                ""controller_params"": {\n                    ""laneChangeModel"": ""LC2013"",\n                    ""lcCooperative"": ""1.0"",\n                    ""lcKeepRight"": ""1.0"",\n                    ""lcSpeedGain"": ""1.0"",\n                    ""lcStrategic"": ""1.0""\n                },\n                ""lane_change_mode"": 512\n            },\n            ""num_vehicles"": 13,\n            ""routing_controller"": [\n                ""ContinuousRouter"",\n                {}\n            ],\n            ""veh_id"": ""human""\n        },\n        {\n            ""acceleration_controller"": [\n                ""RLController"",\n                {}\n            ],\n            ""car_following_params"": {\n                ""controller_params"": {\n                    ""accel"": 1.0,\n                    ""carFollowModel"": ""IDM"",\n                    ""decel"": 1.5,\n                    ""impatience"": 0.5,\n                    ""maxSpeed"": 30,\n                    ""minGap"": 2.5,\n                    ""sigma"": 0.5,\n                    ""speedDev"": 0.1,\n                    ""speedFactor"": 1.0,\n                    ""tau"": 1.0\n                },\n                ""speed_mode"": 1\n            },\n            ""initial_speed"": 0,\n            ""lane_change_controller"": [\n                ""SimLaneChangeController"",\n                {}\n            ],\n            ""lane_change_params"": {\n                ""controller_params"": {\n                    ""laneChangeModel"": ""LC2013"",\n                    ""lcCooperative"": ""1.0"",\n                    ""lcKeepRight"": ""1.0"",\n                    ""lcSpeedGain"": ""1.0"",\n                    ""lcStrategic"": ""1.0""\n                },\n                ""lane_change_mode"": 512\n            },\n            ""num_vehicles"": 1,\n            ""routing_controller"": [\n                ""ContinuousRouter"",\n                {}\n            ],\n            ""veh_id"": ""rl""\n        }\n    ]\n}'}, 'env': 'AccelEnv-v0', 'local_evaluator_tf_session_args': {'inter_op_parallelism_threads': 8, 'intra_op_parallelism_threads': 8}, 'model': {'free_log_std': False, 'custom_options': {}, 'framestack': True, 'channel_major': False, 'max_seq_len': 20, 'lstm_use_prev_action_reward': False, 'squash_to_range': False, 'dim': 84, 'grayscale': False, 'fcnet_hiddens': [100, 50, 25], 'use_lstm': False, 'custom_model': None, 'fcnet_activation': 'tanh', 'conv_filters': None, 'conv_activation': 'relu', 'lstm_cell_size': 256, 'zero_mean': True, 'custom_preprocessor': None}, 'output_compress_columns': ['obs', 'new_obs'], 'monitor': False, 'custom_resources_per_worker': {}, 'output_max_file_size': 67108864, 'num_workers': 1, 'clip_param': 0.3, 'kl_coeff': 0.2, 'multiagent': {'policy_graphs': {}, 'policy_mapping_fn': None, 'policies_to_train': None}, 'input_evaluation': None, 'output': None, 'collect_metrics_timeout': 180, 'num_cpus_per_worker': 1}",169.237.32.118,1,1260.94,9.949162483215332,"{'num_steps_sampled': 340800, 'load_time_ms': 1.257, 'default': {'kl': 0.008895635604858398, 'cur_lr': 0.0005000000237487257, 'total_loss': 1.038206934928894, 'policy_loss': -0.007214863318949938, 'vf_explained_var': 0.977559506893158, 'entropy': 1.6616792678833008, 'cur_kl_coeff': 0.3082418143749237, 'vf_loss': 1.0426795482635498}, 'sample_time_ms': 9562.765, 'grad_time_ms': 276.536, 'update_time_ms': 4.651, 'num_steps_trained': 340800}",352.6446242364775,2019-04-02_08-12-01,kronos,71,340800,0,2111.5525393486023,{},340800,213,213,2111.5525393486023,476.96347428500655,1600,1554192721,{},0b32d2eec3344b1fbde4822793b2e447,66.4306665637337
False,275,"{'input': 'sampler', 'callbacks': {'on_train_result': None, 'on_sample_end': None, 'on_episode_step': None, 'on_episode_start': None, 'on_episode_end': None}, 'sample_batch_size': 200, 'clip_actions': False, 'clip_rewards': None, 'tf_session_args': {'inter_op_parallelism_threads': 2, 'intra_op_parallelism_threads': 2, 'device_count': {'CPU': 1}, 'log_device_placement': False, 'allow_soft_placement': True, 'gpu_options': {'allow_growth': True}}, 'kl_target': 0.01, 'horizon': 1500, 'lr': 0.0005, 'sample_async': False, 'simple_optimizer': False, 'compress_observations': False, 'num_envs_per_worker': 1, 'gamma': 0.99, 'sgd_minibatch_size': 128, 'observation_filter': 'NoFilter', 'entropy_coeff': 0.0, 'batch_mode': 'truncate_episodes', 'straggler_mitigation': False, 'vf_share_layers': False, 'num_gpus': 0, 'synchronize_filters': True, 'num_sgd_iter': 10, 'train_batch_size': 1500, 'optimizer': {}, 'num_gpus_per_worker': 0, 'preprocessor_pref': 'deepmind', 'num_cpus_for_driver': 1, 'lr_schedule': None, 'use_gae': True, 'lambda': 0.97, 'vf_loss_coeff': 1.0, 'vf_clip_param': 1000000.0, 'log_level': 'INFO', 'env_config': {'run': 'PPO', 'flow_params': '{\n    ""env"": {\n        ""additional_params"": {\n            ""max_accel"": 3,\n            ""max_decel"": 3,\n            ""sort_vehicles"": false,\n            ""target_velocity"": 20\n        },\n        ""evaluate"": false,\n        ""horizon"": 1500,\n        ""sims_per_step"": 1,\n        ""warmup_steps"": 0\n    },\n    ""env_name"": ""AccelEnv"",\n    ""exp_tag"": ""figure_eight_0"",\n    ""initial"": {\n        ""additional_params"": {},\n        ""bunching"": 0,\n        ""edges_distribution"": ""all"",\n        ""lanes_distribution"": Infinity,\n        ""min_gap"": 0,\n        ""perturbation"": 0.0,\n        ""shuffle"": false,\n        ""spacing"": ""uniform"",\n        ""x0"": 0\n    },\n    ""net"": {\n        ""additional_params"": {\n            ""lanes"": 1,\n            ""radius_ring"": 30,\n            ""resolution"": 40,\n            ""speed_limit"": 30\n        },\n        ""inflows"": {\n            ""_InFlows__flows"": [],\n            ""num_flows"": 0\n        },\n        ""netfile"": null,\n        ""no_internal_links"": false,\n        ""osm_path"": null\n    },\n    ""scenario"": ""Figure8Scenario"",\n    ""sim"": {\n        ""emission_path"": null,\n        ""lateral_resolution"": null,\n        ""no_step_log"": true,\n        ""num_clients"": 1,\n        ""overtake_right"": false,\n        ""port"": null,\n        ""print_warnings"": true,\n        ""pxpm"": 2,\n        ""render"": false,\n        ""restart_instance"": false,\n        ""save_render"": false,\n        ""seed"": null,\n        ""show_radius"": false,\n        ""sight_radius"": 25,\n        ""sim_step"": 0.1,\n        ""teleport_time"": -1\n    },\n    ""simulator"": ""traci"",\n    ""veh"": [\n        {\n            ""acceleration_controller"": [\n                ""IDMController"",\n                {\n                    ""noise"": 0.2\n                }\n            ],\n            ""car_following_params"": {\n                ""controller_params"": {\n                    ""accel"": 1.0,\n                    ""carFollowModel"": ""IDM"",\n                    ""decel"": 1.5,\n                    ""impatience"": 0.5,\n                    ""maxSpeed"": 30,\n                    ""minGap"": 2.5,\n                    ""sigma"": 0.5,\n                    ""speedDev"": 0.1,\n                    ""speedFactor"": 1.0,\n                    ""tau"": 1.0\n                },\n                ""speed_mode"": 1\n            },\n            ""initial_speed"": 0,\n            ""lane_change_controller"": [\n                ""SimLaneChangeController"",\n                {}\n            ],\n            ""lane_change_params"": {\n                ""controller_params"": {\n                    ""laneChangeModel"": ""LC2013"",\n                    ""lcCooperative"": ""1.0"",\n                    ""lcKeepRight"": ""1.0"",\n                    ""lcSpeedGain"": ""1.0"",\n                    ""lcStrategic"": ""1.0""\n                },\n                ""lane_change_mode"": 512\n            },\n            ""num_vehicles"": 13,\n            ""routing_controller"": [\n                ""ContinuousRouter"",\n                {}\n            ],\n            ""veh_id"": ""human""\n        },\n        {\n            ""acceleration_controller"": [\n                ""RLController"",\n                {}\n            ],\n            ""car_following_params"": {\n                ""controller_params"": {\n                    ""accel"": 1.0,\n                    ""carFollowModel"": ""IDM"",\n                    ""decel"": 1.5,\n                    ""impatience"": 0.5,\n                    ""maxSpeed"": 30,\n                    ""minGap"": 2.5,\n                    ""sigma"": 0.5,\n                    ""speedDev"": 0.1,\n                    ""speedFactor"": 1.0,\n                    ""tau"": 1.0\n                },\n                ""speed_mode"": 1\n            },\n            ""initial_speed"": 0,\n            ""lane_change_controller"": [\n                ""SimLaneChangeController"",\n                {}\n            ],\n            ""lane_change_params"": {\n                ""controller_params"": {\n                    ""laneChangeModel"": ""LC2013"",\n                    ""lcCooperative"": ""1.0"",\n                    ""lcKeepRight"": ""1.0"",\n                    ""lcSpeedGain"": ""1.0"",\n                    ""lcStrategic"": ""1.0""\n                },\n                ""lane_change_mode"": 512\n            },\n            ""num_vehicles"": 1,\n            ""routing_controller"": [\n                ""ContinuousRouter"",\n                {}\n            ],\n            ""veh_id"": ""rl""\n        }\n    ]\n}'}, 'env': 'AccelEnv-v0', 'local_evaluator_tf_session_args': {'inter_op_parallelism_threads': 8, 'intra_op_parallelism_threads': 8}, 'model': {'free_log_std': False, 'custom_options': {}, 'framestack': True, 'channel_major': False, 'max_seq_len': 20, 'lstm_use_prev_action_reward': False, 'squash_to_range': False, 'dim': 84, 'grayscale': False, 'fcnet_hiddens': [100, 50, 25], 'use_lstm': False, 'custom_model': None, 'fcnet_activation': 'tanh', 'conv_filters': None, 'conv_activation': 'relu', 'lstm_cell_size': 256, 'zero_mean': True, 'custom_preprocessor': None}, 'output_compress_columns': ['obs', 'new_obs'], 'monitor': False, 'custom_resources_per_worker': {}, 'output_max_file_size': 67108864, 'num_workers': 1, 'clip_param': 0.3, 'kl_coeff': 0.2, 'multiagent': {'policy_graphs': {}, 'policy_mapping_fn': None, 'policies_to_train': None}, 'input_evaluation': None, 'output': None, 'collect_metrics_timeout': 180, 'num_cpus_per_worker': 1}",169.237.32.118,2,1260.94,9.77079439163208,"{'num_steps_sampled': 342400, 'load_time_ms': 1.261, 'default': {'kl': 0.00993835087865591, 'cur_lr': 0.0005000000237487257, 'total_loss': 0.7903428673744202, 'policy_loss': -0.007923292927443981, 'vf_explained_var': 0.9764208793640137, 'entropy': 1.5868526697158813, 'cur_kl_coeff': 0.3082418143749237, 'vf_loss': 0.7952027320861816}, 'sample_time_ms': 9543.554, 'grad_time_ms': 277.007, 'update_time_ms': 4.69, 'num_steps_trained': 342400}",352.91170818226396,2019-04-02_08-12-11,kronos,71,342400,0,2121.3233337402344,{},342400,214,214,2121.3233337402344,476.96347428500655,1600,1554192731,{},0b32d2eec3344b1fbde4822793b2e447,66.4306665637337
False,276,"{'input': 'sampler', 'callbacks': {'on_train_result': None, 'on_sample_end': None, 'on_episode_step': None, 'on_episode_start': None, 'on_episode_end': None}, 'sample_batch_size': 200, 'clip_actions': False, 'clip_rewards': None, 'tf_session_args': {'inter_op_parallelism_threads': 2, 'intra_op_parallelism_threads': 2, 'device_count': {'CPU': 1}, 'log_device_placement': False, 'allow_soft_placement': True, 'gpu_options': {'allow_growth': True}}, 'kl_target': 0.01, 'horizon': 1500, 'lr': 0.0005, 'sample_async': False, 'simple_optimizer': False, 'compress_observations': False, 'num_envs_per_worker': 1, 'gamma': 0.99, 'sgd_minibatch_size': 128, 'observation_filter': 'NoFilter', 'entropy_coeff': 0.0, 'batch_mode': 'truncate_episodes', 'straggler_mitigation': False, 'vf_share_layers': False, 'num_gpus': 0, 'synchronize_filters': True, 'num_sgd_iter': 10, 'train_batch_size': 1500, 'optimizer': {}, 'num_gpus_per_worker': 0, 'preprocessor_pref': 'deepmind', 'num_cpus_for_driver': 1, 'lr_schedule': None, 'use_gae': True, 'lambda': 0.97, 'vf_loss_coeff': 1.0, 'vf_clip_param': 1000000.0, 'log_level': 'INFO', 'env_config': {'run': 'PPO', 'flow_params': '{\n    ""env"": {\n        ""additional_params"": {\n            ""max_accel"": 3,\n            ""max_decel"": 3,\n            ""sort_vehicles"": false,\n            ""target_velocity"": 20\n        },\n        ""evaluate"": false,\n        ""horizon"": 1500,\n        ""sims_per_step"": 1,\n        ""warmup_steps"": 0\n    },\n    ""env_name"": ""AccelEnv"",\n    ""exp_tag"": ""figure_eight_0"",\n    ""initial"": {\n        ""additional_params"": {},\n        ""bunching"": 0,\n        ""edges_distribution"": ""all"",\n        ""lanes_distribution"": Infinity,\n        ""min_gap"": 0,\n        ""perturbation"": 0.0,\n        ""shuffle"": false,\n        ""spacing"": ""uniform"",\n        ""x0"": 0\n    },\n    ""net"": {\n        ""additional_params"": {\n            ""lanes"": 1,\n            ""radius_ring"": 30,\n            ""resolution"": 40,\n            ""speed_limit"": 30\n        },\n        ""inflows"": {\n            ""_InFlows__flows"": [],\n            ""num_flows"": 0\n        },\n        ""netfile"": null,\n        ""no_internal_links"": false,\n        ""osm_path"": null\n    },\n    ""scenario"": ""Figure8Scenario"",\n    ""sim"": {\n        ""emission_path"": null,\n        ""lateral_resolution"": null,\n        ""no_step_log"": true,\n        ""num_clients"": 1,\n        ""overtake_right"": false,\n        ""port"": null,\n        ""print_warnings"": true,\n        ""pxpm"": 2,\n        ""render"": false,\n        ""restart_instance"": false,\n        ""save_render"": false,\n        ""seed"": null,\n        ""show_radius"": false,\n        ""sight_radius"": 25,\n        ""sim_step"": 0.1,\n        ""teleport_time"": -1\n    },\n    ""simulator"": ""traci"",\n    ""veh"": [\n        {\n            ""acceleration_controller"": [\n                ""IDMController"",\n                {\n                    ""noise"": 0.2\n                }\n            ],\n            ""car_following_params"": {\n                ""controller_params"": {\n                    ""accel"": 1.0,\n                    ""carFollowModel"": ""IDM"",\n                    ""decel"": 1.5,\n                    ""impatience"": 0.5,\n                    ""maxSpeed"": 30,\n                    ""minGap"": 2.5,\n                    ""sigma"": 0.5,\n                    ""speedDev"": 0.1,\n                    ""speedFactor"": 1.0,\n                    ""tau"": 1.0\n                },\n                ""speed_mode"": 1\n            },\n            ""initial_speed"": 0,\n            ""lane_change_controller"": [\n                ""SimLaneChangeController"",\n                {}\n            ],\n            ""lane_change_params"": {\n                ""controller_params"": {\n                    ""laneChangeModel"": ""LC2013"",\n                    ""lcCooperative"": ""1.0"",\n                    ""lcKeepRight"": ""1.0"",\n                    ""lcSpeedGain"": ""1.0"",\n                    ""lcStrategic"": ""1.0""\n                },\n                ""lane_change_mode"": 512\n            },\n            ""num_vehicles"": 13,\n            ""routing_controller"": [\n                ""ContinuousRouter"",\n                {}\n            ],\n            ""veh_id"": ""human""\n        },\n        {\n            ""acceleration_controller"": [\n                ""RLController"",\n                {}\n            ],\n            ""car_following_params"": {\n                ""controller_params"": {\n                    ""accel"": 1.0,\n                    ""carFollowModel"": ""IDM"",\n                    ""decel"": 1.5,\n                    ""impatience"": 0.5,\n                    ""maxSpeed"": 30,\n                    ""minGap"": 2.5,\n                    ""sigma"": 0.5,\n                    ""speedDev"": 0.1,\n                    ""speedFactor"": 1.0,\n                    ""tau"": 1.0\n                },\n                ""speed_mode"": 1\n            },\n            ""initial_speed"": 0,\n            ""lane_change_controller"": [\n                ""SimLaneChangeController"",\n                {}\n            ],\n            ""lane_change_params"": {\n                ""controller_params"": {\n                    ""laneChangeModel"": ""LC2013"",\n                    ""lcCooperative"": ""1.0"",\n                    ""lcKeepRight"": ""1.0"",\n                    ""lcSpeedGain"": ""1.0"",\n                    ""lcStrategic"": ""1.0""\n                },\n                ""lane_change_mode"": 512\n            },\n            ""num_vehicles"": 1,\n            ""routing_controller"": [\n                ""ContinuousRouter"",\n                {}\n            ],\n            ""veh_id"": ""rl""\n        }\n    ]\n}'}, 'env': 'AccelEnv-v0', 'local_evaluator_tf_session_args': {'inter_op_parallelism_threads': 8, 'intra_op_parallelism_threads': 8}, 'model': {'free_log_std': False, 'custom_options': {}, 'framestack': True, 'channel_major': False, 'max_seq_len': 20, 'lstm_use_prev_action_reward': False, 'squash_to_range': False, 'dim': 84, 'grayscale': False, 'fcnet_hiddens': [100, 50, 25], 'use_lstm': False, 'custom_model': None, 'fcnet_activation': 'tanh', 'conv_filters': None, 'conv_activation': 'relu', 'lstm_cell_size': 256, 'zero_mean': True, 'custom_preprocessor': None}, 'output_compress_columns': ['obs', 'new_obs'], 'monitor': False, 'custom_resources_per_worker': {}, 'output_max_file_size': 67108864, 'num_workers': 1, 'clip_param': 0.3, 'kl_coeff': 0.2, 'multiagent': {'policy_graphs': {}, 'policy_mapping_fn': None, 'policies_to_train': None}, 'input_evaluation': None, 'output': None, 'collect_metrics_timeout': 180, 'num_cpus_per_worker': 1}",169.237.32.118,1,1260.94,9.981628894805908,"{'num_steps_sampled': 344000, 'load_time_ms': 1.226, 'default': {'kl': 0.008687016554176807, 'cur_lr': 0.0005000000237487257, 'total_loss': 0.6653279662132263, 'policy_loss': -0.019620170816779137, 'vf_explained_var': 0.9650683403015137, 'entropy': 1.6934943199157715, 'cur_kl_coeff': 0.3082418143749237, 'vf_loss': 0.682270348072052}, 'sample_time_ms': 9559.636, 'grad_time_ms': 277.099, 'update_time_ms': 4.786, 'num_steps_trained': 344000}",352.5497727230889,2019-04-02_08-12-21,kronos,71,344000,0,2131.3049626350403,{},344000,215,215,2131.3049626350403,476.96347428500655,1600,1554192741,{},0b32d2eec3344b1fbde4822793b2e447,66.4306665637337
False,277,"{'input': 'sampler', 'callbacks': {'on_train_result': None, 'on_sample_end': None, 'on_episode_step': None, 'on_episode_start': None, 'on_episode_end': None}, 'sample_batch_size': 200, 'clip_actions': False, 'clip_rewards': None, 'tf_session_args': {'inter_op_parallelism_threads': 2, 'intra_op_parallelism_threads': 2, 'device_count': {'CPU': 1}, 'log_device_placement': False, 'allow_soft_placement': True, 'gpu_options': {'allow_growth': True}}, 'kl_target': 0.01, 'horizon': 1500, 'lr': 0.0005, 'sample_async': False, 'simple_optimizer': False, 'compress_observations': False, 'num_envs_per_worker': 1, 'gamma': 0.99, 'sgd_minibatch_size': 128, 'observation_filter': 'NoFilter', 'entropy_coeff': 0.0, 'batch_mode': 'truncate_episodes', 'straggler_mitigation': False, 'vf_share_layers': False, 'num_gpus': 0, 'synchronize_filters': True, 'num_sgd_iter': 10, 'train_batch_size': 1500, 'optimizer': {}, 'num_gpus_per_worker': 0, 'preprocessor_pref': 'deepmind', 'num_cpus_for_driver': 1, 'lr_schedule': None, 'use_gae': True, 'lambda': 0.97, 'vf_loss_coeff': 1.0, 'vf_clip_param': 1000000.0, 'log_level': 'INFO', 'env_config': {'run': 'PPO', 'flow_params': '{\n    ""env"": {\n        ""additional_params"": {\n            ""max_accel"": 3,\n            ""max_decel"": 3,\n            ""sort_vehicles"": false,\n            ""target_velocity"": 20\n        },\n        ""evaluate"": false,\n        ""horizon"": 1500,\n        ""sims_per_step"": 1,\n        ""warmup_steps"": 0\n    },\n    ""env_name"": ""AccelEnv"",\n    ""exp_tag"": ""figure_eight_0"",\n    ""initial"": {\n        ""additional_params"": {},\n        ""bunching"": 0,\n        ""edges_distribution"": ""all"",\n        ""lanes_distribution"": Infinity,\n        ""min_gap"": 0,\n        ""perturbation"": 0.0,\n        ""shuffle"": false,\n        ""spacing"": ""uniform"",\n        ""x0"": 0\n    },\n    ""net"": {\n        ""additional_params"": {\n            ""lanes"": 1,\n            ""radius_ring"": 30,\n            ""resolution"": 40,\n            ""speed_limit"": 30\n        },\n        ""inflows"": {\n            ""_InFlows__flows"": [],\n            ""num_flows"": 0\n        },\n        ""netfile"": null,\n        ""no_internal_links"": false,\n        ""osm_path"": null\n    },\n    ""scenario"": ""Figure8Scenario"",\n    ""sim"": {\n        ""emission_path"": null,\n        ""lateral_resolution"": null,\n        ""no_step_log"": true,\n        ""num_clients"": 1,\n        ""overtake_right"": false,\n        ""port"": null,\n        ""print_warnings"": true,\n        ""pxpm"": 2,\n        ""render"": false,\n        ""restart_instance"": false,\n        ""save_render"": false,\n        ""seed"": null,\n        ""show_radius"": false,\n        ""sight_radius"": 25,\n        ""sim_step"": 0.1,\n        ""teleport_time"": -1\n    },\n    ""simulator"": ""traci"",\n    ""veh"": [\n        {\n            ""acceleration_controller"": [\n                ""IDMController"",\n                {\n                    ""noise"": 0.2\n                }\n            ],\n            ""car_following_params"": {\n                ""controller_params"": {\n                    ""accel"": 1.0,\n                    ""carFollowModel"": ""IDM"",\n                    ""decel"": 1.5,\n                    ""impatience"": 0.5,\n                    ""maxSpeed"": 30,\n                    ""minGap"": 2.5,\n                    ""sigma"": 0.5,\n                    ""speedDev"": 0.1,\n                    ""speedFactor"": 1.0,\n                    ""tau"": 1.0\n                },\n                ""speed_mode"": 1\n            },\n            ""initial_speed"": 0,\n            ""lane_change_controller"": [\n                ""SimLaneChangeController"",\n                {}\n            ],\n            ""lane_change_params"": {\n                ""controller_params"": {\n                    ""laneChangeModel"": ""LC2013"",\n                    ""lcCooperative"": ""1.0"",\n                    ""lcKeepRight"": ""1.0"",\n                    ""lcSpeedGain"": ""1.0"",\n                    ""lcStrategic"": ""1.0""\n                },\n                ""lane_change_mode"": 512\n            },\n            ""num_vehicles"": 13,\n            ""routing_controller"": [\n                ""ContinuousRouter"",\n                {}\n            ],\n            ""veh_id"": ""human""\n        },\n        {\n            ""acceleration_controller"": [\n                ""RLController"",\n                {}\n            ],\n            ""car_following_params"": {\n                ""controller_params"": {\n                    ""accel"": 1.0,\n                    ""carFollowModel"": ""IDM"",\n                    ""decel"": 1.5,\n                    ""impatience"": 0.5,\n                    ""maxSpeed"": 30,\n                    ""minGap"": 2.5,\n                    ""sigma"": 0.5,\n                    ""speedDev"": 0.1,\n                    ""speedFactor"": 1.0,\n                    ""tau"": 1.0\n                },\n                ""speed_mode"": 1\n            },\n            ""initial_speed"": 0,\n            ""lane_change_controller"": [\n                ""SimLaneChangeController"",\n                {}\n            ],\n            ""lane_change_params"": {\n                ""controller_params"": {\n                    ""laneChangeModel"": ""LC2013"",\n                    ""lcCooperative"": ""1.0"",\n                    ""lcKeepRight"": ""1.0"",\n                    ""lcSpeedGain"": ""1.0"",\n                    ""lcStrategic"": ""1.0""\n                },\n                ""lane_change_mode"": 512\n            },\n            ""num_vehicles"": 1,\n            ""routing_controller"": [\n                ""ContinuousRouter"",\n                {}\n            ],\n            ""veh_id"": ""rl""\n        }\n    ]\n}'}, 'env': 'AccelEnv-v0', 'local_evaluator_tf_session_args': {'inter_op_parallelism_threads': 8, 'intra_op_parallelism_threads': 8}, 'model': {'free_log_std': False, 'custom_options': {}, 'framestack': True, 'channel_major': False, 'max_seq_len': 20, 'lstm_use_prev_action_reward': False, 'squash_to_range': False, 'dim': 84, 'grayscale': False, 'fcnet_hiddens': [100, 50, 25], 'use_lstm': False, 'custom_model': None, 'fcnet_activation': 'tanh', 'conv_filters': None, 'conv_activation': 'relu', 'lstm_cell_size': 256, 'zero_mean': True, 'custom_preprocessor': None}, 'output_compress_columns': ['obs', 'new_obs'], 'monitor': False, 'custom_resources_per_worker': {}, 'output_max_file_size': 67108864, 'num_workers': 1, 'clip_param': 0.3, 'kl_coeff': 0.2, 'multiagent': {'policy_graphs': {}, 'policy_mapping_fn': None, 'policies_to_train': None}, 'input_evaluation': None, 'output': None, 'collect_metrics_timeout': 180, 'num_cpus_per_worker': 1}",169.237.32.118,1,1260.94,9.762074947357178,"{'num_steps_sampled': 345600, 'load_time_ms': 1.199, 'default': {'kl': 0.010517161339521408, 'cur_lr': 0.0005000000237487257, 'total_loss': 1.2318990230560303, 'policy_loss': -0.014490782283246517, 'vf_explained_var': 0.9399909973144531, 'entropy': 1.604970097541809, 'cur_kl_coeff': 0.3082418143749237, 'vf_loss': 1.2431479692459106}, 'sample_time_ms': 9576.061, 'grad_time_ms': 276.61, 'update_time_ms': 4.863, 'num_steps_trained': 345600}",352.341254922611,2019-04-02_08-12-31,kronos,71,345600,0,2141.0670375823975,{},345600,216,216,2141.0670375823975,476.96347428500655,1600,1554192751,{},0b32d2eec3344b1fbde4822793b2e447,66.4306665637337
False,278,"{'input': 'sampler', 'callbacks': {'on_train_result': None, 'on_sample_end': None, 'on_episode_step': None, 'on_episode_start': None, 'on_episode_end': None}, 'sample_batch_size': 200, 'clip_actions': False, 'clip_rewards': None, 'tf_session_args': {'inter_op_parallelism_threads': 2, 'intra_op_parallelism_threads': 2, 'device_count': {'CPU': 1}, 'log_device_placement': False, 'allow_soft_placement': True, 'gpu_options': {'allow_growth': True}}, 'kl_target': 0.01, 'horizon': 1500, 'lr': 0.0005, 'sample_async': False, 'simple_optimizer': False, 'compress_observations': False, 'num_envs_per_worker': 1, 'gamma': 0.99, 'sgd_minibatch_size': 128, 'observation_filter': 'NoFilter', 'entropy_coeff': 0.0, 'batch_mode': 'truncate_episodes', 'straggler_mitigation': False, 'vf_share_layers': False, 'num_gpus': 0, 'synchronize_filters': True, 'num_sgd_iter': 10, 'train_batch_size': 1500, 'optimizer': {}, 'num_gpus_per_worker': 0, 'preprocessor_pref': 'deepmind', 'num_cpus_for_driver': 1, 'lr_schedule': None, 'use_gae': True, 'lambda': 0.97, 'vf_loss_coeff': 1.0, 'vf_clip_param': 1000000.0, 'log_level': 'INFO', 'env_config': {'run': 'PPO', 'flow_params': '{\n    ""env"": {\n        ""additional_params"": {\n            ""max_accel"": 3,\n            ""max_decel"": 3,\n            ""sort_vehicles"": false,\n            ""target_velocity"": 20\n        },\n        ""evaluate"": false,\n        ""horizon"": 1500,\n        ""sims_per_step"": 1,\n        ""warmup_steps"": 0\n    },\n    ""env_name"": ""AccelEnv"",\n    ""exp_tag"": ""figure_eight_0"",\n    ""initial"": {\n        ""additional_params"": {},\n        ""bunching"": 0,\n        ""edges_distribution"": ""all"",\n        ""lanes_distribution"": Infinity,\n        ""min_gap"": 0,\n        ""perturbation"": 0.0,\n        ""shuffle"": false,\n        ""spacing"": ""uniform"",\n        ""x0"": 0\n    },\n    ""net"": {\n        ""additional_params"": {\n            ""lanes"": 1,\n            ""radius_ring"": 30,\n            ""resolution"": 40,\n            ""speed_limit"": 30\n        },\n        ""inflows"": {\n            ""_InFlows__flows"": [],\n            ""num_flows"": 0\n        },\n        ""netfile"": null,\n        ""no_internal_links"": false,\n        ""osm_path"": null\n    },\n    ""scenario"": ""Figure8Scenario"",\n    ""sim"": {\n        ""emission_path"": null,\n        ""lateral_resolution"": null,\n        ""no_step_log"": true,\n        ""num_clients"": 1,\n        ""overtake_right"": false,\n        ""port"": null,\n        ""print_warnings"": true,\n        ""pxpm"": 2,\n        ""render"": false,\n        ""restart_instance"": false,\n        ""save_render"": false,\n        ""seed"": null,\n        ""show_radius"": false,\n        ""sight_radius"": 25,\n        ""sim_step"": 0.1,\n        ""teleport_time"": -1\n    },\n    ""simulator"": ""traci"",\n    ""veh"": [\n        {\n            ""acceleration_controller"": [\n                ""IDMController"",\n                {\n                    ""noise"": 0.2\n                }\n            ],\n            ""car_following_params"": {\n                ""controller_params"": {\n                    ""accel"": 1.0,\n                    ""carFollowModel"": ""IDM"",\n                    ""decel"": 1.5,\n                    ""impatience"": 0.5,\n                    ""maxSpeed"": 30,\n                    ""minGap"": 2.5,\n                    ""sigma"": 0.5,\n                    ""speedDev"": 0.1,\n                    ""speedFactor"": 1.0,\n                    ""tau"": 1.0\n                },\n                ""speed_mode"": 1\n            },\n            ""initial_speed"": 0,\n            ""lane_change_controller"": [\n                ""SimLaneChangeController"",\n                {}\n            ],\n            ""lane_change_params"": {\n                ""controller_params"": {\n                    ""laneChangeModel"": ""LC2013"",\n                    ""lcCooperative"": ""1.0"",\n                    ""lcKeepRight"": ""1.0"",\n                    ""lcSpeedGain"": ""1.0"",\n                    ""lcStrategic"": ""1.0""\n                },\n                ""lane_change_mode"": 512\n            },\n            ""num_vehicles"": 13,\n            ""routing_controller"": [\n                ""ContinuousRouter"",\n                {}\n            ],\n            ""veh_id"": ""human""\n        },\n        {\n            ""acceleration_controller"": [\n                ""RLController"",\n                {}\n            ],\n            ""car_following_params"": {\n                ""controller_params"": {\n                    ""accel"": 1.0,\n                    ""carFollowModel"": ""IDM"",\n                    ""decel"": 1.5,\n                    ""impatience"": 0.5,\n                    ""maxSpeed"": 30,\n                    ""minGap"": 2.5,\n                    ""sigma"": 0.5,\n                    ""speedDev"": 0.1,\n                    ""speedFactor"": 1.0,\n                    ""tau"": 1.0\n                },\n                ""speed_mode"": 1\n            },\n            ""initial_speed"": 0,\n            ""lane_change_controller"": [\n                ""SimLaneChangeController"",\n                {}\n            ],\n            ""lane_change_params"": {\n                ""controller_params"": {\n                    ""laneChangeModel"": ""LC2013"",\n                    ""lcCooperative"": ""1.0"",\n                    ""lcKeepRight"": ""1.0"",\n                    ""lcSpeedGain"": ""1.0"",\n                    ""lcStrategic"": ""1.0""\n                },\n                ""lane_change_mode"": 512\n            },\n            ""num_vehicles"": 1,\n            ""routing_controller"": [\n                ""ContinuousRouter"",\n                {}\n            ],\n            ""veh_id"": ""rl""\n        }\n    ]\n}'}, 'env': 'AccelEnv-v0', 'local_evaluator_tf_session_args': {'inter_op_parallelism_threads': 8, 'intra_op_parallelism_threads': 8}, 'model': {'free_log_std': False, 'custom_options': {}, 'framestack': True, 'channel_major': False, 'max_seq_len': 20, 'lstm_use_prev_action_reward': False, 'squash_to_range': False, 'dim': 84, 'grayscale': False, 'fcnet_hiddens': [100, 50, 25], 'use_lstm': False, 'custom_model': None, 'fcnet_activation': 'tanh', 'conv_filters': None, 'conv_activation': 'relu', 'lstm_cell_size': 256, 'zero_mean': True, 'custom_preprocessor': None}, 'output_compress_columns': ['obs', 'new_obs'], 'monitor': False, 'custom_resources_per_worker': {}, 'output_max_file_size': 67108864, 'num_workers': 1, 'clip_param': 0.3, 'kl_coeff': 0.2, 'multiagent': {'policy_graphs': {}, 'policy_mapping_fn': None, 'policies_to_train': None}, 'input_evaluation': None, 'output': None, 'collect_metrics_timeout': 180, 'num_cpus_per_worker': 1}",169.237.32.118,1,1273.71,9.864006042480469,"{'num_steps_sampled': 347200, 'load_time_ms': 1.163, 'default': {'kl': 0.007717095781117678, 'cur_lr': 0.0005000000237487257, 'total_loss': 0.7079455256462097, 'policy_loss': -0.009657303802669048, 'vf_explained_var': 0.9825248122215271, 'entropy': 1.7163561582565308, 'cur_kl_coeff': 0.3082418143749237, 'vf_loss': 0.7152240872383118}, 'sample_time_ms': 9569.607, 'grad_time_ms': 276.477, 'update_time_ms': 4.871, 'num_steps_trained': 347200}",356.11500244115473,2019-04-02_08-12-41,kronos,71,347200,0,2150.931043624878,{},347200,217,217,2150.931043624878,476.96347428500655,1600,1554192761,{},0b32d2eec3344b1fbde4822793b2e447,66.4306665637337
False,279,"{'input': 'sampler', 'callbacks': {'on_train_result': None, 'on_sample_end': None, 'on_episode_step': None, 'on_episode_start': None, 'on_episode_end': None}, 'sample_batch_size': 200, 'clip_actions': False, 'clip_rewards': None, 'tf_session_args': {'inter_op_parallelism_threads': 2, 'intra_op_parallelism_threads': 2, 'device_count': {'CPU': 1}, 'log_device_placement': False, 'allow_soft_placement': True, 'gpu_options': {'allow_growth': True}}, 'kl_target': 0.01, 'horizon': 1500, 'lr': 0.0005, 'sample_async': False, 'simple_optimizer': False, 'compress_observations': False, 'num_envs_per_worker': 1, 'gamma': 0.99, 'sgd_minibatch_size': 128, 'observation_filter': 'NoFilter', 'entropy_coeff': 0.0, 'batch_mode': 'truncate_episodes', 'straggler_mitigation': False, 'vf_share_layers': False, 'num_gpus': 0, 'synchronize_filters': True, 'num_sgd_iter': 10, 'train_batch_size': 1500, 'optimizer': {}, 'num_gpus_per_worker': 0, 'preprocessor_pref': 'deepmind', 'num_cpus_for_driver': 1, 'lr_schedule': None, 'use_gae': True, 'lambda': 0.97, 'vf_loss_coeff': 1.0, 'vf_clip_param': 1000000.0, 'log_level': 'INFO', 'env_config': {'run': 'PPO', 'flow_params': '{\n    ""env"": {\n        ""additional_params"": {\n            ""max_accel"": 3,\n            ""max_decel"": 3,\n            ""sort_vehicles"": false,\n            ""target_velocity"": 20\n        },\n        ""evaluate"": false,\n        ""horizon"": 1500,\n        ""sims_per_step"": 1,\n        ""warmup_steps"": 0\n    },\n    ""env_name"": ""AccelEnv"",\n    ""exp_tag"": ""figure_eight_0"",\n    ""initial"": {\n        ""additional_params"": {},\n        ""bunching"": 0,\n        ""edges_distribution"": ""all"",\n        ""lanes_distribution"": Infinity,\n        ""min_gap"": 0,\n        ""perturbation"": 0.0,\n        ""shuffle"": false,\n        ""spacing"": ""uniform"",\n        ""x0"": 0\n    },\n    ""net"": {\n        ""additional_params"": {\n            ""lanes"": 1,\n            ""radius_ring"": 30,\n            ""resolution"": 40,\n            ""speed_limit"": 30\n        },\n        ""inflows"": {\n            ""_InFlows__flows"": [],\n            ""num_flows"": 0\n        },\n        ""netfile"": null,\n        ""no_internal_links"": false,\n        ""osm_path"": null\n    },\n    ""scenario"": ""Figure8Scenario"",\n    ""sim"": {\n        ""emission_path"": null,\n        ""lateral_resolution"": null,\n        ""no_step_log"": true,\n        ""num_clients"": 1,\n        ""overtake_right"": false,\n        ""port"": null,\n        ""print_warnings"": true,\n        ""pxpm"": 2,\n        ""render"": false,\n        ""restart_instance"": false,\n        ""save_render"": false,\n        ""seed"": null,\n        ""show_radius"": false,\n        ""sight_radius"": 25,\n        ""sim_step"": 0.1,\n        ""teleport_time"": -1\n    },\n    ""simulator"": ""traci"",\n    ""veh"": [\n        {\n            ""acceleration_controller"": [\n                ""IDMController"",\n                {\n                    ""noise"": 0.2\n                }\n            ],\n            ""car_following_params"": {\n                ""controller_params"": {\n                    ""accel"": 1.0,\n                    ""carFollowModel"": ""IDM"",\n                    ""decel"": 1.5,\n                    ""impatience"": 0.5,\n                    ""maxSpeed"": 30,\n                    ""minGap"": 2.5,\n                    ""sigma"": 0.5,\n                    ""speedDev"": 0.1,\n                    ""speedFactor"": 1.0,\n                    ""tau"": 1.0\n                },\n                ""speed_mode"": 1\n            },\n            ""initial_speed"": 0,\n            ""lane_change_controller"": [\n                ""SimLaneChangeController"",\n                {}\n            ],\n            ""lane_change_params"": {\n                ""controller_params"": {\n                    ""laneChangeModel"": ""LC2013"",\n                    ""lcCooperative"": ""1.0"",\n                    ""lcKeepRight"": ""1.0"",\n                    ""lcSpeedGain"": ""1.0"",\n                    ""lcStrategic"": ""1.0""\n                },\n                ""lane_change_mode"": 512\n            },\n            ""num_vehicles"": 13,\n            ""routing_controller"": [\n                ""ContinuousRouter"",\n                {}\n            ],\n            ""veh_id"": ""human""\n        },\n        {\n            ""acceleration_controller"": [\n                ""RLController"",\n                {}\n            ],\n            ""car_following_params"": {\n                ""controller_params"": {\n                    ""accel"": 1.0,\n                    ""carFollowModel"": ""IDM"",\n                    ""decel"": 1.5,\n                    ""impatience"": 0.5,\n                    ""maxSpeed"": 30,\n                    ""minGap"": 2.5,\n                    ""sigma"": 0.5,\n                    ""speedDev"": 0.1,\n                    ""speedFactor"": 1.0,\n                    ""tau"": 1.0\n                },\n                ""speed_mode"": 1\n            },\n            ""initial_speed"": 0,\n            ""lane_change_controller"": [\n                ""SimLaneChangeController"",\n                {}\n            ],\n            ""lane_change_params"": {\n                ""controller_params"": {\n                    ""laneChangeModel"": ""LC2013"",\n                    ""lcCooperative"": ""1.0"",\n                    ""lcKeepRight"": ""1.0"",\n                    ""lcSpeedGain"": ""1.0"",\n                    ""lcStrategic"": ""1.0""\n                },\n                ""lane_change_mode"": 512\n            },\n            ""num_vehicles"": 1,\n            ""routing_controller"": [\n                ""ContinuousRouter"",\n                {}\n            ],\n            ""veh_id"": ""rl""\n        }\n    ]\n}'}, 'env': 'AccelEnv-v0', 'local_evaluator_tf_session_args': {'inter_op_parallelism_threads': 8, 'intra_op_parallelism_threads': 8}, 'model': {'free_log_std': False, 'custom_options': {}, 'framestack': True, 'channel_major': False, 'max_seq_len': 20, 'lstm_use_prev_action_reward': False, 'squash_to_range': False, 'dim': 84, 'grayscale': False, 'fcnet_hiddens': [100, 50, 25], 'use_lstm': False, 'custom_model': None, 'fcnet_activation': 'tanh', 'conv_filters': None, 'conv_activation': 'relu', 'lstm_cell_size': 256, 'zero_mean': True, 'custom_preprocessor': None}, 'output_compress_columns': ['obs', 'new_obs'], 'monitor': False, 'custom_resources_per_worker': {}, 'output_max_file_size': 67108864, 'num_workers': 1, 'clip_param': 0.3, 'kl_coeff': 0.2, 'multiagent': {'policy_graphs': {}, 'policy_mapping_fn': None, 'policies_to_train': None}, 'input_evaluation': None, 'output': None, 'collect_metrics_timeout': 180, 'num_cpus_per_worker': 1}",169.237.32.118,1,1273.71,9.875475406646729,"{'num_steps_sampled': 348800, 'load_time_ms': 1.202, 'default': {'kl': 0.015173117630183697, 'cur_lr': 0.0005000000237487257, 'total_loss': 0.5631003975868225, 'policy_loss': -0.021410739049315453, 'vf_explained_var': 0.9640817642211914, 'entropy': 1.5931657552719116, 'cur_kl_coeff': 0.3082418143749237, 'vf_loss': 0.5798341631889343}, 'sample_time_ms': 9581.48, 'grad_time_ms': 275.321, 'update_time_ms': 4.831, 'num_steps_trained': 348800}",355.9821578086622,2019-04-02_08-12-51,kronos,71,348800,0,2160.8065190315247,{},348800,218,218,2160.8065190315247,476.96347428500655,1600,1554192771,{},0b32d2eec3344b1fbde4822793b2e447,66.4306665637337
False,280,"{'input': 'sampler', 'callbacks': {'on_train_result': None, 'on_sample_end': None, 'on_episode_step': None, 'on_episode_start': None, 'on_episode_end': None}, 'sample_batch_size': 200, 'clip_actions': False, 'clip_rewards': None, 'tf_session_args': {'inter_op_parallelism_threads': 2, 'intra_op_parallelism_threads': 2, 'device_count': {'CPU': 1}, 'log_device_placement': False, 'allow_soft_placement': True, 'gpu_options': {'allow_growth': True}}, 'kl_target': 0.01, 'horizon': 1500, 'lr': 0.0005, 'sample_async': False, 'simple_optimizer': False, 'compress_observations': False, 'num_envs_per_worker': 1, 'gamma': 0.99, 'sgd_minibatch_size': 128, 'observation_filter': 'NoFilter', 'entropy_coeff': 0.0, 'batch_mode': 'truncate_episodes', 'straggler_mitigation': False, 'vf_share_layers': False, 'num_gpus': 0, 'synchronize_filters': True, 'num_sgd_iter': 10, 'train_batch_size': 1500, 'optimizer': {}, 'num_gpus_per_worker': 0, 'preprocessor_pref': 'deepmind', 'num_cpus_for_driver': 1, 'lr_schedule': None, 'use_gae': True, 'lambda': 0.97, 'vf_loss_coeff': 1.0, 'vf_clip_param': 1000000.0, 'log_level': 'INFO', 'env_config': {'run': 'PPO', 'flow_params': '{\n    ""env"": {\n        ""additional_params"": {\n            ""max_accel"": 3,\n            ""max_decel"": 3,\n            ""sort_vehicles"": false,\n            ""target_velocity"": 20\n        },\n        ""evaluate"": false,\n        ""horizon"": 1500,\n        ""sims_per_step"": 1,\n        ""warmup_steps"": 0\n    },\n    ""env_name"": ""AccelEnv"",\n    ""exp_tag"": ""figure_eight_0"",\n    ""initial"": {\n        ""additional_params"": {},\n        ""bunching"": 0,\n        ""edges_distribution"": ""all"",\n        ""lanes_distribution"": Infinity,\n        ""min_gap"": 0,\n        ""perturbation"": 0.0,\n        ""shuffle"": false,\n        ""spacing"": ""uniform"",\n        ""x0"": 0\n    },\n    ""net"": {\n        ""additional_params"": {\n            ""lanes"": 1,\n            ""radius_ring"": 30,\n            ""resolution"": 40,\n            ""speed_limit"": 30\n        },\n        ""inflows"": {\n            ""_InFlows__flows"": [],\n            ""num_flows"": 0\n        },\n        ""netfile"": null,\n        ""no_internal_links"": false,\n        ""osm_path"": null\n    },\n    ""scenario"": ""Figure8Scenario"",\n    ""sim"": {\n        ""emission_path"": null,\n        ""lateral_resolution"": null,\n        ""no_step_log"": true,\n        ""num_clients"": 1,\n        ""overtake_right"": false,\n        ""port"": null,\n        ""print_warnings"": true,\n        ""pxpm"": 2,\n        ""render"": false,\n        ""restart_instance"": false,\n        ""save_render"": false,\n        ""seed"": null,\n        ""show_radius"": false,\n        ""sight_radius"": 25,\n        ""sim_step"": 0.1,\n        ""teleport_time"": -1\n    },\n    ""simulator"": ""traci"",\n    ""veh"": [\n        {\n            ""acceleration_controller"": [\n                ""IDMController"",\n                {\n                    ""noise"": 0.2\n                }\n            ],\n            ""car_following_params"": {\n                ""controller_params"": {\n                    ""accel"": 1.0,\n                    ""carFollowModel"": ""IDM"",\n                    ""decel"": 1.5,\n                    ""impatience"": 0.5,\n                    ""maxSpeed"": 30,\n                    ""minGap"": 2.5,\n                    ""sigma"": 0.5,\n                    ""speedDev"": 0.1,\n                    ""speedFactor"": 1.0,\n                    ""tau"": 1.0\n                },\n                ""speed_mode"": 1\n            },\n            ""initial_speed"": 0,\n            ""lane_change_controller"": [\n                ""SimLaneChangeController"",\n                {}\n            ],\n            ""lane_change_params"": {\n                ""controller_params"": {\n                    ""laneChangeModel"": ""LC2013"",\n                    ""lcCooperative"": ""1.0"",\n                    ""lcKeepRight"": ""1.0"",\n                    ""lcSpeedGain"": ""1.0"",\n                    ""lcStrategic"": ""1.0""\n                },\n                ""lane_change_mode"": 512\n            },\n            ""num_vehicles"": 13,\n            ""routing_controller"": [\n                ""ContinuousRouter"",\n                {}\n            ],\n            ""veh_id"": ""human""\n        },\n        {\n            ""acceleration_controller"": [\n                ""RLController"",\n                {}\n            ],\n            ""car_following_params"": {\n                ""controller_params"": {\n                    ""accel"": 1.0,\n                    ""carFollowModel"": ""IDM"",\n                    ""decel"": 1.5,\n                    ""impatience"": 0.5,\n                    ""maxSpeed"": 30,\n                    ""minGap"": 2.5,\n                    ""sigma"": 0.5,\n                    ""speedDev"": 0.1,\n                    ""speedFactor"": 1.0,\n                    ""tau"": 1.0\n                },\n                ""speed_mode"": 1\n            },\n            ""initial_speed"": 0,\n            ""lane_change_controller"": [\n                ""SimLaneChangeController"",\n                {}\n            ],\n            ""lane_change_params"": {\n                ""controller_params"": {\n                    ""laneChangeModel"": ""LC2013"",\n                    ""lcCooperative"": ""1.0"",\n                    ""lcKeepRight"": ""1.0"",\n                    ""lcSpeedGain"": ""1.0"",\n                    ""lcStrategic"": ""1.0""\n                },\n                ""lane_change_mode"": 512\n            },\n            ""num_vehicles"": 1,\n            ""routing_controller"": [\n                ""ContinuousRouter"",\n                {}\n            ],\n            ""veh_id"": ""rl""\n        }\n    ]\n}'}, 'env': 'AccelEnv-v0', 'local_evaluator_tf_session_args': {'inter_op_parallelism_threads': 8, 'intra_op_parallelism_threads': 8}, 'model': {'free_log_std': False, 'custom_options': {}, 'framestack': True, 'channel_major': False, 'max_seq_len': 20, 'lstm_use_prev_action_reward': False, 'squash_to_range': False, 'dim': 84, 'grayscale': False, 'fcnet_hiddens': [100, 50, 25], 'use_lstm': False, 'custom_model': None, 'fcnet_activation': 'tanh', 'conv_filters': None, 'conv_activation': 'relu', 'lstm_cell_size': 256, 'zero_mean': True, 'custom_preprocessor': None}, 'output_compress_columns': ['obs', 'new_obs'], 'monitor': False, 'custom_resources_per_worker': {}, 'output_max_file_size': 67108864, 'num_workers': 1, 'clip_param': 0.3, 'kl_coeff': 0.2, 'multiagent': {'policy_graphs': {}, 'policy_mapping_fn': None, 'policies_to_train': None}, 'input_evaluation': None, 'output': None, 'collect_metrics_timeout': 180, 'num_cpus_per_worker': 1}",169.237.32.118,1,1273.71,9.880164861679077,"{'num_steps_sampled': 350400, 'load_time_ms': 1.208, 'default': {'kl': 0.018943846225738525, 'cur_lr': 0.0005000000237487257, 'total_loss': 0.5580964684486389, 'policy_loss': -0.03571399301290512, 'vf_explained_var': 0.9788021445274353, 'entropy': 1.6850029230117798, 'cur_kl_coeff': 0.3082418143749237, 'vf_loss': 0.5879712104797363}, 'sample_time_ms': 9595.756, 'grad_time_ms': 274.597, 'update_time_ms': 4.755, 'num_steps_trained': 350400}",355.73024390259815,2019-04-02_08-13-01,kronos,71,350400,0,2170.6866838932037,{},350400,219,219,2170.6866838932037,476.96347428500655,1600,1554192781,{},0b32d2eec3344b1fbde4822793b2e447,66.4306665637337
False,281,"{'input': 'sampler', 'callbacks': {'on_train_result': None, 'on_sample_end': None, 'on_episode_step': None, 'on_episode_start': None, 'on_episode_end': None}, 'sample_batch_size': 200, 'clip_actions': False, 'clip_rewards': None, 'tf_session_args': {'inter_op_parallelism_threads': 2, 'intra_op_parallelism_threads': 2, 'device_count': {'CPU': 1}, 'log_device_placement': False, 'allow_soft_placement': True, 'gpu_options': {'allow_growth': True}}, 'kl_target': 0.01, 'horizon': 1500, 'lr': 0.0005, 'sample_async': False, 'simple_optimizer': False, 'compress_observations': False, 'num_envs_per_worker': 1, 'gamma': 0.99, 'sgd_minibatch_size': 128, 'observation_filter': 'NoFilter', 'entropy_coeff': 0.0, 'batch_mode': 'truncate_episodes', 'straggler_mitigation': False, 'vf_share_layers': False, 'num_gpus': 0, 'synchronize_filters': True, 'num_sgd_iter': 10, 'train_batch_size': 1500, 'optimizer': {}, 'num_gpus_per_worker': 0, 'preprocessor_pref': 'deepmind', 'num_cpus_for_driver': 1, 'lr_schedule': None, 'use_gae': True, 'lambda': 0.97, 'vf_loss_coeff': 1.0, 'vf_clip_param': 1000000.0, 'log_level': 'INFO', 'env_config': {'run': 'PPO', 'flow_params': '{\n    ""env"": {\n        ""additional_params"": {\n            ""max_accel"": 3,\n            ""max_decel"": 3,\n            ""sort_vehicles"": false,\n            ""target_velocity"": 20\n        },\n        ""evaluate"": false,\n        ""horizon"": 1500,\n        ""sims_per_step"": 1,\n        ""warmup_steps"": 0\n    },\n    ""env_name"": ""AccelEnv"",\n    ""exp_tag"": ""figure_eight_0"",\n    ""initial"": {\n        ""additional_params"": {},\n        ""bunching"": 0,\n        ""edges_distribution"": ""all"",\n        ""lanes_distribution"": Infinity,\n        ""min_gap"": 0,\n        ""perturbation"": 0.0,\n        ""shuffle"": false,\n        ""spacing"": ""uniform"",\n        ""x0"": 0\n    },\n    ""net"": {\n        ""additional_params"": {\n            ""lanes"": 1,\n            ""radius_ring"": 30,\n            ""resolution"": 40,\n            ""speed_limit"": 30\n        },\n        ""inflows"": {\n            ""_InFlows__flows"": [],\n            ""num_flows"": 0\n        },\n        ""netfile"": null,\n        ""no_internal_links"": false,\n        ""osm_path"": null\n    },\n    ""scenario"": ""Figure8Scenario"",\n    ""sim"": {\n        ""emission_path"": null,\n        ""lateral_resolution"": null,\n        ""no_step_log"": true,\n        ""num_clients"": 1,\n        ""overtake_right"": false,\n        ""port"": null,\n        ""print_warnings"": true,\n        ""pxpm"": 2,\n        ""render"": false,\n        ""restart_instance"": false,\n        ""save_render"": false,\n        ""seed"": null,\n        ""show_radius"": false,\n        ""sight_radius"": 25,\n        ""sim_step"": 0.1,\n        ""teleport_time"": -1\n    },\n    ""simulator"": ""traci"",\n    ""veh"": [\n        {\n            ""acceleration_controller"": [\n                ""IDMController"",\n                {\n                    ""noise"": 0.2\n                }\n            ],\n            ""car_following_params"": {\n                ""controller_params"": {\n                    ""accel"": 1.0,\n                    ""carFollowModel"": ""IDM"",\n                    ""decel"": 1.5,\n                    ""impatience"": 0.5,\n                    ""maxSpeed"": 30,\n                    ""minGap"": 2.5,\n                    ""sigma"": 0.5,\n                    ""speedDev"": 0.1,\n                    ""speedFactor"": 1.0,\n                    ""tau"": 1.0\n                },\n                ""speed_mode"": 1\n            },\n            ""initial_speed"": 0,\n            ""lane_change_controller"": [\n                ""SimLaneChangeController"",\n                {}\n            ],\n            ""lane_change_params"": {\n                ""controller_params"": {\n                    ""laneChangeModel"": ""LC2013"",\n                    ""lcCooperative"": ""1.0"",\n                    ""lcKeepRight"": ""1.0"",\n                    ""lcSpeedGain"": ""1.0"",\n                    ""lcStrategic"": ""1.0""\n                },\n                ""lane_change_mode"": 512\n            },\n            ""num_vehicles"": 13,\n            ""routing_controller"": [\n                ""ContinuousRouter"",\n                {}\n            ],\n            ""veh_id"": ""human""\n        },\n        {\n            ""acceleration_controller"": [\n                ""RLController"",\n                {}\n            ],\n            ""car_following_params"": {\n                ""controller_params"": {\n                    ""accel"": 1.0,\n                    ""carFollowModel"": ""IDM"",\n                    ""decel"": 1.5,\n                    ""impatience"": 0.5,\n                    ""maxSpeed"": 30,\n                    ""minGap"": 2.5,\n                    ""sigma"": 0.5,\n                    ""speedDev"": 0.1,\n                    ""speedFactor"": 1.0,\n                    ""tau"": 1.0\n                },\n                ""speed_mode"": 1\n            },\n            ""initial_speed"": 0,\n            ""lane_change_controller"": [\n                ""SimLaneChangeController"",\n                {}\n            ],\n            ""lane_change_params"": {\n                ""controller_params"": {\n                    ""laneChangeModel"": ""LC2013"",\n                    ""lcCooperative"": ""1.0"",\n                    ""lcKeepRight"": ""1.0"",\n                    ""lcSpeedGain"": ""1.0"",\n                    ""lcStrategic"": ""1.0""\n                },\n                ""lane_change_mode"": 512\n            },\n            ""num_vehicles"": 1,\n            ""routing_controller"": [\n                ""ContinuousRouter"",\n                {}\n            ],\n            ""veh_id"": ""rl""\n        }\n    ]\n}'}, 'env': 'AccelEnv-v0', 'local_evaluator_tf_session_args': {'inter_op_parallelism_threads': 8, 'intra_op_parallelism_threads': 8}, 'model': {'free_log_std': False, 'custom_options': {}, 'framestack': True, 'channel_major': False, 'max_seq_len': 20, 'lstm_use_prev_action_reward': False, 'squash_to_range': False, 'dim': 84, 'grayscale': False, 'fcnet_hiddens': [100, 50, 25], 'use_lstm': False, 'custom_model': None, 'fcnet_activation': 'tanh', 'conv_filters': None, 'conv_activation': 'relu', 'lstm_cell_size': 256, 'zero_mean': True, 'custom_preprocessor': None}, 'output_compress_columns': ['obs', 'new_obs'], 'monitor': False, 'custom_resources_per_worker': {}, 'output_max_file_size': 67108864, 'num_workers': 1, 'clip_param': 0.3, 'kl_coeff': 0.2, 'multiagent': {'policy_graphs': {}, 'policy_mapping_fn': None, 'policies_to_train': None}, 'input_evaluation': None, 'output': None, 'collect_metrics_timeout': 180, 'num_cpus_per_worker': 1}",169.237.32.118,1,1273.71,10.007863283157349,"{'num_steps_sampled': 352000, 'load_time_ms': 1.225, 'default': {'kl': 0.018545476719737053, 'cur_lr': 0.0005000000237487257, 'total_loss': 3.36967396736145, 'policy_loss': -0.04403715208172798, 'vf_explained_var': 0.8929447531700134, 'entropy': 1.7873238325119019, 'cur_kl_coeff': 0.3082418143749237, 'vf_loss': 3.407994508743286}, 'sample_time_ms': 9605.465, 'grad_time_ms': 272.846, 'update_time_ms': 4.633, 'num_steps_trained': 352000}",355.6579505231741,2019-04-02_08-13-11,kronos,71,352000,0,2180.694547176361,{},352000,220,220,2180.694547176361,476.96347428500655,1600,1554192791,{},0b32d2eec3344b1fbde4822793b2e447,66.4306665637337
False,282,"{'input': 'sampler', 'callbacks': {'on_train_result': None, 'on_sample_end': None, 'on_episode_step': None, 'on_episode_start': None, 'on_episode_end': None}, 'sample_batch_size': 200, 'clip_actions': False, 'clip_rewards': None, 'tf_session_args': {'inter_op_parallelism_threads': 2, 'intra_op_parallelism_threads': 2, 'device_count': {'CPU': 1}, 'log_device_placement': False, 'allow_soft_placement': True, 'gpu_options': {'allow_growth': True}}, 'kl_target': 0.01, 'horizon': 1500, 'lr': 0.0005, 'sample_async': False, 'simple_optimizer': False, 'compress_observations': False, 'num_envs_per_worker': 1, 'gamma': 0.99, 'sgd_minibatch_size': 128, 'observation_filter': 'NoFilter', 'entropy_coeff': 0.0, 'batch_mode': 'truncate_episodes', 'straggler_mitigation': False, 'vf_share_layers': False, 'num_gpus': 0, 'synchronize_filters': True, 'num_sgd_iter': 10, 'train_batch_size': 1500, 'optimizer': {}, 'num_gpus_per_worker': 0, 'preprocessor_pref': 'deepmind', 'num_cpus_for_driver': 1, 'lr_schedule': None, 'use_gae': True, 'lambda': 0.97, 'vf_loss_coeff': 1.0, 'vf_clip_param': 1000000.0, 'log_level': 'INFO', 'env_config': {'run': 'PPO', 'flow_params': '{\n    ""env"": {\n        ""additional_params"": {\n            ""max_accel"": 3,\n            ""max_decel"": 3,\n            ""sort_vehicles"": false,\n            ""target_velocity"": 20\n        },\n        ""evaluate"": false,\n        ""horizon"": 1500,\n        ""sims_per_step"": 1,\n        ""warmup_steps"": 0\n    },\n    ""env_name"": ""AccelEnv"",\n    ""exp_tag"": ""figure_eight_0"",\n    ""initial"": {\n        ""additional_params"": {},\n        ""bunching"": 0,\n        ""edges_distribution"": ""all"",\n        ""lanes_distribution"": Infinity,\n        ""min_gap"": 0,\n        ""perturbation"": 0.0,\n        ""shuffle"": false,\n        ""spacing"": ""uniform"",\n        ""x0"": 0\n    },\n    ""net"": {\n        ""additional_params"": {\n            ""lanes"": 1,\n            ""radius_ring"": 30,\n            ""resolution"": 40,\n            ""speed_limit"": 30\n        },\n        ""inflows"": {\n            ""_InFlows__flows"": [],\n            ""num_flows"": 0\n        },\n        ""netfile"": null,\n        ""no_internal_links"": false,\n        ""osm_path"": null\n    },\n    ""scenario"": ""Figure8Scenario"",\n    ""sim"": {\n        ""emission_path"": null,\n        ""lateral_resolution"": null,\n        ""no_step_log"": true,\n        ""num_clients"": 1,\n        ""overtake_right"": false,\n        ""port"": null,\n        ""print_warnings"": true,\n        ""pxpm"": 2,\n        ""render"": false,\n        ""restart_instance"": false,\n        ""save_render"": false,\n        ""seed"": null,\n        ""show_radius"": false,\n        ""sight_radius"": 25,\n        ""sim_step"": 0.1,\n        ""teleport_time"": -1\n    },\n    ""simulator"": ""traci"",\n    ""veh"": [\n        {\n            ""acceleration_controller"": [\n                ""IDMController"",\n                {\n                    ""noise"": 0.2\n                }\n            ],\n            ""car_following_params"": {\n                ""controller_params"": {\n                    ""accel"": 1.0,\n                    ""carFollowModel"": ""IDM"",\n                    ""decel"": 1.5,\n                    ""impatience"": 0.5,\n                    ""maxSpeed"": 30,\n                    ""minGap"": 2.5,\n                    ""sigma"": 0.5,\n                    ""speedDev"": 0.1,\n                    ""speedFactor"": 1.0,\n                    ""tau"": 1.0\n                },\n                ""speed_mode"": 1\n            },\n            ""initial_speed"": 0,\n            ""lane_change_controller"": [\n                ""SimLaneChangeController"",\n                {}\n            ],\n            ""lane_change_params"": {\n                ""controller_params"": {\n                    ""laneChangeModel"": ""LC2013"",\n                    ""lcCooperative"": ""1.0"",\n                    ""lcKeepRight"": ""1.0"",\n                    ""lcSpeedGain"": ""1.0"",\n                    ""lcStrategic"": ""1.0""\n                },\n                ""lane_change_mode"": 512\n            },\n            ""num_vehicles"": 13,\n            ""routing_controller"": [\n                ""ContinuousRouter"",\n                {}\n            ],\n            ""veh_id"": ""human""\n        },\n        {\n            ""acceleration_controller"": [\n                ""RLController"",\n                {}\n            ],\n            ""car_following_params"": {\n                ""controller_params"": {\n                    ""accel"": 1.0,\n                    ""carFollowModel"": ""IDM"",\n                    ""decel"": 1.5,\n                    ""impatience"": 0.5,\n                    ""maxSpeed"": 30,\n                    ""minGap"": 2.5,\n                    ""sigma"": 0.5,\n                    ""speedDev"": 0.1,\n                    ""speedFactor"": 1.0,\n                    ""tau"": 1.0\n                },\n                ""speed_mode"": 1\n            },\n            ""initial_speed"": 0,\n            ""lane_change_controller"": [\n                ""SimLaneChangeController"",\n                {}\n            ],\n            ""lane_change_params"": {\n                ""controller_params"": {\n                    ""laneChangeModel"": ""LC2013"",\n                    ""lcCooperative"": ""1.0"",\n                    ""lcKeepRight"": ""1.0"",\n                    ""lcSpeedGain"": ""1.0"",\n                    ""lcStrategic"": ""1.0""\n                },\n                ""lane_change_mode"": 512\n            },\n            ""num_vehicles"": 1,\n            ""routing_controller"": [\n                ""ContinuousRouter"",\n                {}\n            ],\n            ""veh_id"": ""rl""\n        }\n    ]\n}'}, 'env': 'AccelEnv-v0', 'local_evaluator_tf_session_args': {'inter_op_parallelism_threads': 8, 'intra_op_parallelism_threads': 8}, 'model': {'free_log_std': False, 'custom_options': {}, 'framestack': True, 'channel_major': False, 'max_seq_len': 20, 'lstm_use_prev_action_reward': False, 'squash_to_range': False, 'dim': 84, 'grayscale': False, 'fcnet_hiddens': [100, 50, 25], 'use_lstm': False, 'custom_model': None, 'fcnet_activation': 'tanh', 'conv_filters': None, 'conv_activation': 'relu', 'lstm_cell_size': 256, 'zero_mean': True, 'custom_preprocessor': None}, 'output_compress_columns': ['obs', 'new_obs'], 'monitor': False, 'custom_resources_per_worker': {}, 'output_max_file_size': 67108864, 'num_workers': 1, 'clip_param': 0.3, 'kl_coeff': 0.2, 'multiagent': {'policy_graphs': {}, 'policy_mapping_fn': None, 'policies_to_train': None}, 'input_evaluation': None, 'output': None, 'collect_metrics_timeout': 180, 'num_cpus_per_worker': 1}",169.237.32.118,1,1283.86,9.83048963546753,"{'num_steps_sampled': 353600, 'load_time_ms': 1.262, 'default': {'kl': 0.0069344728253781796, 'cur_lr': 0.0005000000237487257, 'total_loss': 0.6186879873275757, 'policy_loss': -0.009872060269117355, 'vf_explained_var': 0.9836745858192444, 'entropy': 1.7886685132980347, 'cur_kl_coeff': 0.3082418143749237, 'vf_loss': 0.626422643661499}, 'sample_time_ms': 9589.709, 'grad_time_ms': 274.237, 'update_time_ms': 4.635, 'num_steps_trained': 353600}",358.63641764209774,2019-04-02_08-13-20,kronos,71,353600,0,2190.5250368118286,{},353600,221,221,2190.5250368118286,476.96347428500655,1600,1554192800,{},0b32d2eec3344b1fbde4822793b2e447,66.4306665637337
False,283,"{'input': 'sampler', 'callbacks': {'on_train_result': None, 'on_sample_end': None, 'on_episode_step': None, 'on_episode_start': None, 'on_episode_end': None}, 'sample_batch_size': 200, 'clip_actions': False, 'clip_rewards': None, 'tf_session_args': {'inter_op_parallelism_threads': 2, 'intra_op_parallelism_threads': 2, 'device_count': {'CPU': 1}, 'log_device_placement': False, 'allow_soft_placement': True, 'gpu_options': {'allow_growth': True}}, 'kl_target': 0.01, 'horizon': 1500, 'lr': 0.0005, 'sample_async': False, 'simple_optimizer': False, 'compress_observations': False, 'num_envs_per_worker': 1, 'gamma': 0.99, 'sgd_minibatch_size': 128, 'observation_filter': 'NoFilter', 'entropy_coeff': 0.0, 'batch_mode': 'truncate_episodes', 'straggler_mitigation': False, 'vf_share_layers': False, 'num_gpus': 0, 'synchronize_filters': True, 'num_sgd_iter': 10, 'train_batch_size': 1500, 'optimizer': {}, 'num_gpus_per_worker': 0, 'preprocessor_pref': 'deepmind', 'num_cpus_for_driver': 1, 'lr_schedule': None, 'use_gae': True, 'lambda': 0.97, 'vf_loss_coeff': 1.0, 'vf_clip_param': 1000000.0, 'log_level': 'INFO', 'env_config': {'run': 'PPO', 'flow_params': '{\n    ""env"": {\n        ""additional_params"": {\n            ""max_accel"": 3,\n            ""max_decel"": 3,\n            ""sort_vehicles"": false,\n            ""target_velocity"": 20\n        },\n        ""evaluate"": false,\n        ""horizon"": 1500,\n        ""sims_per_step"": 1,\n        ""warmup_steps"": 0\n    },\n    ""env_name"": ""AccelEnv"",\n    ""exp_tag"": ""figure_eight_0"",\n    ""initial"": {\n        ""additional_params"": {},\n        ""bunching"": 0,\n        ""edges_distribution"": ""all"",\n        ""lanes_distribution"": Infinity,\n        ""min_gap"": 0,\n        ""perturbation"": 0.0,\n        ""shuffle"": false,\n        ""spacing"": ""uniform"",\n        ""x0"": 0\n    },\n    ""net"": {\n        ""additional_params"": {\n            ""lanes"": 1,\n            ""radius_ring"": 30,\n            ""resolution"": 40,\n            ""speed_limit"": 30\n        },\n        ""inflows"": {\n            ""_InFlows__flows"": [],\n            ""num_flows"": 0\n        },\n        ""netfile"": null,\n        ""no_internal_links"": false,\n        ""osm_path"": null\n    },\n    ""scenario"": ""Figure8Scenario"",\n    ""sim"": {\n        ""emission_path"": null,\n        ""lateral_resolution"": null,\n        ""no_step_log"": true,\n        ""num_clients"": 1,\n        ""overtake_right"": false,\n        ""port"": null,\n        ""print_warnings"": true,\n        ""pxpm"": 2,\n        ""render"": false,\n        ""restart_instance"": false,\n        ""save_render"": false,\n        ""seed"": null,\n        ""show_radius"": false,\n        ""sight_radius"": 25,\n        ""sim_step"": 0.1,\n        ""teleport_time"": -1\n    },\n    ""simulator"": ""traci"",\n    ""veh"": [\n        {\n            ""acceleration_controller"": [\n                ""IDMController"",\n                {\n                    ""noise"": 0.2\n                }\n            ],\n            ""car_following_params"": {\n                ""controller_params"": {\n                    ""accel"": 1.0,\n                    ""carFollowModel"": ""IDM"",\n                    ""decel"": 1.5,\n                    ""impatience"": 0.5,\n                    ""maxSpeed"": 30,\n                    ""minGap"": 2.5,\n                    ""sigma"": 0.5,\n                    ""speedDev"": 0.1,\n                    ""speedFactor"": 1.0,\n                    ""tau"": 1.0\n                },\n                ""speed_mode"": 1\n            },\n            ""initial_speed"": 0,\n            ""lane_change_controller"": [\n                ""SimLaneChangeController"",\n                {}\n            ],\n            ""lane_change_params"": {\n                ""controller_params"": {\n                    ""laneChangeModel"": ""LC2013"",\n                    ""lcCooperative"": ""1.0"",\n                    ""lcKeepRight"": ""1.0"",\n                    ""lcSpeedGain"": ""1.0"",\n                    ""lcStrategic"": ""1.0""\n                },\n                ""lane_change_mode"": 512\n            },\n            ""num_vehicles"": 13,\n            ""routing_controller"": [\n                ""ContinuousRouter"",\n                {}\n            ],\n            ""veh_id"": ""human""\n        },\n        {\n            ""acceleration_controller"": [\n                ""RLController"",\n                {}\n            ],\n            ""car_following_params"": {\n                ""controller_params"": {\n                    ""accel"": 1.0,\n                    ""carFollowModel"": ""IDM"",\n                    ""decel"": 1.5,\n                    ""impatience"": 0.5,\n                    ""maxSpeed"": 30,\n                    ""minGap"": 2.5,\n                    ""sigma"": 0.5,\n                    ""speedDev"": 0.1,\n                    ""speedFactor"": 1.0,\n                    ""tau"": 1.0\n                },\n                ""speed_mode"": 1\n            },\n            ""initial_speed"": 0,\n            ""lane_change_controller"": [\n                ""SimLaneChangeController"",\n                {}\n            ],\n            ""lane_change_params"": {\n                ""controller_params"": {\n                    ""laneChangeModel"": ""LC2013"",\n                    ""lcCooperative"": ""1.0"",\n                    ""lcKeepRight"": ""1.0"",\n                    ""lcSpeedGain"": ""1.0"",\n                    ""lcStrategic"": ""1.0""\n                },\n                ""lane_change_mode"": 512\n            },\n            ""num_vehicles"": 1,\n            ""routing_controller"": [\n                ""ContinuousRouter"",\n                {}\n            ],\n            ""veh_id"": ""rl""\n        }\n    ]\n}'}, 'env': 'AccelEnv-v0', 'local_evaluator_tf_session_args': {'inter_op_parallelism_threads': 8, 'intra_op_parallelism_threads': 8}, 'model': {'free_log_std': False, 'custom_options': {}, 'framestack': True, 'channel_major': False, 'max_seq_len': 20, 'lstm_use_prev_action_reward': False, 'squash_to_range': False, 'dim': 84, 'grayscale': False, 'fcnet_hiddens': [100, 50, 25], 'use_lstm': False, 'custom_model': None, 'fcnet_activation': 'tanh', 'conv_filters': None, 'conv_activation': 'relu', 'lstm_cell_size': 256, 'zero_mean': True, 'custom_preprocessor': None}, 'output_compress_columns': ['obs', 'new_obs'], 'monitor': False, 'custom_resources_per_worker': {}, 'output_max_file_size': 67108864, 'num_workers': 1, 'clip_param': 0.3, 'kl_coeff': 0.2, 'multiagent': {'policy_graphs': {}, 'policy_mapping_fn': None, 'policies_to_train': None}, 'input_evaluation': None, 'output': None, 'collect_metrics_timeout': 180, 'num_cpus_per_worker': 1}",169.237.32.118,1,1296.76,10.022427320480347,"{'num_steps_sampled': 355200, 'load_time_ms': 1.222, 'default': {'kl': 0.008926776237785816, 'cur_lr': 0.0005000000237487257, 'total_loss': 0.49548080563545227, 'policy_loss': -0.012757568620145321, 'vf_explained_var': 0.9783706068992615, 'entropy': 1.6845301389694214, 'cur_kl_coeff': 0.3082418143749237, 'vf_loss': 0.505486786365509}, 'sample_time_ms': 9609.07, 'grad_time_ms': 274.222, 'update_time_ms': 4.651, 'num_steps_trained': 355200}",362.16091023777136,2019-04-02_08-13-30,kronos,71,355200,0,2200.547464132309,{},355200,222,222,2200.547464132309,476.96347428500655,1600,1554192810,{},0b32d2eec3344b1fbde4822793b2e447,67.67345793384095
False,284,"{'input': 'sampler', 'callbacks': {'on_train_result': None, 'on_sample_end': None, 'on_episode_step': None, 'on_episode_start': None, 'on_episode_end': None}, 'sample_batch_size': 200, 'clip_actions': False, 'clip_rewards': None, 'tf_session_args': {'inter_op_parallelism_threads': 2, 'intra_op_parallelism_threads': 2, 'device_count': {'CPU': 1}, 'log_device_placement': False, 'allow_soft_placement': True, 'gpu_options': {'allow_growth': True}}, 'kl_target': 0.01, 'horizon': 1500, 'lr': 0.0005, 'sample_async': False, 'simple_optimizer': False, 'compress_observations': False, 'num_envs_per_worker': 1, 'gamma': 0.99, 'sgd_minibatch_size': 128, 'observation_filter': 'NoFilter', 'entropy_coeff': 0.0, 'batch_mode': 'truncate_episodes', 'straggler_mitigation': False, 'vf_share_layers': False, 'num_gpus': 0, 'synchronize_filters': True, 'num_sgd_iter': 10, 'train_batch_size': 1500, 'optimizer': {}, 'num_gpus_per_worker': 0, 'preprocessor_pref': 'deepmind', 'num_cpus_for_driver': 1, 'lr_schedule': None, 'use_gae': True, 'lambda': 0.97, 'vf_loss_coeff': 1.0, 'vf_clip_param': 1000000.0, 'log_level': 'INFO', 'env_config': {'run': 'PPO', 'flow_params': '{\n    ""env"": {\n        ""additional_params"": {\n            ""max_accel"": 3,\n            ""max_decel"": 3,\n            ""sort_vehicles"": false,\n            ""target_velocity"": 20\n        },\n        ""evaluate"": false,\n        ""horizon"": 1500,\n        ""sims_per_step"": 1,\n        ""warmup_steps"": 0\n    },\n    ""env_name"": ""AccelEnv"",\n    ""exp_tag"": ""figure_eight_0"",\n    ""initial"": {\n        ""additional_params"": {},\n        ""bunching"": 0,\n        ""edges_distribution"": ""all"",\n        ""lanes_distribution"": Infinity,\n        ""min_gap"": 0,\n        ""perturbation"": 0.0,\n        ""shuffle"": false,\n        ""spacing"": ""uniform"",\n        ""x0"": 0\n    },\n    ""net"": {\n        ""additional_params"": {\n            ""lanes"": 1,\n            ""radius_ring"": 30,\n            ""resolution"": 40,\n            ""speed_limit"": 30\n        },\n        ""inflows"": {\n            ""_InFlows__flows"": [],\n            ""num_flows"": 0\n        },\n        ""netfile"": null,\n        ""no_internal_links"": false,\n        ""osm_path"": null\n    },\n    ""scenario"": ""Figure8Scenario"",\n    ""sim"": {\n        ""emission_path"": null,\n        ""lateral_resolution"": null,\n        ""no_step_log"": true,\n        ""num_clients"": 1,\n        ""overtake_right"": false,\n        ""port"": null,\n        ""print_warnings"": true,\n        ""pxpm"": 2,\n        ""render"": false,\n        ""restart_instance"": false,\n        ""save_render"": false,\n        ""seed"": null,\n        ""show_radius"": false,\n        ""sight_radius"": 25,\n        ""sim_step"": 0.1,\n        ""teleport_time"": -1\n    },\n    ""simulator"": ""traci"",\n    ""veh"": [\n        {\n            ""acceleration_controller"": [\n                ""IDMController"",\n                {\n                    ""noise"": 0.2\n                }\n            ],\n            ""car_following_params"": {\n                ""controller_params"": {\n                    ""accel"": 1.0,\n                    ""carFollowModel"": ""IDM"",\n                    ""decel"": 1.5,\n                    ""impatience"": 0.5,\n                    ""maxSpeed"": 30,\n                    ""minGap"": 2.5,\n                    ""sigma"": 0.5,\n                    ""speedDev"": 0.1,\n                    ""speedFactor"": 1.0,\n                    ""tau"": 1.0\n                },\n                ""speed_mode"": 1\n            },\n            ""initial_speed"": 0,\n            ""lane_change_controller"": [\n                ""SimLaneChangeController"",\n                {}\n            ],\n            ""lane_change_params"": {\n                ""controller_params"": {\n                    ""laneChangeModel"": ""LC2013"",\n                    ""lcCooperative"": ""1.0"",\n                    ""lcKeepRight"": ""1.0"",\n                    ""lcSpeedGain"": ""1.0"",\n                    ""lcStrategic"": ""1.0""\n                },\n                ""lane_change_mode"": 512\n            },\n            ""num_vehicles"": 13,\n            ""routing_controller"": [\n                ""ContinuousRouter"",\n                {}\n            ],\n            ""veh_id"": ""human""\n        },\n        {\n            ""acceleration_controller"": [\n                ""RLController"",\n                {}\n            ],\n            ""car_following_params"": {\n                ""controller_params"": {\n                    ""accel"": 1.0,\n                    ""carFollowModel"": ""IDM"",\n                    ""decel"": 1.5,\n                    ""impatience"": 0.5,\n                    ""maxSpeed"": 30,\n                    ""minGap"": 2.5,\n                    ""sigma"": 0.5,\n                    ""speedDev"": 0.1,\n                    ""speedFactor"": 1.0,\n                    ""tau"": 1.0\n                },\n                ""speed_mode"": 1\n            },\n            ""initial_speed"": 0,\n            ""lane_change_controller"": [\n                ""SimLaneChangeController"",\n                {}\n            ],\n            ""lane_change_params"": {\n                ""controller_params"": {\n                    ""laneChangeModel"": ""LC2013"",\n                    ""lcCooperative"": ""1.0"",\n                    ""lcKeepRight"": ""1.0"",\n                    ""lcSpeedGain"": ""1.0"",\n                    ""lcStrategic"": ""1.0""\n                },\n                ""lane_change_mode"": 512\n            },\n            ""num_vehicles"": 1,\n            ""routing_controller"": [\n                ""ContinuousRouter"",\n                {}\n            ],\n            ""veh_id"": ""rl""\n        }\n    ]\n}'}, 'env': 'AccelEnv-v0', 'local_evaluator_tf_session_args': {'inter_op_parallelism_threads': 8, 'intra_op_parallelism_threads': 8}, 'model': {'free_log_std': False, 'custom_options': {}, 'framestack': True, 'channel_major': False, 'max_seq_len': 20, 'lstm_use_prev_action_reward': False, 'squash_to_range': False, 'dim': 84, 'grayscale': False, 'fcnet_hiddens': [100, 50, 25], 'use_lstm': False, 'custom_model': None, 'fcnet_activation': 'tanh', 'conv_filters': None, 'conv_activation': 'relu', 'lstm_cell_size': 256, 'zero_mean': True, 'custom_preprocessor': None}, 'output_compress_columns': ['obs', 'new_obs'], 'monitor': False, 'custom_resources_per_worker': {}, 'output_max_file_size': 67108864, 'num_workers': 1, 'clip_param': 0.3, 'kl_coeff': 0.2, 'multiagent': {'policy_graphs': {}, 'policy_mapping_fn': None, 'policies_to_train': None}, 'input_evaluation': None, 'output': None, 'collect_metrics_timeout': 180, 'num_cpus_per_worker': 1}",169.237.32.118,1,1296.76,9.910280227661133,"{'num_steps_sampled': 356800, 'load_time_ms': 1.234, 'default': {'kl': 0.014703132212162018, 'cur_lr': 0.0005000000237487257, 'total_loss': 0.5838939547538757, 'policy_loss': -0.016119375824928284, 'vf_explained_var': 0.9793245196342468, 'entropy': 1.673956274986267, 'cur_kl_coeff': 0.3082418143749237, 'vf_loss': 0.5954812169075012}, 'sample_time_ms': 9604.582, 'grad_time_ms': 274.709, 'update_time_ms': 4.719, 'num_steps_trained': 356800}",361.91868919929055,2019-04-02_08-13-40,kronos,71,356800,0,2210.45774435997,{},356800,223,223,2210.45774435997,476.96347428500655,1600,1554192820,{},0b32d2eec3344b1fbde4822793b2e447,67.67345793384095
False,285,"{'input': 'sampler', 'callbacks': {'on_train_result': None, 'on_sample_end': None, 'on_episode_step': None, 'on_episode_start': None, 'on_episode_end': None}, 'sample_batch_size': 200, 'clip_actions': False, 'clip_rewards': None, 'tf_session_args': {'inter_op_parallelism_threads': 2, 'intra_op_parallelism_threads': 2, 'device_count': {'CPU': 1}, 'log_device_placement': False, 'allow_soft_placement': True, 'gpu_options': {'allow_growth': True}}, 'kl_target': 0.01, 'horizon': 1500, 'lr': 0.0005, 'sample_async': False, 'simple_optimizer': False, 'compress_observations': False, 'num_envs_per_worker': 1, 'gamma': 0.99, 'sgd_minibatch_size': 128, 'observation_filter': 'NoFilter', 'entropy_coeff': 0.0, 'batch_mode': 'truncate_episodes', 'straggler_mitigation': False, 'vf_share_layers': False, 'num_gpus': 0, 'synchronize_filters': True, 'num_sgd_iter': 10, 'train_batch_size': 1500, 'optimizer': {}, 'num_gpus_per_worker': 0, 'preprocessor_pref': 'deepmind', 'num_cpus_for_driver': 1, 'lr_schedule': None, 'use_gae': True, 'lambda': 0.97, 'vf_loss_coeff': 1.0, 'vf_clip_param': 1000000.0, 'log_level': 'INFO', 'env_config': {'run': 'PPO', 'flow_params': '{\n    ""env"": {\n        ""additional_params"": {\n            ""max_accel"": 3,\n            ""max_decel"": 3,\n            ""sort_vehicles"": false,\n            ""target_velocity"": 20\n        },\n        ""evaluate"": false,\n        ""horizon"": 1500,\n        ""sims_per_step"": 1,\n        ""warmup_steps"": 0\n    },\n    ""env_name"": ""AccelEnv"",\n    ""exp_tag"": ""figure_eight_0"",\n    ""initial"": {\n        ""additional_params"": {},\n        ""bunching"": 0,\n        ""edges_distribution"": ""all"",\n        ""lanes_distribution"": Infinity,\n        ""min_gap"": 0,\n        ""perturbation"": 0.0,\n        ""shuffle"": false,\n        ""spacing"": ""uniform"",\n        ""x0"": 0\n    },\n    ""net"": {\n        ""additional_params"": {\n            ""lanes"": 1,\n            ""radius_ring"": 30,\n            ""resolution"": 40,\n            ""speed_limit"": 30\n        },\n        ""inflows"": {\n            ""_InFlows__flows"": [],\n            ""num_flows"": 0\n        },\n        ""netfile"": null,\n        ""no_internal_links"": false,\n        ""osm_path"": null\n    },\n    ""scenario"": ""Figure8Scenario"",\n    ""sim"": {\n        ""emission_path"": null,\n        ""lateral_resolution"": null,\n        ""no_step_log"": true,\n        ""num_clients"": 1,\n        ""overtake_right"": false,\n        ""port"": null,\n        ""print_warnings"": true,\n        ""pxpm"": 2,\n        ""render"": false,\n        ""restart_instance"": false,\n        ""save_render"": false,\n        ""seed"": null,\n        ""show_radius"": false,\n        ""sight_radius"": 25,\n        ""sim_step"": 0.1,\n        ""teleport_time"": -1\n    },\n    ""simulator"": ""traci"",\n    ""veh"": [\n        {\n            ""acceleration_controller"": [\n                ""IDMController"",\n                {\n                    ""noise"": 0.2\n                }\n            ],\n            ""car_following_params"": {\n                ""controller_params"": {\n                    ""accel"": 1.0,\n                    ""carFollowModel"": ""IDM"",\n                    ""decel"": 1.5,\n                    ""impatience"": 0.5,\n                    ""maxSpeed"": 30,\n                    ""minGap"": 2.5,\n                    ""sigma"": 0.5,\n                    ""speedDev"": 0.1,\n                    ""speedFactor"": 1.0,\n                    ""tau"": 1.0\n                },\n                ""speed_mode"": 1\n            },\n            ""initial_speed"": 0,\n            ""lane_change_controller"": [\n                ""SimLaneChangeController"",\n                {}\n            ],\n            ""lane_change_params"": {\n                ""controller_params"": {\n                    ""laneChangeModel"": ""LC2013"",\n                    ""lcCooperative"": ""1.0"",\n                    ""lcKeepRight"": ""1.0"",\n                    ""lcSpeedGain"": ""1.0"",\n                    ""lcStrategic"": ""1.0""\n                },\n                ""lane_change_mode"": 512\n            },\n            ""num_vehicles"": 13,\n            ""routing_controller"": [\n                ""ContinuousRouter"",\n                {}\n            ],\n            ""veh_id"": ""human""\n        },\n        {\n            ""acceleration_controller"": [\n                ""RLController"",\n                {}\n            ],\n            ""car_following_params"": {\n                ""controller_params"": {\n                    ""accel"": 1.0,\n                    ""carFollowModel"": ""IDM"",\n                    ""decel"": 1.5,\n                    ""impatience"": 0.5,\n                    ""maxSpeed"": 30,\n                    ""minGap"": 2.5,\n                    ""sigma"": 0.5,\n                    ""speedDev"": 0.1,\n                    ""speedFactor"": 1.0,\n                    ""tau"": 1.0\n                },\n                ""speed_mode"": 1\n            },\n            ""initial_speed"": 0,\n            ""lane_change_controller"": [\n                ""SimLaneChangeController"",\n                {}\n            ],\n            ""lane_change_params"": {\n                ""controller_params"": {\n                    ""laneChangeModel"": ""LC2013"",\n                    ""lcCooperative"": ""1.0"",\n                    ""lcKeepRight"": ""1.0"",\n                    ""lcSpeedGain"": ""1.0"",\n                    ""lcStrategic"": ""1.0""\n                },\n                ""lane_change_mode"": 512\n            },\n            ""num_vehicles"": 1,\n            ""routing_controller"": [\n                ""ContinuousRouter"",\n                {}\n            ],\n            ""veh_id"": ""rl""\n        }\n    ]\n}'}, 'env': 'AccelEnv-v0', 'local_evaluator_tf_session_args': {'inter_op_parallelism_threads': 8, 'intra_op_parallelism_threads': 8}, 'model': {'free_log_std': False, 'custom_options': {}, 'framestack': True, 'channel_major': False, 'max_seq_len': 20, 'lstm_use_prev_action_reward': False, 'squash_to_range': False, 'dim': 84, 'grayscale': False, 'fcnet_hiddens': [100, 50, 25], 'use_lstm': False, 'custom_model': None, 'fcnet_activation': 'tanh', 'conv_filters': None, 'conv_activation': 'relu', 'lstm_cell_size': 256, 'zero_mean': True, 'custom_preprocessor': None}, 'output_compress_columns': ['obs', 'new_obs'], 'monitor': False, 'custom_resources_per_worker': {}, 'output_max_file_size': 67108864, 'num_workers': 1, 'clip_param': 0.3, 'kl_coeff': 0.2, 'multiagent': {'policy_graphs': {}, 'policy_mapping_fn': None, 'policies_to_train': None}, 'input_evaluation': None, 'output': None, 'collect_metrics_timeout': 180, 'num_cpus_per_worker': 1}",169.237.32.118,1,1296.76,9.905912399291992,"{'num_steps_sampled': 358400, 'load_time_ms': 1.197, 'default': {'kl': 0.005921222735196352, 'cur_lr': 0.0005000000237487257, 'total_loss': 1.3063207864761353, 'policy_loss': 0.0008499172399751842, 'vf_explained_var': 0.9370633959770203, 'entropy': 1.6481375694274902, 'cur_kl_coeff': 0.3082418143749237, 'vf_loss': 1.3036457300186157}, 'sample_time_ms': 9616.155, 'grad_time_ms': 276.734, 'update_time_ms': 4.72, 'num_steps_trained': 358400}",361.8639748184324,2019-04-02_08-13-50,kronos,71,358400,0,2220.363656759262,{},358400,224,224,2220.363656759262,476.96347428500655,1600,1554192830,{},0b32d2eec3344b1fbde4822793b2e447,67.67345793384095
False,286,"{'input': 'sampler', 'callbacks': {'on_train_result': None, 'on_sample_end': None, 'on_episode_step': None, 'on_episode_start': None, 'on_episode_end': None}, 'sample_batch_size': 200, 'clip_actions': False, 'clip_rewards': None, 'tf_session_args': {'inter_op_parallelism_threads': 2, 'intra_op_parallelism_threads': 2, 'device_count': {'CPU': 1}, 'log_device_placement': False, 'allow_soft_placement': True, 'gpu_options': {'allow_growth': True}}, 'kl_target': 0.01, 'horizon': 1500, 'lr': 0.0005, 'sample_async': False, 'simple_optimizer': False, 'compress_observations': False, 'num_envs_per_worker': 1, 'gamma': 0.99, 'sgd_minibatch_size': 128, 'observation_filter': 'NoFilter', 'entropy_coeff': 0.0, 'batch_mode': 'truncate_episodes', 'straggler_mitigation': False, 'vf_share_layers': False, 'num_gpus': 0, 'synchronize_filters': True, 'num_sgd_iter': 10, 'train_batch_size': 1500, 'optimizer': {}, 'num_gpus_per_worker': 0, 'preprocessor_pref': 'deepmind', 'num_cpus_for_driver': 1, 'lr_schedule': None, 'use_gae': True, 'lambda': 0.97, 'vf_loss_coeff': 1.0, 'vf_clip_param': 1000000.0, 'log_level': 'INFO', 'env_config': {'run': 'PPO', 'flow_params': '{\n    ""env"": {\n        ""additional_params"": {\n            ""max_accel"": 3,\n            ""max_decel"": 3,\n            ""sort_vehicles"": false,\n            ""target_velocity"": 20\n        },\n        ""evaluate"": false,\n        ""horizon"": 1500,\n        ""sims_per_step"": 1,\n        ""warmup_steps"": 0\n    },\n    ""env_name"": ""AccelEnv"",\n    ""exp_tag"": ""figure_eight_0"",\n    ""initial"": {\n        ""additional_params"": {},\n        ""bunching"": 0,\n        ""edges_distribution"": ""all"",\n        ""lanes_distribution"": Infinity,\n        ""min_gap"": 0,\n        ""perturbation"": 0.0,\n        ""shuffle"": false,\n        ""spacing"": ""uniform"",\n        ""x0"": 0\n    },\n    ""net"": {\n        ""additional_params"": {\n            ""lanes"": 1,\n            ""radius_ring"": 30,\n            ""resolution"": 40,\n            ""speed_limit"": 30\n        },\n        ""inflows"": {\n            ""_InFlows__flows"": [],\n            ""num_flows"": 0\n        },\n        ""netfile"": null,\n        ""no_internal_links"": false,\n        ""osm_path"": null\n    },\n    ""scenario"": ""Figure8Scenario"",\n    ""sim"": {\n        ""emission_path"": null,\n        ""lateral_resolution"": null,\n        ""no_step_log"": true,\n        ""num_clients"": 1,\n        ""overtake_right"": false,\n        ""port"": null,\n        ""print_warnings"": true,\n        ""pxpm"": 2,\n        ""render"": false,\n        ""restart_instance"": false,\n        ""save_render"": false,\n        ""seed"": null,\n        ""show_radius"": false,\n        ""sight_radius"": 25,\n        ""sim_step"": 0.1,\n        ""teleport_time"": -1\n    },\n    ""simulator"": ""traci"",\n    ""veh"": [\n        {\n            ""acceleration_controller"": [\n                ""IDMController"",\n                {\n                    ""noise"": 0.2\n                }\n            ],\n            ""car_following_params"": {\n                ""controller_params"": {\n                    ""accel"": 1.0,\n                    ""carFollowModel"": ""IDM"",\n                    ""decel"": 1.5,\n                    ""impatience"": 0.5,\n                    ""maxSpeed"": 30,\n                    ""minGap"": 2.5,\n                    ""sigma"": 0.5,\n                    ""speedDev"": 0.1,\n                    ""speedFactor"": 1.0,\n                    ""tau"": 1.0\n                },\n                ""speed_mode"": 1\n            },\n            ""initial_speed"": 0,\n            ""lane_change_controller"": [\n                ""SimLaneChangeController"",\n                {}\n            ],\n            ""lane_change_params"": {\n                ""controller_params"": {\n                    ""laneChangeModel"": ""LC2013"",\n                    ""lcCooperative"": ""1.0"",\n                    ""lcKeepRight"": ""1.0"",\n                    ""lcSpeedGain"": ""1.0"",\n                    ""lcStrategic"": ""1.0""\n                },\n                ""lane_change_mode"": 512\n            },\n            ""num_vehicles"": 13,\n            ""routing_controller"": [\n                ""ContinuousRouter"",\n                {}\n            ],\n            ""veh_id"": ""human""\n        },\n        {\n            ""acceleration_controller"": [\n                ""RLController"",\n                {}\n            ],\n            ""car_following_params"": {\n                ""controller_params"": {\n                    ""accel"": 1.0,\n                    ""carFollowModel"": ""IDM"",\n                    ""decel"": 1.5,\n                    ""impatience"": 0.5,\n                    ""maxSpeed"": 30,\n                    ""minGap"": 2.5,\n                    ""sigma"": 0.5,\n                    ""speedDev"": 0.1,\n                    ""speedFactor"": 1.0,\n                    ""tau"": 1.0\n                },\n                ""speed_mode"": 1\n            },\n            ""initial_speed"": 0,\n            ""lane_change_controller"": [\n                ""SimLaneChangeController"",\n                {}\n            ],\n            ""lane_change_params"": {\n                ""controller_params"": {\n                    ""laneChangeModel"": ""LC2013"",\n                    ""lcCooperative"": ""1.0"",\n                    ""lcKeepRight"": ""1.0"",\n                    ""lcSpeedGain"": ""1.0"",\n                    ""lcStrategic"": ""1.0""\n                },\n                ""lane_change_mode"": 512\n            },\n            ""num_vehicles"": 1,\n            ""routing_controller"": [\n                ""ContinuousRouter"",\n                {}\n            ],\n            ""veh_id"": ""rl""\n        }\n    ]\n}'}, 'env': 'AccelEnv-v0', 'local_evaluator_tf_session_args': {'inter_op_parallelism_threads': 8, 'intra_op_parallelism_threads': 8}, 'model': {'free_log_std': False, 'custom_options': {}, 'framestack': True, 'channel_major': False, 'max_seq_len': 20, 'lstm_use_prev_action_reward': False, 'squash_to_range': False, 'dim': 84, 'grayscale': False, 'fcnet_hiddens': [100, 50, 25], 'use_lstm': False, 'custom_model': None, 'fcnet_activation': 'tanh', 'conv_filters': None, 'conv_activation': 'relu', 'lstm_cell_size': 256, 'zero_mean': True, 'custom_preprocessor': None}, 'output_compress_columns': ['obs', 'new_obs'], 'monitor': False, 'custom_resources_per_worker': {}, 'output_max_file_size': 67108864, 'num_workers': 1, 'clip_param': 0.3, 'kl_coeff': 0.2, 'multiagent': {'policy_graphs': {}, 'policy_mapping_fn': None, 'policies_to_train': None}, 'input_evaluation': None, 'output': None, 'collect_metrics_timeout': 180, 'num_cpus_per_worker': 1}",169.237.32.118,1,1299.62,9.917351007461548,"{'num_steps_sampled': 360000, 'load_time_ms': 1.165, 'default': {'kl': 0.014348854310810566, 'cur_lr': 0.0005000000237487257, 'total_loss': 0.8470540046691895, 'policy_loss': -0.015062297694385052, 'vf_explained_var': 0.9818931221961975, 'entropy': 1.7339119911193848, 'cur_kl_coeff': 0.3082418143749237, 'vf_loss': 0.8576934337615967}, 'sample_time_ms': 9608.561, 'grad_time_ms': 277.972, 'update_time_ms': 4.723, 'num_steps_trained': 360000}",364.1639037425552,2019-04-02_08-14-00,kronos,71,360000,0,2230.2810077667236,{},360000,225,225,2230.2810077667236,476.96347428500655,1600,1554192840,{},0b32d2eec3344b1fbde4822793b2e447,67.67345793384095
False,287,"{'input': 'sampler', 'callbacks': {'on_train_result': None, 'on_sample_end': None, 'on_episode_step': None, 'on_episode_start': None, 'on_episode_end': None}, 'sample_batch_size': 200, 'clip_actions': False, 'clip_rewards': None, 'tf_session_args': {'inter_op_parallelism_threads': 2, 'intra_op_parallelism_threads': 2, 'device_count': {'CPU': 1}, 'log_device_placement': False, 'allow_soft_placement': True, 'gpu_options': {'allow_growth': True}}, 'kl_target': 0.01, 'horizon': 1500, 'lr': 0.0005, 'sample_async': False, 'simple_optimizer': False, 'compress_observations': False, 'num_envs_per_worker': 1, 'gamma': 0.99, 'sgd_minibatch_size': 128, 'observation_filter': 'NoFilter', 'entropy_coeff': 0.0, 'batch_mode': 'truncate_episodes', 'straggler_mitigation': False, 'vf_share_layers': False, 'num_gpus': 0, 'synchronize_filters': True, 'num_sgd_iter': 10, 'train_batch_size': 1500, 'optimizer': {}, 'num_gpus_per_worker': 0, 'preprocessor_pref': 'deepmind', 'num_cpus_for_driver': 1, 'lr_schedule': None, 'use_gae': True, 'lambda': 0.97, 'vf_loss_coeff': 1.0, 'vf_clip_param': 1000000.0, 'log_level': 'INFO', 'env_config': {'run': 'PPO', 'flow_params': '{\n    ""env"": {\n        ""additional_params"": {\n            ""max_accel"": 3,\n            ""max_decel"": 3,\n            ""sort_vehicles"": false,\n            ""target_velocity"": 20\n        },\n        ""evaluate"": false,\n        ""horizon"": 1500,\n        ""sims_per_step"": 1,\n        ""warmup_steps"": 0\n    },\n    ""env_name"": ""AccelEnv"",\n    ""exp_tag"": ""figure_eight_0"",\n    ""initial"": {\n        ""additional_params"": {},\n        ""bunching"": 0,\n        ""edges_distribution"": ""all"",\n        ""lanes_distribution"": Infinity,\n        ""min_gap"": 0,\n        ""perturbation"": 0.0,\n        ""shuffle"": false,\n        ""spacing"": ""uniform"",\n        ""x0"": 0\n    },\n    ""net"": {\n        ""additional_params"": {\n            ""lanes"": 1,\n            ""radius_ring"": 30,\n            ""resolution"": 40,\n            ""speed_limit"": 30\n        },\n        ""inflows"": {\n            ""_InFlows__flows"": [],\n            ""num_flows"": 0\n        },\n        ""netfile"": null,\n        ""no_internal_links"": false,\n        ""osm_path"": null\n    },\n    ""scenario"": ""Figure8Scenario"",\n    ""sim"": {\n        ""emission_path"": null,\n        ""lateral_resolution"": null,\n        ""no_step_log"": true,\n        ""num_clients"": 1,\n        ""overtake_right"": false,\n        ""port"": null,\n        ""print_warnings"": true,\n        ""pxpm"": 2,\n        ""render"": false,\n        ""restart_instance"": false,\n        ""save_render"": false,\n        ""seed"": null,\n        ""show_radius"": false,\n        ""sight_radius"": 25,\n        ""sim_step"": 0.1,\n        ""teleport_time"": -1\n    },\n    ""simulator"": ""traci"",\n    ""veh"": [\n        {\n            ""acceleration_controller"": [\n                ""IDMController"",\n                {\n                    ""noise"": 0.2\n                }\n            ],\n            ""car_following_params"": {\n                ""controller_params"": {\n                    ""accel"": 1.0,\n                    ""carFollowModel"": ""IDM"",\n                    ""decel"": 1.5,\n                    ""impatience"": 0.5,\n                    ""maxSpeed"": 30,\n                    ""minGap"": 2.5,\n                    ""sigma"": 0.5,\n                    ""speedDev"": 0.1,\n                    ""speedFactor"": 1.0,\n                    ""tau"": 1.0\n                },\n                ""speed_mode"": 1\n            },\n            ""initial_speed"": 0,\n            ""lane_change_controller"": [\n                ""SimLaneChangeController"",\n                {}\n            ],\n            ""lane_change_params"": {\n                ""controller_params"": {\n                    ""laneChangeModel"": ""LC2013"",\n                    ""lcCooperative"": ""1.0"",\n                    ""lcKeepRight"": ""1.0"",\n                    ""lcSpeedGain"": ""1.0"",\n                    ""lcStrategic"": ""1.0""\n                },\n                ""lane_change_mode"": 512\n            },\n            ""num_vehicles"": 13,\n            ""routing_controller"": [\n                ""ContinuousRouter"",\n                {}\n            ],\n            ""veh_id"": ""human""\n        },\n        {\n            ""acceleration_controller"": [\n                ""RLController"",\n                {}\n            ],\n            ""car_following_params"": {\n                ""controller_params"": {\n                    ""accel"": 1.0,\n                    ""carFollowModel"": ""IDM"",\n                    ""decel"": 1.5,\n                    ""impatience"": 0.5,\n                    ""maxSpeed"": 30,\n                    ""minGap"": 2.5,\n                    ""sigma"": 0.5,\n                    ""speedDev"": 0.1,\n                    ""speedFactor"": 1.0,\n                    ""tau"": 1.0\n                },\n                ""speed_mode"": 1\n            },\n            ""initial_speed"": 0,\n            ""lane_change_controller"": [\n                ""SimLaneChangeController"",\n                {}\n            ],\n            ""lane_change_params"": {\n                ""controller_params"": {\n                    ""laneChangeModel"": ""LC2013"",\n                    ""lcCooperative"": ""1.0"",\n                    ""lcKeepRight"": ""1.0"",\n                    ""lcSpeedGain"": ""1.0"",\n                    ""lcStrategic"": ""1.0""\n                },\n                ""lane_change_mode"": 512\n            },\n            ""num_vehicles"": 1,\n            ""routing_controller"": [\n                ""ContinuousRouter"",\n                {}\n            ],\n            ""veh_id"": ""rl""\n        }\n    ]\n}'}, 'env': 'AccelEnv-v0', 'local_evaluator_tf_session_args': {'inter_op_parallelism_threads': 8, 'intra_op_parallelism_threads': 8}, 'model': {'free_log_std': False, 'custom_options': {}, 'framestack': True, 'channel_major': False, 'max_seq_len': 20, 'lstm_use_prev_action_reward': False, 'squash_to_range': False, 'dim': 84, 'grayscale': False, 'fcnet_hiddens': [100, 50, 25], 'use_lstm': False, 'custom_model': None, 'fcnet_activation': 'tanh', 'conv_filters': None, 'conv_activation': 'relu', 'lstm_cell_size': 256, 'zero_mean': True, 'custom_preprocessor': None}, 'output_compress_columns': ['obs', 'new_obs'], 'monitor': False, 'custom_resources_per_worker': {}, 'output_max_file_size': 67108864, 'num_workers': 1, 'clip_param': 0.3, 'kl_coeff': 0.2, 'multiagent': {'policy_graphs': {}, 'policy_mapping_fn': None, 'policies_to_train': None}, 'input_evaluation': None, 'output': None, 'collect_metrics_timeout': 180, 'num_cpus_per_worker': 1}",169.237.32.118,1,1312.41,9.796983242034912,"{'num_steps_sampled': 361600, 'load_time_ms': 1.191, 'default': {'kl': 0.007207594346255064, 'cur_lr': 0.0005000000237487257, 'total_loss': 0.47845518589019775, 'policy_loss': -0.004700362682342529, 'vf_explained_var': 0.9840590953826904, 'entropy': 1.7020069360733032, 'cur_kl_coeff': 0.3082418143749237, 'vf_loss': 0.48093387484550476}, 'sample_time_ms': 9612.543, 'grad_time_ms': 277.497, 'update_time_ms': 4.628, 'num_steps_trained': 361600}",367.51093529801585,2019-04-02_08-14-10,kronos,71,361600,0,2240.0779910087585,{},361600,226,226,2240.0779910087585,476.96347428500655,1600,1554192850,{},0b32d2eec3344b1fbde4822793b2e447,74.12204501234977
False,289,"{'input': 'sampler', 'callbacks': {'on_train_result': None, 'on_sample_end': None, 'on_episode_step': None, 'on_episode_start': None, 'on_episode_end': None}, 'sample_batch_size': 200, 'clip_actions': False, 'clip_rewards': None, 'tf_session_args': {'inter_op_parallelism_threads': 2, 'intra_op_parallelism_threads': 2, 'device_count': {'CPU': 1}, 'log_device_placement': False, 'allow_soft_placement': True, 'gpu_options': {'allow_growth': True}}, 'kl_target': 0.01, 'horizon': 1500, 'lr': 0.0005, 'sample_async': False, 'simple_optimizer': False, 'compress_observations': False, 'num_envs_per_worker': 1, 'gamma': 0.99, 'sgd_minibatch_size': 128, 'observation_filter': 'NoFilter', 'entropy_coeff': 0.0, 'batch_mode': 'truncate_episodes', 'straggler_mitigation': False, 'vf_share_layers': False, 'num_gpus': 0, 'synchronize_filters': True, 'num_sgd_iter': 10, 'train_batch_size': 1500, 'optimizer': {}, 'num_gpus_per_worker': 0, 'preprocessor_pref': 'deepmind', 'num_cpus_for_driver': 1, 'lr_schedule': None, 'use_gae': True, 'lambda': 0.97, 'vf_loss_coeff': 1.0, 'vf_clip_param': 1000000.0, 'log_level': 'INFO', 'env_config': {'run': 'PPO', 'flow_params': '{\n    ""env"": {\n        ""additional_params"": {\n            ""max_accel"": 3,\n            ""max_decel"": 3,\n            ""sort_vehicles"": false,\n            ""target_velocity"": 20\n        },\n        ""evaluate"": false,\n        ""horizon"": 1500,\n        ""sims_per_step"": 1,\n        ""warmup_steps"": 0\n    },\n    ""env_name"": ""AccelEnv"",\n    ""exp_tag"": ""figure_eight_0"",\n    ""initial"": {\n        ""additional_params"": {},\n        ""bunching"": 0,\n        ""edges_distribution"": ""all"",\n        ""lanes_distribution"": Infinity,\n        ""min_gap"": 0,\n        ""perturbation"": 0.0,\n        ""shuffle"": false,\n        ""spacing"": ""uniform"",\n        ""x0"": 0\n    },\n    ""net"": {\n        ""additional_params"": {\n            ""lanes"": 1,\n            ""radius_ring"": 30,\n            ""resolution"": 40,\n            ""speed_limit"": 30\n        },\n        ""inflows"": {\n            ""_InFlows__flows"": [],\n            ""num_flows"": 0\n        },\n        ""netfile"": null,\n        ""no_internal_links"": false,\n        ""osm_path"": null\n    },\n    ""scenario"": ""Figure8Scenario"",\n    ""sim"": {\n        ""emission_path"": null,\n        ""lateral_resolution"": null,\n        ""no_step_log"": true,\n        ""num_clients"": 1,\n        ""overtake_right"": false,\n        ""port"": null,\n        ""print_warnings"": true,\n        ""pxpm"": 2,\n        ""render"": false,\n        ""restart_instance"": false,\n        ""save_render"": false,\n        ""seed"": null,\n        ""show_radius"": false,\n        ""sight_radius"": 25,\n        ""sim_step"": 0.1,\n        ""teleport_time"": -1\n    },\n    ""simulator"": ""traci"",\n    ""veh"": [\n        {\n            ""acceleration_controller"": [\n                ""IDMController"",\n                {\n                    ""noise"": 0.2\n                }\n            ],\n            ""car_following_params"": {\n                ""controller_params"": {\n                    ""accel"": 1.0,\n                    ""carFollowModel"": ""IDM"",\n                    ""decel"": 1.5,\n                    ""impatience"": 0.5,\n                    ""maxSpeed"": 30,\n                    ""minGap"": 2.5,\n                    ""sigma"": 0.5,\n                    ""speedDev"": 0.1,\n                    ""speedFactor"": 1.0,\n                    ""tau"": 1.0\n                },\n                ""speed_mode"": 1\n            },\n            ""initial_speed"": 0,\n            ""lane_change_controller"": [\n                ""SimLaneChangeController"",\n                {}\n            ],\n            ""lane_change_params"": {\n                ""controller_params"": {\n                    ""laneChangeModel"": ""LC2013"",\n                    ""lcCooperative"": ""1.0"",\n                    ""lcKeepRight"": ""1.0"",\n                    ""lcSpeedGain"": ""1.0"",\n                    ""lcStrategic"": ""1.0""\n                },\n                ""lane_change_mode"": 512\n            },\n            ""num_vehicles"": 13,\n            ""routing_controller"": [\n                ""ContinuousRouter"",\n                {}\n            ],\n            ""veh_id"": ""human""\n        },\n        {\n            ""acceleration_controller"": [\n                ""RLController"",\n                {}\n            ],\n            ""car_following_params"": {\n                ""controller_params"": {\n                    ""accel"": 1.0,\n                    ""carFollowModel"": ""IDM"",\n                    ""decel"": 1.5,\n                    ""impatience"": 0.5,\n                    ""maxSpeed"": 30,\n                    ""minGap"": 2.5,\n                    ""sigma"": 0.5,\n                    ""speedDev"": 0.1,\n                    ""speedFactor"": 1.0,\n                    ""tau"": 1.0\n                },\n                ""speed_mode"": 1\n            },\n            ""initial_speed"": 0,\n            ""lane_change_controller"": [\n                ""SimLaneChangeController"",\n                {}\n            ],\n            ""lane_change_params"": {\n                ""controller_params"": {\n                    ""laneChangeModel"": ""LC2013"",\n                    ""lcCooperative"": ""1.0"",\n                    ""lcKeepRight"": ""1.0"",\n                    ""lcSpeedGain"": ""1.0"",\n                    ""lcStrategic"": ""1.0""\n                },\n                ""lane_change_mode"": 512\n            },\n            ""num_vehicles"": 1,\n            ""routing_controller"": [\n                ""ContinuousRouter"",\n                {}\n            ],\n            ""veh_id"": ""rl""\n        }\n    ]\n}'}, 'env': 'AccelEnv-v0', 'local_evaluator_tf_session_args': {'inter_op_parallelism_threads': 8, 'intra_op_parallelism_threads': 8}, 'model': {'free_log_std': False, 'custom_options': {}, 'framestack': True, 'channel_major': False, 'max_seq_len': 20, 'lstm_use_prev_action_reward': False, 'squash_to_range': False, 'dim': 84, 'grayscale': False, 'fcnet_hiddens': [100, 50, 25], 'use_lstm': False, 'custom_model': None, 'fcnet_activation': 'tanh', 'conv_filters': None, 'conv_activation': 'relu', 'lstm_cell_size': 256, 'zero_mean': True, 'custom_preprocessor': None}, 'output_compress_columns': ['obs', 'new_obs'], 'monitor': False, 'custom_resources_per_worker': {}, 'output_max_file_size': 67108864, 'num_workers': 1, 'clip_param': 0.3, 'kl_coeff': 0.2, 'multiagent': {'policy_graphs': {}, 'policy_mapping_fn': None, 'policies_to_train': None}, 'input_evaluation': None, 'output': None, 'collect_metrics_timeout': 180, 'num_cpus_per_worker': 1}",169.237.32.118,2,1322.8,9.851996183395386,"{'num_steps_sampled': 363200, 'load_time_ms': 1.192, 'default': {'kl': 0.008619864471256733, 'cur_lr': 0.0005000000237487257, 'total_loss': 0.5358940958976746, 'policy_loss': -0.007664454635232687, 'vf_explained_var': 0.9823439717292786, 'entropy': 1.622981071472168, 'cur_kl_coeff': 0.3082418143749237, 'vf_loss': 0.5409016013145447}, 'sample_time_ms': 9611.678, 'grad_time_ms': 277.23, 'update_time_ms': 4.609, 'num_steps_trained': 363200}",369.57889476107016,2019-04-02_08-14-20,kronos,71,363200,0,2249.929987192154,{},363200,227,227,2249.929987192154,476.96347428500655,1600,1554192860,{},0b32d2eec3344b1fbde4822793b2e447,74.12204501234977
False,290,"{'input': 'sampler', 'callbacks': {'on_train_result': None, 'on_sample_end': None, 'on_episode_step': None, 'on_episode_start': None, 'on_episode_end': None}, 'sample_batch_size': 200, 'clip_actions': False, 'clip_rewards': None, 'tf_session_args': {'inter_op_parallelism_threads': 2, 'intra_op_parallelism_threads': 2, 'device_count': {'CPU': 1}, 'log_device_placement': False, 'allow_soft_placement': True, 'gpu_options': {'allow_growth': True}}, 'kl_target': 0.01, 'horizon': 1500, 'lr': 0.0005, 'sample_async': False, 'simple_optimizer': False, 'compress_observations': False, 'num_envs_per_worker': 1, 'gamma': 0.99, 'sgd_minibatch_size': 128, 'observation_filter': 'NoFilter', 'entropy_coeff': 0.0, 'batch_mode': 'truncate_episodes', 'straggler_mitigation': False, 'vf_share_layers': False, 'num_gpus': 0, 'synchronize_filters': True, 'num_sgd_iter': 10, 'train_batch_size': 1500, 'optimizer': {}, 'num_gpus_per_worker': 0, 'preprocessor_pref': 'deepmind', 'num_cpus_for_driver': 1, 'lr_schedule': None, 'use_gae': True, 'lambda': 0.97, 'vf_loss_coeff': 1.0, 'vf_clip_param': 1000000.0, 'log_level': 'INFO', 'env_config': {'run': 'PPO', 'flow_params': '{\n    ""env"": {\n        ""additional_params"": {\n            ""max_accel"": 3,\n            ""max_decel"": 3,\n            ""sort_vehicles"": false,\n            ""target_velocity"": 20\n        },\n        ""evaluate"": false,\n        ""horizon"": 1500,\n        ""sims_per_step"": 1,\n        ""warmup_steps"": 0\n    },\n    ""env_name"": ""AccelEnv"",\n    ""exp_tag"": ""figure_eight_0"",\n    ""initial"": {\n        ""additional_params"": {},\n        ""bunching"": 0,\n        ""edges_distribution"": ""all"",\n        ""lanes_distribution"": Infinity,\n        ""min_gap"": 0,\n        ""perturbation"": 0.0,\n        ""shuffle"": false,\n        ""spacing"": ""uniform"",\n        ""x0"": 0\n    },\n    ""net"": {\n        ""additional_params"": {\n            ""lanes"": 1,\n            ""radius_ring"": 30,\n            ""resolution"": 40,\n            ""speed_limit"": 30\n        },\n        ""inflows"": {\n            ""_InFlows__flows"": [],\n            ""num_flows"": 0\n        },\n        ""netfile"": null,\n        ""no_internal_links"": false,\n        ""osm_path"": null\n    },\n    ""scenario"": ""Figure8Scenario"",\n    ""sim"": {\n        ""emission_path"": null,\n        ""lateral_resolution"": null,\n        ""no_step_log"": true,\n        ""num_clients"": 1,\n        ""overtake_right"": false,\n        ""port"": null,\n        ""print_warnings"": true,\n        ""pxpm"": 2,\n        ""render"": false,\n        ""restart_instance"": false,\n        ""save_render"": false,\n        ""seed"": null,\n        ""show_radius"": false,\n        ""sight_radius"": 25,\n        ""sim_step"": 0.1,\n        ""teleport_time"": -1\n    },\n    ""simulator"": ""traci"",\n    ""veh"": [\n        {\n            ""acceleration_controller"": [\n                ""IDMController"",\n                {\n                    ""noise"": 0.2\n                }\n            ],\n            ""car_following_params"": {\n                ""controller_params"": {\n                    ""accel"": 1.0,\n                    ""carFollowModel"": ""IDM"",\n                    ""decel"": 1.5,\n                    ""impatience"": 0.5,\n                    ""maxSpeed"": 30,\n                    ""minGap"": 2.5,\n                    ""sigma"": 0.5,\n                    ""speedDev"": 0.1,\n                    ""speedFactor"": 1.0,\n                    ""tau"": 1.0\n                },\n                ""speed_mode"": 1\n            },\n            ""initial_speed"": 0,\n            ""lane_change_controller"": [\n                ""SimLaneChangeController"",\n                {}\n            ],\n            ""lane_change_params"": {\n                ""controller_params"": {\n                    ""laneChangeModel"": ""LC2013"",\n                    ""lcCooperative"": ""1.0"",\n                    ""lcKeepRight"": ""1.0"",\n                    ""lcSpeedGain"": ""1.0"",\n                    ""lcStrategic"": ""1.0""\n                },\n                ""lane_change_mode"": 512\n            },\n            ""num_vehicles"": 13,\n            ""routing_controller"": [\n                ""ContinuousRouter"",\n                {}\n            ],\n            ""veh_id"": ""human""\n        },\n        {\n            ""acceleration_controller"": [\n                ""RLController"",\n                {}\n            ],\n            ""car_following_params"": {\n                ""controller_params"": {\n                    ""accel"": 1.0,\n                    ""carFollowModel"": ""IDM"",\n                    ""decel"": 1.5,\n                    ""impatience"": 0.5,\n                    ""maxSpeed"": 30,\n                    ""minGap"": 2.5,\n                    ""sigma"": 0.5,\n                    ""speedDev"": 0.1,\n                    ""speedFactor"": 1.0,\n                    ""tau"": 1.0\n                },\n                ""speed_mode"": 1\n            },\n            ""initial_speed"": 0,\n            ""lane_change_controller"": [\n                ""SimLaneChangeController"",\n                {}\n            ],\n            ""lane_change_params"": {\n                ""controller_params"": {\n                    ""laneChangeModel"": ""LC2013"",\n                    ""lcCooperative"": ""1.0"",\n                    ""lcKeepRight"": ""1.0"",\n                    ""lcSpeedGain"": ""1.0"",\n                    ""lcStrategic"": ""1.0""\n                },\n                ""lane_change_mode"": 512\n            },\n            ""num_vehicles"": 1,\n            ""routing_controller"": [\n                ""ContinuousRouter"",\n                {}\n            ],\n            ""veh_id"": ""rl""\n        }\n    ]\n}'}, 'env': 'AccelEnv-v0', 'local_evaluator_tf_session_args': {'inter_op_parallelism_threads': 8, 'intra_op_parallelism_threads': 8}, 'model': {'free_log_std': False, 'custom_options': {}, 'framestack': True, 'channel_major': False, 'max_seq_len': 20, 'lstm_use_prev_action_reward': False, 'squash_to_range': False, 'dim': 84, 'grayscale': False, 'fcnet_hiddens': [100, 50, 25], 'use_lstm': False, 'custom_model': None, 'fcnet_activation': 'tanh', 'conv_filters': None, 'conv_activation': 'relu', 'lstm_cell_size': 256, 'zero_mean': True, 'custom_preprocessor': None}, 'output_compress_columns': ['obs', 'new_obs'], 'monitor': False, 'custom_resources_per_worker': {}, 'output_max_file_size': 67108864, 'num_workers': 1, 'clip_param': 0.3, 'kl_coeff': 0.2, 'multiagent': {'policy_graphs': {}, 'policy_mapping_fn': None, 'policies_to_train': None}, 'input_evaluation': None, 'output': None, 'collect_metrics_timeout': 180, 'num_cpus_per_worker': 1}",169.237.32.118,1,1322.8,9.746610879898071,"{'num_steps_sampled': 364800, 'load_time_ms': 1.151, 'default': {'kl': 0.01256664376705885, 'cur_lr': 0.0005000000237487257, 'total_loss': 0.4926241338253021, 'policy_loss': -0.006879881024360657, 'vf_explained_var': 0.9917688369750977, 'entropy': 1.640890121459961, 'cur_kl_coeff': 0.3082418143749237, 'vf_loss': 0.4956304132938385}, 'sample_time_ms': 9600.71, 'grad_time_ms': 275.195, 'update_time_ms': 4.752, 'num_steps_trained': 364800}",369.1157169460735,2019-04-02_08-14-30,kronos,71,364800,0,2259.676598072052,{},364800,228,228,2259.676598072052,476.96347428500655,1600,1554192870,{},0b32d2eec3344b1fbde4822793b2e447,74.12204501234977
False,291,"{'input': 'sampler', 'callbacks': {'on_train_result': None, 'on_sample_end': None, 'on_episode_step': None, 'on_episode_start': None, 'on_episode_end': None}, 'sample_batch_size': 200, 'clip_actions': False, 'clip_rewards': None, 'tf_session_args': {'inter_op_parallelism_threads': 2, 'intra_op_parallelism_threads': 2, 'device_count': {'CPU': 1}, 'log_device_placement': False, 'allow_soft_placement': True, 'gpu_options': {'allow_growth': True}}, 'kl_target': 0.01, 'horizon': 1500, 'lr': 0.0005, 'sample_async': False, 'simple_optimizer': False, 'compress_observations': False, 'num_envs_per_worker': 1, 'gamma': 0.99, 'sgd_minibatch_size': 128, 'observation_filter': 'NoFilter', 'entropy_coeff': 0.0, 'batch_mode': 'truncate_episodes', 'straggler_mitigation': False, 'vf_share_layers': False, 'num_gpus': 0, 'synchronize_filters': True, 'num_sgd_iter': 10, 'train_batch_size': 1500, 'optimizer': {}, 'num_gpus_per_worker': 0, 'preprocessor_pref': 'deepmind', 'num_cpus_for_driver': 1, 'lr_schedule': None, 'use_gae': True, 'lambda': 0.97, 'vf_loss_coeff': 1.0, 'vf_clip_param': 1000000.0, 'log_level': 'INFO', 'env_config': {'run': 'PPO', 'flow_params': '{\n    ""env"": {\n        ""additional_params"": {\n            ""max_accel"": 3,\n            ""max_decel"": 3,\n            ""sort_vehicles"": false,\n            ""target_velocity"": 20\n        },\n        ""evaluate"": false,\n        ""horizon"": 1500,\n        ""sims_per_step"": 1,\n        ""warmup_steps"": 0\n    },\n    ""env_name"": ""AccelEnv"",\n    ""exp_tag"": ""figure_eight_0"",\n    ""initial"": {\n        ""additional_params"": {},\n        ""bunching"": 0,\n        ""edges_distribution"": ""all"",\n        ""lanes_distribution"": Infinity,\n        ""min_gap"": 0,\n        ""perturbation"": 0.0,\n        ""shuffle"": false,\n        ""spacing"": ""uniform"",\n        ""x0"": 0\n    },\n    ""net"": {\n        ""additional_params"": {\n            ""lanes"": 1,\n            ""radius_ring"": 30,\n            ""resolution"": 40,\n            ""speed_limit"": 30\n        },\n        ""inflows"": {\n            ""_InFlows__flows"": [],\n            ""num_flows"": 0\n        },\n        ""netfile"": null,\n        ""no_internal_links"": false,\n        ""osm_path"": null\n    },\n    ""scenario"": ""Figure8Scenario"",\n    ""sim"": {\n        ""emission_path"": null,\n        ""lateral_resolution"": null,\n        ""no_step_log"": true,\n        ""num_clients"": 1,\n        ""overtake_right"": false,\n        ""port"": null,\n        ""print_warnings"": true,\n        ""pxpm"": 2,\n        ""render"": false,\n        ""restart_instance"": false,\n        ""save_render"": false,\n        ""seed"": null,\n        ""show_radius"": false,\n        ""sight_radius"": 25,\n        ""sim_step"": 0.1,\n        ""teleport_time"": -1\n    },\n    ""simulator"": ""traci"",\n    ""veh"": [\n        {\n            ""acceleration_controller"": [\n                ""IDMController"",\n                {\n                    ""noise"": 0.2\n                }\n            ],\n            ""car_following_params"": {\n                ""controller_params"": {\n                    ""accel"": 1.0,\n                    ""carFollowModel"": ""IDM"",\n                    ""decel"": 1.5,\n                    ""impatience"": 0.5,\n                    ""maxSpeed"": 30,\n                    ""minGap"": 2.5,\n                    ""sigma"": 0.5,\n                    ""speedDev"": 0.1,\n                    ""speedFactor"": 1.0,\n                    ""tau"": 1.0\n                },\n                ""speed_mode"": 1\n            },\n            ""initial_speed"": 0,\n            ""lane_change_controller"": [\n                ""SimLaneChangeController"",\n                {}\n            ],\n            ""lane_change_params"": {\n                ""controller_params"": {\n                    ""laneChangeModel"": ""LC2013"",\n                    ""lcCooperative"": ""1.0"",\n                    ""lcKeepRight"": ""1.0"",\n                    ""lcSpeedGain"": ""1.0"",\n                    ""lcStrategic"": ""1.0""\n                },\n                ""lane_change_mode"": 512\n            },\n            ""num_vehicles"": 13,\n            ""routing_controller"": [\n                ""ContinuousRouter"",\n                {}\n            ],\n            ""veh_id"": ""human""\n        },\n        {\n            ""acceleration_controller"": [\n                ""RLController"",\n                {}\n            ],\n            ""car_following_params"": {\n                ""controller_params"": {\n                    ""accel"": 1.0,\n                    ""carFollowModel"": ""IDM"",\n                    ""decel"": 1.5,\n                    ""impatience"": 0.5,\n                    ""maxSpeed"": 30,\n                    ""minGap"": 2.5,\n                    ""sigma"": 0.5,\n                    ""speedDev"": 0.1,\n                    ""speedFactor"": 1.0,\n                    ""tau"": 1.0\n                },\n                ""speed_mode"": 1\n            },\n            ""initial_speed"": 0,\n            ""lane_change_controller"": [\n                ""SimLaneChangeController"",\n                {}\n            ],\n            ""lane_change_params"": {\n                ""controller_params"": {\n                    ""laneChangeModel"": ""LC2013"",\n                    ""lcCooperative"": ""1.0"",\n                    ""lcKeepRight"": ""1.0"",\n                    ""lcSpeedGain"": ""1.0"",\n                    ""lcStrategic"": ""1.0""\n                },\n                ""lane_change_mode"": 512\n            },\n            ""num_vehicles"": 1,\n            ""routing_controller"": [\n                ""ContinuousRouter"",\n                {}\n            ],\n            ""veh_id"": ""rl""\n        }\n    ]\n}'}, 'env': 'AccelEnv-v0', 'local_evaluator_tf_session_args': {'inter_op_parallelism_threads': 8, 'intra_op_parallelism_threads': 8}, 'model': {'free_log_std': False, 'custom_options': {}, 'framestack': True, 'channel_major': False, 'max_seq_len': 20, 'lstm_use_prev_action_reward': False, 'squash_to_range': False, 'dim': 84, 'grayscale': False, 'fcnet_hiddens': [100, 50, 25], 'use_lstm': False, 'custom_model': None, 'fcnet_activation': 'tanh', 'conv_filters': None, 'conv_activation': 'relu', 'lstm_cell_size': 256, 'zero_mean': True, 'custom_preprocessor': None}, 'output_compress_columns': ['obs', 'new_obs'], 'monitor': False, 'custom_resources_per_worker': {}, 'output_max_file_size': 67108864, 'num_workers': 1, 'clip_param': 0.3, 'kl_coeff': 0.2, 'multiagent': {'policy_graphs': {}, 'policy_mapping_fn': None, 'policies_to_train': None}, 'input_evaluation': None, 'output': None, 'collect_metrics_timeout': 180, 'num_cpus_per_worker': 1}",169.237.32.118,1,1325.9,9.942992210388184,"{'num_steps_sampled': 366400, 'load_time_ms': 1.141, 'default': {'kl': 0.012099835090339184, 'cur_lr': 0.0005000000237487257, 'total_loss': 0.5140417814254761, 'policy_loss': -0.022955400869250298, 'vf_explained_var': 0.9887070059776306, 'entropy': 1.7278789281845093, 'cur_kl_coeff': 0.3082418143749237, 'vf_loss': 0.5332674980163574}, 'sample_time_ms': 9604.62, 'grad_time_ms': 277.564, 'update_time_ms': 4.776, 'num_steps_trained': 366400}",369.8588625397189,2019-04-02_08-14-40,kronos,71,366400,0,2269.61959028244,{},366400,229,229,2269.61959028244,476.96347428500655,1600,1554192880,{},0b32d2eec3344b1fbde4822793b2e447,74.12204501234977
False,293,"{'input': 'sampler', 'callbacks': {'on_train_result': None, 'on_sample_end': None, 'on_episode_step': None, 'on_episode_start': None, 'on_episode_end': None}, 'sample_batch_size': 200, 'clip_actions': False, 'clip_rewards': None, 'tf_session_args': {'inter_op_parallelism_threads': 2, 'intra_op_parallelism_threads': 2, 'device_count': {'CPU': 1}, 'log_device_placement': False, 'allow_soft_placement': True, 'gpu_options': {'allow_growth': True}}, 'kl_target': 0.01, 'horizon': 1500, 'lr': 0.0005, 'sample_async': False, 'simple_optimizer': False, 'compress_observations': False, 'num_envs_per_worker': 1, 'gamma': 0.99, 'sgd_minibatch_size': 128, 'observation_filter': 'NoFilter', 'entropy_coeff': 0.0, 'batch_mode': 'truncate_episodes', 'straggler_mitigation': False, 'vf_share_layers': False, 'num_gpus': 0, 'synchronize_filters': True, 'num_sgd_iter': 10, 'train_batch_size': 1500, 'optimizer': {}, 'num_gpus_per_worker': 0, 'preprocessor_pref': 'deepmind', 'num_cpus_for_driver': 1, 'lr_schedule': None, 'use_gae': True, 'lambda': 0.97, 'vf_loss_coeff': 1.0, 'vf_clip_param': 1000000.0, 'log_level': 'INFO', 'env_config': {'run': 'PPO', 'flow_params': '{\n    ""env"": {\n        ""additional_params"": {\n            ""max_accel"": 3,\n            ""max_decel"": 3,\n            ""sort_vehicles"": false,\n            ""target_velocity"": 20\n        },\n        ""evaluate"": false,\n        ""horizon"": 1500,\n        ""sims_per_step"": 1,\n        ""warmup_steps"": 0\n    },\n    ""env_name"": ""AccelEnv"",\n    ""exp_tag"": ""figure_eight_0"",\n    ""initial"": {\n        ""additional_params"": {},\n        ""bunching"": 0,\n        ""edges_distribution"": ""all"",\n        ""lanes_distribution"": Infinity,\n        ""min_gap"": 0,\n        ""perturbation"": 0.0,\n        ""shuffle"": false,\n        ""spacing"": ""uniform"",\n        ""x0"": 0\n    },\n    ""net"": {\n        ""additional_params"": {\n            ""lanes"": 1,\n            ""radius_ring"": 30,\n            ""resolution"": 40,\n            ""speed_limit"": 30\n        },\n        ""inflows"": {\n            ""_InFlows__flows"": [],\n            ""num_flows"": 0\n        },\n        ""netfile"": null,\n        ""no_internal_links"": false,\n        ""osm_path"": null\n    },\n    ""scenario"": ""Figure8Scenario"",\n    ""sim"": {\n        ""emission_path"": null,\n        ""lateral_resolution"": null,\n        ""no_step_log"": true,\n        ""num_clients"": 1,\n        ""overtake_right"": false,\n        ""port"": null,\n        ""print_warnings"": true,\n        ""pxpm"": 2,\n        ""render"": false,\n        ""restart_instance"": false,\n        ""save_render"": false,\n        ""seed"": null,\n        ""show_radius"": false,\n        ""sight_radius"": 25,\n        ""sim_step"": 0.1,\n        ""teleport_time"": -1\n    },\n    ""simulator"": ""traci"",\n    ""veh"": [\n        {\n            ""acceleration_controller"": [\n                ""IDMController"",\n                {\n                    ""noise"": 0.2\n                }\n            ],\n            ""car_following_params"": {\n                ""controller_params"": {\n                    ""accel"": 1.0,\n                    ""carFollowModel"": ""IDM"",\n                    ""decel"": 1.5,\n                    ""impatience"": 0.5,\n                    ""maxSpeed"": 30,\n                    ""minGap"": 2.5,\n                    ""sigma"": 0.5,\n                    ""speedDev"": 0.1,\n                    ""speedFactor"": 1.0,\n                    ""tau"": 1.0\n                },\n                ""speed_mode"": 1\n            },\n            ""initial_speed"": 0,\n            ""lane_change_controller"": [\n                ""SimLaneChangeController"",\n                {}\n            ],\n            ""lane_change_params"": {\n                ""controller_params"": {\n                    ""laneChangeModel"": ""LC2013"",\n                    ""lcCooperative"": ""1.0"",\n                    ""lcKeepRight"": ""1.0"",\n                    ""lcSpeedGain"": ""1.0"",\n                    ""lcStrategic"": ""1.0""\n                },\n                ""lane_change_mode"": 512\n            },\n            ""num_vehicles"": 13,\n            ""routing_controller"": [\n                ""ContinuousRouter"",\n                {}\n            ],\n            ""veh_id"": ""human""\n        },\n        {\n            ""acceleration_controller"": [\n                ""RLController"",\n                {}\n            ],\n            ""car_following_params"": {\n                ""controller_params"": {\n                    ""accel"": 1.0,\n                    ""carFollowModel"": ""IDM"",\n                    ""decel"": 1.5,\n                    ""impatience"": 0.5,\n                    ""maxSpeed"": 30,\n                    ""minGap"": 2.5,\n                    ""sigma"": 0.5,\n                    ""speedDev"": 0.1,\n                    ""speedFactor"": 1.0,\n                    ""tau"": 1.0\n                },\n                ""speed_mode"": 1\n            },\n            ""initial_speed"": 0,\n            ""lane_change_controller"": [\n                ""SimLaneChangeController"",\n                {}\n            ],\n            ""lane_change_params"": {\n                ""controller_params"": {\n                    ""laneChangeModel"": ""LC2013"",\n                    ""lcCooperative"": ""1.0"",\n                    ""lcKeepRight"": ""1.0"",\n                    ""lcSpeedGain"": ""1.0"",\n                    ""lcStrategic"": ""1.0""\n                },\n                ""lane_change_mode"": 512\n            },\n            ""num_vehicles"": 1,\n            ""routing_controller"": [\n                ""ContinuousRouter"",\n                {}\n            ],\n            ""veh_id"": ""rl""\n        }\n    ]\n}'}, 'env': 'AccelEnv-v0', 'local_evaluator_tf_session_args': {'inter_op_parallelism_threads': 8, 'intra_op_parallelism_threads': 8}, 'model': {'free_log_std': False, 'custom_options': {}, 'framestack': True, 'channel_major': False, 'max_seq_len': 20, 'lstm_use_prev_action_reward': False, 'squash_to_range': False, 'dim': 84, 'grayscale': False, 'fcnet_hiddens': [100, 50, 25], 'use_lstm': False, 'custom_model': None, 'fcnet_activation': 'tanh', 'conv_filters': None, 'conv_activation': 'relu', 'lstm_cell_size': 256, 'zero_mean': True, 'custom_preprocessor': None}, 'output_compress_columns': ['obs', 'new_obs'], 'monitor': False, 'custom_resources_per_worker': {}, 'output_max_file_size': 67108864, 'num_workers': 1, 'clip_param': 0.3, 'kl_coeff': 0.2, 'multiagent': {'policy_graphs': {}, 'policy_mapping_fn': None, 'policies_to_train': None}, 'input_evaluation': None, 'output': None, 'collect_metrics_timeout': 180, 'num_cpus_per_worker': 1}",169.237.32.118,2,1316.69,9.894291400909424,"{'num_steps_sampled': 368000, 'load_time_ms': 1.14, 'default': {'kl': 0.012854408472776413, 'cur_lr': 0.0005000000237487257, 'total_loss': 0.7300467491149902, 'policy_loss': -0.02368045784533024, 'vf_explained_var': 0.9826532006263733, 'entropy': 1.6400717496871948, 'cur_kl_coeff': 0.3082418143749237, 'vf_loss': 0.7497649788856506}, 'sample_time_ms': 9592.359, 'grad_time_ms': 278.536, 'update_time_ms': 4.703, 'num_steps_trained': 368000}",367.0806831578809,2019-04-02_08-14-50,kronos,71,368000,0,2279.5138816833496,{},368000,230,230,2279.5138816833496,476.96347428500655,1600,1554192890,{},0b32d2eec3344b1fbde4822793b2e447,74.12204501234977
False,294,"{'input': 'sampler', 'callbacks': {'on_train_result': None, 'on_sample_end': None, 'on_episode_step': None, 'on_episode_start': None, 'on_episode_end': None}, 'sample_batch_size': 200, 'clip_actions': False, 'clip_rewards': None, 'tf_session_args': {'inter_op_parallelism_threads': 2, 'intra_op_parallelism_threads': 2, 'device_count': {'CPU': 1}, 'log_device_placement': False, 'allow_soft_placement': True, 'gpu_options': {'allow_growth': True}}, 'kl_target': 0.01, 'horizon': 1500, 'lr': 0.0005, 'sample_async': False, 'simple_optimizer': False, 'compress_observations': False, 'num_envs_per_worker': 1, 'gamma': 0.99, 'sgd_minibatch_size': 128, 'observation_filter': 'NoFilter', 'entropy_coeff': 0.0, 'batch_mode': 'truncate_episodes', 'straggler_mitigation': False, 'vf_share_layers': False, 'num_gpus': 0, 'synchronize_filters': True, 'num_sgd_iter': 10, 'train_batch_size': 1500, 'optimizer': {}, 'num_gpus_per_worker': 0, 'preprocessor_pref': 'deepmind', 'num_cpus_for_driver': 1, 'lr_schedule': None, 'use_gae': True, 'lambda': 0.97, 'vf_loss_coeff': 1.0, 'vf_clip_param': 1000000.0, 'log_level': 'INFO', 'env_config': {'run': 'PPO', 'flow_params': '{\n    ""env"": {\n        ""additional_params"": {\n            ""max_accel"": 3,\n            ""max_decel"": 3,\n            ""sort_vehicles"": false,\n            ""target_velocity"": 20\n        },\n        ""evaluate"": false,\n        ""horizon"": 1500,\n        ""sims_per_step"": 1,\n        ""warmup_steps"": 0\n    },\n    ""env_name"": ""AccelEnv"",\n    ""exp_tag"": ""figure_eight_0"",\n    ""initial"": {\n        ""additional_params"": {},\n        ""bunching"": 0,\n        ""edges_distribution"": ""all"",\n        ""lanes_distribution"": Infinity,\n        ""min_gap"": 0,\n        ""perturbation"": 0.0,\n        ""shuffle"": false,\n        ""spacing"": ""uniform"",\n        ""x0"": 0\n    },\n    ""net"": {\n        ""additional_params"": {\n            ""lanes"": 1,\n            ""radius_ring"": 30,\n            ""resolution"": 40,\n            ""speed_limit"": 30\n        },\n        ""inflows"": {\n            ""_InFlows__flows"": [],\n            ""num_flows"": 0\n        },\n        ""netfile"": null,\n        ""no_internal_links"": false,\n        ""osm_path"": null\n    },\n    ""scenario"": ""Figure8Scenario"",\n    ""sim"": {\n        ""emission_path"": null,\n        ""lateral_resolution"": null,\n        ""no_step_log"": true,\n        ""num_clients"": 1,\n        ""overtake_right"": false,\n        ""port"": null,\n        ""print_warnings"": true,\n        ""pxpm"": 2,\n        ""render"": false,\n        ""restart_instance"": false,\n        ""save_render"": false,\n        ""seed"": null,\n        ""show_radius"": false,\n        ""sight_radius"": 25,\n        ""sim_step"": 0.1,\n        ""teleport_time"": -1\n    },\n    ""simulator"": ""traci"",\n    ""veh"": [\n        {\n            ""acceleration_controller"": [\n                ""IDMController"",\n                {\n                    ""noise"": 0.2\n                }\n            ],\n            ""car_following_params"": {\n                ""controller_params"": {\n                    ""accel"": 1.0,\n                    ""carFollowModel"": ""IDM"",\n                    ""decel"": 1.5,\n                    ""impatience"": 0.5,\n                    ""maxSpeed"": 30,\n                    ""minGap"": 2.5,\n                    ""sigma"": 0.5,\n                    ""speedDev"": 0.1,\n                    ""speedFactor"": 1.0,\n                    ""tau"": 1.0\n                },\n                ""speed_mode"": 1\n            },\n            ""initial_speed"": 0,\n            ""lane_change_controller"": [\n                ""SimLaneChangeController"",\n                {}\n            ],\n            ""lane_change_params"": {\n                ""controller_params"": {\n                    ""laneChangeModel"": ""LC2013"",\n                    ""lcCooperative"": ""1.0"",\n                    ""lcKeepRight"": ""1.0"",\n                    ""lcSpeedGain"": ""1.0"",\n                    ""lcStrategic"": ""1.0""\n                },\n                ""lane_change_mode"": 512\n            },\n            ""num_vehicles"": 13,\n            ""routing_controller"": [\n                ""ContinuousRouter"",\n                {}\n            ],\n            ""veh_id"": ""human""\n        },\n        {\n            ""acceleration_controller"": [\n                ""RLController"",\n                {}\n            ],\n            ""car_following_params"": {\n                ""controller_params"": {\n                    ""accel"": 1.0,\n                    ""carFollowModel"": ""IDM"",\n                    ""decel"": 1.5,\n                    ""impatience"": 0.5,\n                    ""maxSpeed"": 30,\n                    ""minGap"": 2.5,\n                    ""sigma"": 0.5,\n                    ""speedDev"": 0.1,\n                    ""speedFactor"": 1.0,\n                    ""tau"": 1.0\n                },\n                ""speed_mode"": 1\n            },\n            ""initial_speed"": 0,\n            ""lane_change_controller"": [\n                ""SimLaneChangeController"",\n                {}\n            ],\n            ""lane_change_params"": {\n                ""controller_params"": {\n                    ""laneChangeModel"": ""LC2013"",\n                    ""lcCooperative"": ""1.0"",\n                    ""lcKeepRight"": ""1.0"",\n                    ""lcSpeedGain"": ""1.0"",\n                    ""lcStrategic"": ""1.0""\n                },\n                ""lane_change_mode"": 512\n            },\n            ""num_vehicles"": 1,\n            ""routing_controller"": [\n                ""ContinuousRouter"",\n                {}\n            ],\n            ""veh_id"": ""rl""\n        }\n    ]\n}'}, 'env': 'AccelEnv-v0', 'local_evaluator_tf_session_args': {'inter_op_parallelism_threads': 8, 'intra_op_parallelism_threads': 8}, 'model': {'free_log_std': False, 'custom_options': {}, 'framestack': True, 'channel_major': False, 'max_seq_len': 20, 'lstm_use_prev_action_reward': False, 'squash_to_range': False, 'dim': 84, 'grayscale': False, 'fcnet_hiddens': [100, 50, 25], 'use_lstm': False, 'custom_model': None, 'fcnet_activation': 'tanh', 'conv_filters': None, 'conv_activation': 'relu', 'lstm_cell_size': 256, 'zero_mean': True, 'custom_preprocessor': None}, 'output_compress_columns': ['obs', 'new_obs'], 'monitor': False, 'custom_resources_per_worker': {}, 'output_max_file_size': 67108864, 'num_workers': 1, 'clip_param': 0.3, 'kl_coeff': 0.2, 'multiagent': {'policy_graphs': {}, 'policy_mapping_fn': None, 'policies_to_train': None}, 'input_evaluation': None, 'output': None, 'collect_metrics_timeout': 180, 'num_cpus_per_worker': 1}",169.237.32.118,1,1316.69,9.9066743850708,"{'num_steps_sampled': 369600, 'load_time_ms': 1.107, 'default': {'kl': 0.012602977454662323, 'cur_lr': 0.0005000000237487257, 'total_loss': 0.8568568229675293, 'policy_loss': -0.007072982843965292, 'vf_explained_var': 0.9774980545043945, 'entropy': 1.6308512687683105, 'cur_kl_coeff': 0.3082418143749237, 'vf_loss': 0.8600449562072754}, 'sample_time_ms': 9601.063, 'grad_time_ms': 277.545, 'update_time_ms': 4.682, 'num_steps_trained': 369600}",367.5039222204637,2019-04-02_08-14-59,kronos,71,369600,0,2289.4205560684204,{},369600,231,231,2289.4205560684204,476.96347428500655,1600,1554192899,{},0b32d2eec3344b1fbde4822793b2e447,74.12204501234977
False,295,"{'input': 'sampler', 'callbacks': {'on_train_result': None, 'on_sample_end': None, 'on_episode_step': None, 'on_episode_start': None, 'on_episode_end': None}, 'sample_batch_size': 200, 'clip_actions': False, 'clip_rewards': None, 'tf_session_args': {'inter_op_parallelism_threads': 2, 'intra_op_parallelism_threads': 2, 'device_count': {'CPU': 1}, 'log_device_placement': False, 'allow_soft_placement': True, 'gpu_options': {'allow_growth': True}}, 'kl_target': 0.01, 'horizon': 1500, 'lr': 0.0005, 'sample_async': False, 'simple_optimizer': False, 'compress_observations': False, 'num_envs_per_worker': 1, 'gamma': 0.99, 'sgd_minibatch_size': 128, 'observation_filter': 'NoFilter', 'entropy_coeff': 0.0, 'batch_mode': 'truncate_episodes', 'straggler_mitigation': False, 'vf_share_layers': False, 'num_gpus': 0, 'synchronize_filters': True, 'num_sgd_iter': 10, 'train_batch_size': 1500, 'optimizer': {}, 'num_gpus_per_worker': 0, 'preprocessor_pref': 'deepmind', 'num_cpus_for_driver': 1, 'lr_schedule': None, 'use_gae': True, 'lambda': 0.97, 'vf_loss_coeff': 1.0, 'vf_clip_param': 1000000.0, 'log_level': 'INFO', 'env_config': {'run': 'PPO', 'flow_params': '{\n    ""env"": {\n        ""additional_params"": {\n            ""max_accel"": 3,\n            ""max_decel"": 3,\n            ""sort_vehicles"": false,\n            ""target_velocity"": 20\n        },\n        ""evaluate"": false,\n        ""horizon"": 1500,\n        ""sims_per_step"": 1,\n        ""warmup_steps"": 0\n    },\n    ""env_name"": ""AccelEnv"",\n    ""exp_tag"": ""figure_eight_0"",\n    ""initial"": {\n        ""additional_params"": {},\n        ""bunching"": 0,\n        ""edges_distribution"": ""all"",\n        ""lanes_distribution"": Infinity,\n        ""min_gap"": 0,\n        ""perturbation"": 0.0,\n        ""shuffle"": false,\n        ""spacing"": ""uniform"",\n        ""x0"": 0\n    },\n    ""net"": {\n        ""additional_params"": {\n            ""lanes"": 1,\n            ""radius_ring"": 30,\n            ""resolution"": 40,\n            ""speed_limit"": 30\n        },\n        ""inflows"": {\n            ""_InFlows__flows"": [],\n            ""num_flows"": 0\n        },\n        ""netfile"": null,\n        ""no_internal_links"": false,\n        ""osm_path"": null\n    },\n    ""scenario"": ""Figure8Scenario"",\n    ""sim"": {\n        ""emission_path"": null,\n        ""lateral_resolution"": null,\n        ""no_step_log"": true,\n        ""num_clients"": 1,\n        ""overtake_right"": false,\n        ""port"": null,\n        ""print_warnings"": true,\n        ""pxpm"": 2,\n        ""render"": false,\n        ""restart_instance"": false,\n        ""save_render"": false,\n        ""seed"": null,\n        ""show_radius"": false,\n        ""sight_radius"": 25,\n        ""sim_step"": 0.1,\n        ""teleport_time"": -1\n    },\n    ""simulator"": ""traci"",\n    ""veh"": [\n        {\n            ""acceleration_controller"": [\n                ""IDMController"",\n                {\n                    ""noise"": 0.2\n                }\n            ],\n            ""car_following_params"": {\n                ""controller_params"": {\n                    ""accel"": 1.0,\n                    ""carFollowModel"": ""IDM"",\n                    ""decel"": 1.5,\n                    ""impatience"": 0.5,\n                    ""maxSpeed"": 30,\n                    ""minGap"": 2.5,\n                    ""sigma"": 0.5,\n                    ""speedDev"": 0.1,\n                    ""speedFactor"": 1.0,\n                    ""tau"": 1.0\n                },\n                ""speed_mode"": 1\n            },\n            ""initial_speed"": 0,\n            ""lane_change_controller"": [\n                ""SimLaneChangeController"",\n                {}\n            ],\n            ""lane_change_params"": {\n                ""controller_params"": {\n                    ""laneChangeModel"": ""LC2013"",\n                    ""lcCooperative"": ""1.0"",\n                    ""lcKeepRight"": ""1.0"",\n                    ""lcSpeedGain"": ""1.0"",\n                    ""lcStrategic"": ""1.0""\n                },\n                ""lane_change_mode"": 512\n            },\n            ""num_vehicles"": 13,\n            ""routing_controller"": [\n                ""ContinuousRouter"",\n                {}\n            ],\n            ""veh_id"": ""human""\n        },\n        {\n            ""acceleration_controller"": [\n                ""RLController"",\n                {}\n            ],\n            ""car_following_params"": {\n                ""controller_params"": {\n                    ""accel"": 1.0,\n                    ""carFollowModel"": ""IDM"",\n                    ""decel"": 1.5,\n                    ""impatience"": 0.5,\n                    ""maxSpeed"": 30,\n                    ""minGap"": 2.5,\n                    ""sigma"": 0.5,\n                    ""speedDev"": 0.1,\n                    ""speedFactor"": 1.0,\n                    ""tau"": 1.0\n                },\n                ""speed_mode"": 1\n            },\n            ""initial_speed"": 0,\n            ""lane_change_controller"": [\n                ""SimLaneChangeController"",\n                {}\n            ],\n            ""lane_change_params"": {\n                ""controller_params"": {\n                    ""laneChangeModel"": ""LC2013"",\n                    ""lcCooperative"": ""1.0"",\n                    ""lcKeepRight"": ""1.0"",\n                    ""lcSpeedGain"": ""1.0"",\n                    ""lcStrategic"": ""1.0""\n                },\n                ""lane_change_mode"": 512\n            },\n            ""num_vehicles"": 1,\n            ""routing_controller"": [\n                ""ContinuousRouter"",\n                {}\n            ],\n            ""veh_id"": ""rl""\n        }\n    ]\n}'}, 'env': 'AccelEnv-v0', 'local_evaluator_tf_session_args': {'inter_op_parallelism_threads': 8, 'intra_op_parallelism_threads': 8}, 'model': {'free_log_std': False, 'custom_options': {}, 'framestack': True, 'channel_major': False, 'max_seq_len': 20, 'lstm_use_prev_action_reward': False, 'squash_to_range': False, 'dim': 84, 'grayscale': False, 'fcnet_hiddens': [100, 50, 25], 'use_lstm': False, 'custom_model': None, 'fcnet_activation': 'tanh', 'conv_filters': None, 'conv_activation': 'relu', 'lstm_cell_size': 256, 'zero_mean': True, 'custom_preprocessor': None}, 'output_compress_columns': ['obs', 'new_obs'], 'monitor': False, 'custom_resources_per_worker': {}, 'output_max_file_size': 67108864, 'num_workers': 1, 'clip_param': 0.3, 'kl_coeff': 0.2, 'multiagent': {'policy_graphs': {}, 'policy_mapping_fn': None, 'policies_to_train': None}, 'input_evaluation': None, 'output': None, 'collect_metrics_timeout': 180, 'num_cpus_per_worker': 1}",169.237.32.118,1,1326.04,10.013243675231934,"{'num_steps_sampled': 371200, 'load_time_ms': 1.127, 'default': {'kl': 0.01136560644954443, 'cur_lr': 0.0005000000237487257, 'total_loss': 0.5648085474967957, 'policy_loss': -0.011162176728248596, 'vf_explained_var': 0.9772396087646484, 'entropy': 1.7697964906692505, 'cur_kl_coeff': 0.3082418143749237, 'vf_loss': 0.5724672675132751}, 'sample_time_ms': 9599.565, 'grad_time_ms': 277.972, 'update_time_ms': 4.618, 'num_steps_trained': 371200}",370.12831648534956,2019-04-02_08-15-09,kronos,71,371200,0,2299.4337997436523,{},371200,232,232,2299.4337997436523,476.96347428500655,1600,1554192909,{},0b32d2eec3344b1fbde4822793b2e447,74.12204501234977
False,296,"{'input': 'sampler', 'callbacks': {'on_train_result': None, 'on_sample_end': None, 'on_episode_step': None, 'on_episode_start': None, 'on_episode_end': None}, 'sample_batch_size': 200, 'clip_actions': False, 'clip_rewards': None, 'tf_session_args': {'inter_op_parallelism_threads': 2, 'intra_op_parallelism_threads': 2, 'device_count': {'CPU': 1}, 'log_device_placement': False, 'allow_soft_placement': True, 'gpu_options': {'allow_growth': True}}, 'kl_target': 0.01, 'horizon': 1500, 'lr': 0.0005, 'sample_async': False, 'simple_optimizer': False, 'compress_observations': False, 'num_envs_per_worker': 1, 'gamma': 0.99, 'sgd_minibatch_size': 128, 'observation_filter': 'NoFilter', 'entropy_coeff': 0.0, 'batch_mode': 'truncate_episodes', 'straggler_mitigation': False, 'vf_share_layers': False, 'num_gpus': 0, 'synchronize_filters': True, 'num_sgd_iter': 10, 'train_batch_size': 1500, 'optimizer': {}, 'num_gpus_per_worker': 0, 'preprocessor_pref': 'deepmind', 'num_cpus_for_driver': 1, 'lr_schedule': None, 'use_gae': True, 'lambda': 0.97, 'vf_loss_coeff': 1.0, 'vf_clip_param': 1000000.0, 'log_level': 'INFO', 'env_config': {'run': 'PPO', 'flow_params': '{\n    ""env"": {\n        ""additional_params"": {\n            ""max_accel"": 3,\n            ""max_decel"": 3,\n            ""sort_vehicles"": false,\n            ""target_velocity"": 20\n        },\n        ""evaluate"": false,\n        ""horizon"": 1500,\n        ""sims_per_step"": 1,\n        ""warmup_steps"": 0\n    },\n    ""env_name"": ""AccelEnv"",\n    ""exp_tag"": ""figure_eight_0"",\n    ""initial"": {\n        ""additional_params"": {},\n        ""bunching"": 0,\n        ""edges_distribution"": ""all"",\n        ""lanes_distribution"": Infinity,\n        ""min_gap"": 0,\n        ""perturbation"": 0.0,\n        ""shuffle"": false,\n        ""spacing"": ""uniform"",\n        ""x0"": 0\n    },\n    ""net"": {\n        ""additional_params"": {\n            ""lanes"": 1,\n            ""radius_ring"": 30,\n            ""resolution"": 40,\n            ""speed_limit"": 30\n        },\n        ""inflows"": {\n            ""_InFlows__flows"": [],\n            ""num_flows"": 0\n        },\n        ""netfile"": null,\n        ""no_internal_links"": false,\n        ""osm_path"": null\n    },\n    ""scenario"": ""Figure8Scenario"",\n    ""sim"": {\n        ""emission_path"": null,\n        ""lateral_resolution"": null,\n        ""no_step_log"": true,\n        ""num_clients"": 1,\n        ""overtake_right"": false,\n        ""port"": null,\n        ""print_warnings"": true,\n        ""pxpm"": 2,\n        ""render"": false,\n        ""restart_instance"": false,\n        ""save_render"": false,\n        ""seed"": null,\n        ""show_radius"": false,\n        ""sight_radius"": 25,\n        ""sim_step"": 0.1,\n        ""teleport_time"": -1\n    },\n    ""simulator"": ""traci"",\n    ""veh"": [\n        {\n            ""acceleration_controller"": [\n                ""IDMController"",\n                {\n                    ""noise"": 0.2\n                }\n            ],\n            ""car_following_params"": {\n                ""controller_params"": {\n                    ""accel"": 1.0,\n                    ""carFollowModel"": ""IDM"",\n                    ""decel"": 1.5,\n                    ""impatience"": 0.5,\n                    ""maxSpeed"": 30,\n                    ""minGap"": 2.5,\n                    ""sigma"": 0.5,\n                    ""speedDev"": 0.1,\n                    ""speedFactor"": 1.0,\n                    ""tau"": 1.0\n                },\n                ""speed_mode"": 1\n            },\n            ""initial_speed"": 0,\n            ""lane_change_controller"": [\n                ""SimLaneChangeController"",\n                {}\n            ],\n            ""lane_change_params"": {\n                ""controller_params"": {\n                    ""laneChangeModel"": ""LC2013"",\n                    ""lcCooperative"": ""1.0"",\n                    ""lcKeepRight"": ""1.0"",\n                    ""lcSpeedGain"": ""1.0"",\n                    ""lcStrategic"": ""1.0""\n                },\n                ""lane_change_mode"": 512\n            },\n            ""num_vehicles"": 13,\n            ""routing_controller"": [\n                ""ContinuousRouter"",\n                {}\n            ],\n            ""veh_id"": ""human""\n        },\n        {\n            ""acceleration_controller"": [\n                ""RLController"",\n                {}\n            ],\n            ""car_following_params"": {\n                ""controller_params"": {\n                    ""accel"": 1.0,\n                    ""carFollowModel"": ""IDM"",\n                    ""decel"": 1.5,\n                    ""impatience"": 0.5,\n                    ""maxSpeed"": 30,\n                    ""minGap"": 2.5,\n                    ""sigma"": 0.5,\n                    ""speedDev"": 0.1,\n                    ""speedFactor"": 1.0,\n                    ""tau"": 1.0\n                },\n                ""speed_mode"": 1\n            },\n            ""initial_speed"": 0,\n            ""lane_change_controller"": [\n                ""SimLaneChangeController"",\n                {}\n            ],\n            ""lane_change_params"": {\n                ""controller_params"": {\n                    ""laneChangeModel"": ""LC2013"",\n                    ""lcCooperative"": ""1.0"",\n                    ""lcKeepRight"": ""1.0"",\n                    ""lcSpeedGain"": ""1.0"",\n                    ""lcStrategic"": ""1.0""\n                },\n                ""lane_change_mode"": 512\n            },\n            ""num_vehicles"": 1,\n            ""routing_controller"": [\n                ""ContinuousRouter"",\n                {}\n            ],\n            ""veh_id"": ""rl""\n        }\n    ]\n}'}, 'env': 'AccelEnv-v0', 'local_evaluator_tf_session_args': {'inter_op_parallelism_threads': 8, 'intra_op_parallelism_threads': 8}, 'model': {'free_log_std': False, 'custom_options': {}, 'framestack': True, 'channel_major': False, 'max_seq_len': 20, 'lstm_use_prev_action_reward': False, 'squash_to_range': False, 'dim': 84, 'grayscale': False, 'fcnet_hiddens': [100, 50, 25], 'use_lstm': False, 'custom_model': None, 'fcnet_activation': 'tanh', 'conv_filters': None, 'conv_activation': 'relu', 'lstm_cell_size': 256, 'zero_mean': True, 'custom_preprocessor': None}, 'output_compress_columns': ['obs', 'new_obs'], 'monitor': False, 'custom_resources_per_worker': {}, 'output_max_file_size': 67108864, 'num_workers': 1, 'clip_param': 0.3, 'kl_coeff': 0.2, 'multiagent': {'policy_graphs': {}, 'policy_mapping_fn': None, 'policies_to_train': None}, 'input_evaluation': None, 'output': None, 'collect_metrics_timeout': 180, 'num_cpus_per_worker': 1}",169.237.32.118,1,1335.3,9.888566732406616,"{'num_steps_sampled': 372800, 'load_time_ms': 1.135, 'default': {'kl': 0.012039490044116974, 'cur_lr': 0.0005000000237487257, 'total_loss': 1.9044309854507446, 'policy_loss': -0.017071017995476723, 'vf_explained_var': 0.9652202725410461, 'entropy': 1.7406939268112183, 'cur_kl_coeff': 0.3082418143749237, 'vf_loss': 1.9177912473678589}, 'sample_time_ms': 9597.102, 'grad_time_ms': 278.47, 'update_time_ms': 4.426, 'num_steps_trained': 372800}",372.7515695191642,2019-04-02_08-15-19,kronos,71,372800,0,2309.322366476059,{},372800,233,233,2309.322366476059,476.96347428500655,1600,1554192919,{},0b32d2eec3344b1fbde4822793b2e447,74.12204501234977
False,297,"{'input': 'sampler', 'callbacks': {'on_train_result': None, 'on_sample_end': None, 'on_episode_step': None, 'on_episode_start': None, 'on_episode_end': None}, 'sample_batch_size': 200, 'clip_actions': False, 'clip_rewards': None, 'tf_session_args': {'inter_op_parallelism_threads': 2, 'intra_op_parallelism_threads': 2, 'device_count': {'CPU': 1}, 'log_device_placement': False, 'allow_soft_placement': True, 'gpu_options': {'allow_growth': True}}, 'kl_target': 0.01, 'horizon': 1500, 'lr': 0.0005, 'sample_async': False, 'simple_optimizer': False, 'compress_observations': False, 'num_envs_per_worker': 1, 'gamma': 0.99, 'sgd_minibatch_size': 128, 'observation_filter': 'NoFilter', 'entropy_coeff': 0.0, 'batch_mode': 'truncate_episodes', 'straggler_mitigation': False, 'vf_share_layers': False, 'num_gpus': 0, 'synchronize_filters': True, 'num_sgd_iter': 10, 'train_batch_size': 1500, 'optimizer': {}, 'num_gpus_per_worker': 0, 'preprocessor_pref': 'deepmind', 'num_cpus_for_driver': 1, 'lr_schedule': None, 'use_gae': True, 'lambda': 0.97, 'vf_loss_coeff': 1.0, 'vf_clip_param': 1000000.0, 'log_level': 'INFO', 'env_config': {'run': 'PPO', 'flow_params': '{\n    ""env"": {\n        ""additional_params"": {\n            ""max_accel"": 3,\n            ""max_decel"": 3,\n            ""sort_vehicles"": false,\n            ""target_velocity"": 20\n        },\n        ""evaluate"": false,\n        ""horizon"": 1500,\n        ""sims_per_step"": 1,\n        ""warmup_steps"": 0\n    },\n    ""env_name"": ""AccelEnv"",\n    ""exp_tag"": ""figure_eight_0"",\n    ""initial"": {\n        ""additional_params"": {},\n        ""bunching"": 0,\n        ""edges_distribution"": ""all"",\n        ""lanes_distribution"": Infinity,\n        ""min_gap"": 0,\n        ""perturbation"": 0.0,\n        ""shuffle"": false,\n        ""spacing"": ""uniform"",\n        ""x0"": 0\n    },\n    ""net"": {\n        ""additional_params"": {\n            ""lanes"": 1,\n            ""radius_ring"": 30,\n            ""resolution"": 40,\n            ""speed_limit"": 30\n        },\n        ""inflows"": {\n            ""_InFlows__flows"": [],\n            ""num_flows"": 0\n        },\n        ""netfile"": null,\n        ""no_internal_links"": false,\n        ""osm_path"": null\n    },\n    ""scenario"": ""Figure8Scenario"",\n    ""sim"": {\n        ""emission_path"": null,\n        ""lateral_resolution"": null,\n        ""no_step_log"": true,\n        ""num_clients"": 1,\n        ""overtake_right"": false,\n        ""port"": null,\n        ""print_warnings"": true,\n        ""pxpm"": 2,\n        ""render"": false,\n        ""restart_instance"": false,\n        ""save_render"": false,\n        ""seed"": null,\n        ""show_radius"": false,\n        ""sight_radius"": 25,\n        ""sim_step"": 0.1,\n        ""teleport_time"": -1\n    },\n    ""simulator"": ""traci"",\n    ""veh"": [\n        {\n            ""acceleration_controller"": [\n                ""IDMController"",\n                {\n                    ""noise"": 0.2\n                }\n            ],\n            ""car_following_params"": {\n                ""controller_params"": {\n                    ""accel"": 1.0,\n                    ""carFollowModel"": ""IDM"",\n                    ""decel"": 1.5,\n                    ""impatience"": 0.5,\n                    ""maxSpeed"": 30,\n                    ""minGap"": 2.5,\n                    ""sigma"": 0.5,\n                    ""speedDev"": 0.1,\n                    ""speedFactor"": 1.0,\n                    ""tau"": 1.0\n                },\n                ""speed_mode"": 1\n            },\n            ""initial_speed"": 0,\n            ""lane_change_controller"": [\n                ""SimLaneChangeController"",\n                {}\n            ],\n            ""lane_change_params"": {\n                ""controller_params"": {\n                    ""laneChangeModel"": ""LC2013"",\n                    ""lcCooperative"": ""1.0"",\n                    ""lcKeepRight"": ""1.0"",\n                    ""lcSpeedGain"": ""1.0"",\n                    ""lcStrategic"": ""1.0""\n                },\n                ""lane_change_mode"": 512\n            },\n            ""num_vehicles"": 13,\n            ""routing_controller"": [\n                ""ContinuousRouter"",\n                {}\n            ],\n            ""veh_id"": ""human""\n        },\n        {\n            ""acceleration_controller"": [\n                ""RLController"",\n                {}\n            ],\n            ""car_following_params"": {\n                ""controller_params"": {\n                    ""accel"": 1.0,\n                    ""carFollowModel"": ""IDM"",\n                    ""decel"": 1.5,\n                    ""impatience"": 0.5,\n                    ""maxSpeed"": 30,\n                    ""minGap"": 2.5,\n                    ""sigma"": 0.5,\n                    ""speedDev"": 0.1,\n                    ""speedFactor"": 1.0,\n                    ""tau"": 1.0\n                },\n                ""speed_mode"": 1\n            },\n            ""initial_speed"": 0,\n            ""lane_change_controller"": [\n                ""SimLaneChangeController"",\n                {}\n            ],\n            ""lane_change_params"": {\n                ""controller_params"": {\n                    ""laneChangeModel"": ""LC2013"",\n                    ""lcCooperative"": ""1.0"",\n                    ""lcKeepRight"": ""1.0"",\n                    ""lcSpeedGain"": ""1.0"",\n                    ""lcStrategic"": ""1.0""\n                },\n                ""lane_change_mode"": 512\n            },\n            ""num_vehicles"": 1,\n            ""routing_controller"": [\n                ""ContinuousRouter"",\n                {}\n            ],\n            ""veh_id"": ""rl""\n        }\n    ]\n}'}, 'env': 'AccelEnv-v0', 'local_evaluator_tf_session_args': {'inter_op_parallelism_threads': 8, 'intra_op_parallelism_threads': 8}, 'model': {'free_log_std': False, 'custom_options': {}, 'framestack': True, 'channel_major': False, 'max_seq_len': 20, 'lstm_use_prev_action_reward': False, 'squash_to_range': False, 'dim': 84, 'grayscale': False, 'fcnet_hiddens': [100, 50, 25], 'use_lstm': False, 'custom_model': None, 'fcnet_activation': 'tanh', 'conv_filters': None, 'conv_activation': 'relu', 'lstm_cell_size': 256, 'zero_mean': True, 'custom_preprocessor': None}, 'output_compress_columns': ['obs', 'new_obs'], 'monitor': False, 'custom_resources_per_worker': {}, 'output_max_file_size': 67108864, 'num_workers': 1, 'clip_param': 0.3, 'kl_coeff': 0.2, 'multiagent': {'policy_graphs': {}, 'policy_mapping_fn': None, 'policies_to_train': None}, 'input_evaluation': None, 'output': None, 'collect_metrics_timeout': 180, 'num_cpus_per_worker': 1}",169.237.32.118,1,1331.75,9.79418396949768,"{'num_steps_sampled': 374400, 'load_time_ms': 1.14, 'default': {'kl': 0.022957250475883484, 'cur_lr': 0.0005000000237487257, 'total_loss': 0.4535363018512726, 'policy_loss': -0.024520814418792725, 'vf_explained_var': 0.9928222298622131, 'entropy': 1.7133768796920776, 'cur_kl_coeff': 0.3082418143749237, 'vf_loss': 0.47098079323768616}, 'sample_time_ms': 9588.455, 'grad_time_ms': 275.81, 'update_time_ms': 4.561, 'num_steps_trained': 374400}",371.6107197649352,2019-04-02_08-15-29,kronos,71,374400,0,2319.1165504455566,{},374400,234,234,2319.1165504455566,476.96347428500655,1600,1554192929,{},0b32d2eec3344b1fbde4822793b2e447,74.12204501234977
False,298,"{'input': 'sampler', 'callbacks': {'on_train_result': None, 'on_sample_end': None, 'on_episode_step': None, 'on_episode_start': None, 'on_episode_end': None}, 'sample_batch_size': 200, 'clip_actions': False, 'clip_rewards': None, 'tf_session_args': {'inter_op_parallelism_threads': 2, 'intra_op_parallelism_threads': 2, 'device_count': {'CPU': 1}, 'log_device_placement': False, 'allow_soft_placement': True, 'gpu_options': {'allow_growth': True}}, 'kl_target': 0.01, 'horizon': 1500, 'lr': 0.0005, 'sample_async': False, 'simple_optimizer': False, 'compress_observations': False, 'num_envs_per_worker': 1, 'gamma': 0.99, 'sgd_minibatch_size': 128, 'observation_filter': 'NoFilter', 'entropy_coeff': 0.0, 'batch_mode': 'truncate_episodes', 'straggler_mitigation': False, 'vf_share_layers': False, 'num_gpus': 0, 'synchronize_filters': True, 'num_sgd_iter': 10, 'train_batch_size': 1500, 'optimizer': {}, 'num_gpus_per_worker': 0, 'preprocessor_pref': 'deepmind', 'num_cpus_for_driver': 1, 'lr_schedule': None, 'use_gae': True, 'lambda': 0.97, 'vf_loss_coeff': 1.0, 'vf_clip_param': 1000000.0, 'log_level': 'INFO', 'env_config': {'run': 'PPO', 'flow_params': '{\n    ""env"": {\n        ""additional_params"": {\n            ""max_accel"": 3,\n            ""max_decel"": 3,\n            ""sort_vehicles"": false,\n            ""target_velocity"": 20\n        },\n        ""evaluate"": false,\n        ""horizon"": 1500,\n        ""sims_per_step"": 1,\n        ""warmup_steps"": 0\n    },\n    ""env_name"": ""AccelEnv"",\n    ""exp_tag"": ""figure_eight_0"",\n    ""initial"": {\n        ""additional_params"": {},\n        ""bunching"": 0,\n        ""edges_distribution"": ""all"",\n        ""lanes_distribution"": Infinity,\n        ""min_gap"": 0,\n        ""perturbation"": 0.0,\n        ""shuffle"": false,\n        ""spacing"": ""uniform"",\n        ""x0"": 0\n    },\n    ""net"": {\n        ""additional_params"": {\n            ""lanes"": 1,\n            ""radius_ring"": 30,\n            ""resolution"": 40,\n            ""speed_limit"": 30\n        },\n        ""inflows"": {\n            ""_InFlows__flows"": [],\n            ""num_flows"": 0\n        },\n        ""netfile"": null,\n        ""no_internal_links"": false,\n        ""osm_path"": null\n    },\n    ""scenario"": ""Figure8Scenario"",\n    ""sim"": {\n        ""emission_path"": null,\n        ""lateral_resolution"": null,\n        ""no_step_log"": true,\n        ""num_clients"": 1,\n        ""overtake_right"": false,\n        ""port"": null,\n        ""print_warnings"": true,\n        ""pxpm"": 2,\n        ""render"": false,\n        ""restart_instance"": false,\n        ""save_render"": false,\n        ""seed"": null,\n        ""show_radius"": false,\n        ""sight_radius"": 25,\n        ""sim_step"": 0.1,\n        ""teleport_time"": -1\n    },\n    ""simulator"": ""traci"",\n    ""veh"": [\n        {\n            ""acceleration_controller"": [\n                ""IDMController"",\n                {\n                    ""noise"": 0.2\n                }\n            ],\n            ""car_following_params"": {\n                ""controller_params"": {\n                    ""accel"": 1.0,\n                    ""carFollowModel"": ""IDM"",\n                    ""decel"": 1.5,\n                    ""impatience"": 0.5,\n                    ""maxSpeed"": 30,\n                    ""minGap"": 2.5,\n                    ""sigma"": 0.5,\n                    ""speedDev"": 0.1,\n                    ""speedFactor"": 1.0,\n                    ""tau"": 1.0\n                },\n                ""speed_mode"": 1\n            },\n            ""initial_speed"": 0,\n            ""lane_change_controller"": [\n                ""SimLaneChangeController"",\n                {}\n            ],\n            ""lane_change_params"": {\n                ""controller_params"": {\n                    ""laneChangeModel"": ""LC2013"",\n                    ""lcCooperative"": ""1.0"",\n                    ""lcKeepRight"": ""1.0"",\n                    ""lcSpeedGain"": ""1.0"",\n                    ""lcStrategic"": ""1.0""\n                },\n                ""lane_change_mode"": 512\n            },\n            ""num_vehicles"": 13,\n            ""routing_controller"": [\n                ""ContinuousRouter"",\n                {}\n            ],\n            ""veh_id"": ""human""\n        },\n        {\n            ""acceleration_controller"": [\n                ""RLController"",\n                {}\n            ],\n            ""car_following_params"": {\n                ""controller_params"": {\n                    ""accel"": 1.0,\n                    ""carFollowModel"": ""IDM"",\n                    ""decel"": 1.5,\n                    ""impatience"": 0.5,\n                    ""maxSpeed"": 30,\n                    ""minGap"": 2.5,\n                    ""sigma"": 0.5,\n                    ""speedDev"": 0.1,\n                    ""speedFactor"": 1.0,\n                    ""tau"": 1.0\n                },\n                ""speed_mode"": 1\n            },\n            ""initial_speed"": 0,\n            ""lane_change_controller"": [\n                ""SimLaneChangeController"",\n                {}\n            ],\n            ""lane_change_params"": {\n                ""controller_params"": {\n                    ""laneChangeModel"": ""LC2013"",\n                    ""lcCooperative"": ""1.0"",\n                    ""lcKeepRight"": ""1.0"",\n                    ""lcSpeedGain"": ""1.0"",\n                    ""lcStrategic"": ""1.0""\n                },\n                ""lane_change_mode"": 512\n            },\n            ""num_vehicles"": 1,\n            ""routing_controller"": [\n                ""ContinuousRouter"",\n                {}\n            ],\n            ""veh_id"": ""rl""\n        }\n    ]\n}'}, 'env': 'AccelEnv-v0', 'local_evaluator_tf_session_args': {'inter_op_parallelism_threads': 8, 'intra_op_parallelism_threads': 8}, 'model': {'free_log_std': False, 'custom_options': {}, 'framestack': True, 'channel_major': False, 'max_seq_len': 20, 'lstm_use_prev_action_reward': False, 'squash_to_range': False, 'dim': 84, 'grayscale': False, 'fcnet_hiddens': [100, 50, 25], 'use_lstm': False, 'custom_model': None, 'fcnet_activation': 'tanh', 'conv_filters': None, 'conv_activation': 'relu', 'lstm_cell_size': 256, 'zero_mean': True, 'custom_preprocessor': None}, 'output_compress_columns': ['obs', 'new_obs'], 'monitor': False, 'custom_resources_per_worker': {}, 'output_max_file_size': 67108864, 'num_workers': 1, 'clip_param': 0.3, 'kl_coeff': 0.2, 'multiagent': {'policy_graphs': {}, 'policy_mapping_fn': None, 'policies_to_train': None}, 'input_evaluation': None, 'output': None, 'collect_metrics_timeout': 180, 'num_cpus_per_worker': 1}",169.237.32.118,1,1343.91,9.865509748458862,"{'num_steps_sampled': 376000, 'load_time_ms': 1.184, 'default': {'kl': 0.007726836949586868, 'cur_lr': 0.0005000000237487257, 'total_loss': 0.4858781397342682, 'policy_loss': -0.01242936123162508, 'vf_explained_var': 0.9828727841377258, 'entropy': 1.75776207447052, 'cur_kl_coeff': 0.46236273646354675, 'vf_loss': 0.49473488330841064}, 'sample_time_ms': 9582.291, 'grad_time_ms': 276.78, 'update_time_ms': 4.411, 'num_steps_trained': 376000}",375.01542921089435,2019-04-02_08-15-39,kronos,71,376000,0,2328.9820601940155,{},376000,235,235,2328.9820601940155,476.96347428500655,1600,1554192939,{},0b32d2eec3344b1fbde4822793b2e447,74.12204501234977
False,300,"{'input': 'sampler', 'callbacks': {'on_train_result': None, 'on_sample_end': None, 'on_episode_step': None, 'on_episode_start': None, 'on_episode_end': None}, 'sample_batch_size': 200, 'clip_actions': False, 'clip_rewards': None, 'tf_session_args': {'inter_op_parallelism_threads': 2, 'intra_op_parallelism_threads': 2, 'device_count': {'CPU': 1}, 'log_device_placement': False, 'allow_soft_placement': True, 'gpu_options': {'allow_growth': True}}, 'kl_target': 0.01, 'horizon': 1500, 'lr': 0.0005, 'sample_async': False, 'simple_optimizer': False, 'compress_observations': False, 'num_envs_per_worker': 1, 'gamma': 0.99, 'sgd_minibatch_size': 128, 'observation_filter': 'NoFilter', 'entropy_coeff': 0.0, 'batch_mode': 'truncate_episodes', 'straggler_mitigation': False, 'vf_share_layers': False, 'num_gpus': 0, 'synchronize_filters': True, 'num_sgd_iter': 10, 'train_batch_size': 1500, 'optimizer': {}, 'num_gpus_per_worker': 0, 'preprocessor_pref': 'deepmind', 'num_cpus_for_driver': 1, 'lr_schedule': None, 'use_gae': True, 'lambda': 0.97, 'vf_loss_coeff': 1.0, 'vf_clip_param': 1000000.0, 'log_level': 'INFO', 'env_config': {'run': 'PPO', 'flow_params': '{\n    ""env"": {\n        ""additional_params"": {\n            ""max_accel"": 3,\n            ""max_decel"": 3,\n            ""sort_vehicles"": false,\n            ""target_velocity"": 20\n        },\n        ""evaluate"": false,\n        ""horizon"": 1500,\n        ""sims_per_step"": 1,\n        ""warmup_steps"": 0\n    },\n    ""env_name"": ""AccelEnv"",\n    ""exp_tag"": ""figure_eight_0"",\n    ""initial"": {\n        ""additional_params"": {},\n        ""bunching"": 0,\n        ""edges_distribution"": ""all"",\n        ""lanes_distribution"": Infinity,\n        ""min_gap"": 0,\n        ""perturbation"": 0.0,\n        ""shuffle"": false,\n        ""spacing"": ""uniform"",\n        ""x0"": 0\n    },\n    ""net"": {\n        ""additional_params"": {\n            ""lanes"": 1,\n            ""radius_ring"": 30,\n            ""resolution"": 40,\n            ""speed_limit"": 30\n        },\n        ""inflows"": {\n            ""_InFlows__flows"": [],\n            ""num_flows"": 0\n        },\n        ""netfile"": null,\n        ""no_internal_links"": false,\n        ""osm_path"": null\n    },\n    ""scenario"": ""Figure8Scenario"",\n    ""sim"": {\n        ""emission_path"": null,\n        ""lateral_resolution"": null,\n        ""no_step_log"": true,\n        ""num_clients"": 1,\n        ""overtake_right"": false,\n        ""port"": null,\n        ""print_warnings"": true,\n        ""pxpm"": 2,\n        ""render"": false,\n        ""restart_instance"": false,\n        ""save_render"": false,\n        ""seed"": null,\n        ""show_radius"": false,\n        ""sight_radius"": 25,\n        ""sim_step"": 0.1,\n        ""teleport_time"": -1\n    },\n    ""simulator"": ""traci"",\n    ""veh"": [\n        {\n            ""acceleration_controller"": [\n                ""IDMController"",\n                {\n                    ""noise"": 0.2\n                }\n            ],\n            ""car_following_params"": {\n                ""controller_params"": {\n                    ""accel"": 1.0,\n                    ""carFollowModel"": ""IDM"",\n                    ""decel"": 1.5,\n                    ""impatience"": 0.5,\n                    ""maxSpeed"": 30,\n                    ""minGap"": 2.5,\n                    ""sigma"": 0.5,\n                    ""speedDev"": 0.1,\n                    ""speedFactor"": 1.0,\n                    ""tau"": 1.0\n                },\n                ""speed_mode"": 1\n            },\n            ""initial_speed"": 0,\n            ""lane_change_controller"": [\n                ""SimLaneChangeController"",\n                {}\n            ],\n            ""lane_change_params"": {\n                ""controller_params"": {\n                    ""laneChangeModel"": ""LC2013"",\n                    ""lcCooperative"": ""1.0"",\n                    ""lcKeepRight"": ""1.0"",\n                    ""lcSpeedGain"": ""1.0"",\n                    ""lcStrategic"": ""1.0""\n                },\n                ""lane_change_mode"": 512\n            },\n            ""num_vehicles"": 13,\n            ""routing_controller"": [\n                ""ContinuousRouter"",\n                {}\n            ],\n            ""veh_id"": ""human""\n        },\n        {\n            ""acceleration_controller"": [\n                ""RLController"",\n                {}\n            ],\n            ""car_following_params"": {\n                ""controller_params"": {\n                    ""accel"": 1.0,\n                    ""carFollowModel"": ""IDM"",\n                    ""decel"": 1.5,\n                    ""impatience"": 0.5,\n                    ""maxSpeed"": 30,\n                    ""minGap"": 2.5,\n                    ""sigma"": 0.5,\n                    ""speedDev"": 0.1,\n                    ""speedFactor"": 1.0,\n                    ""tau"": 1.0\n                },\n                ""speed_mode"": 1\n            },\n            ""initial_speed"": 0,\n            ""lane_change_controller"": [\n                ""SimLaneChangeController"",\n                {}\n            ],\n            ""lane_change_params"": {\n                ""controller_params"": {\n                    ""laneChangeModel"": ""LC2013"",\n                    ""lcCooperative"": ""1.0"",\n                    ""lcKeepRight"": ""1.0"",\n                    ""lcSpeedGain"": ""1.0"",\n                    ""lcStrategic"": ""1.0""\n                },\n                ""lane_change_mode"": 512\n            },\n            ""num_vehicles"": 1,\n            ""routing_controller"": [\n                ""ContinuousRouter"",\n                {}\n            ],\n            ""veh_id"": ""rl""\n        }\n    ]\n}'}, 'env': 'AccelEnv-v0', 'local_evaluator_tf_session_args': {'inter_op_parallelism_threads': 8, 'intra_op_parallelism_threads': 8}, 'model': {'free_log_std': False, 'custom_options': {}, 'framestack': True, 'channel_major': False, 'max_seq_len': 20, 'lstm_use_prev_action_reward': False, 'squash_to_range': False, 'dim': 84, 'grayscale': False, 'fcnet_hiddens': [100, 50, 25], 'use_lstm': False, 'custom_model': None, 'fcnet_activation': 'tanh', 'conv_filters': None, 'conv_activation': 'relu', 'lstm_cell_size': 256, 'zero_mean': True, 'custom_preprocessor': None}, 'output_compress_columns': ['obs', 'new_obs'], 'monitor': False, 'custom_resources_per_worker': {}, 'output_max_file_size': 67108864, 'num_workers': 1, 'clip_param': 0.3, 'kl_coeff': 0.2, 'multiagent': {'policy_graphs': {}, 'policy_mapping_fn': None, 'policies_to_train': None}, 'input_evaluation': None, 'output': None, 'collect_metrics_timeout': 180, 'num_cpus_per_worker': 1}",169.237.32.118,2,1336.86,9.73453164100647,"{'num_steps_sampled': 377600, 'load_time_ms': 1.181, 'default': {'kl': 0.009813740849494934, 'cur_lr': 0.0005000000237487257, 'total_loss': 0.7338793277740479, 'policy_loss': -0.01299754623323679, 'vf_explained_var': 0.9913979172706604, 'entropy': 1.7444199323654175, 'cur_kl_coeff': 0.46236273646354675, 'vf_loss': 0.7423394322395325}, 'sample_time_ms': 9575.543, 'grad_time_ms': 277.124, 'update_time_ms': 4.593, 'num_steps_trained': 377600}",374.20958566419495,2019-04-02_08-15-49,kronos,71,377600,0,2338.716591835022,{},377600,236,236,2338.716591835022,476.96347428500655,1600,1554192949,{},0b32d2eec3344b1fbde4822793b2e447,74.12204501234977
False,301,"{'input': 'sampler', 'callbacks': {'on_train_result': None, 'on_sample_end': None, 'on_episode_step': None, 'on_episode_start': None, 'on_episode_end': None}, 'sample_batch_size': 200, 'clip_actions': False, 'clip_rewards': None, 'tf_session_args': {'inter_op_parallelism_threads': 2, 'intra_op_parallelism_threads': 2, 'device_count': {'CPU': 1}, 'log_device_placement': False, 'allow_soft_placement': True, 'gpu_options': {'allow_growth': True}}, 'kl_target': 0.01, 'horizon': 1500, 'lr': 0.0005, 'sample_async': False, 'simple_optimizer': False, 'compress_observations': False, 'num_envs_per_worker': 1, 'gamma': 0.99, 'sgd_minibatch_size': 128, 'observation_filter': 'NoFilter', 'entropy_coeff': 0.0, 'batch_mode': 'truncate_episodes', 'straggler_mitigation': False, 'vf_share_layers': False, 'num_gpus': 0, 'synchronize_filters': True, 'num_sgd_iter': 10, 'train_batch_size': 1500, 'optimizer': {}, 'num_gpus_per_worker': 0, 'preprocessor_pref': 'deepmind', 'num_cpus_for_driver': 1, 'lr_schedule': None, 'use_gae': True, 'lambda': 0.97, 'vf_loss_coeff': 1.0, 'vf_clip_param': 1000000.0, 'log_level': 'INFO', 'env_config': {'run': 'PPO', 'flow_params': '{\n    ""env"": {\n        ""additional_params"": {\n            ""max_accel"": 3,\n            ""max_decel"": 3,\n            ""sort_vehicles"": false,\n            ""target_velocity"": 20\n        },\n        ""evaluate"": false,\n        ""horizon"": 1500,\n        ""sims_per_step"": 1,\n        ""warmup_steps"": 0\n    },\n    ""env_name"": ""AccelEnv"",\n    ""exp_tag"": ""figure_eight_0"",\n    ""initial"": {\n        ""additional_params"": {},\n        ""bunching"": 0,\n        ""edges_distribution"": ""all"",\n        ""lanes_distribution"": Infinity,\n        ""min_gap"": 0,\n        ""perturbation"": 0.0,\n        ""shuffle"": false,\n        ""spacing"": ""uniform"",\n        ""x0"": 0\n    },\n    ""net"": {\n        ""additional_params"": {\n            ""lanes"": 1,\n            ""radius_ring"": 30,\n            ""resolution"": 40,\n            ""speed_limit"": 30\n        },\n        ""inflows"": {\n            ""_InFlows__flows"": [],\n            ""num_flows"": 0\n        },\n        ""netfile"": null,\n        ""no_internal_links"": false,\n        ""osm_path"": null\n    },\n    ""scenario"": ""Figure8Scenario"",\n    ""sim"": {\n        ""emission_path"": null,\n        ""lateral_resolution"": null,\n        ""no_step_log"": true,\n        ""num_clients"": 1,\n        ""overtake_right"": false,\n        ""port"": null,\n        ""print_warnings"": true,\n        ""pxpm"": 2,\n        ""render"": false,\n        ""restart_instance"": false,\n        ""save_render"": false,\n        ""seed"": null,\n        ""show_radius"": false,\n        ""sight_radius"": 25,\n        ""sim_step"": 0.1,\n        ""teleport_time"": -1\n    },\n    ""simulator"": ""traci"",\n    ""veh"": [\n        {\n            ""acceleration_controller"": [\n                ""IDMController"",\n                {\n                    ""noise"": 0.2\n                }\n            ],\n            ""car_following_params"": {\n                ""controller_params"": {\n                    ""accel"": 1.0,\n                    ""carFollowModel"": ""IDM"",\n                    ""decel"": 1.5,\n                    ""impatience"": 0.5,\n                    ""maxSpeed"": 30,\n                    ""minGap"": 2.5,\n                    ""sigma"": 0.5,\n                    ""speedDev"": 0.1,\n                    ""speedFactor"": 1.0,\n                    ""tau"": 1.0\n                },\n                ""speed_mode"": 1\n            },\n            ""initial_speed"": 0,\n            ""lane_change_controller"": [\n                ""SimLaneChangeController"",\n                {}\n            ],\n            ""lane_change_params"": {\n                ""controller_params"": {\n                    ""laneChangeModel"": ""LC2013"",\n                    ""lcCooperative"": ""1.0"",\n                    ""lcKeepRight"": ""1.0"",\n                    ""lcSpeedGain"": ""1.0"",\n                    ""lcStrategic"": ""1.0""\n                },\n                ""lane_change_mode"": 512\n            },\n            ""num_vehicles"": 13,\n            ""routing_controller"": [\n                ""ContinuousRouter"",\n                {}\n            ],\n            ""veh_id"": ""human""\n        },\n        {\n            ""acceleration_controller"": [\n                ""RLController"",\n                {}\n            ],\n            ""car_following_params"": {\n                ""controller_params"": {\n                    ""accel"": 1.0,\n                    ""carFollowModel"": ""IDM"",\n                    ""decel"": 1.5,\n                    ""impatience"": 0.5,\n                    ""maxSpeed"": 30,\n                    ""minGap"": 2.5,\n                    ""sigma"": 0.5,\n                    ""speedDev"": 0.1,\n                    ""speedFactor"": 1.0,\n                    ""tau"": 1.0\n                },\n                ""speed_mode"": 1\n            },\n            ""initial_speed"": 0,\n            ""lane_change_controller"": [\n                ""SimLaneChangeController"",\n                {}\n            ],\n            ""lane_change_params"": {\n                ""controller_params"": {\n                    ""laneChangeModel"": ""LC2013"",\n                    ""lcCooperative"": ""1.0"",\n                    ""lcKeepRight"": ""1.0"",\n                    ""lcSpeedGain"": ""1.0"",\n                    ""lcStrategic"": ""1.0""\n                },\n                ""lane_change_mode"": 512\n            },\n            ""num_vehicles"": 1,\n            ""routing_controller"": [\n                ""ContinuousRouter"",\n                {}\n            ],\n            ""veh_id"": ""rl""\n        }\n    ]\n}'}, 'env': 'AccelEnv-v0', 'local_evaluator_tf_session_args': {'inter_op_parallelism_threads': 8, 'intra_op_parallelism_threads': 8}, 'model': {'free_log_std': False, 'custom_options': {}, 'framestack': True, 'channel_major': False, 'max_seq_len': 20, 'lstm_use_prev_action_reward': False, 'squash_to_range': False, 'dim': 84, 'grayscale': False, 'fcnet_hiddens': [100, 50, 25], 'use_lstm': False, 'custom_model': None, 'fcnet_activation': 'tanh', 'conv_filters': None, 'conv_activation': 'relu', 'lstm_cell_size': 256, 'zero_mean': True, 'custom_preprocessor': None}, 'output_compress_columns': ['obs', 'new_obs'], 'monitor': False, 'custom_resources_per_worker': {}, 'output_max_file_size': 67108864, 'num_workers': 1, 'clip_param': 0.3, 'kl_coeff': 0.2, 'multiagent': {'policy_graphs': {}, 'policy_mapping_fn': None, 'policies_to_train': None}, 'input_evaluation': None, 'output': None, 'collect_metrics_timeout': 180, 'num_cpus_per_worker': 1}",169.237.32.118,1,1339.76,9.921183586120605,"{'num_steps_sampled': 379200, 'load_time_ms': 1.204, 'default': {'kl': 0.009574822150170803, 'cur_lr': 0.0005000000237487257, 'total_loss': 2.2328107357025146, 'policy_loss': -0.019636603072285652, 'vf_explained_var': 0.924605131149292, 'entropy': 1.7705744504928589, 'cur_kl_coeff': 0.46236273646354675, 'vf_loss': 2.2480199337005615}, 'sample_time_ms': 9581.777, 'grad_time_ms': 277.716, 'update_time_ms': 4.639, 'num_steps_trained': 379200}",376.8440250184384,2019-04-02_08-15-59,kronos,71,379200,0,2348.6377754211426,{},379200,237,237,2348.6377754211426,476.96347428500655,1600,1554192959,{},0b32d2eec3344b1fbde4822793b2e447,74.12204501234977
False,302,"{'input': 'sampler', 'callbacks': {'on_train_result': None, 'on_sample_end': None, 'on_episode_step': None, 'on_episode_start': None, 'on_episode_end': None}, 'sample_batch_size': 200, 'clip_actions': False, 'clip_rewards': None, 'tf_session_args': {'inter_op_parallelism_threads': 2, 'intra_op_parallelism_threads': 2, 'device_count': {'CPU': 1}, 'log_device_placement': False, 'allow_soft_placement': True, 'gpu_options': {'allow_growth': True}}, 'kl_target': 0.01, 'horizon': 1500, 'lr': 0.0005, 'sample_async': False, 'simple_optimizer': False, 'compress_observations': False, 'num_envs_per_worker': 1, 'gamma': 0.99, 'sgd_minibatch_size': 128, 'observation_filter': 'NoFilter', 'entropy_coeff': 0.0, 'batch_mode': 'truncate_episodes', 'straggler_mitigation': False, 'vf_share_layers': False, 'num_gpus': 0, 'synchronize_filters': True, 'num_sgd_iter': 10, 'train_batch_size': 1500, 'optimizer': {}, 'num_gpus_per_worker': 0, 'preprocessor_pref': 'deepmind', 'num_cpus_for_driver': 1, 'lr_schedule': None, 'use_gae': True, 'lambda': 0.97, 'vf_loss_coeff': 1.0, 'vf_clip_param': 1000000.0, 'log_level': 'INFO', 'env_config': {'run': 'PPO', 'flow_params': '{\n    ""env"": {\n        ""additional_params"": {\n            ""max_accel"": 3,\n            ""max_decel"": 3,\n            ""sort_vehicles"": false,\n            ""target_velocity"": 20\n        },\n        ""evaluate"": false,\n        ""horizon"": 1500,\n        ""sims_per_step"": 1,\n        ""warmup_steps"": 0\n    },\n    ""env_name"": ""AccelEnv"",\n    ""exp_tag"": ""figure_eight_0"",\n    ""initial"": {\n        ""additional_params"": {},\n        ""bunching"": 0,\n        ""edges_distribution"": ""all"",\n        ""lanes_distribution"": Infinity,\n        ""min_gap"": 0,\n        ""perturbation"": 0.0,\n        ""shuffle"": false,\n        ""spacing"": ""uniform"",\n        ""x0"": 0\n    },\n    ""net"": {\n        ""additional_params"": {\n            ""lanes"": 1,\n            ""radius_ring"": 30,\n            ""resolution"": 40,\n            ""speed_limit"": 30\n        },\n        ""inflows"": {\n            ""_InFlows__flows"": [],\n            ""num_flows"": 0\n        },\n        ""netfile"": null,\n        ""no_internal_links"": false,\n        ""osm_path"": null\n    },\n    ""scenario"": ""Figure8Scenario"",\n    ""sim"": {\n        ""emission_path"": null,\n        ""lateral_resolution"": null,\n        ""no_step_log"": true,\n        ""num_clients"": 1,\n        ""overtake_right"": false,\n        ""port"": null,\n        ""print_warnings"": true,\n        ""pxpm"": 2,\n        ""render"": false,\n        ""restart_instance"": false,\n        ""save_render"": false,\n        ""seed"": null,\n        ""show_radius"": false,\n        ""sight_radius"": 25,\n        ""sim_step"": 0.1,\n        ""teleport_time"": -1\n    },\n    ""simulator"": ""traci"",\n    ""veh"": [\n        {\n            ""acceleration_controller"": [\n                ""IDMController"",\n                {\n                    ""noise"": 0.2\n                }\n            ],\n            ""car_following_params"": {\n                ""controller_params"": {\n                    ""accel"": 1.0,\n                    ""carFollowModel"": ""IDM"",\n                    ""decel"": 1.5,\n                    ""impatience"": 0.5,\n                    ""maxSpeed"": 30,\n                    ""minGap"": 2.5,\n                    ""sigma"": 0.5,\n                    ""speedDev"": 0.1,\n                    ""speedFactor"": 1.0,\n                    ""tau"": 1.0\n                },\n                ""speed_mode"": 1\n            },\n            ""initial_speed"": 0,\n            ""lane_change_controller"": [\n                ""SimLaneChangeController"",\n                {}\n            ],\n            ""lane_change_params"": {\n                ""controller_params"": {\n                    ""laneChangeModel"": ""LC2013"",\n                    ""lcCooperative"": ""1.0"",\n                    ""lcKeepRight"": ""1.0"",\n                    ""lcSpeedGain"": ""1.0"",\n                    ""lcStrategic"": ""1.0""\n                },\n                ""lane_change_mode"": 512\n            },\n            ""num_vehicles"": 13,\n            ""routing_controller"": [\n                ""ContinuousRouter"",\n                {}\n            ],\n            ""veh_id"": ""human""\n        },\n        {\n            ""acceleration_controller"": [\n                ""RLController"",\n                {}\n            ],\n            ""car_following_params"": {\n                ""controller_params"": {\n                    ""accel"": 1.0,\n                    ""carFollowModel"": ""IDM"",\n                    ""decel"": 1.5,\n                    ""impatience"": 0.5,\n                    ""maxSpeed"": 30,\n                    ""minGap"": 2.5,\n                    ""sigma"": 0.5,\n                    ""speedDev"": 0.1,\n                    ""speedFactor"": 1.0,\n                    ""tau"": 1.0\n                },\n                ""speed_mode"": 1\n            },\n            ""initial_speed"": 0,\n            ""lane_change_controller"": [\n                ""SimLaneChangeController"",\n                {}\n            ],\n            ""lane_change_params"": {\n                ""controller_params"": {\n                    ""laneChangeModel"": ""LC2013"",\n                    ""lcCooperative"": ""1.0"",\n                    ""lcKeepRight"": ""1.0"",\n                    ""lcSpeedGain"": ""1.0"",\n                    ""lcStrategic"": ""1.0""\n                },\n                ""lane_change_mode"": 512\n            },\n            ""num_vehicles"": 1,\n            ""routing_controller"": [\n                ""ContinuousRouter"",\n                {}\n            ],\n            ""veh_id"": ""rl""\n        }\n    ]\n}'}, 'env': 'AccelEnv-v0', 'local_evaluator_tf_session_args': {'inter_op_parallelism_threads': 8, 'intra_op_parallelism_threads': 8}, 'model': {'free_log_std': False, 'custom_options': {}, 'framestack': True, 'channel_major': False, 'max_seq_len': 20, 'lstm_use_prev_action_reward': False, 'squash_to_range': False, 'dim': 84, 'grayscale': False, 'fcnet_hiddens': [100, 50, 25], 'use_lstm': False, 'custom_model': None, 'fcnet_activation': 'tanh', 'conv_filters': None, 'conv_activation': 'relu', 'lstm_cell_size': 256, 'zero_mean': True, 'custom_preprocessor': None}, 'output_compress_columns': ['obs', 'new_obs'], 'monitor': False, 'custom_resources_per_worker': {}, 'output_max_file_size': 67108864, 'num_workers': 1, 'clip_param': 0.3, 'kl_coeff': 0.2, 'multiagent': {'policy_graphs': {}, 'policy_mapping_fn': None, 'policies_to_train': None}, 'input_evaluation': None, 'output': None, 'collect_metrics_timeout': 180, 'num_cpus_per_worker': 1}",169.237.32.118,1,1339.76,9.945177555084229,"{'num_steps_sampled': 380800, 'load_time_ms': 1.2, 'default': {'kl': 0.006084380205720663, 'cur_lr': 0.0005000000237487257, 'total_loss': 3.3806848526000977, 'policy_loss': -0.009128066711127758, 'vf_explained_var': 0.9121315479278564, 'entropy': 1.7524648904800415, 'cur_kl_coeff': 0.46236273646354675, 'vf_loss': 3.3869998455047607}, 'sample_time_ms': 9601.047, 'grad_time_ms': 278.362, 'update_time_ms': 4.617, 'num_steps_trained': 380800}",376.31470696226177,2019-04-02_08-16-09,kronos,71,380800,0,2358.582952976227,{},380800,238,238,2358.582952976227,476.96347428500655,1600,1554192969,{},0b32d2eec3344b1fbde4822793b2e447,74.12204501234977
False,303,"{'input': 'sampler', 'callbacks': {'on_train_result': None, 'on_sample_end': None, 'on_episode_step': None, 'on_episode_start': None, 'on_episode_end': None}, 'sample_batch_size': 200, 'clip_actions': False, 'clip_rewards': None, 'tf_session_args': {'inter_op_parallelism_threads': 2, 'intra_op_parallelism_threads': 2, 'device_count': {'CPU': 1}, 'log_device_placement': False, 'allow_soft_placement': True, 'gpu_options': {'allow_growth': True}}, 'kl_target': 0.01, 'horizon': 1500, 'lr': 0.0005, 'sample_async': False, 'simple_optimizer': False, 'compress_observations': False, 'num_envs_per_worker': 1, 'gamma': 0.99, 'sgd_minibatch_size': 128, 'observation_filter': 'NoFilter', 'entropy_coeff': 0.0, 'batch_mode': 'truncate_episodes', 'straggler_mitigation': False, 'vf_share_layers': False, 'num_gpus': 0, 'synchronize_filters': True, 'num_sgd_iter': 10, 'train_batch_size': 1500, 'optimizer': {}, 'num_gpus_per_worker': 0, 'preprocessor_pref': 'deepmind', 'num_cpus_for_driver': 1, 'lr_schedule': None, 'use_gae': True, 'lambda': 0.97, 'vf_loss_coeff': 1.0, 'vf_clip_param': 1000000.0, 'log_level': 'INFO', 'env_config': {'run': 'PPO', 'flow_params': '{\n    ""env"": {\n        ""additional_params"": {\n            ""max_accel"": 3,\n            ""max_decel"": 3,\n            ""sort_vehicles"": false,\n            ""target_velocity"": 20\n        },\n        ""evaluate"": false,\n        ""horizon"": 1500,\n        ""sims_per_step"": 1,\n        ""warmup_steps"": 0\n    },\n    ""env_name"": ""AccelEnv"",\n    ""exp_tag"": ""figure_eight_0"",\n    ""initial"": {\n        ""additional_params"": {},\n        ""bunching"": 0,\n        ""edges_distribution"": ""all"",\n        ""lanes_distribution"": Infinity,\n        ""min_gap"": 0,\n        ""perturbation"": 0.0,\n        ""shuffle"": false,\n        ""spacing"": ""uniform"",\n        ""x0"": 0\n    },\n    ""net"": {\n        ""additional_params"": {\n            ""lanes"": 1,\n            ""radius_ring"": 30,\n            ""resolution"": 40,\n            ""speed_limit"": 30\n        },\n        ""inflows"": {\n            ""_InFlows__flows"": [],\n            ""num_flows"": 0\n        },\n        ""netfile"": null,\n        ""no_internal_links"": false,\n        ""osm_path"": null\n    },\n    ""scenario"": ""Figure8Scenario"",\n    ""sim"": {\n        ""emission_path"": null,\n        ""lateral_resolution"": null,\n        ""no_step_log"": true,\n        ""num_clients"": 1,\n        ""overtake_right"": false,\n        ""port"": null,\n        ""print_warnings"": true,\n        ""pxpm"": 2,\n        ""render"": false,\n        ""restart_instance"": false,\n        ""save_render"": false,\n        ""seed"": null,\n        ""show_radius"": false,\n        ""sight_radius"": 25,\n        ""sim_step"": 0.1,\n        ""teleport_time"": -1\n    },\n    ""simulator"": ""traci"",\n    ""veh"": [\n        {\n            ""acceleration_controller"": [\n                ""IDMController"",\n                {\n                    ""noise"": 0.2\n                }\n            ],\n            ""car_following_params"": {\n                ""controller_params"": {\n                    ""accel"": 1.0,\n                    ""carFollowModel"": ""IDM"",\n                    ""decel"": 1.5,\n                    ""impatience"": 0.5,\n                    ""maxSpeed"": 30,\n                    ""minGap"": 2.5,\n                    ""sigma"": 0.5,\n                    ""speedDev"": 0.1,\n                    ""speedFactor"": 1.0,\n                    ""tau"": 1.0\n                },\n                ""speed_mode"": 1\n            },\n            ""initial_speed"": 0,\n            ""lane_change_controller"": [\n                ""SimLaneChangeController"",\n                {}\n            ],\n            ""lane_change_params"": {\n                ""controller_params"": {\n                    ""laneChangeModel"": ""LC2013"",\n                    ""lcCooperative"": ""1.0"",\n                    ""lcKeepRight"": ""1.0"",\n                    ""lcSpeedGain"": ""1.0"",\n                    ""lcStrategic"": ""1.0""\n                },\n                ""lane_change_mode"": 512\n            },\n            ""num_vehicles"": 13,\n            ""routing_controller"": [\n                ""ContinuousRouter"",\n                {}\n            ],\n            ""veh_id"": ""human""\n        },\n        {\n            ""acceleration_controller"": [\n                ""RLController"",\n                {}\n            ],\n            ""car_following_params"": {\n                ""controller_params"": {\n                    ""accel"": 1.0,\n                    ""carFollowModel"": ""IDM"",\n                    ""decel"": 1.5,\n                    ""impatience"": 0.5,\n                    ""maxSpeed"": 30,\n                    ""minGap"": 2.5,\n                    ""sigma"": 0.5,\n                    ""speedDev"": 0.1,\n                    ""speedFactor"": 1.0,\n                    ""tau"": 1.0\n                },\n                ""speed_mode"": 1\n            },\n            ""initial_speed"": 0,\n            ""lane_change_controller"": [\n                ""SimLaneChangeController"",\n                {}\n            ],\n            ""lane_change_params"": {\n                ""controller_params"": {\n                    ""laneChangeModel"": ""LC2013"",\n                    ""lcCooperative"": ""1.0"",\n                    ""lcKeepRight"": ""1.0"",\n                    ""lcSpeedGain"": ""1.0"",\n                    ""lcStrategic"": ""1.0""\n                },\n                ""lane_change_mode"": 512\n            },\n            ""num_vehicles"": 1,\n            ""routing_controller"": [\n                ""ContinuousRouter"",\n                {}\n            ],\n            ""veh_id"": ""rl""\n        }\n    ]\n}'}, 'env': 'AccelEnv-v0', 'local_evaluator_tf_session_args': {'inter_op_parallelism_threads': 8, 'intra_op_parallelism_threads': 8}, 'model': {'free_log_std': False, 'custom_options': {}, 'framestack': True, 'channel_major': False, 'max_seq_len': 20, 'lstm_use_prev_action_reward': False, 'squash_to_range': False, 'dim': 84, 'grayscale': False, 'fcnet_hiddens': [100, 50, 25], 'use_lstm': False, 'custom_model': None, 'fcnet_activation': 'tanh', 'conv_filters': None, 'conv_activation': 'relu', 'lstm_cell_size': 256, 'zero_mean': True, 'custom_preprocessor': None}, 'output_compress_columns': ['obs', 'new_obs'], 'monitor': False, 'custom_resources_per_worker': {}, 'output_max_file_size': 67108864, 'num_workers': 1, 'clip_param': 0.3, 'kl_coeff': 0.2, 'multiagent': {'policy_graphs': {}, 'policy_mapping_fn': None, 'policies_to_train': None}, 'input_evaluation': None, 'output': None, 'collect_metrics_timeout': 180, 'num_cpus_per_worker': 1}",169.237.32.118,1,1339.76,9.924962282180786,"{'num_steps_sampled': 382400, 'load_time_ms': 1.206, 'default': {'kl': 0.009905911050736904, 'cur_lr': 0.0005000000237487257, 'total_loss': 1.292673110961914, 'policy_loss': -0.0158041100949049, 'vf_explained_var': 0.9759762287139893, 'entropy': 1.7641500234603882, 'cur_kl_coeff': 0.46236273646354675, 'vf_loss': 1.3038970232009888}, 'sample_time_ms': 9600.842, 'grad_time_ms': 276.768, 'update_time_ms': 4.595, 'num_steps_trained': 382400}",376.46397714255625,2019-04-02_08-16-19,kronos,71,382400,0,2368.5079152584076,{},382400,239,239,2368.5079152584076,476.96347428500655,1600,1554192979,{},0b32d2eec3344b1fbde4822793b2e447,74.12204501234977
False,305,"{'input': 'sampler', 'callbacks': {'on_train_result': None, 'on_sample_end': None, 'on_episode_step': None, 'on_episode_start': None, 'on_episode_end': None}, 'sample_batch_size': 200, 'clip_actions': False, 'clip_rewards': None, 'tf_session_args': {'inter_op_parallelism_threads': 2, 'intra_op_parallelism_threads': 2, 'device_count': {'CPU': 1}, 'log_device_placement': False, 'allow_soft_placement': True, 'gpu_options': {'allow_growth': True}}, 'kl_target': 0.01, 'horizon': 1500, 'lr': 0.0005, 'sample_async': False, 'simple_optimizer': False, 'compress_observations': False, 'num_envs_per_worker': 1, 'gamma': 0.99, 'sgd_minibatch_size': 128, 'observation_filter': 'NoFilter', 'entropy_coeff': 0.0, 'batch_mode': 'truncate_episodes', 'straggler_mitigation': False, 'vf_share_layers': False, 'num_gpus': 0, 'synchronize_filters': True, 'num_sgd_iter': 10, 'train_batch_size': 1500, 'optimizer': {}, 'num_gpus_per_worker': 0, 'preprocessor_pref': 'deepmind', 'num_cpus_for_driver': 1, 'lr_schedule': None, 'use_gae': True, 'lambda': 0.97, 'vf_loss_coeff': 1.0, 'vf_clip_param': 1000000.0, 'log_level': 'INFO', 'env_config': {'run': 'PPO', 'flow_params': '{\n    ""env"": {\n        ""additional_params"": {\n            ""max_accel"": 3,\n            ""max_decel"": 3,\n            ""sort_vehicles"": false,\n            ""target_velocity"": 20\n        },\n        ""evaluate"": false,\n        ""horizon"": 1500,\n        ""sims_per_step"": 1,\n        ""warmup_steps"": 0\n    },\n    ""env_name"": ""AccelEnv"",\n    ""exp_tag"": ""figure_eight_0"",\n    ""initial"": {\n        ""additional_params"": {},\n        ""bunching"": 0,\n        ""edges_distribution"": ""all"",\n        ""lanes_distribution"": Infinity,\n        ""min_gap"": 0,\n        ""perturbation"": 0.0,\n        ""shuffle"": false,\n        ""spacing"": ""uniform"",\n        ""x0"": 0\n    },\n    ""net"": {\n        ""additional_params"": {\n            ""lanes"": 1,\n            ""radius_ring"": 30,\n            ""resolution"": 40,\n            ""speed_limit"": 30\n        },\n        ""inflows"": {\n            ""_InFlows__flows"": [],\n            ""num_flows"": 0\n        },\n        ""netfile"": null,\n        ""no_internal_links"": false,\n        ""osm_path"": null\n    },\n    ""scenario"": ""Figure8Scenario"",\n    ""sim"": {\n        ""emission_path"": null,\n        ""lateral_resolution"": null,\n        ""no_step_log"": true,\n        ""num_clients"": 1,\n        ""overtake_right"": false,\n        ""port"": null,\n        ""print_warnings"": true,\n        ""pxpm"": 2,\n        ""render"": false,\n        ""restart_instance"": false,\n        ""save_render"": false,\n        ""seed"": null,\n        ""show_radius"": false,\n        ""sight_radius"": 25,\n        ""sim_step"": 0.1,\n        ""teleport_time"": -1\n    },\n    ""simulator"": ""traci"",\n    ""veh"": [\n        {\n            ""acceleration_controller"": [\n                ""IDMController"",\n                {\n                    ""noise"": 0.2\n                }\n            ],\n            ""car_following_params"": {\n                ""controller_params"": {\n                    ""accel"": 1.0,\n                    ""carFollowModel"": ""IDM"",\n                    ""decel"": 1.5,\n                    ""impatience"": 0.5,\n                    ""maxSpeed"": 30,\n                    ""minGap"": 2.5,\n                    ""sigma"": 0.5,\n                    ""speedDev"": 0.1,\n                    ""speedFactor"": 1.0,\n                    ""tau"": 1.0\n                },\n                ""speed_mode"": 1\n            },\n            ""initial_speed"": 0,\n            ""lane_change_controller"": [\n                ""SimLaneChangeController"",\n                {}\n            ],\n            ""lane_change_params"": {\n                ""controller_params"": {\n                    ""laneChangeModel"": ""LC2013"",\n                    ""lcCooperative"": ""1.0"",\n                    ""lcKeepRight"": ""1.0"",\n                    ""lcSpeedGain"": ""1.0"",\n                    ""lcStrategic"": ""1.0""\n                },\n                ""lane_change_mode"": 512\n            },\n            ""num_vehicles"": 13,\n            ""routing_controller"": [\n                ""ContinuousRouter"",\n                {}\n            ],\n            ""veh_id"": ""human""\n        },\n        {\n            ""acceleration_controller"": [\n                ""RLController"",\n                {}\n            ],\n            ""car_following_params"": {\n                ""controller_params"": {\n                    ""accel"": 1.0,\n                    ""carFollowModel"": ""IDM"",\n                    ""decel"": 1.5,\n                    ""impatience"": 0.5,\n                    ""maxSpeed"": 30,\n                    ""minGap"": 2.5,\n                    ""sigma"": 0.5,\n                    ""speedDev"": 0.1,\n                    ""speedFactor"": 1.0,\n                    ""tau"": 1.0\n                },\n                ""speed_mode"": 1\n            },\n            ""initial_speed"": 0,\n            ""lane_change_controller"": [\n                ""SimLaneChangeController"",\n                {}\n            ],\n            ""lane_change_params"": {\n                ""controller_params"": {\n                    ""laneChangeModel"": ""LC2013"",\n                    ""lcCooperative"": ""1.0"",\n                    ""lcKeepRight"": ""1.0"",\n                    ""lcSpeedGain"": ""1.0"",\n                    ""lcStrategic"": ""1.0""\n                },\n                ""lane_change_mode"": 512\n            },\n            ""num_vehicles"": 1,\n            ""routing_controller"": [\n                ""ContinuousRouter"",\n                {}\n            ],\n            ""veh_id"": ""rl""\n        }\n    ]\n}'}, 'env': 'AccelEnv-v0', 'local_evaluator_tf_session_args': {'inter_op_parallelism_threads': 8, 'intra_op_parallelism_threads': 8}, 'model': {'free_log_std': False, 'custom_options': {}, 'framestack': True, 'channel_major': False, 'max_seq_len': 20, 'lstm_use_prev_action_reward': False, 'squash_to_range': False, 'dim': 84, 'grayscale': False, 'fcnet_hiddens': [100, 50, 25], 'use_lstm': False, 'custom_model': None, 'fcnet_activation': 'tanh', 'conv_filters': None, 'conv_activation': 'relu', 'lstm_cell_size': 256, 'zero_mean': True, 'custom_preprocessor': None}, 'output_compress_columns': ['obs', 'new_obs'], 'monitor': False, 'custom_resources_per_worker': {}, 'output_max_file_size': 67108864, 'num_workers': 1, 'clip_param': 0.3, 'kl_coeff': 0.2, 'multiagent': {'policy_graphs': {}, 'policy_mapping_fn': None, 'policies_to_train': None}, 'input_evaluation': None, 'output': None, 'collect_metrics_timeout': 180, 'num_cpus_per_worker': 1}",169.237.32.118,2,1333.66,9.971422910690308,"{'num_steps_sampled': 384000, 'load_time_ms': 1.206, 'default': {'kl': 0.007897526025772095, 'cur_lr': 0.0005000000237487257, 'total_loss': 0.7087661623954773, 'policy_loss': -0.016752345487475395, 'vf_explained_var': 0.9750879406929016, 'entropy': 1.814085602760315, 'cur_kl_coeff': 0.46236273646354675, 'vf_loss': 0.7218669056892395}, 'sample_time_ms': 9608.49, 'grad_time_ms': 276.805, 'update_time_ms': 4.619, 'num_steps_trained': 384000}",374.6650485276477,2019-04-02_08-16-29,kronos,71,384000,0,2378.479338169098,{},384000,240,240,2378.479338169098,476.96347428500655,1600,1554192989,{},0b32d2eec3344b1fbde4822793b2e447,74.12204501234977
False,306,"{'input': 'sampler', 'callbacks': {'on_train_result': None, 'on_sample_end': None, 'on_episode_step': None, 'on_episode_start': None, 'on_episode_end': None}, 'sample_batch_size': 200, 'clip_actions': False, 'clip_rewards': None, 'tf_session_args': {'inter_op_parallelism_threads': 2, 'intra_op_parallelism_threads': 2, 'device_count': {'CPU': 1}, 'log_device_placement': False, 'allow_soft_placement': True, 'gpu_options': {'allow_growth': True}}, 'kl_target': 0.01, 'horizon': 1500, 'lr': 0.0005, 'sample_async': False, 'simple_optimizer': False, 'compress_observations': False, 'num_envs_per_worker': 1, 'gamma': 0.99, 'sgd_minibatch_size': 128, 'observation_filter': 'NoFilter', 'entropy_coeff': 0.0, 'batch_mode': 'truncate_episodes', 'straggler_mitigation': False, 'vf_share_layers': False, 'num_gpus': 0, 'synchronize_filters': True, 'num_sgd_iter': 10, 'train_batch_size': 1500, 'optimizer': {}, 'num_gpus_per_worker': 0, 'preprocessor_pref': 'deepmind', 'num_cpus_for_driver': 1, 'lr_schedule': None, 'use_gae': True, 'lambda': 0.97, 'vf_loss_coeff': 1.0, 'vf_clip_param': 1000000.0, 'log_level': 'INFO', 'env_config': {'run': 'PPO', 'flow_params': '{\n    ""env"": {\n        ""additional_params"": {\n            ""max_accel"": 3,\n            ""max_decel"": 3,\n            ""sort_vehicles"": false,\n            ""target_velocity"": 20\n        },\n        ""evaluate"": false,\n        ""horizon"": 1500,\n        ""sims_per_step"": 1,\n        ""warmup_steps"": 0\n    },\n    ""env_name"": ""AccelEnv"",\n    ""exp_tag"": ""figure_eight_0"",\n    ""initial"": {\n        ""additional_params"": {},\n        ""bunching"": 0,\n        ""edges_distribution"": ""all"",\n        ""lanes_distribution"": Infinity,\n        ""min_gap"": 0,\n        ""perturbation"": 0.0,\n        ""shuffle"": false,\n        ""spacing"": ""uniform"",\n        ""x0"": 0\n    },\n    ""net"": {\n        ""additional_params"": {\n            ""lanes"": 1,\n            ""radius_ring"": 30,\n            ""resolution"": 40,\n            ""speed_limit"": 30\n        },\n        ""inflows"": {\n            ""_InFlows__flows"": [],\n            ""num_flows"": 0\n        },\n        ""netfile"": null,\n        ""no_internal_links"": false,\n        ""osm_path"": null\n    },\n    ""scenario"": ""Figure8Scenario"",\n    ""sim"": {\n        ""emission_path"": null,\n        ""lateral_resolution"": null,\n        ""no_step_log"": true,\n        ""num_clients"": 1,\n        ""overtake_right"": false,\n        ""port"": null,\n        ""print_warnings"": true,\n        ""pxpm"": 2,\n        ""render"": false,\n        ""restart_instance"": false,\n        ""save_render"": false,\n        ""seed"": null,\n        ""show_radius"": false,\n        ""sight_radius"": 25,\n        ""sim_step"": 0.1,\n        ""teleport_time"": -1\n    },\n    ""simulator"": ""traci"",\n    ""veh"": [\n        {\n            ""acceleration_controller"": [\n                ""IDMController"",\n                {\n                    ""noise"": 0.2\n                }\n            ],\n            ""car_following_params"": {\n                ""controller_params"": {\n                    ""accel"": 1.0,\n                    ""carFollowModel"": ""IDM"",\n                    ""decel"": 1.5,\n                    ""impatience"": 0.5,\n                    ""maxSpeed"": 30,\n                    ""minGap"": 2.5,\n                    ""sigma"": 0.5,\n                    ""speedDev"": 0.1,\n                    ""speedFactor"": 1.0,\n                    ""tau"": 1.0\n                },\n                ""speed_mode"": 1\n            },\n            ""initial_speed"": 0,\n            ""lane_change_controller"": [\n                ""SimLaneChangeController"",\n                {}\n            ],\n            ""lane_change_params"": {\n                ""controller_params"": {\n                    ""laneChangeModel"": ""LC2013"",\n                    ""lcCooperative"": ""1.0"",\n                    ""lcKeepRight"": ""1.0"",\n                    ""lcSpeedGain"": ""1.0"",\n                    ""lcStrategic"": ""1.0""\n                },\n                ""lane_change_mode"": 512\n            },\n            ""num_vehicles"": 13,\n            ""routing_controller"": [\n                ""ContinuousRouter"",\n                {}\n            ],\n            ""veh_id"": ""human""\n        },\n        {\n            ""acceleration_controller"": [\n                ""RLController"",\n                {}\n            ],\n            ""car_following_params"": {\n                ""controller_params"": {\n                    ""accel"": 1.0,\n                    ""carFollowModel"": ""IDM"",\n                    ""decel"": 1.5,\n                    ""impatience"": 0.5,\n                    ""maxSpeed"": 30,\n                    ""minGap"": 2.5,\n                    ""sigma"": 0.5,\n                    ""speedDev"": 0.1,\n                    ""speedFactor"": 1.0,\n                    ""tau"": 1.0\n                },\n                ""speed_mode"": 1\n            },\n            ""initial_speed"": 0,\n            ""lane_change_controller"": [\n                ""SimLaneChangeController"",\n                {}\n            ],\n            ""lane_change_params"": {\n                ""controller_params"": {\n                    ""laneChangeModel"": ""LC2013"",\n                    ""lcCooperative"": ""1.0"",\n                    ""lcKeepRight"": ""1.0"",\n                    ""lcSpeedGain"": ""1.0"",\n                    ""lcStrategic"": ""1.0""\n                },\n                ""lane_change_mode"": 512\n            },\n            ""num_vehicles"": 1,\n            ""routing_controller"": [\n                ""ContinuousRouter"",\n                {}\n            ],\n            ""veh_id"": ""rl""\n        }\n    ]\n}'}, 'env': 'AccelEnv-v0', 'local_evaluator_tf_session_args': {'inter_op_parallelism_threads': 8, 'intra_op_parallelism_threads': 8}, 'model': {'free_log_std': False, 'custom_options': {}, 'framestack': True, 'channel_major': False, 'max_seq_len': 20, 'lstm_use_prev_action_reward': False, 'squash_to_range': False, 'dim': 84, 'grayscale': False, 'fcnet_hiddens': [100, 50, 25], 'use_lstm': False, 'custom_model': None, 'fcnet_activation': 'tanh', 'conv_filters': None, 'conv_activation': 'relu', 'lstm_cell_size': 256, 'zero_mean': True, 'custom_preprocessor': None}, 'output_compress_columns': ['obs', 'new_obs'], 'monitor': False, 'custom_resources_per_worker': {}, 'output_max_file_size': 67108864, 'num_workers': 1, 'clip_param': 0.3, 'kl_coeff': 0.2, 'multiagent': {'policy_graphs': {}, 'policy_mapping_fn': None, 'policies_to_train': None}, 'input_evaluation': None, 'output': None, 'collect_metrics_timeout': 180, 'num_cpus_per_worker': 1}",169.237.32.118,1,1333.66,9.885464191436768,"{'num_steps_sampled': 385600, 'load_time_ms': 1.242, 'default': {'kl': 0.003929837141185999, 'cur_lr': 0.0005000000237487257, 'total_loss': 1.7982755899429321, 'policy_loss': -0.006303126458078623, 'vf_explained_var': 0.9499249458312988, 'entropy': 1.7989603281021118, 'cur_kl_coeff': 0.46236273646354675, 'vf_loss': 1.8027615547180176}, 'sample_time_ms': 9605.827, 'grad_time_ms': 277.365, 'update_time_ms': 4.566, 'num_steps_trained': 385600}",374.2260496183431,2019-04-02_08-16-39,kronos,71,385600,0,2388.3648023605347,{},385600,241,241,2388.3648023605347,476.96347428500655,1600,1554192999,{},0b32d2eec3344b1fbde4822793b2e447,74.12204501234977
False,307,"{'input': 'sampler', 'callbacks': {'on_train_result': None, 'on_sample_end': None, 'on_episode_step': None, 'on_episode_start': None, 'on_episode_end': None}, 'sample_batch_size': 200, 'clip_actions': False, 'clip_rewards': None, 'tf_session_args': {'inter_op_parallelism_threads': 2, 'intra_op_parallelism_threads': 2, 'device_count': {'CPU': 1}, 'log_device_placement': False, 'allow_soft_placement': True, 'gpu_options': {'allow_growth': True}}, 'kl_target': 0.01, 'horizon': 1500, 'lr': 0.0005, 'sample_async': False, 'simple_optimizer': False, 'compress_observations': False, 'num_envs_per_worker': 1, 'gamma': 0.99, 'sgd_minibatch_size': 128, 'observation_filter': 'NoFilter', 'entropy_coeff': 0.0, 'batch_mode': 'truncate_episodes', 'straggler_mitigation': False, 'vf_share_layers': False, 'num_gpus': 0, 'synchronize_filters': True, 'num_sgd_iter': 10, 'train_batch_size': 1500, 'optimizer': {}, 'num_gpus_per_worker': 0, 'preprocessor_pref': 'deepmind', 'num_cpus_for_driver': 1, 'lr_schedule': None, 'use_gae': True, 'lambda': 0.97, 'vf_loss_coeff': 1.0, 'vf_clip_param': 1000000.0, 'log_level': 'INFO', 'env_config': {'run': 'PPO', 'flow_params': '{\n    ""env"": {\n        ""additional_params"": {\n            ""max_accel"": 3,\n            ""max_decel"": 3,\n            ""sort_vehicles"": false,\n            ""target_velocity"": 20\n        },\n        ""evaluate"": false,\n        ""horizon"": 1500,\n        ""sims_per_step"": 1,\n        ""warmup_steps"": 0\n    },\n    ""env_name"": ""AccelEnv"",\n    ""exp_tag"": ""figure_eight_0"",\n    ""initial"": {\n        ""additional_params"": {},\n        ""bunching"": 0,\n        ""edges_distribution"": ""all"",\n        ""lanes_distribution"": Infinity,\n        ""min_gap"": 0,\n        ""perturbation"": 0.0,\n        ""shuffle"": false,\n        ""spacing"": ""uniform"",\n        ""x0"": 0\n    },\n    ""net"": {\n        ""additional_params"": {\n            ""lanes"": 1,\n            ""radius_ring"": 30,\n            ""resolution"": 40,\n            ""speed_limit"": 30\n        },\n        ""inflows"": {\n            ""_InFlows__flows"": [],\n            ""num_flows"": 0\n        },\n        ""netfile"": null,\n        ""no_internal_links"": false,\n        ""osm_path"": null\n    },\n    ""scenario"": ""Figure8Scenario"",\n    ""sim"": {\n        ""emission_path"": null,\n        ""lateral_resolution"": null,\n        ""no_step_log"": true,\n        ""num_clients"": 1,\n        ""overtake_right"": false,\n        ""port"": null,\n        ""print_warnings"": true,\n        ""pxpm"": 2,\n        ""render"": false,\n        ""restart_instance"": false,\n        ""save_render"": false,\n        ""seed"": null,\n        ""show_radius"": false,\n        ""sight_radius"": 25,\n        ""sim_step"": 0.1,\n        ""teleport_time"": -1\n    },\n    ""simulator"": ""traci"",\n    ""veh"": [\n        {\n            ""acceleration_controller"": [\n                ""IDMController"",\n                {\n                    ""noise"": 0.2\n                }\n            ],\n            ""car_following_params"": {\n                ""controller_params"": {\n                    ""accel"": 1.0,\n                    ""carFollowModel"": ""IDM"",\n                    ""decel"": 1.5,\n                    ""impatience"": 0.5,\n                    ""maxSpeed"": 30,\n                    ""minGap"": 2.5,\n                    ""sigma"": 0.5,\n                    ""speedDev"": 0.1,\n                    ""speedFactor"": 1.0,\n                    ""tau"": 1.0\n                },\n                ""speed_mode"": 1\n            },\n            ""initial_speed"": 0,\n            ""lane_change_controller"": [\n                ""SimLaneChangeController"",\n                {}\n            ],\n            ""lane_change_params"": {\n                ""controller_params"": {\n                    ""laneChangeModel"": ""LC2013"",\n                    ""lcCooperative"": ""1.0"",\n                    ""lcKeepRight"": ""1.0"",\n                    ""lcSpeedGain"": ""1.0"",\n                    ""lcStrategic"": ""1.0""\n                },\n                ""lane_change_mode"": 512\n            },\n            ""num_vehicles"": 13,\n            ""routing_controller"": [\n                ""ContinuousRouter"",\n                {}\n            ],\n            ""veh_id"": ""human""\n        },\n        {\n            ""acceleration_controller"": [\n                ""RLController"",\n                {}\n            ],\n            ""car_following_params"": {\n                ""controller_params"": {\n                    ""accel"": 1.0,\n                    ""carFollowModel"": ""IDM"",\n                    ""decel"": 1.5,\n                    ""impatience"": 0.5,\n                    ""maxSpeed"": 30,\n                    ""minGap"": 2.5,\n                    ""sigma"": 0.5,\n                    ""speedDev"": 0.1,\n                    ""speedFactor"": 1.0,\n                    ""tau"": 1.0\n                },\n                ""speed_mode"": 1\n            },\n            ""initial_speed"": 0,\n            ""lane_change_controller"": [\n                ""SimLaneChangeController"",\n                {}\n            ],\n            ""lane_change_params"": {\n                ""controller_params"": {\n                    ""laneChangeModel"": ""LC2013"",\n                    ""lcCooperative"": ""1.0"",\n                    ""lcKeepRight"": ""1.0"",\n                    ""lcSpeedGain"": ""1.0"",\n                    ""lcStrategic"": ""1.0""\n                },\n                ""lane_change_mode"": 512\n            },\n            ""num_vehicles"": 1,\n            ""routing_controller"": [\n                ""ContinuousRouter"",\n                {}\n            ],\n            ""veh_id"": ""rl""\n        }\n    ]\n}'}, 'env': 'AccelEnv-v0', 'local_evaluator_tf_session_args': {'inter_op_parallelism_threads': 8, 'intra_op_parallelism_threads': 8}, 'model': {'free_log_std': False, 'custom_options': {}, 'framestack': True, 'channel_major': False, 'max_seq_len': 20, 'lstm_use_prev_action_reward': False, 'squash_to_range': False, 'dim': 84, 'grayscale': False, 'fcnet_hiddens': [100, 50, 25], 'use_lstm': False, 'custom_model': None, 'fcnet_activation': 'tanh', 'conv_filters': None, 'conv_activation': 'relu', 'lstm_cell_size': 256, 'zero_mean': True, 'custom_preprocessor': None}, 'output_compress_columns': ['obs', 'new_obs'], 'monitor': False, 'custom_resources_per_worker': {}, 'output_max_file_size': 67108864, 'num_workers': 1, 'clip_param': 0.3, 'kl_coeff': 0.2, 'multiagent': {'policy_graphs': {}, 'policy_mapping_fn': None, 'policies_to_train': None}, 'input_evaluation': None, 'output': None, 'collect_metrics_timeout': 180, 'num_cpus_per_worker': 1}",169.237.32.118,1,1333.66,9.935229063034058,"{'num_steps_sampled': 387200, 'load_time_ms': 1.22, 'default': {'kl': 0.018188217654824257, 'cur_lr': 0.0005000000237487257, 'total_loss': 0.5691730380058289, 'policy_loss': -0.021003687754273415, 'vf_explained_var': 0.9849302172660828, 'entropy': 1.7602558135986328, 'cur_kl_coeff': 0.23118136823177338, 'vf_loss': 0.5859718918800354}, 'sample_time_ms': 9598.383, 'grad_time_ms': 277.003, 'update_time_ms': 4.773, 'num_steps_trained': 387200}",374.52825311038526,2019-04-02_08-16-48,kronos,71,387200,0,2398.3000314235687,{},387200,242,242,2398.3000314235687,476.96347428500655,1600,1554193008,{},0b32d2eec3344b1fbde4822793b2e447,74.12204501234977
False,308,"{'input': 'sampler', 'callbacks': {'on_train_result': None, 'on_sample_end': None, 'on_episode_step': None, 'on_episode_start': None, 'on_episode_end': None}, 'sample_batch_size': 200, 'clip_actions': False, 'clip_rewards': None, 'tf_session_args': {'inter_op_parallelism_threads': 2, 'intra_op_parallelism_threads': 2, 'device_count': {'CPU': 1}, 'log_device_placement': False, 'allow_soft_placement': True, 'gpu_options': {'allow_growth': True}}, 'kl_target': 0.01, 'horizon': 1500, 'lr': 0.0005, 'sample_async': False, 'simple_optimizer': False, 'compress_observations': False, 'num_envs_per_worker': 1, 'gamma': 0.99, 'sgd_minibatch_size': 128, 'observation_filter': 'NoFilter', 'entropy_coeff': 0.0, 'batch_mode': 'truncate_episodes', 'straggler_mitigation': False, 'vf_share_layers': False, 'num_gpus': 0, 'synchronize_filters': True, 'num_sgd_iter': 10, 'train_batch_size': 1500, 'optimizer': {}, 'num_gpus_per_worker': 0, 'preprocessor_pref': 'deepmind', 'num_cpus_for_driver': 1, 'lr_schedule': None, 'use_gae': True, 'lambda': 0.97, 'vf_loss_coeff': 1.0, 'vf_clip_param': 1000000.0, 'log_level': 'INFO', 'env_config': {'run': 'PPO', 'flow_params': '{\n    ""env"": {\n        ""additional_params"": {\n            ""max_accel"": 3,\n            ""max_decel"": 3,\n            ""sort_vehicles"": false,\n            ""target_velocity"": 20\n        },\n        ""evaluate"": false,\n        ""horizon"": 1500,\n        ""sims_per_step"": 1,\n        ""warmup_steps"": 0\n    },\n    ""env_name"": ""AccelEnv"",\n    ""exp_tag"": ""figure_eight_0"",\n    ""initial"": {\n        ""additional_params"": {},\n        ""bunching"": 0,\n        ""edges_distribution"": ""all"",\n        ""lanes_distribution"": Infinity,\n        ""min_gap"": 0,\n        ""perturbation"": 0.0,\n        ""shuffle"": false,\n        ""spacing"": ""uniform"",\n        ""x0"": 0\n    },\n    ""net"": {\n        ""additional_params"": {\n            ""lanes"": 1,\n            ""radius_ring"": 30,\n            ""resolution"": 40,\n            ""speed_limit"": 30\n        },\n        ""inflows"": {\n            ""_InFlows__flows"": [],\n            ""num_flows"": 0\n        },\n        ""netfile"": null,\n        ""no_internal_links"": false,\n        ""osm_path"": null\n    },\n    ""scenario"": ""Figure8Scenario"",\n    ""sim"": {\n        ""emission_path"": null,\n        ""lateral_resolution"": null,\n        ""no_step_log"": true,\n        ""num_clients"": 1,\n        ""overtake_right"": false,\n        ""port"": null,\n        ""print_warnings"": true,\n        ""pxpm"": 2,\n        ""render"": false,\n        ""restart_instance"": false,\n        ""save_render"": false,\n        ""seed"": null,\n        ""show_radius"": false,\n        ""sight_radius"": 25,\n        ""sim_step"": 0.1,\n        ""teleport_time"": -1\n    },\n    ""simulator"": ""traci"",\n    ""veh"": [\n        {\n            ""acceleration_controller"": [\n                ""IDMController"",\n                {\n                    ""noise"": 0.2\n                }\n            ],\n            ""car_following_params"": {\n                ""controller_params"": {\n                    ""accel"": 1.0,\n                    ""carFollowModel"": ""IDM"",\n                    ""decel"": 1.5,\n                    ""impatience"": 0.5,\n                    ""maxSpeed"": 30,\n                    ""minGap"": 2.5,\n                    ""sigma"": 0.5,\n                    ""speedDev"": 0.1,\n                    ""speedFactor"": 1.0,\n                    ""tau"": 1.0\n                },\n                ""speed_mode"": 1\n            },\n            ""initial_speed"": 0,\n            ""lane_change_controller"": [\n                ""SimLaneChangeController"",\n                {}\n            ],\n            ""lane_change_params"": {\n                ""controller_params"": {\n                    ""laneChangeModel"": ""LC2013"",\n                    ""lcCooperative"": ""1.0"",\n                    ""lcKeepRight"": ""1.0"",\n                    ""lcSpeedGain"": ""1.0"",\n                    ""lcStrategic"": ""1.0""\n                },\n                ""lane_change_mode"": 512\n            },\n            ""num_vehicles"": 13,\n            ""routing_controller"": [\n                ""ContinuousRouter"",\n                {}\n            ],\n            ""veh_id"": ""human""\n        },\n        {\n            ""acceleration_controller"": [\n                ""RLController"",\n                {}\n            ],\n            ""car_following_params"": {\n                ""controller_params"": {\n                    ""accel"": 1.0,\n                    ""carFollowModel"": ""IDM"",\n                    ""decel"": 1.5,\n                    ""impatience"": 0.5,\n                    ""maxSpeed"": 30,\n                    ""minGap"": 2.5,\n                    ""sigma"": 0.5,\n                    ""speedDev"": 0.1,\n                    ""speedFactor"": 1.0,\n                    ""tau"": 1.0\n                },\n                ""speed_mode"": 1\n            },\n            ""initial_speed"": 0,\n            ""lane_change_controller"": [\n                ""SimLaneChangeController"",\n                {}\n            ],\n            ""lane_change_params"": {\n                ""controller_params"": {\n                    ""laneChangeModel"": ""LC2013"",\n                    ""lcCooperative"": ""1.0"",\n                    ""lcKeepRight"": ""1.0"",\n                    ""lcSpeedGain"": ""1.0"",\n                    ""lcStrategic"": ""1.0""\n                },\n                ""lane_change_mode"": 512\n            },\n            ""num_vehicles"": 1,\n            ""routing_controller"": [\n                ""ContinuousRouter"",\n                {}\n            ],\n            ""veh_id"": ""rl""\n        }\n    ]\n}'}, 'env': 'AccelEnv-v0', 'local_evaluator_tf_session_args': {'inter_op_parallelism_threads': 8, 'intra_op_parallelism_threads': 8}, 'model': {'free_log_std': False, 'custom_options': {}, 'framestack': True, 'channel_major': False, 'max_seq_len': 20, 'lstm_use_prev_action_reward': False, 'squash_to_range': False, 'dim': 84, 'grayscale': False, 'fcnet_hiddens': [100, 50, 25], 'use_lstm': False, 'custom_model': None, 'fcnet_activation': 'tanh', 'conv_filters': None, 'conv_activation': 'relu', 'lstm_cell_size': 256, 'zero_mean': True, 'custom_preprocessor': None}, 'output_compress_columns': ['obs', 'new_obs'], 'monitor': False, 'custom_resources_per_worker': {}, 'output_max_file_size': 67108864, 'num_workers': 1, 'clip_param': 0.3, 'kl_coeff': 0.2, 'multiagent': {'policy_graphs': {}, 'policy_mapping_fn': None, 'policies_to_train': None}, 'input_evaluation': None, 'output': None, 'collect_metrics_timeout': 180, 'num_cpus_per_worker': 1}",169.237.32.118,1,1343.14,9.942519426345825,"{'num_steps_sampled': 388800, 'load_time_ms': 1.185, 'default': {'kl': 0.014753800816833973, 'cur_lr': 0.0005000000237487257, 'total_loss': 0.44039320945739746, 'policy_loss': -0.014222527854144573, 'vf_explained_var': 0.988014280796051, 'entropy': 1.699641227722168, 'cur_kl_coeff': 0.23118136823177338, 'vf_loss': 0.45120492577552795}, 'sample_time_ms': 9603.936, 'grad_time_ms': 276.882, 'update_time_ms': 4.849, 'num_steps_trained': 388800}",376.7571273455747,2019-04-02_08-16-58,kronos,71,388800,0,2408.2425508499146,{},388800,243,243,2408.2425508499146,476.96347428500655,1600,1554193018,{},0b32d2eec3344b1fbde4822793b2e447,74.12204501234977
False,309,"{'input': 'sampler', 'callbacks': {'on_train_result': None, 'on_sample_end': None, 'on_episode_step': None, 'on_episode_start': None, 'on_episode_end': None}, 'sample_batch_size': 200, 'clip_actions': False, 'clip_rewards': None, 'tf_session_args': {'inter_op_parallelism_threads': 2, 'intra_op_parallelism_threads': 2, 'device_count': {'CPU': 1}, 'log_device_placement': False, 'allow_soft_placement': True, 'gpu_options': {'allow_growth': True}}, 'kl_target': 0.01, 'horizon': 1500, 'lr': 0.0005, 'sample_async': False, 'simple_optimizer': False, 'compress_observations': False, 'num_envs_per_worker': 1, 'gamma': 0.99, 'sgd_minibatch_size': 128, 'observation_filter': 'NoFilter', 'entropy_coeff': 0.0, 'batch_mode': 'truncate_episodes', 'straggler_mitigation': False, 'vf_share_layers': False, 'num_gpus': 0, 'synchronize_filters': True, 'num_sgd_iter': 10, 'train_batch_size': 1500, 'optimizer': {}, 'num_gpus_per_worker': 0, 'preprocessor_pref': 'deepmind', 'num_cpus_for_driver': 1, 'lr_schedule': None, 'use_gae': True, 'lambda': 0.97, 'vf_loss_coeff': 1.0, 'vf_clip_param': 1000000.0, 'log_level': 'INFO', 'env_config': {'run': 'PPO', 'flow_params': '{\n    ""env"": {\n        ""additional_params"": {\n            ""max_accel"": 3,\n            ""max_decel"": 3,\n            ""sort_vehicles"": false,\n            ""target_velocity"": 20\n        },\n        ""evaluate"": false,\n        ""horizon"": 1500,\n        ""sims_per_step"": 1,\n        ""warmup_steps"": 0\n    },\n    ""env_name"": ""AccelEnv"",\n    ""exp_tag"": ""figure_eight_0"",\n    ""initial"": {\n        ""additional_params"": {},\n        ""bunching"": 0,\n        ""edges_distribution"": ""all"",\n        ""lanes_distribution"": Infinity,\n        ""min_gap"": 0,\n        ""perturbation"": 0.0,\n        ""shuffle"": false,\n        ""spacing"": ""uniform"",\n        ""x0"": 0\n    },\n    ""net"": {\n        ""additional_params"": {\n            ""lanes"": 1,\n            ""radius_ring"": 30,\n            ""resolution"": 40,\n            ""speed_limit"": 30\n        },\n        ""inflows"": {\n            ""_InFlows__flows"": [],\n            ""num_flows"": 0\n        },\n        ""netfile"": null,\n        ""no_internal_links"": false,\n        ""osm_path"": null\n    },\n    ""scenario"": ""Figure8Scenario"",\n    ""sim"": {\n        ""emission_path"": null,\n        ""lateral_resolution"": null,\n        ""no_step_log"": true,\n        ""num_clients"": 1,\n        ""overtake_right"": false,\n        ""port"": null,\n        ""print_warnings"": true,\n        ""pxpm"": 2,\n        ""render"": false,\n        ""restart_instance"": false,\n        ""save_render"": false,\n        ""seed"": null,\n        ""show_radius"": false,\n        ""sight_radius"": 25,\n        ""sim_step"": 0.1,\n        ""teleport_time"": -1\n    },\n    ""simulator"": ""traci"",\n    ""veh"": [\n        {\n            ""acceleration_controller"": [\n                ""IDMController"",\n                {\n                    ""noise"": 0.2\n                }\n            ],\n            ""car_following_params"": {\n                ""controller_params"": {\n                    ""accel"": 1.0,\n                    ""carFollowModel"": ""IDM"",\n                    ""decel"": 1.5,\n                    ""impatience"": 0.5,\n                    ""maxSpeed"": 30,\n                    ""minGap"": 2.5,\n                    ""sigma"": 0.5,\n                    ""speedDev"": 0.1,\n                    ""speedFactor"": 1.0,\n                    ""tau"": 1.0\n                },\n                ""speed_mode"": 1\n            },\n            ""initial_speed"": 0,\n            ""lane_change_controller"": [\n                ""SimLaneChangeController"",\n                {}\n            ],\n            ""lane_change_params"": {\n                ""controller_params"": {\n                    ""laneChangeModel"": ""LC2013"",\n                    ""lcCooperative"": ""1.0"",\n                    ""lcKeepRight"": ""1.0"",\n                    ""lcSpeedGain"": ""1.0"",\n                    ""lcStrategic"": ""1.0""\n                },\n                ""lane_change_mode"": 512\n            },\n            ""num_vehicles"": 13,\n            ""routing_controller"": [\n                ""ContinuousRouter"",\n                {}\n            ],\n            ""veh_id"": ""human""\n        },\n        {\n            ""acceleration_controller"": [\n                ""RLController"",\n                {}\n            ],\n            ""car_following_params"": {\n                ""controller_params"": {\n                    ""accel"": 1.0,\n                    ""carFollowModel"": ""IDM"",\n                    ""decel"": 1.5,\n                    ""impatience"": 0.5,\n                    ""maxSpeed"": 30,\n                    ""minGap"": 2.5,\n                    ""sigma"": 0.5,\n                    ""speedDev"": 0.1,\n                    ""speedFactor"": 1.0,\n                    ""tau"": 1.0\n                },\n                ""speed_mode"": 1\n            },\n            ""initial_speed"": 0,\n            ""lane_change_controller"": [\n                ""SimLaneChangeController"",\n                {}\n            ],\n            ""lane_change_params"": {\n                ""controller_params"": {\n                    ""laneChangeModel"": ""LC2013"",\n                    ""lcCooperative"": ""1.0"",\n                    ""lcKeepRight"": ""1.0"",\n                    ""lcSpeedGain"": ""1.0"",\n                    ""lcStrategic"": ""1.0""\n                },\n                ""lane_change_mode"": 512\n            },\n            ""num_vehicles"": 1,\n            ""routing_controller"": [\n                ""ContinuousRouter"",\n                {}\n            ],\n            ""veh_id"": ""rl""\n        }\n    ]\n}'}, 'env': 'AccelEnv-v0', 'local_evaluator_tf_session_args': {'inter_op_parallelism_threads': 8, 'intra_op_parallelism_threads': 8}, 'model': {'free_log_std': False, 'custom_options': {}, 'framestack': True, 'channel_major': False, 'max_seq_len': 20, 'lstm_use_prev_action_reward': False, 'squash_to_range': False, 'dim': 84, 'grayscale': False, 'fcnet_hiddens': [100, 50, 25], 'use_lstm': False, 'custom_model': None, 'fcnet_activation': 'tanh', 'conv_filters': None, 'conv_activation': 'relu', 'lstm_cell_size': 256, 'zero_mean': True, 'custom_preprocessor': None}, 'output_compress_columns': ['obs', 'new_obs'], 'monitor': False, 'custom_resources_per_worker': {}, 'output_max_file_size': 67108864, 'num_workers': 1, 'clip_param': 0.3, 'kl_coeff': 0.2, 'multiagent': {'policy_graphs': {}, 'policy_mapping_fn': None, 'policies_to_train': None}, 'input_evaluation': None, 'output': None, 'collect_metrics_timeout': 180, 'num_cpus_per_worker': 1}",169.237.32.118,1,1343.14,9.910584926605225,"{'num_steps_sampled': 390400, 'load_time_ms': 1.188, 'default': {'kl': 0.018288616091012955, 'cur_lr': 0.0005000000237487257, 'total_loss': 0.8368836045265198, 'policy_loss': -0.022325793281197548, 'vf_explained_var': 0.9821879267692566, 'entropy': 1.8905242681503296, 'cur_kl_coeff': 0.23118136823177338, 'vf_loss': 0.8549813628196716}, 'sample_time_ms': 9612.881, 'grad_time_ms': 279.648, 'update_time_ms': 4.753, 'num_steps_trained': 390400}",376.93681770997244,2019-04-02_08-17-08,kronos,71,390400,0,2418.15313577652,{},390400,244,244,2418.15313577652,476.96347428500655,1600,1554193028,{},0b32d2eec3344b1fbde4822793b2e447,74.12204501234977
False,310,"{'input': 'sampler', 'callbacks': {'on_train_result': None, 'on_sample_end': None, 'on_episode_step': None, 'on_episode_start': None, 'on_episode_end': None}, 'sample_batch_size': 200, 'clip_actions': False, 'clip_rewards': None, 'tf_session_args': {'inter_op_parallelism_threads': 2, 'intra_op_parallelism_threads': 2, 'device_count': {'CPU': 1}, 'log_device_placement': False, 'allow_soft_placement': True, 'gpu_options': {'allow_growth': True}}, 'kl_target': 0.01, 'horizon': 1500, 'lr': 0.0005, 'sample_async': False, 'simple_optimizer': False, 'compress_observations': False, 'num_envs_per_worker': 1, 'gamma': 0.99, 'sgd_minibatch_size': 128, 'observation_filter': 'NoFilter', 'entropy_coeff': 0.0, 'batch_mode': 'truncate_episodes', 'straggler_mitigation': False, 'vf_share_layers': False, 'num_gpus': 0, 'synchronize_filters': True, 'num_sgd_iter': 10, 'train_batch_size': 1500, 'optimizer': {}, 'num_gpus_per_worker': 0, 'preprocessor_pref': 'deepmind', 'num_cpus_for_driver': 1, 'lr_schedule': None, 'use_gae': True, 'lambda': 0.97, 'vf_loss_coeff': 1.0, 'vf_clip_param': 1000000.0, 'log_level': 'INFO', 'env_config': {'run': 'PPO', 'flow_params': '{\n    ""env"": {\n        ""additional_params"": {\n            ""max_accel"": 3,\n            ""max_decel"": 3,\n            ""sort_vehicles"": false,\n            ""target_velocity"": 20\n        },\n        ""evaluate"": false,\n        ""horizon"": 1500,\n        ""sims_per_step"": 1,\n        ""warmup_steps"": 0\n    },\n    ""env_name"": ""AccelEnv"",\n    ""exp_tag"": ""figure_eight_0"",\n    ""initial"": {\n        ""additional_params"": {},\n        ""bunching"": 0,\n        ""edges_distribution"": ""all"",\n        ""lanes_distribution"": Infinity,\n        ""min_gap"": 0,\n        ""perturbation"": 0.0,\n        ""shuffle"": false,\n        ""spacing"": ""uniform"",\n        ""x0"": 0\n    },\n    ""net"": {\n        ""additional_params"": {\n            ""lanes"": 1,\n            ""radius_ring"": 30,\n            ""resolution"": 40,\n            ""speed_limit"": 30\n        },\n        ""inflows"": {\n            ""_InFlows__flows"": [],\n            ""num_flows"": 0\n        },\n        ""netfile"": null,\n        ""no_internal_links"": false,\n        ""osm_path"": null\n    },\n    ""scenario"": ""Figure8Scenario"",\n    ""sim"": {\n        ""emission_path"": null,\n        ""lateral_resolution"": null,\n        ""no_step_log"": true,\n        ""num_clients"": 1,\n        ""overtake_right"": false,\n        ""port"": null,\n        ""print_warnings"": true,\n        ""pxpm"": 2,\n        ""render"": false,\n        ""restart_instance"": false,\n        ""save_render"": false,\n        ""seed"": null,\n        ""show_radius"": false,\n        ""sight_radius"": 25,\n        ""sim_step"": 0.1,\n        ""teleport_time"": -1\n    },\n    ""simulator"": ""traci"",\n    ""veh"": [\n        {\n            ""acceleration_controller"": [\n                ""IDMController"",\n                {\n                    ""noise"": 0.2\n                }\n            ],\n            ""car_following_params"": {\n                ""controller_params"": {\n                    ""accel"": 1.0,\n                    ""carFollowModel"": ""IDM"",\n                    ""decel"": 1.5,\n                    ""impatience"": 0.5,\n                    ""maxSpeed"": 30,\n                    ""minGap"": 2.5,\n                    ""sigma"": 0.5,\n                    ""speedDev"": 0.1,\n                    ""speedFactor"": 1.0,\n                    ""tau"": 1.0\n                },\n                ""speed_mode"": 1\n            },\n            ""initial_speed"": 0,\n            ""lane_change_controller"": [\n                ""SimLaneChangeController"",\n                {}\n            ],\n            ""lane_change_params"": {\n                ""controller_params"": {\n                    ""laneChangeModel"": ""LC2013"",\n                    ""lcCooperative"": ""1.0"",\n                    ""lcKeepRight"": ""1.0"",\n                    ""lcSpeedGain"": ""1.0"",\n                    ""lcStrategic"": ""1.0""\n                },\n                ""lane_change_mode"": 512\n            },\n            ""num_vehicles"": 13,\n            ""routing_controller"": [\n                ""ContinuousRouter"",\n                {}\n            ],\n            ""veh_id"": ""human""\n        },\n        {\n            ""acceleration_controller"": [\n                ""RLController"",\n                {}\n            ],\n            ""car_following_params"": {\n                ""controller_params"": {\n                    ""accel"": 1.0,\n                    ""carFollowModel"": ""IDM"",\n                    ""decel"": 1.5,\n                    ""impatience"": 0.5,\n                    ""maxSpeed"": 30,\n                    ""minGap"": 2.5,\n                    ""sigma"": 0.5,\n                    ""speedDev"": 0.1,\n                    ""speedFactor"": 1.0,\n                    ""tau"": 1.0\n                },\n                ""speed_mode"": 1\n            },\n            ""initial_speed"": 0,\n            ""lane_change_controller"": [\n                ""SimLaneChangeController"",\n                {}\n            ],\n            ""lane_change_params"": {\n                ""controller_params"": {\n                    ""laneChangeModel"": ""LC2013"",\n                    ""lcCooperative"": ""1.0"",\n                    ""lcKeepRight"": ""1.0"",\n                    ""lcSpeedGain"": ""1.0"",\n                    ""lcStrategic"": ""1.0""\n                },\n                ""lane_change_mode"": 512\n            },\n            ""num_vehicles"": 1,\n            ""routing_controller"": [\n                ""ContinuousRouter"",\n                {}\n            ],\n            ""veh_id"": ""rl""\n        }\n    ]\n}'}, 'env': 'AccelEnv-v0', 'local_evaluator_tf_session_args': {'inter_op_parallelism_threads': 8, 'intra_op_parallelism_threads': 8}, 'model': {'free_log_std': False, 'custom_options': {}, 'framestack': True, 'channel_major': False, 'max_seq_len': 20, 'lstm_use_prev_action_reward': False, 'squash_to_range': False, 'dim': 84, 'grayscale': False, 'fcnet_hiddens': [100, 50, 25], 'use_lstm': False, 'custom_model': None, 'fcnet_activation': 'tanh', 'conv_filters': None, 'conv_activation': 'relu', 'lstm_cell_size': 256, 'zero_mean': True, 'custom_preprocessor': None}, 'output_compress_columns': ['obs', 'new_obs'], 'monitor': False, 'custom_resources_per_worker': {}, 'output_max_file_size': 67108864, 'num_workers': 1, 'clip_param': 0.3, 'kl_coeff': 0.2, 'multiagent': {'policy_graphs': {}, 'policy_mapping_fn': None, 'policies_to_train': None}, 'input_evaluation': None, 'output': None, 'collect_metrics_timeout': 180, 'num_cpus_per_worker': 1}",169.237.32.118,1,1343.14,9.954761505126953,"{'num_steps_sampled': 392000, 'load_time_ms': 1.141, 'default': {'kl': 0.03244326636195183, 'cur_lr': 0.0005000000237487257, 'total_loss': 0.4478555917739868, 'policy_loss': -0.022241203114390373, 'vf_explained_var': 0.9912757873535156, 'entropy': 1.859663486480713, 'cur_kl_coeff': 0.23118136823177338, 'vf_loss': 0.46259644627571106}, 'sample_time_ms': 9624.169, 'grad_time_ms': 277.345, 'update_time_ms': 4.854, 'num_steps_trained': 392000}",376.9757464520238,2019-04-02_08-17-18,kronos,71,392000,0,2428.1078972816467,{},392000,245,245,2428.1078972816467,476.96347428500655,1600,1554193038,{},0b32d2eec3344b1fbde4822793b2e447,74.12204501234977
False,312,"{'input': 'sampler', 'callbacks': {'on_train_result': None, 'on_sample_end': None, 'on_episode_step': None, 'on_episode_start': None, 'on_episode_end': None}, 'sample_batch_size': 200, 'clip_actions': False, 'clip_rewards': None, 'tf_session_args': {'inter_op_parallelism_threads': 2, 'intra_op_parallelism_threads': 2, 'device_count': {'CPU': 1}, 'log_device_placement': False, 'allow_soft_placement': True, 'gpu_options': {'allow_growth': True}}, 'kl_target': 0.01, 'horizon': 1500, 'lr': 0.0005, 'sample_async': False, 'simple_optimizer': False, 'compress_observations': False, 'num_envs_per_worker': 1, 'gamma': 0.99, 'sgd_minibatch_size': 128, 'observation_filter': 'NoFilter', 'entropy_coeff': 0.0, 'batch_mode': 'truncate_episodes', 'straggler_mitigation': False, 'vf_share_layers': False, 'num_gpus': 0, 'synchronize_filters': True, 'num_sgd_iter': 10, 'train_batch_size': 1500, 'optimizer': {}, 'num_gpus_per_worker': 0, 'preprocessor_pref': 'deepmind', 'num_cpus_for_driver': 1, 'lr_schedule': None, 'use_gae': True, 'lambda': 0.97, 'vf_loss_coeff': 1.0, 'vf_clip_param': 1000000.0, 'log_level': 'INFO', 'env_config': {'run': 'PPO', 'flow_params': '{\n    ""env"": {\n        ""additional_params"": {\n            ""max_accel"": 3,\n            ""max_decel"": 3,\n            ""sort_vehicles"": false,\n            ""target_velocity"": 20\n        },\n        ""evaluate"": false,\n        ""horizon"": 1500,\n        ""sims_per_step"": 1,\n        ""warmup_steps"": 0\n    },\n    ""env_name"": ""AccelEnv"",\n    ""exp_tag"": ""figure_eight_0"",\n    ""initial"": {\n        ""additional_params"": {},\n        ""bunching"": 0,\n        ""edges_distribution"": ""all"",\n        ""lanes_distribution"": Infinity,\n        ""min_gap"": 0,\n        ""perturbation"": 0.0,\n        ""shuffle"": false,\n        ""spacing"": ""uniform"",\n        ""x0"": 0\n    },\n    ""net"": {\n        ""additional_params"": {\n            ""lanes"": 1,\n            ""radius_ring"": 30,\n            ""resolution"": 40,\n            ""speed_limit"": 30\n        },\n        ""inflows"": {\n            ""_InFlows__flows"": [],\n            ""num_flows"": 0\n        },\n        ""netfile"": null,\n        ""no_internal_links"": false,\n        ""osm_path"": null\n    },\n    ""scenario"": ""Figure8Scenario"",\n    ""sim"": {\n        ""emission_path"": null,\n        ""lateral_resolution"": null,\n        ""no_step_log"": true,\n        ""num_clients"": 1,\n        ""overtake_right"": false,\n        ""port"": null,\n        ""print_warnings"": true,\n        ""pxpm"": 2,\n        ""render"": false,\n        ""restart_instance"": false,\n        ""save_render"": false,\n        ""seed"": null,\n        ""show_radius"": false,\n        ""sight_radius"": 25,\n        ""sim_step"": 0.1,\n        ""teleport_time"": -1\n    },\n    ""simulator"": ""traci"",\n    ""veh"": [\n        {\n            ""acceleration_controller"": [\n                ""IDMController"",\n                {\n                    ""noise"": 0.2\n                }\n            ],\n            ""car_following_params"": {\n                ""controller_params"": {\n                    ""accel"": 1.0,\n                    ""carFollowModel"": ""IDM"",\n                    ""decel"": 1.5,\n                    ""impatience"": 0.5,\n                    ""maxSpeed"": 30,\n                    ""minGap"": 2.5,\n                    ""sigma"": 0.5,\n                    ""speedDev"": 0.1,\n                    ""speedFactor"": 1.0,\n                    ""tau"": 1.0\n                },\n                ""speed_mode"": 1\n            },\n            ""initial_speed"": 0,\n            ""lane_change_controller"": [\n                ""SimLaneChangeController"",\n                {}\n            ],\n            ""lane_change_params"": {\n                ""controller_params"": {\n                    ""laneChangeModel"": ""LC2013"",\n                    ""lcCooperative"": ""1.0"",\n                    ""lcKeepRight"": ""1.0"",\n                    ""lcSpeedGain"": ""1.0"",\n                    ""lcStrategic"": ""1.0""\n                },\n                ""lane_change_mode"": 512\n            },\n            ""num_vehicles"": 13,\n            ""routing_controller"": [\n                ""ContinuousRouter"",\n                {}\n            ],\n            ""veh_id"": ""human""\n        },\n        {\n            ""acceleration_controller"": [\n                ""RLController"",\n                {}\n            ],\n            ""car_following_params"": {\n                ""controller_params"": {\n                    ""accel"": 1.0,\n                    ""carFollowModel"": ""IDM"",\n                    ""decel"": 1.5,\n                    ""impatience"": 0.5,\n                    ""maxSpeed"": 30,\n                    ""minGap"": 2.5,\n                    ""sigma"": 0.5,\n                    ""speedDev"": 0.1,\n                    ""speedFactor"": 1.0,\n                    ""tau"": 1.0\n                },\n                ""speed_mode"": 1\n            },\n            ""initial_speed"": 0,\n            ""lane_change_controller"": [\n                ""SimLaneChangeController"",\n                {}\n            ],\n            ""lane_change_params"": {\n                ""controller_params"": {\n                    ""laneChangeModel"": ""LC2013"",\n                    ""lcCooperative"": ""1.0"",\n                    ""lcKeepRight"": ""1.0"",\n                    ""lcSpeedGain"": ""1.0"",\n                    ""lcStrategic"": ""1.0""\n                },\n                ""lane_change_mode"": 512\n            },\n            ""num_vehicles"": 1,\n            ""routing_controller"": [\n                ""ContinuousRouter"",\n                {}\n            ],\n            ""veh_id"": ""rl""\n        }\n    ]\n}'}, 'env': 'AccelEnv-v0', 'local_evaluator_tf_session_args': {'inter_op_parallelism_threads': 8, 'intra_op_parallelism_threads': 8}, 'model': {'free_log_std': False, 'custom_options': {}, 'framestack': True, 'channel_major': False, 'max_seq_len': 20, 'lstm_use_prev_action_reward': False, 'squash_to_range': False, 'dim': 84, 'grayscale': False, 'fcnet_hiddens': [100, 50, 25], 'use_lstm': False, 'custom_model': None, 'fcnet_activation': 'tanh', 'conv_filters': None, 'conv_activation': 'relu', 'lstm_cell_size': 256, 'zero_mean': True, 'custom_preprocessor': None}, 'output_compress_columns': ['obs', 'new_obs'], 'monitor': False, 'custom_resources_per_worker': {}, 'output_max_file_size': 67108864, 'num_workers': 1, 'clip_param': 0.3, 'kl_coeff': 0.2, 'multiagent': {'policy_graphs': {}, 'policy_mapping_fn': None, 'policies_to_train': None}, 'input_evaluation': None, 'output': None, 'collect_metrics_timeout': 180, 'num_cpus_per_worker': 1}",169.237.32.118,2,1347.09,9.877517938613892,"{'num_steps_sampled': 393600, 'load_time_ms': 1.148, 'default': {'kl': 0.010096701793372631, 'cur_lr': 0.0005000000237487257, 'total_loss': 0.5313838124275208, 'policy_loss': -0.016761504113674164, 'vf_explained_var': 0.9921420216560364, 'entropy': 1.9552816152572632, 'cur_kl_coeff': 0.3467719852924347, 'vf_loss': 0.5446440577507019}, 'sample_time_ms': 9638.817, 'grad_time_ms': 277.112, 'update_time_ms': 4.681, 'num_steps_trained': 393600}",377.54986587116923,2019-04-02_08-17-28,kronos,71,393600,0,2437.9854152202606,{},393600,246,246,2437.9854152202606,476.96347428500655,1600,1554193048,{},0b32d2eec3344b1fbde4822793b2e447,74.12204501234977
False,313,"{'input': 'sampler', 'callbacks': {'on_train_result': None, 'on_sample_end': None, 'on_episode_step': None, 'on_episode_start': None, 'on_episode_end': None}, 'sample_batch_size': 200, 'clip_actions': False, 'clip_rewards': None, 'tf_session_args': {'inter_op_parallelism_threads': 2, 'intra_op_parallelism_threads': 2, 'device_count': {'CPU': 1}, 'log_device_placement': False, 'allow_soft_placement': True, 'gpu_options': {'allow_growth': True}}, 'kl_target': 0.01, 'horizon': 1500, 'lr': 0.0005, 'sample_async': False, 'simple_optimizer': False, 'compress_observations': False, 'num_envs_per_worker': 1, 'gamma': 0.99, 'sgd_minibatch_size': 128, 'observation_filter': 'NoFilter', 'entropy_coeff': 0.0, 'batch_mode': 'truncate_episodes', 'straggler_mitigation': False, 'vf_share_layers': False, 'num_gpus': 0, 'synchronize_filters': True, 'num_sgd_iter': 10, 'train_batch_size': 1500, 'optimizer': {}, 'num_gpus_per_worker': 0, 'preprocessor_pref': 'deepmind', 'num_cpus_for_driver': 1, 'lr_schedule': None, 'use_gae': True, 'lambda': 0.97, 'vf_loss_coeff': 1.0, 'vf_clip_param': 1000000.0, 'log_level': 'INFO', 'env_config': {'run': 'PPO', 'flow_params': '{\n    ""env"": {\n        ""additional_params"": {\n            ""max_accel"": 3,\n            ""max_decel"": 3,\n            ""sort_vehicles"": false,\n            ""target_velocity"": 20\n        },\n        ""evaluate"": false,\n        ""horizon"": 1500,\n        ""sims_per_step"": 1,\n        ""warmup_steps"": 0\n    },\n    ""env_name"": ""AccelEnv"",\n    ""exp_tag"": ""figure_eight_0"",\n    ""initial"": {\n        ""additional_params"": {},\n        ""bunching"": 0,\n        ""edges_distribution"": ""all"",\n        ""lanes_distribution"": Infinity,\n        ""min_gap"": 0,\n        ""perturbation"": 0.0,\n        ""shuffle"": false,\n        ""spacing"": ""uniform"",\n        ""x0"": 0\n    },\n    ""net"": {\n        ""additional_params"": {\n            ""lanes"": 1,\n            ""radius_ring"": 30,\n            ""resolution"": 40,\n            ""speed_limit"": 30\n        },\n        ""inflows"": {\n            ""_InFlows__flows"": [],\n            ""num_flows"": 0\n        },\n        ""netfile"": null,\n        ""no_internal_links"": false,\n        ""osm_path"": null\n    },\n    ""scenario"": ""Figure8Scenario"",\n    ""sim"": {\n        ""emission_path"": null,\n        ""lateral_resolution"": null,\n        ""no_step_log"": true,\n        ""num_clients"": 1,\n        ""overtake_right"": false,\n        ""port"": null,\n        ""print_warnings"": true,\n        ""pxpm"": 2,\n        ""render"": false,\n        ""restart_instance"": false,\n        ""save_render"": false,\n        ""seed"": null,\n        ""show_radius"": false,\n        ""sight_radius"": 25,\n        ""sim_step"": 0.1,\n        ""teleport_time"": -1\n    },\n    ""simulator"": ""traci"",\n    ""veh"": [\n        {\n            ""acceleration_controller"": [\n                ""IDMController"",\n                {\n                    ""noise"": 0.2\n                }\n            ],\n            ""car_following_params"": {\n                ""controller_params"": {\n                    ""accel"": 1.0,\n                    ""carFollowModel"": ""IDM"",\n                    ""decel"": 1.5,\n                    ""impatience"": 0.5,\n                    ""maxSpeed"": 30,\n                    ""minGap"": 2.5,\n                    ""sigma"": 0.5,\n                    ""speedDev"": 0.1,\n                    ""speedFactor"": 1.0,\n                    ""tau"": 1.0\n                },\n                ""speed_mode"": 1\n            },\n            ""initial_speed"": 0,\n            ""lane_change_controller"": [\n                ""SimLaneChangeController"",\n                {}\n            ],\n            ""lane_change_params"": {\n                ""controller_params"": {\n                    ""laneChangeModel"": ""LC2013"",\n                    ""lcCooperative"": ""1.0"",\n                    ""lcKeepRight"": ""1.0"",\n                    ""lcSpeedGain"": ""1.0"",\n                    ""lcStrategic"": ""1.0""\n                },\n                ""lane_change_mode"": 512\n            },\n            ""num_vehicles"": 13,\n            ""routing_controller"": [\n                ""ContinuousRouter"",\n                {}\n            ],\n            ""veh_id"": ""human""\n        },\n        {\n            ""acceleration_controller"": [\n                ""RLController"",\n                {}\n            ],\n            ""car_following_params"": {\n                ""controller_params"": {\n                    ""accel"": 1.0,\n                    ""carFollowModel"": ""IDM"",\n                    ""decel"": 1.5,\n                    ""impatience"": 0.5,\n                    ""maxSpeed"": 30,\n                    ""minGap"": 2.5,\n                    ""sigma"": 0.5,\n                    ""speedDev"": 0.1,\n                    ""speedFactor"": 1.0,\n                    ""tau"": 1.0\n                },\n                ""speed_mode"": 1\n            },\n            ""initial_speed"": 0,\n            ""lane_change_controller"": [\n                ""SimLaneChangeController"",\n                {}\n            ],\n            ""lane_change_params"": {\n                ""controller_params"": {\n                    ""laneChangeModel"": ""LC2013"",\n                    ""lcCooperative"": ""1.0"",\n                    ""lcKeepRight"": ""1.0"",\n                    ""lcSpeedGain"": ""1.0"",\n                    ""lcStrategic"": ""1.0""\n                },\n                ""lane_change_mode"": 512\n            },\n            ""num_vehicles"": 1,\n            ""routing_controller"": [\n                ""ContinuousRouter"",\n                {}\n            ],\n            ""veh_id"": ""rl""\n        }\n    ]\n}'}, 'env': 'AccelEnv-v0', 'local_evaluator_tf_session_args': {'inter_op_parallelism_threads': 8, 'intra_op_parallelism_threads': 8}, 'model': {'free_log_std': False, 'custom_options': {}, 'framestack': True, 'channel_major': False, 'max_seq_len': 20, 'lstm_use_prev_action_reward': False, 'squash_to_range': False, 'dim': 84, 'grayscale': False, 'fcnet_hiddens': [100, 50, 25], 'use_lstm': False, 'custom_model': None, 'fcnet_activation': 'tanh', 'conv_filters': None, 'conv_activation': 'relu', 'lstm_cell_size': 256, 'zero_mean': True, 'custom_preprocessor': None}, 'output_compress_columns': ['obs', 'new_obs'], 'monitor': False, 'custom_resources_per_worker': {}, 'output_max_file_size': 67108864, 'num_workers': 1, 'clip_param': 0.3, 'kl_coeff': 0.2, 'multiagent': {'policy_graphs': {}, 'policy_mapping_fn': None, 'policies_to_train': None}, 'input_evaluation': None, 'output': None, 'collect_metrics_timeout': 180, 'num_cpus_per_worker': 1}",169.237.32.118,1,1347.09,9.821684837341309,"{'num_steps_sampled': 395200, 'load_time_ms': 1.13, 'default': {'kl': 0.007967430166900158, 'cur_lr': 0.0005000000237487257, 'total_loss': 0.43770554661750793, 'policy_loss': -0.01439232099801302, 'vf_explained_var': 0.9882768988609314, 'entropy': 1.8723055124282837, 'cur_kl_coeff': 0.3467719852924347, 'vf_loss': 0.4493350088596344}, 'sample_time_ms': 9628.135, 'grad_time_ms': 277.863, 'update_time_ms': 4.634, 'num_steps_trained': 395200}",377.643969136655,2019-04-02_08-17-38,kronos,71,395200,0,2447.807100057602,{},395200,247,247,2447.807100057602,476.96347428500655,1600,1554193058,{},0b32d2eec3344b1fbde4822793b2e447,74.12204501234977
False,314,"{'input': 'sampler', 'callbacks': {'on_train_result': None, 'on_sample_end': None, 'on_episode_step': None, 'on_episode_start': None, 'on_episode_end': None}, 'sample_batch_size': 200, 'clip_actions': False, 'clip_rewards': None, 'tf_session_args': {'inter_op_parallelism_threads': 2, 'intra_op_parallelism_threads': 2, 'device_count': {'CPU': 1}, 'log_device_placement': False, 'allow_soft_placement': True, 'gpu_options': {'allow_growth': True}}, 'kl_target': 0.01, 'horizon': 1500, 'lr': 0.0005, 'sample_async': False, 'simple_optimizer': False, 'compress_observations': False, 'num_envs_per_worker': 1, 'gamma': 0.99, 'sgd_minibatch_size': 128, 'observation_filter': 'NoFilter', 'entropy_coeff': 0.0, 'batch_mode': 'truncate_episodes', 'straggler_mitigation': False, 'vf_share_layers': False, 'num_gpus': 0, 'synchronize_filters': True, 'num_sgd_iter': 10, 'train_batch_size': 1500, 'optimizer': {}, 'num_gpus_per_worker': 0, 'preprocessor_pref': 'deepmind', 'num_cpus_for_driver': 1, 'lr_schedule': None, 'use_gae': True, 'lambda': 0.97, 'vf_loss_coeff': 1.0, 'vf_clip_param': 1000000.0, 'log_level': 'INFO', 'env_config': {'run': 'PPO', 'flow_params': '{\n    ""env"": {\n        ""additional_params"": {\n            ""max_accel"": 3,\n            ""max_decel"": 3,\n            ""sort_vehicles"": false,\n            ""target_velocity"": 20\n        },\n        ""evaluate"": false,\n        ""horizon"": 1500,\n        ""sims_per_step"": 1,\n        ""warmup_steps"": 0\n    },\n    ""env_name"": ""AccelEnv"",\n    ""exp_tag"": ""figure_eight_0"",\n    ""initial"": {\n        ""additional_params"": {},\n        ""bunching"": 0,\n        ""edges_distribution"": ""all"",\n        ""lanes_distribution"": Infinity,\n        ""min_gap"": 0,\n        ""perturbation"": 0.0,\n        ""shuffle"": false,\n        ""spacing"": ""uniform"",\n        ""x0"": 0\n    },\n    ""net"": {\n        ""additional_params"": {\n            ""lanes"": 1,\n            ""radius_ring"": 30,\n            ""resolution"": 40,\n            ""speed_limit"": 30\n        },\n        ""inflows"": {\n            ""_InFlows__flows"": [],\n            ""num_flows"": 0\n        },\n        ""netfile"": null,\n        ""no_internal_links"": false,\n        ""osm_path"": null\n    },\n    ""scenario"": ""Figure8Scenario"",\n    ""sim"": {\n        ""emission_path"": null,\n        ""lateral_resolution"": null,\n        ""no_step_log"": true,\n        ""num_clients"": 1,\n        ""overtake_right"": false,\n        ""port"": null,\n        ""print_warnings"": true,\n        ""pxpm"": 2,\n        ""render"": false,\n        ""restart_instance"": false,\n        ""save_render"": false,\n        ""seed"": null,\n        ""show_radius"": false,\n        ""sight_radius"": 25,\n        ""sim_step"": 0.1,\n        ""teleport_time"": -1\n    },\n    ""simulator"": ""traci"",\n    ""veh"": [\n        {\n            ""acceleration_controller"": [\n                ""IDMController"",\n                {\n                    ""noise"": 0.2\n                }\n            ],\n            ""car_following_params"": {\n                ""controller_params"": {\n                    ""accel"": 1.0,\n                    ""carFollowModel"": ""IDM"",\n                    ""decel"": 1.5,\n                    ""impatience"": 0.5,\n                    ""maxSpeed"": 30,\n                    ""minGap"": 2.5,\n                    ""sigma"": 0.5,\n                    ""speedDev"": 0.1,\n                    ""speedFactor"": 1.0,\n                    ""tau"": 1.0\n                },\n                ""speed_mode"": 1\n            },\n            ""initial_speed"": 0,\n            ""lane_change_controller"": [\n                ""SimLaneChangeController"",\n                {}\n            ],\n            ""lane_change_params"": {\n                ""controller_params"": {\n                    ""laneChangeModel"": ""LC2013"",\n                    ""lcCooperative"": ""1.0"",\n                    ""lcKeepRight"": ""1.0"",\n                    ""lcSpeedGain"": ""1.0"",\n                    ""lcStrategic"": ""1.0""\n                },\n                ""lane_change_mode"": 512\n            },\n            ""num_vehicles"": 13,\n            ""routing_controller"": [\n                ""ContinuousRouter"",\n                {}\n            ],\n            ""veh_id"": ""human""\n        },\n        {\n            ""acceleration_controller"": [\n                ""RLController"",\n                {}\n            ],\n            ""car_following_params"": {\n                ""controller_params"": {\n                    ""accel"": 1.0,\n                    ""carFollowModel"": ""IDM"",\n                    ""decel"": 1.5,\n                    ""impatience"": 0.5,\n                    ""maxSpeed"": 30,\n                    ""minGap"": 2.5,\n                    ""sigma"": 0.5,\n                    ""speedDev"": 0.1,\n                    ""speedFactor"": 1.0,\n                    ""tau"": 1.0\n                },\n                ""speed_mode"": 1\n            },\n            ""initial_speed"": 0,\n            ""lane_change_controller"": [\n                ""SimLaneChangeController"",\n                {}\n            ],\n            ""lane_change_params"": {\n                ""controller_params"": {\n                    ""laneChangeModel"": ""LC2013"",\n                    ""lcCooperative"": ""1.0"",\n                    ""lcKeepRight"": ""1.0"",\n                    ""lcSpeedGain"": ""1.0"",\n                    ""lcStrategic"": ""1.0""\n                },\n                ""lane_change_mode"": 512\n            },\n            ""num_vehicles"": 1,\n            ""routing_controller"": [\n                ""ContinuousRouter"",\n                {}\n            ],\n            ""veh_id"": ""rl""\n        }\n    ]\n}'}, 'env': 'AccelEnv-v0', 'local_evaluator_tf_session_args': {'inter_op_parallelism_threads': 8, 'intra_op_parallelism_threads': 8}, 'model': {'free_log_std': False, 'custom_options': {}, 'framestack': True, 'channel_major': False, 'max_seq_len': 20, 'lstm_use_prev_action_reward': False, 'squash_to_range': False, 'dim': 84, 'grayscale': False, 'fcnet_hiddens': [100, 50, 25], 'use_lstm': False, 'custom_model': None, 'fcnet_activation': 'tanh', 'conv_filters': None, 'conv_activation': 'relu', 'lstm_cell_size': 256, 'zero_mean': True, 'custom_preprocessor': None}, 'output_compress_columns': ['obs', 'new_obs'], 'monitor': False, 'custom_resources_per_worker': {}, 'output_max_file_size': 67108864, 'num_workers': 1, 'clip_param': 0.3, 'kl_coeff': 0.2, 'multiagent': {'policy_graphs': {}, 'policy_mapping_fn': None, 'policies_to_train': None}, 'input_evaluation': None, 'output': None, 'collect_metrics_timeout': 180, 'num_cpus_per_worker': 1}",169.237.32.118,1,1352.61,9.910219669342041,"{'num_steps_sampled': 396800, 'load_time_ms': 1.151, 'default': {'kl': 0.008439497090876102, 'cur_lr': 0.0005000000237487257, 'total_loss': 0.39704740047454834, 'policy_loss': -0.007508821319788694, 'vf_explained_var': 0.9932255744934082, 'entropy': 1.858599066734314, 'cur_kl_coeff': 0.3467719852924347, 'vf_loss': 0.40162965655326843}, 'sample_time_ms': 9624.085, 'grad_time_ms': 278.508, 'update_time_ms': 4.499, 'num_steps_trained': 396800}",379.0364443715382,2019-04-02_08-17-48,kronos,71,396800,0,2457.717319726944,{},396800,248,248,2457.717319726944,476.96347428500655,1600,1554193068,{},0b32d2eec3344b1fbde4822793b2e447,74.12204501234977
False,315,"{'input': 'sampler', 'callbacks': {'on_train_result': None, 'on_sample_end': None, 'on_episode_step': None, 'on_episode_start': None, 'on_episode_end': None}, 'sample_batch_size': 200, 'clip_actions': False, 'clip_rewards': None, 'tf_session_args': {'inter_op_parallelism_threads': 2, 'intra_op_parallelism_threads': 2, 'device_count': {'CPU': 1}, 'log_device_placement': False, 'allow_soft_placement': True, 'gpu_options': {'allow_growth': True}}, 'kl_target': 0.01, 'horizon': 1500, 'lr': 0.0005, 'sample_async': False, 'simple_optimizer': False, 'compress_observations': False, 'num_envs_per_worker': 1, 'gamma': 0.99, 'sgd_minibatch_size': 128, 'observation_filter': 'NoFilter', 'entropy_coeff': 0.0, 'batch_mode': 'truncate_episodes', 'straggler_mitigation': False, 'vf_share_layers': False, 'num_gpus': 0, 'synchronize_filters': True, 'num_sgd_iter': 10, 'train_batch_size': 1500, 'optimizer': {}, 'num_gpus_per_worker': 0, 'preprocessor_pref': 'deepmind', 'num_cpus_for_driver': 1, 'lr_schedule': None, 'use_gae': True, 'lambda': 0.97, 'vf_loss_coeff': 1.0, 'vf_clip_param': 1000000.0, 'log_level': 'INFO', 'env_config': {'run': 'PPO', 'flow_params': '{\n    ""env"": {\n        ""additional_params"": {\n            ""max_accel"": 3,\n            ""max_decel"": 3,\n            ""sort_vehicles"": false,\n            ""target_velocity"": 20\n        },\n        ""evaluate"": false,\n        ""horizon"": 1500,\n        ""sims_per_step"": 1,\n        ""warmup_steps"": 0\n    },\n    ""env_name"": ""AccelEnv"",\n    ""exp_tag"": ""figure_eight_0"",\n    ""initial"": {\n        ""additional_params"": {},\n        ""bunching"": 0,\n        ""edges_distribution"": ""all"",\n        ""lanes_distribution"": Infinity,\n        ""min_gap"": 0,\n        ""perturbation"": 0.0,\n        ""shuffle"": false,\n        ""spacing"": ""uniform"",\n        ""x0"": 0\n    },\n    ""net"": {\n        ""additional_params"": {\n            ""lanes"": 1,\n            ""radius_ring"": 30,\n            ""resolution"": 40,\n            ""speed_limit"": 30\n        },\n        ""inflows"": {\n            ""_InFlows__flows"": [],\n            ""num_flows"": 0\n        },\n        ""netfile"": null,\n        ""no_internal_links"": false,\n        ""osm_path"": null\n    },\n    ""scenario"": ""Figure8Scenario"",\n    ""sim"": {\n        ""emission_path"": null,\n        ""lateral_resolution"": null,\n        ""no_step_log"": true,\n        ""num_clients"": 1,\n        ""overtake_right"": false,\n        ""port"": null,\n        ""print_warnings"": true,\n        ""pxpm"": 2,\n        ""render"": false,\n        ""restart_instance"": false,\n        ""save_render"": false,\n        ""seed"": null,\n        ""show_radius"": false,\n        ""sight_radius"": 25,\n        ""sim_step"": 0.1,\n        ""teleport_time"": -1\n    },\n    ""simulator"": ""traci"",\n    ""veh"": [\n        {\n            ""acceleration_controller"": [\n                ""IDMController"",\n                {\n                    ""noise"": 0.2\n                }\n            ],\n            ""car_following_params"": {\n                ""controller_params"": {\n                    ""accel"": 1.0,\n                    ""carFollowModel"": ""IDM"",\n                    ""decel"": 1.5,\n                    ""impatience"": 0.5,\n                    ""maxSpeed"": 30,\n                    ""minGap"": 2.5,\n                    ""sigma"": 0.5,\n                    ""speedDev"": 0.1,\n                    ""speedFactor"": 1.0,\n                    ""tau"": 1.0\n                },\n                ""speed_mode"": 1\n            },\n            ""initial_speed"": 0,\n            ""lane_change_controller"": [\n                ""SimLaneChangeController"",\n                {}\n            ],\n            ""lane_change_params"": {\n                ""controller_params"": {\n                    ""laneChangeModel"": ""LC2013"",\n                    ""lcCooperative"": ""1.0"",\n                    ""lcKeepRight"": ""1.0"",\n                    ""lcSpeedGain"": ""1.0"",\n                    ""lcStrategic"": ""1.0""\n                },\n                ""lane_change_mode"": 512\n            },\n            ""num_vehicles"": 13,\n            ""routing_controller"": [\n                ""ContinuousRouter"",\n                {}\n            ],\n            ""veh_id"": ""human""\n        },\n        {\n            ""acceleration_controller"": [\n                ""RLController"",\n                {}\n            ],\n            ""car_following_params"": {\n                ""controller_params"": {\n                    ""accel"": 1.0,\n                    ""carFollowModel"": ""IDM"",\n                    ""decel"": 1.5,\n                    ""impatience"": 0.5,\n                    ""maxSpeed"": 30,\n                    ""minGap"": 2.5,\n                    ""sigma"": 0.5,\n                    ""speedDev"": 0.1,\n                    ""speedFactor"": 1.0,\n                    ""tau"": 1.0\n                },\n                ""speed_mode"": 1\n            },\n            ""initial_speed"": 0,\n            ""lane_change_controller"": [\n                ""SimLaneChangeController"",\n                {}\n            ],\n            ""lane_change_params"": {\n                ""controller_params"": {\n                    ""laneChangeModel"": ""LC2013"",\n                    ""lcCooperative"": ""1.0"",\n                    ""lcKeepRight"": ""1.0"",\n                    ""lcSpeedGain"": ""1.0"",\n                    ""lcStrategic"": ""1.0""\n                },\n                ""lane_change_mode"": 512\n            },\n            ""num_vehicles"": 1,\n            ""routing_controller"": [\n                ""ContinuousRouter"",\n                {}\n            ],\n            ""veh_id"": ""rl""\n        }\n    ]\n}'}, 'env': 'AccelEnv-v0', 'local_evaluator_tf_session_args': {'inter_op_parallelism_threads': 8, 'intra_op_parallelism_threads': 8}, 'model': {'free_log_std': False, 'custom_options': {}, 'framestack': True, 'channel_major': False, 'max_seq_len': 20, 'lstm_use_prev_action_reward': False, 'squash_to_range': False, 'dim': 84, 'grayscale': False, 'fcnet_hiddens': [100, 50, 25], 'use_lstm': False, 'custom_model': None, 'fcnet_activation': 'tanh', 'conv_filters': None, 'conv_activation': 'relu', 'lstm_cell_size': 256, 'zero_mean': True, 'custom_preprocessor': None}, 'output_compress_columns': ['obs', 'new_obs'], 'monitor': False, 'custom_resources_per_worker': {}, 'output_max_file_size': 67108864, 'num_workers': 1, 'clip_param': 0.3, 'kl_coeff': 0.2, 'multiagent': {'policy_graphs': {}, 'policy_mapping_fn': None, 'policies_to_train': None}, 'input_evaluation': None, 'output': None, 'collect_metrics_timeout': 180, 'num_cpus_per_worker': 1}",169.237.32.118,1,1352.61,9.931337833404541,"{'num_steps_sampled': 398400, 'load_time_ms': 1.18, 'default': {'kl': 0.00743376137688756, 'cur_lr': 0.0005000000237487257, 'total_loss': 0.8902010917663574, 'policy_loss': -0.017512276768684387, 'vf_explained_var': 0.9763670563697815, 'entropy': 1.7525629997253418, 'cur_kl_coeff': 0.3467719852924347, 'vf_loss': 0.905135452747345}, 'sample_time_ms': 9622.884, 'grad_time_ms': 280.352, 'update_time_ms': 4.473, 'num_steps_trained': 398400}",378.2289123669376,2019-04-02_08-17-58,kronos,71,398400,0,2467.6486575603485,{},398400,249,249,2467.6486575603485,465.38317018422237,1600,1554193078,{},0b32d2eec3344b1fbde4822793b2e447,74.12204501234977
False,316,"{'input': 'sampler', 'callbacks': {'on_train_result': None, 'on_sample_end': None, 'on_episode_step': None, 'on_episode_start': None, 'on_episode_end': None}, 'sample_batch_size': 200, 'clip_actions': False, 'clip_rewards': None, 'tf_session_args': {'inter_op_parallelism_threads': 2, 'intra_op_parallelism_threads': 2, 'device_count': {'CPU': 1}, 'log_device_placement': False, 'allow_soft_placement': True, 'gpu_options': {'allow_growth': True}}, 'kl_target': 0.01, 'horizon': 1500, 'lr': 0.0005, 'sample_async': False, 'simple_optimizer': False, 'compress_observations': False, 'num_envs_per_worker': 1, 'gamma': 0.99, 'sgd_minibatch_size': 128, 'observation_filter': 'NoFilter', 'entropy_coeff': 0.0, 'batch_mode': 'truncate_episodes', 'straggler_mitigation': False, 'vf_share_layers': False, 'num_gpus': 0, 'synchronize_filters': True, 'num_sgd_iter': 10, 'train_batch_size': 1500, 'optimizer': {}, 'num_gpus_per_worker': 0, 'preprocessor_pref': 'deepmind', 'num_cpus_for_driver': 1, 'lr_schedule': None, 'use_gae': True, 'lambda': 0.97, 'vf_loss_coeff': 1.0, 'vf_clip_param': 1000000.0, 'log_level': 'INFO', 'env_config': {'run': 'PPO', 'flow_params': '{\n    ""env"": {\n        ""additional_params"": {\n            ""max_accel"": 3,\n            ""max_decel"": 3,\n            ""sort_vehicles"": false,\n            ""target_velocity"": 20\n        },\n        ""evaluate"": false,\n        ""horizon"": 1500,\n        ""sims_per_step"": 1,\n        ""warmup_steps"": 0\n    },\n    ""env_name"": ""AccelEnv"",\n    ""exp_tag"": ""figure_eight_0"",\n    ""initial"": {\n        ""additional_params"": {},\n        ""bunching"": 0,\n        ""edges_distribution"": ""all"",\n        ""lanes_distribution"": Infinity,\n        ""min_gap"": 0,\n        ""perturbation"": 0.0,\n        ""shuffle"": false,\n        ""spacing"": ""uniform"",\n        ""x0"": 0\n    },\n    ""net"": {\n        ""additional_params"": {\n            ""lanes"": 1,\n            ""radius_ring"": 30,\n            ""resolution"": 40,\n            ""speed_limit"": 30\n        },\n        ""inflows"": {\n            ""_InFlows__flows"": [],\n            ""num_flows"": 0\n        },\n        ""netfile"": null,\n        ""no_internal_links"": false,\n        ""osm_path"": null\n    },\n    ""scenario"": ""Figure8Scenario"",\n    ""sim"": {\n        ""emission_path"": null,\n        ""lateral_resolution"": null,\n        ""no_step_log"": true,\n        ""num_clients"": 1,\n        ""overtake_right"": false,\n        ""port"": null,\n        ""print_warnings"": true,\n        ""pxpm"": 2,\n        ""render"": false,\n        ""restart_instance"": false,\n        ""save_render"": false,\n        ""seed"": null,\n        ""show_radius"": false,\n        ""sight_radius"": 25,\n        ""sim_step"": 0.1,\n        ""teleport_time"": -1\n    },\n    ""simulator"": ""traci"",\n    ""veh"": [\n        {\n            ""acceleration_controller"": [\n                ""IDMController"",\n                {\n                    ""noise"": 0.2\n                }\n            ],\n            ""car_following_params"": {\n                ""controller_params"": {\n                    ""accel"": 1.0,\n                    ""carFollowModel"": ""IDM"",\n                    ""decel"": 1.5,\n                    ""impatience"": 0.5,\n                    ""maxSpeed"": 30,\n                    ""minGap"": 2.5,\n                    ""sigma"": 0.5,\n                    ""speedDev"": 0.1,\n                    ""speedFactor"": 1.0,\n                    ""tau"": 1.0\n                },\n                ""speed_mode"": 1\n            },\n            ""initial_speed"": 0,\n            ""lane_change_controller"": [\n                ""SimLaneChangeController"",\n                {}\n            ],\n            ""lane_change_params"": {\n                ""controller_params"": {\n                    ""laneChangeModel"": ""LC2013"",\n                    ""lcCooperative"": ""1.0"",\n                    ""lcKeepRight"": ""1.0"",\n                    ""lcSpeedGain"": ""1.0"",\n                    ""lcStrategic"": ""1.0""\n                },\n                ""lane_change_mode"": 512\n            },\n            ""num_vehicles"": 13,\n            ""routing_controller"": [\n                ""ContinuousRouter"",\n                {}\n            ],\n            ""veh_id"": ""human""\n        },\n        {\n            ""acceleration_controller"": [\n                ""RLController"",\n                {}\n            ],\n            ""car_following_params"": {\n                ""controller_params"": {\n                    ""accel"": 1.0,\n                    ""carFollowModel"": ""IDM"",\n                    ""decel"": 1.5,\n                    ""impatience"": 0.5,\n                    ""maxSpeed"": 30,\n                    ""minGap"": 2.5,\n                    ""sigma"": 0.5,\n                    ""speedDev"": 0.1,\n                    ""speedFactor"": 1.0,\n                    ""tau"": 1.0\n                },\n                ""speed_mode"": 1\n            },\n            ""initial_speed"": 0,\n            ""lane_change_controller"": [\n                ""SimLaneChangeController"",\n                {}\n            ],\n            ""lane_change_params"": {\n                ""controller_params"": {\n                    ""laneChangeModel"": ""LC2013"",\n                    ""lcCooperative"": ""1.0"",\n                    ""lcKeepRight"": ""1.0"",\n                    ""lcSpeedGain"": ""1.0"",\n                    ""lcStrategic"": ""1.0""\n                },\n                ""lane_change_mode"": 512\n            },\n            ""num_vehicles"": 1,\n            ""routing_controller"": [\n                ""ContinuousRouter"",\n                {}\n            ],\n            ""veh_id"": ""rl""\n        }\n    ]\n}'}, 'env': 'AccelEnv-v0', 'local_evaluator_tf_session_args': {'inter_op_parallelism_threads': 8, 'intra_op_parallelism_threads': 8}, 'model': {'free_log_std': False, 'custom_options': {}, 'framestack': True, 'channel_major': False, 'max_seq_len': 20, 'lstm_use_prev_action_reward': False, 'squash_to_range': False, 'dim': 84, 'grayscale': False, 'fcnet_hiddens': [100, 50, 25], 'use_lstm': False, 'custom_model': None, 'fcnet_activation': 'tanh', 'conv_filters': None, 'conv_activation': 'relu', 'lstm_cell_size': 256, 'zero_mean': True, 'custom_preprocessor': None}, 'output_compress_columns': ['obs', 'new_obs'], 'monitor': False, 'custom_resources_per_worker': {}, 'output_max_file_size': 67108864, 'num_workers': 1, 'clip_param': 0.3, 'kl_coeff': 0.2, 'multiagent': {'policy_graphs': {}, 'policy_mapping_fn': None, 'policies_to_train': None}, 'input_evaluation': None, 'output': None, 'collect_metrics_timeout': 180, 'num_cpus_per_worker': 1}",169.237.32.118,1,1357.9,9.933436632156372,"{'num_steps_sampled': 400000, 'load_time_ms': 1.153, 'default': {'kl': 0.01371021568775177, 'cur_lr': 0.0005000000237487257, 'total_loss': 1.1103479862213135, 'policy_loss': -0.018848685547709465, 'vf_explained_var': 0.9709281921386719, 'entropy': 1.8258743286132812, 'cur_kl_coeff': 0.3467719852924347, 'vf_loss': 1.1244423389434814}, 'sample_time_ms': 9620.094, 'grad_time_ms': 279.337, 'update_time_ms': 4.508, 'num_steps_trained': 400000}",380.1287360086773,2019-04-02_08-18-08,kronos,71,400000,0,2477.582094192505,{},400000,250,250,2477.582094192505,465.38317018422237,1600,1554193088,{},0b32d2eec3344b1fbde4822793b2e447,74.12204501234977
False,317,"{'input': 'sampler', 'callbacks': {'on_train_result': None, 'on_sample_end': None, 'on_episode_step': None, 'on_episode_start': None, 'on_episode_end': None}, 'sample_batch_size': 200, 'clip_actions': False, 'clip_rewards': None, 'tf_session_args': {'inter_op_parallelism_threads': 2, 'intra_op_parallelism_threads': 2, 'device_count': {'CPU': 1}, 'log_device_placement': False, 'allow_soft_placement': True, 'gpu_options': {'allow_growth': True}}, 'kl_target': 0.01, 'horizon': 1500, 'lr': 0.0005, 'sample_async': False, 'simple_optimizer': False, 'compress_observations': False, 'num_envs_per_worker': 1, 'gamma': 0.99, 'sgd_minibatch_size': 128, 'observation_filter': 'NoFilter', 'entropy_coeff': 0.0, 'batch_mode': 'truncate_episodes', 'straggler_mitigation': False, 'vf_share_layers': False, 'num_gpus': 0, 'synchronize_filters': True, 'num_sgd_iter': 10, 'train_batch_size': 1500, 'optimizer': {}, 'num_gpus_per_worker': 0, 'preprocessor_pref': 'deepmind', 'num_cpus_for_driver': 1, 'lr_schedule': None, 'use_gae': True, 'lambda': 0.97, 'vf_loss_coeff': 1.0, 'vf_clip_param': 1000000.0, 'log_level': 'INFO', 'env_config': {'run': 'PPO', 'flow_params': '{\n    ""env"": {\n        ""additional_params"": {\n            ""max_accel"": 3,\n            ""max_decel"": 3,\n            ""sort_vehicles"": false,\n            ""target_velocity"": 20\n        },\n        ""evaluate"": false,\n        ""horizon"": 1500,\n        ""sims_per_step"": 1,\n        ""warmup_steps"": 0\n    },\n    ""env_name"": ""AccelEnv"",\n    ""exp_tag"": ""figure_eight_0"",\n    ""initial"": {\n        ""additional_params"": {},\n        ""bunching"": 0,\n        ""edges_distribution"": ""all"",\n        ""lanes_distribution"": Infinity,\n        ""min_gap"": 0,\n        ""perturbation"": 0.0,\n        ""shuffle"": false,\n        ""spacing"": ""uniform"",\n        ""x0"": 0\n    },\n    ""net"": {\n        ""additional_params"": {\n            ""lanes"": 1,\n            ""radius_ring"": 30,\n            ""resolution"": 40,\n            ""speed_limit"": 30\n        },\n        ""inflows"": {\n            ""_InFlows__flows"": [],\n            ""num_flows"": 0\n        },\n        ""netfile"": null,\n        ""no_internal_links"": false,\n        ""osm_path"": null\n    },\n    ""scenario"": ""Figure8Scenario"",\n    ""sim"": {\n        ""emission_path"": null,\n        ""lateral_resolution"": null,\n        ""no_step_log"": true,\n        ""num_clients"": 1,\n        ""overtake_right"": false,\n        ""port"": null,\n        ""print_warnings"": true,\n        ""pxpm"": 2,\n        ""render"": false,\n        ""restart_instance"": false,\n        ""save_render"": false,\n        ""seed"": null,\n        ""show_radius"": false,\n        ""sight_radius"": 25,\n        ""sim_step"": 0.1,\n        ""teleport_time"": -1\n    },\n    ""simulator"": ""traci"",\n    ""veh"": [\n        {\n            ""acceleration_controller"": [\n                ""IDMController"",\n                {\n                    ""noise"": 0.2\n                }\n            ],\n            ""car_following_params"": {\n                ""controller_params"": {\n                    ""accel"": 1.0,\n                    ""carFollowModel"": ""IDM"",\n                    ""decel"": 1.5,\n                    ""impatience"": 0.5,\n                    ""maxSpeed"": 30,\n                    ""minGap"": 2.5,\n                    ""sigma"": 0.5,\n                    ""speedDev"": 0.1,\n                    ""speedFactor"": 1.0,\n                    ""tau"": 1.0\n                },\n                ""speed_mode"": 1\n            },\n            ""initial_speed"": 0,\n            ""lane_change_controller"": [\n                ""SimLaneChangeController"",\n                {}\n            ],\n            ""lane_change_params"": {\n                ""controller_params"": {\n                    ""laneChangeModel"": ""LC2013"",\n                    ""lcCooperative"": ""1.0"",\n                    ""lcKeepRight"": ""1.0"",\n                    ""lcSpeedGain"": ""1.0"",\n                    ""lcStrategic"": ""1.0""\n                },\n                ""lane_change_mode"": 512\n            },\n            ""num_vehicles"": 13,\n            ""routing_controller"": [\n                ""ContinuousRouter"",\n                {}\n            ],\n            ""veh_id"": ""human""\n        },\n        {\n            ""acceleration_controller"": [\n                ""RLController"",\n                {}\n            ],\n            ""car_following_params"": {\n                ""controller_params"": {\n                    ""accel"": 1.0,\n                    ""carFollowModel"": ""IDM"",\n                    ""decel"": 1.5,\n                    ""impatience"": 0.5,\n                    ""maxSpeed"": 30,\n                    ""minGap"": 2.5,\n                    ""sigma"": 0.5,\n                    ""speedDev"": 0.1,\n                    ""speedFactor"": 1.0,\n                    ""tau"": 1.0\n                },\n                ""speed_mode"": 1\n            },\n            ""initial_speed"": 0,\n            ""lane_change_controller"": [\n                ""SimLaneChangeController"",\n                {}\n            ],\n            ""lane_change_params"": {\n                ""controller_params"": {\n                    ""laneChangeModel"": ""LC2013"",\n                    ""lcCooperative"": ""1.0"",\n                    ""lcKeepRight"": ""1.0"",\n                    ""lcSpeedGain"": ""1.0"",\n                    ""lcStrategic"": ""1.0""\n                },\n                ""lane_change_mode"": 512\n            },\n            ""num_vehicles"": 1,\n            ""routing_controller"": [\n                ""ContinuousRouter"",\n                {}\n            ],\n            ""veh_id"": ""rl""\n        }\n    ]\n}'}, 'env': 'AccelEnv-v0', 'local_evaluator_tf_session_args': {'inter_op_parallelism_threads': 8, 'intra_op_parallelism_threads': 8}, 'model': {'free_log_std': False, 'custom_options': {}, 'framestack': True, 'channel_major': False, 'max_seq_len': 20, 'lstm_use_prev_action_reward': False, 'squash_to_range': False, 'dim': 84, 'grayscale': False, 'fcnet_hiddens': [100, 50, 25], 'use_lstm': False, 'custom_model': None, 'fcnet_activation': 'tanh', 'conv_filters': None, 'conv_activation': 'relu', 'lstm_cell_size': 256, 'zero_mean': True, 'custom_preprocessor': None}, 'output_compress_columns': ['obs', 'new_obs'], 'monitor': False, 'custom_resources_per_worker': {}, 'output_max_file_size': 67108864, 'num_workers': 1, 'clip_param': 0.3, 'kl_coeff': 0.2, 'multiagent': {'policy_graphs': {}, 'policy_mapping_fn': None, 'policies_to_train': None}, 'input_evaluation': None, 'output': None, 'collect_metrics_timeout': 180, 'num_cpus_per_worker': 1}",169.237.32.118,1,1357.9,9.943143367767334,"{'num_steps_sampled': 401600, 'load_time_ms': 1.127, 'default': {'kl': 0.015532678924500942, 'cur_lr': 0.0005000000237487257, 'total_loss': 0.742954432964325, 'policy_loss': -0.021903524175286293, 'vf_explained_var': 0.982523500919342, 'entropy': 1.852708339691162, 'cur_kl_coeff': 0.3467719852924347, 'vf_loss': 0.759471595287323}, 'sample_time_ms': 9626.57, 'grad_time_ms': 278.436, 'update_time_ms': 4.775, 'num_steps_trained': 401600}",379.80306992931696,2019-04-02_08-18-18,kronos,71,401600,0,2487.525237560272,{},401600,251,251,2487.525237560272,465.38317018422237,1600,1554193098,{},0b32d2eec3344b1fbde4822793b2e447,74.12204501234977
False,318,"{'input': 'sampler', 'callbacks': {'on_train_result': None, 'on_sample_end': None, 'on_episode_step': None, 'on_episode_start': None, 'on_episode_end': None}, 'sample_batch_size': 200, 'clip_actions': False, 'clip_rewards': None, 'tf_session_args': {'inter_op_parallelism_threads': 2, 'intra_op_parallelism_threads': 2, 'device_count': {'CPU': 1}, 'log_device_placement': False, 'allow_soft_placement': True, 'gpu_options': {'allow_growth': True}}, 'kl_target': 0.01, 'horizon': 1500, 'lr': 0.0005, 'sample_async': False, 'simple_optimizer': False, 'compress_observations': False, 'num_envs_per_worker': 1, 'gamma': 0.99, 'sgd_minibatch_size': 128, 'observation_filter': 'NoFilter', 'entropy_coeff': 0.0, 'batch_mode': 'truncate_episodes', 'straggler_mitigation': False, 'vf_share_layers': False, 'num_gpus': 0, 'synchronize_filters': True, 'num_sgd_iter': 10, 'train_batch_size': 1500, 'optimizer': {}, 'num_gpus_per_worker': 0, 'preprocessor_pref': 'deepmind', 'num_cpus_for_driver': 1, 'lr_schedule': None, 'use_gae': True, 'lambda': 0.97, 'vf_loss_coeff': 1.0, 'vf_clip_param': 1000000.0, 'log_level': 'INFO', 'env_config': {'run': 'PPO', 'flow_params': '{\n    ""env"": {\n        ""additional_params"": {\n            ""max_accel"": 3,\n            ""max_decel"": 3,\n            ""sort_vehicles"": false,\n            ""target_velocity"": 20\n        },\n        ""evaluate"": false,\n        ""horizon"": 1500,\n        ""sims_per_step"": 1,\n        ""warmup_steps"": 0\n    },\n    ""env_name"": ""AccelEnv"",\n    ""exp_tag"": ""figure_eight_0"",\n    ""initial"": {\n        ""additional_params"": {},\n        ""bunching"": 0,\n        ""edges_distribution"": ""all"",\n        ""lanes_distribution"": Infinity,\n        ""min_gap"": 0,\n        ""perturbation"": 0.0,\n        ""shuffle"": false,\n        ""spacing"": ""uniform"",\n        ""x0"": 0\n    },\n    ""net"": {\n        ""additional_params"": {\n            ""lanes"": 1,\n            ""radius_ring"": 30,\n            ""resolution"": 40,\n            ""speed_limit"": 30\n        },\n        ""inflows"": {\n            ""_InFlows__flows"": [],\n            ""num_flows"": 0\n        },\n        ""netfile"": null,\n        ""no_internal_links"": false,\n        ""osm_path"": null\n    },\n    ""scenario"": ""Figure8Scenario"",\n    ""sim"": {\n        ""emission_path"": null,\n        ""lateral_resolution"": null,\n        ""no_step_log"": true,\n        ""num_clients"": 1,\n        ""overtake_right"": false,\n        ""port"": null,\n        ""print_warnings"": true,\n        ""pxpm"": 2,\n        ""render"": false,\n        ""restart_instance"": false,\n        ""save_render"": false,\n        ""seed"": null,\n        ""show_radius"": false,\n        ""sight_radius"": 25,\n        ""sim_step"": 0.1,\n        ""teleport_time"": -1\n    },\n    ""simulator"": ""traci"",\n    ""veh"": [\n        {\n            ""acceleration_controller"": [\n                ""IDMController"",\n                {\n                    ""noise"": 0.2\n                }\n            ],\n            ""car_following_params"": {\n                ""controller_params"": {\n                    ""accel"": 1.0,\n                    ""carFollowModel"": ""IDM"",\n                    ""decel"": 1.5,\n                    ""impatience"": 0.5,\n                    ""maxSpeed"": 30,\n                    ""minGap"": 2.5,\n                    ""sigma"": 0.5,\n                    ""speedDev"": 0.1,\n                    ""speedFactor"": 1.0,\n                    ""tau"": 1.0\n                },\n                ""speed_mode"": 1\n            },\n            ""initial_speed"": 0,\n            ""lane_change_controller"": [\n                ""SimLaneChangeController"",\n                {}\n            ],\n            ""lane_change_params"": {\n                ""controller_params"": {\n                    ""laneChangeModel"": ""LC2013"",\n                    ""lcCooperative"": ""1.0"",\n                    ""lcKeepRight"": ""1.0"",\n                    ""lcSpeedGain"": ""1.0"",\n                    ""lcStrategic"": ""1.0""\n                },\n                ""lane_change_mode"": 512\n            },\n            ""num_vehicles"": 13,\n            ""routing_controller"": [\n                ""ContinuousRouter"",\n                {}\n            ],\n            ""veh_id"": ""human""\n        },\n        {\n            ""acceleration_controller"": [\n                ""RLController"",\n                {}\n            ],\n            ""car_following_params"": {\n                ""controller_params"": {\n                    ""accel"": 1.0,\n                    ""carFollowModel"": ""IDM"",\n                    ""decel"": 1.5,\n                    ""impatience"": 0.5,\n                    ""maxSpeed"": 30,\n                    ""minGap"": 2.5,\n                    ""sigma"": 0.5,\n                    ""speedDev"": 0.1,\n                    ""speedFactor"": 1.0,\n                    ""tau"": 1.0\n                },\n                ""speed_mode"": 1\n            },\n            ""initial_speed"": 0,\n            ""lane_change_controller"": [\n                ""SimLaneChangeController"",\n                {}\n            ],\n            ""lane_change_params"": {\n                ""controller_params"": {\n                    ""laneChangeModel"": ""LC2013"",\n                    ""lcCooperative"": ""1.0"",\n                    ""lcKeepRight"": ""1.0"",\n                    ""lcSpeedGain"": ""1.0"",\n                    ""lcStrategic"": ""1.0""\n                },\n                ""lane_change_mode"": 512\n            },\n            ""num_vehicles"": 1,\n            ""routing_controller"": [\n                ""ContinuousRouter"",\n                {}\n            ],\n            ""veh_id"": ""rl""\n        }\n    ]\n}'}, 'env': 'AccelEnv-v0', 'local_evaluator_tf_session_args': {'inter_op_parallelism_threads': 8, 'intra_op_parallelism_threads': 8}, 'model': {'free_log_std': False, 'custom_options': {}, 'framestack': True, 'channel_major': False, 'max_seq_len': 20, 'lstm_use_prev_action_reward': False, 'squash_to_range': False, 'dim': 84, 'grayscale': False, 'fcnet_hiddens': [100, 50, 25], 'use_lstm': False, 'custom_model': None, 'fcnet_activation': 'tanh', 'conv_filters': None, 'conv_activation': 'relu', 'lstm_cell_size': 256, 'zero_mean': True, 'custom_preprocessor': None}, 'output_compress_columns': ['obs', 'new_obs'], 'monitor': False, 'custom_resources_per_worker': {}, 'output_max_file_size': 67108864, 'num_workers': 1, 'clip_param': 0.3, 'kl_coeff': 0.2, 'multiagent': {'policy_graphs': {}, 'policy_mapping_fn': None, 'policies_to_train': None}, 'input_evaluation': None, 'output': None, 'collect_metrics_timeout': 180, 'num_cpus_per_worker': 1}",169.237.32.118,1,1357.9,9.779128551483154,"{'num_steps_sampled': 403200, 'load_time_ms': 1.152, 'default': {'kl': 0.014373085461556911, 'cur_lr': 0.0005000000237487257, 'total_loss': 1.2296816110610962, 'policy_loss': -0.01938669942319393, 'vf_explained_var': 0.976003110408783, 'entropy': 1.8087002038955688, 'cur_kl_coeff': 0.3467719852924347, 'vf_loss': 1.244084119796753}, 'sample_time_ms': 9611.311, 'grad_time_ms': 278.062, 'update_time_ms': 4.757, 'num_steps_trained': 403200}",379.2580045603129,2019-04-02_08-18-28,kronos,71,403200,0,2497.3043661117554,{},403200,252,252,2497.3043661117554,465.38317018422237,1600,1554193108,{},0b32d2eec3344b1fbde4822793b2e447,74.12204501234977
False,319,"{'input': 'sampler', 'callbacks': {'on_train_result': None, 'on_sample_end': None, 'on_episode_step': None, 'on_episode_start': None, 'on_episode_end': None}, 'sample_batch_size': 200, 'clip_actions': False, 'clip_rewards': None, 'tf_session_args': {'inter_op_parallelism_threads': 2, 'intra_op_parallelism_threads': 2, 'device_count': {'CPU': 1}, 'log_device_placement': False, 'allow_soft_placement': True, 'gpu_options': {'allow_growth': True}}, 'kl_target': 0.01, 'horizon': 1500, 'lr': 0.0005, 'sample_async': False, 'simple_optimizer': False, 'compress_observations': False, 'num_envs_per_worker': 1, 'gamma': 0.99, 'sgd_minibatch_size': 128, 'observation_filter': 'NoFilter', 'entropy_coeff': 0.0, 'batch_mode': 'truncate_episodes', 'straggler_mitigation': False, 'vf_share_layers': False, 'num_gpus': 0, 'synchronize_filters': True, 'num_sgd_iter': 10, 'train_batch_size': 1500, 'optimizer': {}, 'num_gpus_per_worker': 0, 'preprocessor_pref': 'deepmind', 'num_cpus_for_driver': 1, 'lr_schedule': None, 'use_gae': True, 'lambda': 0.97, 'vf_loss_coeff': 1.0, 'vf_clip_param': 1000000.0, 'log_level': 'INFO', 'env_config': {'run': 'PPO', 'flow_params': '{\n    ""env"": {\n        ""additional_params"": {\n            ""max_accel"": 3,\n            ""max_decel"": 3,\n            ""sort_vehicles"": false,\n            ""target_velocity"": 20\n        },\n        ""evaluate"": false,\n        ""horizon"": 1500,\n        ""sims_per_step"": 1,\n        ""warmup_steps"": 0\n    },\n    ""env_name"": ""AccelEnv"",\n    ""exp_tag"": ""figure_eight_0"",\n    ""initial"": {\n        ""additional_params"": {},\n        ""bunching"": 0,\n        ""edges_distribution"": ""all"",\n        ""lanes_distribution"": Infinity,\n        ""min_gap"": 0,\n        ""perturbation"": 0.0,\n        ""shuffle"": false,\n        ""spacing"": ""uniform"",\n        ""x0"": 0\n    },\n    ""net"": {\n        ""additional_params"": {\n            ""lanes"": 1,\n            ""radius_ring"": 30,\n            ""resolution"": 40,\n            ""speed_limit"": 30\n        },\n        ""inflows"": {\n            ""_InFlows__flows"": [],\n            ""num_flows"": 0\n        },\n        ""netfile"": null,\n        ""no_internal_links"": false,\n        ""osm_path"": null\n    },\n    ""scenario"": ""Figure8Scenario"",\n    ""sim"": {\n        ""emission_path"": null,\n        ""lateral_resolution"": null,\n        ""no_step_log"": true,\n        ""num_clients"": 1,\n        ""overtake_right"": false,\n        ""port"": null,\n        ""print_warnings"": true,\n        ""pxpm"": 2,\n        ""render"": false,\n        ""restart_instance"": false,\n        ""save_render"": false,\n        ""seed"": null,\n        ""show_radius"": false,\n        ""sight_radius"": 25,\n        ""sim_step"": 0.1,\n        ""teleport_time"": -1\n    },\n    ""simulator"": ""traci"",\n    ""veh"": [\n        {\n            ""acceleration_controller"": [\n                ""IDMController"",\n                {\n                    ""noise"": 0.2\n                }\n            ],\n            ""car_following_params"": {\n                ""controller_params"": {\n                    ""accel"": 1.0,\n                    ""carFollowModel"": ""IDM"",\n                    ""decel"": 1.5,\n                    ""impatience"": 0.5,\n                    ""maxSpeed"": 30,\n                    ""minGap"": 2.5,\n                    ""sigma"": 0.5,\n                    ""speedDev"": 0.1,\n                    ""speedFactor"": 1.0,\n                    ""tau"": 1.0\n                },\n                ""speed_mode"": 1\n            },\n            ""initial_speed"": 0,\n            ""lane_change_controller"": [\n                ""SimLaneChangeController"",\n                {}\n            ],\n            ""lane_change_params"": {\n                ""controller_params"": {\n                    ""laneChangeModel"": ""LC2013"",\n                    ""lcCooperative"": ""1.0"",\n                    ""lcKeepRight"": ""1.0"",\n                    ""lcSpeedGain"": ""1.0"",\n                    ""lcStrategic"": ""1.0""\n                },\n                ""lane_change_mode"": 512\n            },\n            ""num_vehicles"": 13,\n            ""routing_controller"": [\n                ""ContinuousRouter"",\n                {}\n            ],\n            ""veh_id"": ""human""\n        },\n        {\n            ""acceleration_controller"": [\n                ""RLController"",\n                {}\n            ],\n            ""car_following_params"": {\n                ""controller_params"": {\n                    ""accel"": 1.0,\n                    ""carFollowModel"": ""IDM"",\n                    ""decel"": 1.5,\n                    ""impatience"": 0.5,\n                    ""maxSpeed"": 30,\n                    ""minGap"": 2.5,\n                    ""sigma"": 0.5,\n                    ""speedDev"": 0.1,\n                    ""speedFactor"": 1.0,\n                    ""tau"": 1.0\n                },\n                ""speed_mode"": 1\n            },\n            ""initial_speed"": 0,\n            ""lane_change_controller"": [\n                ""SimLaneChangeController"",\n                {}\n            ],\n            ""lane_change_params"": {\n                ""controller_params"": {\n                    ""laneChangeModel"": ""LC2013"",\n                    ""lcCooperative"": ""1.0"",\n                    ""lcKeepRight"": ""1.0"",\n                    ""lcSpeedGain"": ""1.0"",\n                    ""lcStrategic"": ""1.0""\n                },\n                ""lane_change_mode"": 512\n            },\n            ""num_vehicles"": 1,\n            ""routing_controller"": [\n                ""ContinuousRouter"",\n                {}\n            ],\n            ""veh_id"": ""rl""\n        }\n    ]\n}'}, 'env': 'AccelEnv-v0', 'local_evaluator_tf_session_args': {'inter_op_parallelism_threads': 8, 'intra_op_parallelism_threads': 8}, 'model': {'free_log_std': False, 'custom_options': {}, 'framestack': True, 'channel_major': False, 'max_seq_len': 20, 'lstm_use_prev_action_reward': False, 'squash_to_range': False, 'dim': 84, 'grayscale': False, 'fcnet_hiddens': [100, 50, 25], 'use_lstm': False, 'custom_model': None, 'fcnet_activation': 'tanh', 'conv_filters': None, 'conv_activation': 'relu', 'lstm_cell_size': 256, 'zero_mean': True, 'custom_preprocessor': None}, 'output_compress_columns': ['obs', 'new_obs'], 'monitor': False, 'custom_resources_per_worker': {}, 'output_max_file_size': 67108864, 'num_workers': 1, 'clip_param': 0.3, 'kl_coeff': 0.2, 'multiagent': {'policy_graphs': {}, 'policy_mapping_fn': None, 'policies_to_train': None}, 'input_evaluation': None, 'output': None, 'collect_metrics_timeout': 180, 'num_cpus_per_worker': 1}",169.237.32.118,1,1352.45,9.908895254135132,"{'num_steps_sampled': 404800, 'load_time_ms': 1.174, 'default': {'kl': 0.016220204532146454, 'cur_lr': 0.0005000000237487257, 'total_loss': 0.3284682035446167, 'policy_loss': -0.028364086523652077, 'vf_explained_var': 0.994891345500946, 'entropy': 1.9864197969436646, 'cur_kl_coeff': 0.3467719852924347, 'vf_loss': 0.35120758414268494}, 'sample_time_ms': 9608.415, 'grad_time_ms': 277.573, 'update_time_ms': 4.737, 'num_steps_trained': 404800}",378.28412828896415,2019-04-02_08-18-38,kronos,71,404800,0,2507.2132613658905,{},404800,253,253,2507.2132613658905,465.38317018422237,1600,1554193118,{},0b32d2eec3344b1fbde4822793b2e447,74.12204501234977
False,321,"{'input': 'sampler', 'callbacks': {'on_train_result': None, 'on_sample_end': None, 'on_episode_step': None, 'on_episode_start': None, 'on_episode_end': None}, 'sample_batch_size': 200, 'clip_actions': False, 'clip_rewards': None, 'tf_session_args': {'inter_op_parallelism_threads': 2, 'intra_op_parallelism_threads': 2, 'device_count': {'CPU': 1}, 'log_device_placement': False, 'allow_soft_placement': True, 'gpu_options': {'allow_growth': True}}, 'kl_target': 0.01, 'horizon': 1500, 'lr': 0.0005, 'sample_async': False, 'simple_optimizer': False, 'compress_observations': False, 'num_envs_per_worker': 1, 'gamma': 0.99, 'sgd_minibatch_size': 128, 'observation_filter': 'NoFilter', 'entropy_coeff': 0.0, 'batch_mode': 'truncate_episodes', 'straggler_mitigation': False, 'vf_share_layers': False, 'num_gpus': 0, 'synchronize_filters': True, 'num_sgd_iter': 10, 'train_batch_size': 1500, 'optimizer': {}, 'num_gpus_per_worker': 0, 'preprocessor_pref': 'deepmind', 'num_cpus_for_driver': 1, 'lr_schedule': None, 'use_gae': True, 'lambda': 0.97, 'vf_loss_coeff': 1.0, 'vf_clip_param': 1000000.0, 'log_level': 'INFO', 'env_config': {'run': 'PPO', 'flow_params': '{\n    ""env"": {\n        ""additional_params"": {\n            ""max_accel"": 3,\n            ""max_decel"": 3,\n            ""sort_vehicles"": false,\n            ""target_velocity"": 20\n        },\n        ""evaluate"": false,\n        ""horizon"": 1500,\n        ""sims_per_step"": 1,\n        ""warmup_steps"": 0\n    },\n    ""env_name"": ""AccelEnv"",\n    ""exp_tag"": ""figure_eight_0"",\n    ""initial"": {\n        ""additional_params"": {},\n        ""bunching"": 0,\n        ""edges_distribution"": ""all"",\n        ""lanes_distribution"": Infinity,\n        ""min_gap"": 0,\n        ""perturbation"": 0.0,\n        ""shuffle"": false,\n        ""spacing"": ""uniform"",\n        ""x0"": 0\n    },\n    ""net"": {\n        ""additional_params"": {\n            ""lanes"": 1,\n            ""radius_ring"": 30,\n            ""resolution"": 40,\n            ""speed_limit"": 30\n        },\n        ""inflows"": {\n            ""_InFlows__flows"": [],\n            ""num_flows"": 0\n        },\n        ""netfile"": null,\n        ""no_internal_links"": false,\n        ""osm_path"": null\n    },\n    ""scenario"": ""Figure8Scenario"",\n    ""sim"": {\n        ""emission_path"": null,\n        ""lateral_resolution"": null,\n        ""no_step_log"": true,\n        ""num_clients"": 1,\n        ""overtake_right"": false,\n        ""port"": null,\n        ""print_warnings"": true,\n        ""pxpm"": 2,\n        ""render"": false,\n        ""restart_instance"": false,\n        ""save_render"": false,\n        ""seed"": null,\n        ""show_radius"": false,\n        ""sight_radius"": 25,\n        ""sim_step"": 0.1,\n        ""teleport_time"": -1\n    },\n    ""simulator"": ""traci"",\n    ""veh"": [\n        {\n            ""acceleration_controller"": [\n                ""IDMController"",\n                {\n                    ""noise"": 0.2\n                }\n            ],\n            ""car_following_params"": {\n                ""controller_params"": {\n                    ""accel"": 1.0,\n                    ""carFollowModel"": ""IDM"",\n                    ""decel"": 1.5,\n                    ""impatience"": 0.5,\n                    ""maxSpeed"": 30,\n                    ""minGap"": 2.5,\n                    ""sigma"": 0.5,\n                    ""speedDev"": 0.1,\n                    ""speedFactor"": 1.0,\n                    ""tau"": 1.0\n                },\n                ""speed_mode"": 1\n            },\n            ""initial_speed"": 0,\n            ""lane_change_controller"": [\n                ""SimLaneChangeController"",\n                {}\n            ],\n            ""lane_change_params"": {\n                ""controller_params"": {\n                    ""laneChangeModel"": ""LC2013"",\n                    ""lcCooperative"": ""1.0"",\n                    ""lcKeepRight"": ""1.0"",\n                    ""lcSpeedGain"": ""1.0"",\n                    ""lcStrategic"": ""1.0""\n                },\n                ""lane_change_mode"": 512\n            },\n            ""num_vehicles"": 13,\n            ""routing_controller"": [\n                ""ContinuousRouter"",\n                {}\n            ],\n            ""veh_id"": ""human""\n        },\n        {\n            ""acceleration_controller"": [\n                ""RLController"",\n                {}\n            ],\n            ""car_following_params"": {\n                ""controller_params"": {\n                    ""accel"": 1.0,\n                    ""carFollowModel"": ""IDM"",\n                    ""decel"": 1.5,\n                    ""impatience"": 0.5,\n                    ""maxSpeed"": 30,\n                    ""minGap"": 2.5,\n                    ""sigma"": 0.5,\n                    ""speedDev"": 0.1,\n                    ""speedFactor"": 1.0,\n                    ""tau"": 1.0\n                },\n                ""speed_mode"": 1\n            },\n            ""initial_speed"": 0,\n            ""lane_change_controller"": [\n                ""SimLaneChangeController"",\n                {}\n            ],\n            ""lane_change_params"": {\n                ""controller_params"": {\n                    ""laneChangeModel"": ""LC2013"",\n                    ""lcCooperative"": ""1.0"",\n                    ""lcKeepRight"": ""1.0"",\n                    ""lcSpeedGain"": ""1.0"",\n                    ""lcStrategic"": ""1.0""\n                },\n                ""lane_change_mode"": 512\n            },\n            ""num_vehicles"": 1,\n            ""routing_controller"": [\n                ""ContinuousRouter"",\n                {}\n            ],\n            ""veh_id"": ""rl""\n        }\n    ]\n}'}, 'env': 'AccelEnv-v0', 'local_evaluator_tf_session_args': {'inter_op_parallelism_threads': 8, 'intra_op_parallelism_threads': 8}, 'model': {'free_log_std': False, 'custom_options': {}, 'framestack': True, 'channel_major': False, 'max_seq_len': 20, 'lstm_use_prev_action_reward': False, 'squash_to_range': False, 'dim': 84, 'grayscale': False, 'fcnet_hiddens': [100, 50, 25], 'use_lstm': False, 'custom_model': None, 'fcnet_activation': 'tanh', 'conv_filters': None, 'conv_activation': 'relu', 'lstm_cell_size': 256, 'zero_mean': True, 'custom_preprocessor': None}, 'output_compress_columns': ['obs', 'new_obs'], 'monitor': False, 'custom_resources_per_worker': {}, 'output_max_file_size': 67108864, 'num_workers': 1, 'clip_param': 0.3, 'kl_coeff': 0.2, 'multiagent': {'policy_graphs': {}, 'policy_mapping_fn': None, 'policies_to_train': None}, 'input_evaluation': None, 'output': None, 'collect_metrics_timeout': 180, 'num_cpus_per_worker': 1}",169.237.32.118,2,1351.5,9.587221622467041,"{'num_steps_sampled': 406400, 'load_time_ms': 1.199, 'default': {'kl': 0.009348238818347454, 'cur_lr': 0.0005000000237487257, 'total_loss': 1.7248578071594238, 'policy_loss': -0.025524141266942024, 'vf_explained_var': 0.9772062301635742, 'entropy': 1.9331802129745483, 'cur_kl_coeff': 0.3467719852924347, 'vf_loss': 1.7471402883529663}, 'sample_time_ms': 9576.568, 'grad_time_ms': 276.989, 'update_time_ms': 4.689, 'num_steps_trained': 406400}",377.63232378946515,2019-04-02_08-18-47,kronos,71,406400,0,2516.8004829883575,{},406400,254,254,2516.8004829883575,465.38317018422237,1600,1554193127,{},0b32d2eec3344b1fbde4822793b2e447,74.12204501234977
False,322,"{'input': 'sampler', 'callbacks': {'on_train_result': None, 'on_sample_end': None, 'on_episode_step': None, 'on_episode_start': None, 'on_episode_end': None}, 'sample_batch_size': 200, 'clip_actions': False, 'clip_rewards': None, 'tf_session_args': {'inter_op_parallelism_threads': 2, 'intra_op_parallelism_threads': 2, 'device_count': {'CPU': 1}, 'log_device_placement': False, 'allow_soft_placement': True, 'gpu_options': {'allow_growth': True}}, 'kl_target': 0.01, 'horizon': 1500, 'lr': 0.0005, 'sample_async': False, 'simple_optimizer': False, 'compress_observations': False, 'num_envs_per_worker': 1, 'gamma': 0.99, 'sgd_minibatch_size': 128, 'observation_filter': 'NoFilter', 'entropy_coeff': 0.0, 'batch_mode': 'truncate_episodes', 'straggler_mitigation': False, 'vf_share_layers': False, 'num_gpus': 0, 'synchronize_filters': True, 'num_sgd_iter': 10, 'train_batch_size': 1500, 'optimizer': {}, 'num_gpus_per_worker': 0, 'preprocessor_pref': 'deepmind', 'num_cpus_for_driver': 1, 'lr_schedule': None, 'use_gae': True, 'lambda': 0.97, 'vf_loss_coeff': 1.0, 'vf_clip_param': 1000000.0, 'log_level': 'INFO', 'env_config': {'run': 'PPO', 'flow_params': '{\n    ""env"": {\n        ""additional_params"": {\n            ""max_accel"": 3,\n            ""max_decel"": 3,\n            ""sort_vehicles"": false,\n            ""target_velocity"": 20\n        },\n        ""evaluate"": false,\n        ""horizon"": 1500,\n        ""sims_per_step"": 1,\n        ""warmup_steps"": 0\n    },\n    ""env_name"": ""AccelEnv"",\n    ""exp_tag"": ""figure_eight_0"",\n    ""initial"": {\n        ""additional_params"": {},\n        ""bunching"": 0,\n        ""edges_distribution"": ""all"",\n        ""lanes_distribution"": Infinity,\n        ""min_gap"": 0,\n        ""perturbation"": 0.0,\n        ""shuffle"": false,\n        ""spacing"": ""uniform"",\n        ""x0"": 0\n    },\n    ""net"": {\n        ""additional_params"": {\n            ""lanes"": 1,\n            ""radius_ring"": 30,\n            ""resolution"": 40,\n            ""speed_limit"": 30\n        },\n        ""inflows"": {\n            ""_InFlows__flows"": [],\n            ""num_flows"": 0\n        },\n        ""netfile"": null,\n        ""no_internal_links"": false,\n        ""osm_path"": null\n    },\n    ""scenario"": ""Figure8Scenario"",\n    ""sim"": {\n        ""emission_path"": null,\n        ""lateral_resolution"": null,\n        ""no_step_log"": true,\n        ""num_clients"": 1,\n        ""overtake_right"": false,\n        ""port"": null,\n        ""print_warnings"": true,\n        ""pxpm"": 2,\n        ""render"": false,\n        ""restart_instance"": false,\n        ""save_render"": false,\n        ""seed"": null,\n        ""show_radius"": false,\n        ""sight_radius"": 25,\n        ""sim_step"": 0.1,\n        ""teleport_time"": -1\n    },\n    ""simulator"": ""traci"",\n    ""veh"": [\n        {\n            ""acceleration_controller"": [\n                ""IDMController"",\n                {\n                    ""noise"": 0.2\n                }\n            ],\n            ""car_following_params"": {\n                ""controller_params"": {\n                    ""accel"": 1.0,\n                    ""carFollowModel"": ""IDM"",\n                    ""decel"": 1.5,\n                    ""impatience"": 0.5,\n                    ""maxSpeed"": 30,\n                    ""minGap"": 2.5,\n                    ""sigma"": 0.5,\n                    ""speedDev"": 0.1,\n                    ""speedFactor"": 1.0,\n                    ""tau"": 1.0\n                },\n                ""speed_mode"": 1\n            },\n            ""initial_speed"": 0,\n            ""lane_change_controller"": [\n                ""SimLaneChangeController"",\n                {}\n            ],\n            ""lane_change_params"": {\n                ""controller_params"": {\n                    ""laneChangeModel"": ""LC2013"",\n                    ""lcCooperative"": ""1.0"",\n                    ""lcKeepRight"": ""1.0"",\n                    ""lcSpeedGain"": ""1.0"",\n                    ""lcStrategic"": ""1.0""\n                },\n                ""lane_change_mode"": 512\n            },\n            ""num_vehicles"": 13,\n            ""routing_controller"": [\n                ""ContinuousRouter"",\n                {}\n            ],\n            ""veh_id"": ""human""\n        },\n        {\n            ""acceleration_controller"": [\n                ""RLController"",\n                {}\n            ],\n            ""car_following_params"": {\n                ""controller_params"": {\n                    ""accel"": 1.0,\n                    ""carFollowModel"": ""IDM"",\n                    ""decel"": 1.5,\n                    ""impatience"": 0.5,\n                    ""maxSpeed"": 30,\n                    ""minGap"": 2.5,\n                    ""sigma"": 0.5,\n                    ""speedDev"": 0.1,\n                    ""speedFactor"": 1.0,\n                    ""tau"": 1.0\n                },\n                ""speed_mode"": 1\n            },\n            ""initial_speed"": 0,\n            ""lane_change_controller"": [\n                ""SimLaneChangeController"",\n                {}\n            ],\n            ""lane_change_params"": {\n                ""controller_params"": {\n                    ""laneChangeModel"": ""LC2013"",\n                    ""lcCooperative"": ""1.0"",\n                    ""lcKeepRight"": ""1.0"",\n                    ""lcSpeedGain"": ""1.0"",\n                    ""lcStrategic"": ""1.0""\n                },\n                ""lane_change_mode"": 512\n            },\n            ""num_vehicles"": 1,\n            ""routing_controller"": [\n                ""ContinuousRouter"",\n                {}\n            ],\n            ""veh_id"": ""rl""\n        }\n    ]\n}'}, 'env': 'AccelEnv-v0', 'local_evaluator_tf_session_args': {'inter_op_parallelism_threads': 8, 'intra_op_parallelism_threads': 8}, 'model': {'free_log_std': False, 'custom_options': {}, 'framestack': True, 'channel_major': False, 'max_seq_len': 20, 'lstm_use_prev_action_reward': False, 'squash_to_range': False, 'dim': 84, 'grayscale': False, 'fcnet_hiddens': [100, 50, 25], 'use_lstm': False, 'custom_model': None, 'fcnet_activation': 'tanh', 'conv_filters': None, 'conv_activation': 'relu', 'lstm_cell_size': 256, 'zero_mean': True, 'custom_preprocessor': None}, 'output_compress_columns': ['obs', 'new_obs'], 'monitor': False, 'custom_resources_per_worker': {}, 'output_max_file_size': 67108864, 'num_workers': 1, 'clip_param': 0.3, 'kl_coeff': 0.2, 'multiagent': {'policy_graphs': {}, 'policy_mapping_fn': None, 'policies_to_train': None}, 'input_evaluation': None, 'output': None, 'collect_metrics_timeout': 180, 'num_cpus_per_worker': 1}",169.237.32.118,1,1351.5,9.814710140228271,"{'num_steps_sampled': 408000, 'load_time_ms': 1.242, 'default': {'kl': 0.006674665957689285, 'cur_lr': 0.0005000000237487257, 'total_loss': 0.4184853136539459, 'policy_loss': -0.008646066300570965, 'vf_explained_var': 0.9903674125671387, 'entropy': 1.9088020324707031, 'cur_kl_coeff': 0.3467719852924347, 'vf_loss': 0.4248168170452118}, 'sample_time_ms': 9562.769, 'grad_time_ms': 276.642, 'update_time_ms': 4.734, 'num_steps_trained': 408000}",377.65795820878685,2019-04-02_08-18-57,kronos,71,408000,0,2526.615193128586,{},408000,255,255,2526.615193128586,465.38317018422237,1600,1554193137,{},0b32d2eec3344b1fbde4822793b2e447,74.12204501234977
False,324,"{'input': 'sampler', 'callbacks': {'on_train_result': None, 'on_sample_end': None, 'on_episode_step': None, 'on_episode_start': None, 'on_episode_end': None}, 'sample_batch_size': 200, 'clip_actions': False, 'clip_rewards': None, 'tf_session_args': {'inter_op_parallelism_threads': 2, 'intra_op_parallelism_threads': 2, 'device_count': {'CPU': 1}, 'log_device_placement': False, 'allow_soft_placement': True, 'gpu_options': {'allow_growth': True}}, 'kl_target': 0.01, 'horizon': 1500, 'lr': 0.0005, 'sample_async': False, 'simple_optimizer': False, 'compress_observations': False, 'num_envs_per_worker': 1, 'gamma': 0.99, 'sgd_minibatch_size': 128, 'observation_filter': 'NoFilter', 'entropy_coeff': 0.0, 'batch_mode': 'truncate_episodes', 'straggler_mitigation': False, 'vf_share_layers': False, 'num_gpus': 0, 'synchronize_filters': True, 'num_sgd_iter': 10, 'train_batch_size': 1500, 'optimizer': {}, 'num_gpus_per_worker': 0, 'preprocessor_pref': 'deepmind', 'num_cpus_for_driver': 1, 'lr_schedule': None, 'use_gae': True, 'lambda': 0.97, 'vf_loss_coeff': 1.0, 'vf_clip_param': 1000000.0, 'log_level': 'INFO', 'env_config': {'run': 'PPO', 'flow_params': '{\n    ""env"": {\n        ""additional_params"": {\n            ""max_accel"": 3,\n            ""max_decel"": 3,\n            ""sort_vehicles"": false,\n            ""target_velocity"": 20\n        },\n        ""evaluate"": false,\n        ""horizon"": 1500,\n        ""sims_per_step"": 1,\n        ""warmup_steps"": 0\n    },\n    ""env_name"": ""AccelEnv"",\n    ""exp_tag"": ""figure_eight_0"",\n    ""initial"": {\n        ""additional_params"": {},\n        ""bunching"": 0,\n        ""edges_distribution"": ""all"",\n        ""lanes_distribution"": Infinity,\n        ""min_gap"": 0,\n        ""perturbation"": 0.0,\n        ""shuffle"": false,\n        ""spacing"": ""uniform"",\n        ""x0"": 0\n    },\n    ""net"": {\n        ""additional_params"": {\n            ""lanes"": 1,\n            ""radius_ring"": 30,\n            ""resolution"": 40,\n            ""speed_limit"": 30\n        },\n        ""inflows"": {\n            ""_InFlows__flows"": [],\n            ""num_flows"": 0\n        },\n        ""netfile"": null,\n        ""no_internal_links"": false,\n        ""osm_path"": null\n    },\n    ""scenario"": ""Figure8Scenario"",\n    ""sim"": {\n        ""emission_path"": null,\n        ""lateral_resolution"": null,\n        ""no_step_log"": true,\n        ""num_clients"": 1,\n        ""overtake_right"": false,\n        ""port"": null,\n        ""print_warnings"": true,\n        ""pxpm"": 2,\n        ""render"": false,\n        ""restart_instance"": false,\n        ""save_render"": false,\n        ""seed"": null,\n        ""show_radius"": false,\n        ""sight_radius"": 25,\n        ""sim_step"": 0.1,\n        ""teleport_time"": -1\n    },\n    ""simulator"": ""traci"",\n    ""veh"": [\n        {\n            ""acceleration_controller"": [\n                ""IDMController"",\n                {\n                    ""noise"": 0.2\n                }\n            ],\n            ""car_following_params"": {\n                ""controller_params"": {\n                    ""accel"": 1.0,\n                    ""carFollowModel"": ""IDM"",\n                    ""decel"": 1.5,\n                    ""impatience"": 0.5,\n                    ""maxSpeed"": 30,\n                    ""minGap"": 2.5,\n                    ""sigma"": 0.5,\n                    ""speedDev"": 0.1,\n                    ""speedFactor"": 1.0,\n                    ""tau"": 1.0\n                },\n                ""speed_mode"": 1\n            },\n            ""initial_speed"": 0,\n            ""lane_change_controller"": [\n                ""SimLaneChangeController"",\n                {}\n            ],\n            ""lane_change_params"": {\n                ""controller_params"": {\n                    ""laneChangeModel"": ""LC2013"",\n                    ""lcCooperative"": ""1.0"",\n                    ""lcKeepRight"": ""1.0"",\n                    ""lcSpeedGain"": ""1.0"",\n                    ""lcStrategic"": ""1.0""\n                },\n                ""lane_change_mode"": 512\n            },\n            ""num_vehicles"": 13,\n            ""routing_controller"": [\n                ""ContinuousRouter"",\n                {}\n            ],\n            ""veh_id"": ""human""\n        },\n        {\n            ""acceleration_controller"": [\n                ""RLController"",\n                {}\n            ],\n            ""car_following_params"": {\n                ""controller_params"": {\n                    ""accel"": 1.0,\n                    ""carFollowModel"": ""IDM"",\n                    ""decel"": 1.5,\n                    ""impatience"": 0.5,\n                    ""maxSpeed"": 30,\n                    ""minGap"": 2.5,\n                    ""sigma"": 0.5,\n                    ""speedDev"": 0.1,\n                    ""speedFactor"": 1.0,\n                    ""tau"": 1.0\n                },\n                ""speed_mode"": 1\n            },\n            ""initial_speed"": 0,\n            ""lane_change_controller"": [\n                ""SimLaneChangeController"",\n                {}\n            ],\n            ""lane_change_params"": {\n                ""controller_params"": {\n                    ""laneChangeModel"": ""LC2013"",\n                    ""lcCooperative"": ""1.0"",\n                    ""lcKeepRight"": ""1.0"",\n                    ""lcSpeedGain"": ""1.0"",\n                    ""lcStrategic"": ""1.0""\n                },\n                ""lane_change_mode"": 512\n            },\n            ""num_vehicles"": 1,\n            ""routing_controller"": [\n                ""ContinuousRouter"",\n                {}\n            ],\n            ""veh_id"": ""rl""\n        }\n    ]\n}'}, 'env': 'AccelEnv-v0', 'local_evaluator_tf_session_args': {'inter_op_parallelism_threads': 8, 'intra_op_parallelism_threads': 8}, 'model': {'free_log_std': False, 'custom_options': {}, 'framestack': True, 'channel_major': False, 'max_seq_len': 20, 'lstm_use_prev_action_reward': False, 'squash_to_range': False, 'dim': 84, 'grayscale': False, 'fcnet_hiddens': [100, 50, 25], 'use_lstm': False, 'custom_model': None, 'fcnet_activation': 'tanh', 'conv_filters': None, 'conv_activation': 'relu', 'lstm_cell_size': 256, 'zero_mean': True, 'custom_preprocessor': None}, 'output_compress_columns': ['obs', 'new_obs'], 'monitor': False, 'custom_resources_per_worker': {}, 'output_max_file_size': 67108864, 'num_workers': 1, 'clip_param': 0.3, 'kl_coeff': 0.2, 'multiagent': {'policy_graphs': {}, 'policy_mapping_fn': None, 'policies_to_train': None}, 'input_evaluation': None, 'output': None, 'collect_metrics_timeout': 180, 'num_cpus_per_worker': 1}",169.237.32.118,2,1345.37,9.861537456512451,"{'num_steps_sampled': 409600, 'load_time_ms': 1.234, 'default': {'kl': 0.00786301214247942, 'cur_lr': 0.0005000000237487257, 'total_loss': 1.0230470895767212, 'policy_loss': -0.01703701727092266, 'vf_explained_var': 0.9849255084991455, 'entropy': 1.9863418340682983, 'cur_kl_coeff': 0.3467719852924347, 'vf_loss': 1.0373574495315552}, 'sample_time_ms': 9559.912, 'grad_time_ms': 277.914, 'update_time_ms': 4.771, 'num_steps_trained': 409600}",375.1579917159437,2019-04-02_08-19-07,kronos,71,409600,0,2536.4767305850983,{},409600,256,256,2536.4767305850983,465.38317018422237,1600,1554193147,{},0b32d2eec3344b1fbde4822793b2e447,74.12204501234977
False,325,"{'input': 'sampler', 'callbacks': {'on_train_result': None, 'on_sample_end': None, 'on_episode_step': None, 'on_episode_start': None, 'on_episode_end': None}, 'sample_batch_size': 200, 'clip_actions': False, 'clip_rewards': None, 'tf_session_args': {'inter_op_parallelism_threads': 2, 'intra_op_parallelism_threads': 2, 'device_count': {'CPU': 1}, 'log_device_placement': False, 'allow_soft_placement': True, 'gpu_options': {'allow_growth': True}}, 'kl_target': 0.01, 'horizon': 1500, 'lr': 0.0005, 'sample_async': False, 'simple_optimizer': False, 'compress_observations': False, 'num_envs_per_worker': 1, 'gamma': 0.99, 'sgd_minibatch_size': 128, 'observation_filter': 'NoFilter', 'entropy_coeff': 0.0, 'batch_mode': 'truncate_episodes', 'straggler_mitigation': False, 'vf_share_layers': False, 'num_gpus': 0, 'synchronize_filters': True, 'num_sgd_iter': 10, 'train_batch_size': 1500, 'optimizer': {}, 'num_gpus_per_worker': 0, 'preprocessor_pref': 'deepmind', 'num_cpus_for_driver': 1, 'lr_schedule': None, 'use_gae': True, 'lambda': 0.97, 'vf_loss_coeff': 1.0, 'vf_clip_param': 1000000.0, 'log_level': 'INFO', 'env_config': {'run': 'PPO', 'flow_params': '{\n    ""env"": {\n        ""additional_params"": {\n            ""max_accel"": 3,\n            ""max_decel"": 3,\n            ""sort_vehicles"": false,\n            ""target_velocity"": 20\n        },\n        ""evaluate"": false,\n        ""horizon"": 1500,\n        ""sims_per_step"": 1,\n        ""warmup_steps"": 0\n    },\n    ""env_name"": ""AccelEnv"",\n    ""exp_tag"": ""figure_eight_0"",\n    ""initial"": {\n        ""additional_params"": {},\n        ""bunching"": 0,\n        ""edges_distribution"": ""all"",\n        ""lanes_distribution"": Infinity,\n        ""min_gap"": 0,\n        ""perturbation"": 0.0,\n        ""shuffle"": false,\n        ""spacing"": ""uniform"",\n        ""x0"": 0\n    },\n    ""net"": {\n        ""additional_params"": {\n            ""lanes"": 1,\n            ""radius_ring"": 30,\n            ""resolution"": 40,\n            ""speed_limit"": 30\n        },\n        ""inflows"": {\n            ""_InFlows__flows"": [],\n            ""num_flows"": 0\n        },\n        ""netfile"": null,\n        ""no_internal_links"": false,\n        ""osm_path"": null\n    },\n    ""scenario"": ""Figure8Scenario"",\n    ""sim"": {\n        ""emission_path"": null,\n        ""lateral_resolution"": null,\n        ""no_step_log"": true,\n        ""num_clients"": 1,\n        ""overtake_right"": false,\n        ""port"": null,\n        ""print_warnings"": true,\n        ""pxpm"": 2,\n        ""render"": false,\n        ""restart_instance"": false,\n        ""save_render"": false,\n        ""seed"": null,\n        ""show_radius"": false,\n        ""sight_radius"": 25,\n        ""sim_step"": 0.1,\n        ""teleport_time"": -1\n    },\n    ""simulator"": ""traci"",\n    ""veh"": [\n        {\n            ""acceleration_controller"": [\n                ""IDMController"",\n                {\n                    ""noise"": 0.2\n                }\n            ],\n            ""car_following_params"": {\n                ""controller_params"": {\n                    ""accel"": 1.0,\n                    ""carFollowModel"": ""IDM"",\n                    ""decel"": 1.5,\n                    ""impatience"": 0.5,\n                    ""maxSpeed"": 30,\n                    ""minGap"": 2.5,\n                    ""sigma"": 0.5,\n                    ""speedDev"": 0.1,\n                    ""speedFactor"": 1.0,\n                    ""tau"": 1.0\n                },\n                ""speed_mode"": 1\n            },\n            ""initial_speed"": 0,\n            ""lane_change_controller"": [\n                ""SimLaneChangeController"",\n                {}\n            ],\n            ""lane_change_params"": {\n                ""controller_params"": {\n                    ""laneChangeModel"": ""LC2013"",\n                    ""lcCooperative"": ""1.0"",\n                    ""lcKeepRight"": ""1.0"",\n                    ""lcSpeedGain"": ""1.0"",\n                    ""lcStrategic"": ""1.0""\n                },\n                ""lane_change_mode"": 512\n            },\n            ""num_vehicles"": 13,\n            ""routing_controller"": [\n                ""ContinuousRouter"",\n                {}\n            ],\n            ""veh_id"": ""human""\n        },\n        {\n            ""acceleration_controller"": [\n                ""RLController"",\n                {}\n            ],\n            ""car_following_params"": {\n                ""controller_params"": {\n                    ""accel"": 1.0,\n                    ""carFollowModel"": ""IDM"",\n                    ""decel"": 1.5,\n                    ""impatience"": 0.5,\n                    ""maxSpeed"": 30,\n                    ""minGap"": 2.5,\n                    ""sigma"": 0.5,\n                    ""speedDev"": 0.1,\n                    ""speedFactor"": 1.0,\n                    ""tau"": 1.0\n                },\n                ""speed_mode"": 1\n            },\n            ""initial_speed"": 0,\n            ""lane_change_controller"": [\n                ""SimLaneChangeController"",\n                {}\n            ],\n            ""lane_change_params"": {\n                ""controller_params"": {\n                    ""laneChangeModel"": ""LC2013"",\n                    ""lcCooperative"": ""1.0"",\n                    ""lcKeepRight"": ""1.0"",\n                    ""lcSpeedGain"": ""1.0"",\n                    ""lcStrategic"": ""1.0""\n                },\n                ""lane_change_mode"": 512\n            },\n            ""num_vehicles"": 1,\n            ""routing_controller"": [\n                ""ContinuousRouter"",\n                {}\n            ],\n            ""veh_id"": ""rl""\n        }\n    ]\n}'}, 'env': 'AccelEnv-v0', 'local_evaluator_tf_session_args': {'inter_op_parallelism_threads': 8, 'intra_op_parallelism_threads': 8}, 'model': {'free_log_std': False, 'custom_options': {}, 'framestack': True, 'channel_major': False, 'max_seq_len': 20, 'lstm_use_prev_action_reward': False, 'squash_to_range': False, 'dim': 84, 'grayscale': False, 'fcnet_hiddens': [100, 50, 25], 'use_lstm': False, 'custom_model': None, 'fcnet_activation': 'tanh', 'conv_filters': None, 'conv_activation': 'relu', 'lstm_cell_size': 256, 'zero_mean': True, 'custom_preprocessor': None}, 'output_compress_columns': ['obs', 'new_obs'], 'monitor': False, 'custom_resources_per_worker': {}, 'output_max_file_size': 67108864, 'num_workers': 1, 'clip_param': 0.3, 'kl_coeff': 0.2, 'multiagent': {'policy_graphs': {}, 'policy_mapping_fn': None, 'policies_to_train': None}, 'input_evaluation': None, 'output': None, 'collect_metrics_timeout': 180, 'num_cpus_per_worker': 1}",169.237.32.118,1,1353.19,9.503184795379639,"{'num_steps_sampled': 411200, 'load_time_ms': 1.239, 'default': {'kl': 0.022445932030677795, 'cur_lr': 0.0005000000237487257, 'total_loss': 1.1861835718154907, 'policy_loss': -0.019068650901317596, 'vf_explained_var': 0.9719405770301819, 'entropy': 1.8126769065856934, 'cur_kl_coeff': 0.3467719852924347, 'vf_loss': 1.197468638420105}, 'sample_time_ms': 9528.035, 'grad_time_ms': 277.945, 'update_time_ms': 4.783, 'num_steps_trained': 411200}",376.17547734869163,2019-04-02_08-19-16,kronos,71,411200,0,2545.979915380478,{},411200,257,257,2545.979915380478,465.38317018422237,1600,1554193156,{},0b32d2eec3344b1fbde4822793b2e447,74.12204501234977
False,326,"{'input': 'sampler', 'callbacks': {'on_train_result': None, 'on_sample_end': None, 'on_episode_step': None, 'on_episode_start': None, 'on_episode_end': None}, 'sample_batch_size': 200, 'clip_actions': False, 'clip_rewards': None, 'tf_session_args': {'inter_op_parallelism_threads': 2, 'intra_op_parallelism_threads': 2, 'device_count': {'CPU': 1}, 'log_device_placement': False, 'allow_soft_placement': True, 'gpu_options': {'allow_growth': True}}, 'kl_target': 0.01, 'horizon': 1500, 'lr': 0.0005, 'sample_async': False, 'simple_optimizer': False, 'compress_observations': False, 'num_envs_per_worker': 1, 'gamma': 0.99, 'sgd_minibatch_size': 128, 'observation_filter': 'NoFilter', 'entropy_coeff': 0.0, 'batch_mode': 'truncate_episodes', 'straggler_mitigation': False, 'vf_share_layers': False, 'num_gpus': 0, 'synchronize_filters': True, 'num_sgd_iter': 10, 'train_batch_size': 1500, 'optimizer': {}, 'num_gpus_per_worker': 0, 'preprocessor_pref': 'deepmind', 'num_cpus_for_driver': 1, 'lr_schedule': None, 'use_gae': True, 'lambda': 0.97, 'vf_loss_coeff': 1.0, 'vf_clip_param': 1000000.0, 'log_level': 'INFO', 'env_config': {'run': 'PPO', 'flow_params': '{\n    ""env"": {\n        ""additional_params"": {\n            ""max_accel"": 3,\n            ""max_decel"": 3,\n            ""sort_vehicles"": false,\n            ""target_velocity"": 20\n        },\n        ""evaluate"": false,\n        ""horizon"": 1500,\n        ""sims_per_step"": 1,\n        ""warmup_steps"": 0\n    },\n    ""env_name"": ""AccelEnv"",\n    ""exp_tag"": ""figure_eight_0"",\n    ""initial"": {\n        ""additional_params"": {},\n        ""bunching"": 0,\n        ""edges_distribution"": ""all"",\n        ""lanes_distribution"": Infinity,\n        ""min_gap"": 0,\n        ""perturbation"": 0.0,\n        ""shuffle"": false,\n        ""spacing"": ""uniform"",\n        ""x0"": 0\n    },\n    ""net"": {\n        ""additional_params"": {\n            ""lanes"": 1,\n            ""radius_ring"": 30,\n            ""resolution"": 40,\n            ""speed_limit"": 30\n        },\n        ""inflows"": {\n            ""_InFlows__flows"": [],\n            ""num_flows"": 0\n        },\n        ""netfile"": null,\n        ""no_internal_links"": false,\n        ""osm_path"": null\n    },\n    ""scenario"": ""Figure8Scenario"",\n    ""sim"": {\n        ""emission_path"": null,\n        ""lateral_resolution"": null,\n        ""no_step_log"": true,\n        ""num_clients"": 1,\n        ""overtake_right"": false,\n        ""port"": null,\n        ""print_warnings"": true,\n        ""pxpm"": 2,\n        ""render"": false,\n        ""restart_instance"": false,\n        ""save_render"": false,\n        ""seed"": null,\n        ""show_radius"": false,\n        ""sight_radius"": 25,\n        ""sim_step"": 0.1,\n        ""teleport_time"": -1\n    },\n    ""simulator"": ""traci"",\n    ""veh"": [\n        {\n            ""acceleration_controller"": [\n                ""IDMController"",\n                {\n                    ""noise"": 0.2\n                }\n            ],\n            ""car_following_params"": {\n                ""controller_params"": {\n                    ""accel"": 1.0,\n                    ""carFollowModel"": ""IDM"",\n                    ""decel"": 1.5,\n                    ""impatience"": 0.5,\n                    ""maxSpeed"": 30,\n                    ""minGap"": 2.5,\n                    ""sigma"": 0.5,\n                    ""speedDev"": 0.1,\n                    ""speedFactor"": 1.0,\n                    ""tau"": 1.0\n                },\n                ""speed_mode"": 1\n            },\n            ""initial_speed"": 0,\n            ""lane_change_controller"": [\n                ""SimLaneChangeController"",\n                {}\n            ],\n            ""lane_change_params"": {\n                ""controller_params"": {\n                    ""laneChangeModel"": ""LC2013"",\n                    ""lcCooperative"": ""1.0"",\n                    ""lcKeepRight"": ""1.0"",\n                    ""lcSpeedGain"": ""1.0"",\n                    ""lcStrategic"": ""1.0""\n                },\n                ""lane_change_mode"": 512\n            },\n            ""num_vehicles"": 13,\n            ""routing_controller"": [\n                ""ContinuousRouter"",\n                {}\n            ],\n            ""veh_id"": ""human""\n        },\n        {\n            ""acceleration_controller"": [\n                ""RLController"",\n                {}\n            ],\n            ""car_following_params"": {\n                ""controller_params"": {\n                    ""accel"": 1.0,\n                    ""carFollowModel"": ""IDM"",\n                    ""decel"": 1.5,\n                    ""impatience"": 0.5,\n                    ""maxSpeed"": 30,\n                    ""minGap"": 2.5,\n                    ""sigma"": 0.5,\n                    ""speedDev"": 0.1,\n                    ""speedFactor"": 1.0,\n                    ""tau"": 1.0\n                },\n                ""speed_mode"": 1\n            },\n            ""initial_speed"": 0,\n            ""lane_change_controller"": [\n                ""SimLaneChangeController"",\n                {}\n            ],\n            ""lane_change_params"": {\n                ""controller_params"": {\n                    ""laneChangeModel"": ""LC2013"",\n                    ""lcCooperative"": ""1.0"",\n                    ""lcKeepRight"": ""1.0"",\n                    ""lcSpeedGain"": ""1.0"",\n                    ""lcStrategic"": ""1.0""\n                },\n                ""lane_change_mode"": 512\n            },\n            ""num_vehicles"": 1,\n            ""routing_controller"": [\n                ""ContinuousRouter"",\n                {}\n            ],\n            ""veh_id"": ""rl""\n        }\n    ]\n}'}, 'env': 'AccelEnv-v0', 'local_evaluator_tf_session_args': {'inter_op_parallelism_threads': 8, 'intra_op_parallelism_threads': 8}, 'model': {'free_log_std': False, 'custom_options': {}, 'framestack': True, 'channel_major': False, 'max_seq_len': 20, 'lstm_use_prev_action_reward': False, 'squash_to_range': False, 'dim': 84, 'grayscale': False, 'fcnet_hiddens': [100, 50, 25], 'use_lstm': False, 'custom_model': None, 'fcnet_activation': 'tanh', 'conv_filters': None, 'conv_activation': 'relu', 'lstm_cell_size': 256, 'zero_mean': True, 'custom_preprocessor': None}, 'output_compress_columns': ['obs', 'new_obs'], 'monitor': False, 'custom_resources_per_worker': {}, 'output_max_file_size': 67108864, 'num_workers': 1, 'clip_param': 0.3, 'kl_coeff': 0.2, 'multiagent': {'policy_graphs': {}, 'policy_mapping_fn': None, 'policies_to_train': None}, 'input_evaluation': None, 'output': None, 'collect_metrics_timeout': 180, 'num_cpus_per_worker': 1}",169.237.32.118,1,1353.19,9.831723690032959,"{'num_steps_sampled': 412800, 'load_time_ms': 1.227, 'default': {'kl': 0.015239019878208637, 'cur_lr': 0.0005000000237487257, 'total_loss': 0.7838528752326965, 'policy_loss': -0.044949617236852646, 'vf_explained_var': 0.9852501749992371, 'entropy': 1.881361484527588, 'cur_kl_coeff': 0.5201579928398132, 'vf_loss': 0.8208758234977722}, 'sample_time_ms': 9520.962, 'grad_time_ms': 277.11, 'update_time_ms': 4.839, 'num_steps_trained': 412800}",376.97221830690694,2019-04-02_08-19-26,kronos,71,412800,0,2555.811639070511,{},412800,258,258,2555.811639070511,481.90965159483443,1600,1554193166,{},0b32d2eec3344b1fbde4822793b2e447,74.12204501234977
False,327,"{'input': 'sampler', 'callbacks': {'on_train_result': None, 'on_sample_end': None, 'on_episode_step': None, 'on_episode_start': None, 'on_episode_end': None}, 'sample_batch_size': 200, 'clip_actions': False, 'clip_rewards': None, 'tf_session_args': {'inter_op_parallelism_threads': 2, 'intra_op_parallelism_threads': 2, 'device_count': {'CPU': 1}, 'log_device_placement': False, 'allow_soft_placement': True, 'gpu_options': {'allow_growth': True}}, 'kl_target': 0.01, 'horizon': 1500, 'lr': 0.0005, 'sample_async': False, 'simple_optimizer': False, 'compress_observations': False, 'num_envs_per_worker': 1, 'gamma': 0.99, 'sgd_minibatch_size': 128, 'observation_filter': 'NoFilter', 'entropy_coeff': 0.0, 'batch_mode': 'truncate_episodes', 'straggler_mitigation': False, 'vf_share_layers': False, 'num_gpus': 0, 'synchronize_filters': True, 'num_sgd_iter': 10, 'train_batch_size': 1500, 'optimizer': {}, 'num_gpus_per_worker': 0, 'preprocessor_pref': 'deepmind', 'num_cpus_for_driver': 1, 'lr_schedule': None, 'use_gae': True, 'lambda': 0.97, 'vf_loss_coeff': 1.0, 'vf_clip_param': 1000000.0, 'log_level': 'INFO', 'env_config': {'run': 'PPO', 'flow_params': '{\n    ""env"": {\n        ""additional_params"": {\n            ""max_accel"": 3,\n            ""max_decel"": 3,\n            ""sort_vehicles"": false,\n            ""target_velocity"": 20\n        },\n        ""evaluate"": false,\n        ""horizon"": 1500,\n        ""sims_per_step"": 1,\n        ""warmup_steps"": 0\n    },\n    ""env_name"": ""AccelEnv"",\n    ""exp_tag"": ""figure_eight_0"",\n    ""initial"": {\n        ""additional_params"": {},\n        ""bunching"": 0,\n        ""edges_distribution"": ""all"",\n        ""lanes_distribution"": Infinity,\n        ""min_gap"": 0,\n        ""perturbation"": 0.0,\n        ""shuffle"": false,\n        ""spacing"": ""uniform"",\n        ""x0"": 0\n    },\n    ""net"": {\n        ""additional_params"": {\n            ""lanes"": 1,\n            ""radius_ring"": 30,\n            ""resolution"": 40,\n            ""speed_limit"": 30\n        },\n        ""inflows"": {\n            ""_InFlows__flows"": [],\n            ""num_flows"": 0\n        },\n        ""netfile"": null,\n        ""no_internal_links"": false,\n        ""osm_path"": null\n    },\n    ""scenario"": ""Figure8Scenario"",\n    ""sim"": {\n        ""emission_path"": null,\n        ""lateral_resolution"": null,\n        ""no_step_log"": true,\n        ""num_clients"": 1,\n        ""overtake_right"": false,\n        ""port"": null,\n        ""print_warnings"": true,\n        ""pxpm"": 2,\n        ""render"": false,\n        ""restart_instance"": false,\n        ""save_render"": false,\n        ""seed"": null,\n        ""show_radius"": false,\n        ""sight_radius"": 25,\n        ""sim_step"": 0.1,\n        ""teleport_time"": -1\n    },\n    ""simulator"": ""traci"",\n    ""veh"": [\n        {\n            ""acceleration_controller"": [\n                ""IDMController"",\n                {\n                    ""noise"": 0.2\n                }\n            ],\n            ""car_following_params"": {\n                ""controller_params"": {\n                    ""accel"": 1.0,\n                    ""carFollowModel"": ""IDM"",\n                    ""decel"": 1.5,\n                    ""impatience"": 0.5,\n                    ""maxSpeed"": 30,\n                    ""minGap"": 2.5,\n                    ""sigma"": 0.5,\n                    ""speedDev"": 0.1,\n                    ""speedFactor"": 1.0,\n                    ""tau"": 1.0\n                },\n                ""speed_mode"": 1\n            },\n            ""initial_speed"": 0,\n            ""lane_change_controller"": [\n                ""SimLaneChangeController"",\n                {}\n            ],\n            ""lane_change_params"": {\n                ""controller_params"": {\n                    ""laneChangeModel"": ""LC2013"",\n                    ""lcCooperative"": ""1.0"",\n                    ""lcKeepRight"": ""1.0"",\n                    ""lcSpeedGain"": ""1.0"",\n                    ""lcStrategic"": ""1.0""\n                },\n                ""lane_change_mode"": 512\n            },\n            ""num_vehicles"": 13,\n            ""routing_controller"": [\n                ""ContinuousRouter"",\n                {}\n            ],\n            ""veh_id"": ""human""\n        },\n        {\n            ""acceleration_controller"": [\n                ""RLController"",\n                {}\n            ],\n            ""car_following_params"": {\n                ""controller_params"": {\n                    ""accel"": 1.0,\n                    ""carFollowModel"": ""IDM"",\n                    ""decel"": 1.5,\n                    ""impatience"": 0.5,\n                    ""maxSpeed"": 30,\n                    ""minGap"": 2.5,\n                    ""sigma"": 0.5,\n                    ""speedDev"": 0.1,\n                    ""speedFactor"": 1.0,\n                    ""tau"": 1.0\n                },\n                ""speed_mode"": 1\n            },\n            ""initial_speed"": 0,\n            ""lane_change_controller"": [\n                ""SimLaneChangeController"",\n                {}\n            ],\n            ""lane_change_params"": {\n                ""controller_params"": {\n                    ""laneChangeModel"": ""LC2013"",\n                    ""lcCooperative"": ""1.0"",\n                    ""lcKeepRight"": ""1.0"",\n                    ""lcSpeedGain"": ""1.0"",\n                    ""lcStrategic"": ""1.0""\n                },\n                ""lane_change_mode"": 512\n            },\n            ""num_vehicles"": 1,\n            ""routing_controller"": [\n                ""ContinuousRouter"",\n                {}\n            ],\n            ""veh_id"": ""rl""\n        }\n    ]\n}'}, 'env': 'AccelEnv-v0', 'local_evaluator_tf_session_args': {'inter_op_parallelism_threads': 8, 'intra_op_parallelism_threads': 8}, 'model': {'free_log_std': False, 'custom_options': {}, 'framestack': True, 'channel_major': False, 'max_seq_len': 20, 'lstm_use_prev_action_reward': False, 'squash_to_range': False, 'dim': 84, 'grayscale': False, 'fcnet_hiddens': [100, 50, 25], 'use_lstm': False, 'custom_model': None, 'fcnet_activation': 'tanh', 'conv_filters': None, 'conv_activation': 'relu', 'lstm_cell_size': 256, 'zero_mean': True, 'custom_preprocessor': None}, 'output_compress_columns': ['obs', 'new_obs'], 'monitor': False, 'custom_resources_per_worker': {}, 'output_max_file_size': 67108864, 'num_workers': 1, 'clip_param': 0.3, 'kl_coeff': 0.2, 'multiagent': {'policy_graphs': {}, 'policy_mapping_fn': None, 'policies_to_train': None}, 'input_evaluation': None, 'output': None, 'collect_metrics_timeout': 180, 'num_cpus_per_worker': 1}",169.237.32.118,1,1362.01,9.741594314575195,"{'num_steps_sampled': 414400, 'load_time_ms': 1.194, 'default': {'kl': 0.014524191617965698, 'cur_lr': 0.0005000000237487257, 'total_loss': 0.7026250958442688, 'policy_loss': -0.029330646619200706, 'vf_explained_var': 0.9876447319984436, 'entropy': 1.87594473361969, 'cur_kl_coeff': 0.5201579928398132, 'vf_loss': 0.7244008183479309}, 'sample_time_ms': 9504.322, 'grad_time_ms': 274.763, 'update_time_ms': 4.848, 'num_steps_trained': 414400}",379.2277464781321,2019-04-02_08-19-36,kronos,71,414400,0,2565.553233385086,{},414400,259,259,2565.553233385086,481.90965159483443,1600,1554193176,{},0b32d2eec3344b1fbde4822793b2e447,74.12204501234977
False,328,"{'input': 'sampler', 'callbacks': {'on_train_result': None, 'on_sample_end': None, 'on_episode_step': None, 'on_episode_start': None, 'on_episode_end': None}, 'sample_batch_size': 200, 'clip_actions': False, 'clip_rewards': None, 'tf_session_args': {'inter_op_parallelism_threads': 2, 'intra_op_parallelism_threads': 2, 'device_count': {'CPU': 1}, 'log_device_placement': False, 'allow_soft_placement': True, 'gpu_options': {'allow_growth': True}}, 'kl_target': 0.01, 'horizon': 1500, 'lr': 0.0005, 'sample_async': False, 'simple_optimizer': False, 'compress_observations': False, 'num_envs_per_worker': 1, 'gamma': 0.99, 'sgd_minibatch_size': 128, 'observation_filter': 'NoFilter', 'entropy_coeff': 0.0, 'batch_mode': 'truncate_episodes', 'straggler_mitigation': False, 'vf_share_layers': False, 'num_gpus': 0, 'synchronize_filters': True, 'num_sgd_iter': 10, 'train_batch_size': 1500, 'optimizer': {}, 'num_gpus_per_worker': 0, 'preprocessor_pref': 'deepmind', 'num_cpus_for_driver': 1, 'lr_schedule': None, 'use_gae': True, 'lambda': 0.97, 'vf_loss_coeff': 1.0, 'vf_clip_param': 1000000.0, 'log_level': 'INFO', 'env_config': {'run': 'PPO', 'flow_params': '{\n    ""env"": {\n        ""additional_params"": {\n            ""max_accel"": 3,\n            ""max_decel"": 3,\n            ""sort_vehicles"": false,\n            ""target_velocity"": 20\n        },\n        ""evaluate"": false,\n        ""horizon"": 1500,\n        ""sims_per_step"": 1,\n        ""warmup_steps"": 0\n    },\n    ""env_name"": ""AccelEnv"",\n    ""exp_tag"": ""figure_eight_0"",\n    ""initial"": {\n        ""additional_params"": {},\n        ""bunching"": 0,\n        ""edges_distribution"": ""all"",\n        ""lanes_distribution"": Infinity,\n        ""min_gap"": 0,\n        ""perturbation"": 0.0,\n        ""shuffle"": false,\n        ""spacing"": ""uniform"",\n        ""x0"": 0\n    },\n    ""net"": {\n        ""additional_params"": {\n            ""lanes"": 1,\n            ""radius_ring"": 30,\n            ""resolution"": 40,\n            ""speed_limit"": 30\n        },\n        ""inflows"": {\n            ""_InFlows__flows"": [],\n            ""num_flows"": 0\n        },\n        ""netfile"": null,\n        ""no_internal_links"": false,\n        ""osm_path"": null\n    },\n    ""scenario"": ""Figure8Scenario"",\n    ""sim"": {\n        ""emission_path"": null,\n        ""lateral_resolution"": null,\n        ""no_step_log"": true,\n        ""num_clients"": 1,\n        ""overtake_right"": false,\n        ""port"": null,\n        ""print_warnings"": true,\n        ""pxpm"": 2,\n        ""render"": false,\n        ""restart_instance"": false,\n        ""save_render"": false,\n        ""seed"": null,\n        ""show_radius"": false,\n        ""sight_radius"": 25,\n        ""sim_step"": 0.1,\n        ""teleport_time"": -1\n    },\n    ""simulator"": ""traci"",\n    ""veh"": [\n        {\n            ""acceleration_controller"": [\n                ""IDMController"",\n                {\n                    ""noise"": 0.2\n                }\n            ],\n            ""car_following_params"": {\n                ""controller_params"": {\n                    ""accel"": 1.0,\n                    ""carFollowModel"": ""IDM"",\n                    ""decel"": 1.5,\n                    ""impatience"": 0.5,\n                    ""maxSpeed"": 30,\n                    ""minGap"": 2.5,\n                    ""sigma"": 0.5,\n                    ""speedDev"": 0.1,\n                    ""speedFactor"": 1.0,\n                    ""tau"": 1.0\n                },\n                ""speed_mode"": 1\n            },\n            ""initial_speed"": 0,\n            ""lane_change_controller"": [\n                ""SimLaneChangeController"",\n                {}\n            ],\n            ""lane_change_params"": {\n                ""controller_params"": {\n                    ""laneChangeModel"": ""LC2013"",\n                    ""lcCooperative"": ""1.0"",\n                    ""lcKeepRight"": ""1.0"",\n                    ""lcSpeedGain"": ""1.0"",\n                    ""lcStrategic"": ""1.0""\n                },\n                ""lane_change_mode"": 512\n            },\n            ""num_vehicles"": 13,\n            ""routing_controller"": [\n                ""ContinuousRouter"",\n                {}\n            ],\n            ""veh_id"": ""human""\n        },\n        {\n            ""acceleration_controller"": [\n                ""RLController"",\n                {}\n            ],\n            ""car_following_params"": {\n                ""controller_params"": {\n                    ""accel"": 1.0,\n                    ""carFollowModel"": ""IDM"",\n                    ""decel"": 1.5,\n                    ""impatience"": 0.5,\n                    ""maxSpeed"": 30,\n                    ""minGap"": 2.5,\n                    ""sigma"": 0.5,\n                    ""speedDev"": 0.1,\n                    ""speedFactor"": 1.0,\n                    ""tau"": 1.0\n                },\n                ""speed_mode"": 1\n            },\n            ""initial_speed"": 0,\n            ""lane_change_controller"": [\n                ""SimLaneChangeController"",\n                {}\n            ],\n            ""lane_change_params"": {\n                ""controller_params"": {\n                    ""laneChangeModel"": ""LC2013"",\n                    ""lcCooperative"": ""1.0"",\n                    ""lcKeepRight"": ""1.0"",\n                    ""lcSpeedGain"": ""1.0"",\n                    ""lcStrategic"": ""1.0""\n                },\n                ""lane_change_mode"": 512\n            },\n            ""num_vehicles"": 1,\n            ""routing_controller"": [\n                ""ContinuousRouter"",\n                {}\n            ],\n            ""veh_id"": ""rl""\n        }\n    ]\n}'}, 'env': 'AccelEnv-v0', 'local_evaluator_tf_session_args': {'inter_op_parallelism_threads': 8, 'intra_op_parallelism_threads': 8}, 'model': {'free_log_std': False, 'custom_options': {}, 'framestack': True, 'channel_major': False, 'max_seq_len': 20, 'lstm_use_prev_action_reward': False, 'squash_to_range': False, 'dim': 84, 'grayscale': False, 'fcnet_hiddens': [100, 50, 25], 'use_lstm': False, 'custom_model': None, 'fcnet_activation': 'tanh', 'conv_filters': None, 'conv_activation': 'relu', 'lstm_cell_size': 256, 'zero_mean': True, 'custom_preprocessor': None}, 'output_compress_columns': ['obs', 'new_obs'], 'monitor': False, 'custom_resources_per_worker': {}, 'output_max_file_size': 67108864, 'num_workers': 1, 'clip_param': 0.3, 'kl_coeff': 0.2, 'multiagent': {'policy_graphs': {}, 'policy_mapping_fn': None, 'policies_to_train': None}, 'input_evaluation': None, 'output': None, 'collect_metrics_timeout': 180, 'num_cpus_per_worker': 1}",169.237.32.118,1,1374.57,9.879463195800781,"{'num_steps_sampled': 416000, 'load_time_ms': 1.232, 'default': {'kl': 0.008895418606698513, 'cur_lr': 0.0005000000237487257, 'total_loss': 0.7232586741447449, 'policy_loss': -0.015187568962574005, 'vf_explained_var': 0.9875167012214661, 'entropy': 1.836586356163025, 'cur_kl_coeff': 0.5201579928398132, 'vf_loss': 0.7338192462921143}, 'sample_time_ms': 9498.672, 'grad_time_ms': 274.902, 'update_time_ms': 4.891, 'num_steps_trained': 416000}",382.4508912074127,2019-04-02_08-19-46,kronos,71,416000,0,2575.432696580887,{},416000,260,260,2575.432696580887,481.90965159483443,1600,1554193186,{},0b32d2eec3344b1fbde4822793b2e447,74.12204501234977
False,329,"{'input': 'sampler', 'callbacks': {'on_train_result': None, 'on_sample_end': None, 'on_episode_step': None, 'on_episode_start': None, 'on_episode_end': None}, 'sample_batch_size': 200, 'clip_actions': False, 'clip_rewards': None, 'tf_session_args': {'inter_op_parallelism_threads': 2, 'intra_op_parallelism_threads': 2, 'device_count': {'CPU': 1}, 'log_device_placement': False, 'allow_soft_placement': True, 'gpu_options': {'allow_growth': True}}, 'kl_target': 0.01, 'horizon': 1500, 'lr': 0.0005, 'sample_async': False, 'simple_optimizer': False, 'compress_observations': False, 'num_envs_per_worker': 1, 'gamma': 0.99, 'sgd_minibatch_size': 128, 'observation_filter': 'NoFilter', 'entropy_coeff': 0.0, 'batch_mode': 'truncate_episodes', 'straggler_mitigation': False, 'vf_share_layers': False, 'num_gpus': 0, 'synchronize_filters': True, 'num_sgd_iter': 10, 'train_batch_size': 1500, 'optimizer': {}, 'num_gpus_per_worker': 0, 'preprocessor_pref': 'deepmind', 'num_cpus_for_driver': 1, 'lr_schedule': None, 'use_gae': True, 'lambda': 0.97, 'vf_loss_coeff': 1.0, 'vf_clip_param': 1000000.0, 'log_level': 'INFO', 'env_config': {'run': 'PPO', 'flow_params': '{\n    ""env"": {\n        ""additional_params"": {\n            ""max_accel"": 3,\n            ""max_decel"": 3,\n            ""sort_vehicles"": false,\n            ""target_velocity"": 20\n        },\n        ""evaluate"": false,\n        ""horizon"": 1500,\n        ""sims_per_step"": 1,\n        ""warmup_steps"": 0\n    },\n    ""env_name"": ""AccelEnv"",\n    ""exp_tag"": ""figure_eight_0"",\n    ""initial"": {\n        ""additional_params"": {},\n        ""bunching"": 0,\n        ""edges_distribution"": ""all"",\n        ""lanes_distribution"": Infinity,\n        ""min_gap"": 0,\n        ""perturbation"": 0.0,\n        ""shuffle"": false,\n        ""spacing"": ""uniform"",\n        ""x0"": 0\n    },\n    ""net"": {\n        ""additional_params"": {\n            ""lanes"": 1,\n            ""radius_ring"": 30,\n            ""resolution"": 40,\n            ""speed_limit"": 30\n        },\n        ""inflows"": {\n            ""_InFlows__flows"": [],\n            ""num_flows"": 0\n        },\n        ""netfile"": null,\n        ""no_internal_links"": false,\n        ""osm_path"": null\n    },\n    ""scenario"": ""Figure8Scenario"",\n    ""sim"": {\n        ""emission_path"": null,\n        ""lateral_resolution"": null,\n        ""no_step_log"": true,\n        ""num_clients"": 1,\n        ""overtake_right"": false,\n        ""port"": null,\n        ""print_warnings"": true,\n        ""pxpm"": 2,\n        ""render"": false,\n        ""restart_instance"": false,\n        ""save_render"": false,\n        ""seed"": null,\n        ""show_radius"": false,\n        ""sight_radius"": 25,\n        ""sim_step"": 0.1,\n        ""teleport_time"": -1\n    },\n    ""simulator"": ""traci"",\n    ""veh"": [\n        {\n            ""acceleration_controller"": [\n                ""IDMController"",\n                {\n                    ""noise"": 0.2\n                }\n            ],\n            ""car_following_params"": {\n                ""controller_params"": {\n                    ""accel"": 1.0,\n                    ""carFollowModel"": ""IDM"",\n                    ""decel"": 1.5,\n                    ""impatience"": 0.5,\n                    ""maxSpeed"": 30,\n                    ""minGap"": 2.5,\n                    ""sigma"": 0.5,\n                    ""speedDev"": 0.1,\n                    ""speedFactor"": 1.0,\n                    ""tau"": 1.0\n                },\n                ""speed_mode"": 1\n            },\n            ""initial_speed"": 0,\n            ""lane_change_controller"": [\n                ""SimLaneChangeController"",\n                {}\n            ],\n            ""lane_change_params"": {\n                ""controller_params"": {\n                    ""laneChangeModel"": ""LC2013"",\n                    ""lcCooperative"": ""1.0"",\n                    ""lcKeepRight"": ""1.0"",\n                    ""lcSpeedGain"": ""1.0"",\n                    ""lcStrategic"": ""1.0""\n                },\n                ""lane_change_mode"": 512\n            },\n            ""num_vehicles"": 13,\n            ""routing_controller"": [\n                ""ContinuousRouter"",\n                {}\n            ],\n            ""veh_id"": ""human""\n        },\n        {\n            ""acceleration_controller"": [\n                ""RLController"",\n                {}\n            ],\n            ""car_following_params"": {\n                ""controller_params"": {\n                    ""accel"": 1.0,\n                    ""carFollowModel"": ""IDM"",\n                    ""decel"": 1.5,\n                    ""impatience"": 0.5,\n                    ""maxSpeed"": 30,\n                    ""minGap"": 2.5,\n                    ""sigma"": 0.5,\n                    ""speedDev"": 0.1,\n                    ""speedFactor"": 1.0,\n                    ""tau"": 1.0\n                },\n                ""speed_mode"": 1\n            },\n            ""initial_speed"": 0,\n            ""lane_change_controller"": [\n                ""SimLaneChangeController"",\n                {}\n            ],\n            ""lane_change_params"": {\n                ""controller_params"": {\n                    ""laneChangeModel"": ""LC2013"",\n                    ""lcCooperative"": ""1.0"",\n                    ""lcKeepRight"": ""1.0"",\n                    ""lcSpeedGain"": ""1.0"",\n                    ""lcStrategic"": ""1.0""\n                },\n                ""lane_change_mode"": 512\n            },\n            ""num_vehicles"": 1,\n            ""routing_controller"": [\n                ""ContinuousRouter"",\n                {}\n            ],\n            ""veh_id"": ""rl""\n        }\n    ]\n}'}, 'env': 'AccelEnv-v0', 'local_evaluator_tf_session_args': {'inter_op_parallelism_threads': 8, 'intra_op_parallelism_threads': 8}, 'model': {'free_log_std': False, 'custom_options': {}, 'framestack': True, 'channel_major': False, 'max_seq_len': 20, 'lstm_use_prev_action_reward': False, 'squash_to_range': False, 'dim': 84, 'grayscale': False, 'fcnet_hiddens': [100, 50, 25], 'use_lstm': False, 'custom_model': None, 'fcnet_activation': 'tanh', 'conv_filters': None, 'conv_activation': 'relu', 'lstm_cell_size': 256, 'zero_mean': True, 'custom_preprocessor': None}, 'output_compress_columns': ['obs', 'new_obs'], 'monitor': False, 'custom_resources_per_worker': {}, 'output_max_file_size': 67108864, 'num_workers': 1, 'clip_param': 0.3, 'kl_coeff': 0.2, 'multiagent': {'policy_graphs': {}, 'policy_mapping_fn': None, 'policies_to_train': None}, 'input_evaluation': None, 'output': None, 'collect_metrics_timeout': 180, 'num_cpus_per_worker': 1}",169.237.32.118,1,1374.57,9.852734327316284,"{'num_steps_sampled': 417600, 'load_time_ms': 1.305, 'default': {'kl': 0.010036719031631947, 'cur_lr': 0.0005000000237487257, 'total_loss': 0.8531427979469299, 'policy_loss': -0.014965906739234924, 'vf_explained_var': 0.9757175445556641, 'entropy': 1.9518647193908691, 'cur_kl_coeff': 0.5201579928398132, 'vf_loss': 0.8628880977630615}, 'sample_time_ms': 9489.599, 'grad_time_ms': 275.04, 'update_time_ms': 4.707, 'num_steps_trained': 417600}",382.888654535188,2019-04-02_08-19-56,kronos,71,417600,0,2585.285430908203,{},417600,261,261,2585.285430908203,481.90965159483443,1600,1554193196,{},0b32d2eec3344b1fbde4822793b2e447,74.12204501234977
False,331,"{'input': 'sampler', 'callbacks': {'on_train_result': None, 'on_sample_end': None, 'on_episode_step': None, 'on_episode_start': None, 'on_episode_end': None}, 'sample_batch_size': 200, 'clip_actions': False, 'clip_rewards': None, 'tf_session_args': {'inter_op_parallelism_threads': 2, 'intra_op_parallelism_threads': 2, 'device_count': {'CPU': 1}, 'log_device_placement': False, 'allow_soft_placement': True, 'gpu_options': {'allow_growth': True}}, 'kl_target': 0.01, 'horizon': 1500, 'lr': 0.0005, 'sample_async': False, 'simple_optimizer': False, 'compress_observations': False, 'num_envs_per_worker': 1, 'gamma': 0.99, 'sgd_minibatch_size': 128, 'observation_filter': 'NoFilter', 'entropy_coeff': 0.0, 'batch_mode': 'truncate_episodes', 'straggler_mitigation': False, 'vf_share_layers': False, 'num_gpus': 0, 'synchronize_filters': True, 'num_sgd_iter': 10, 'train_batch_size': 1500, 'optimizer': {}, 'num_gpus_per_worker': 0, 'preprocessor_pref': 'deepmind', 'num_cpus_for_driver': 1, 'lr_schedule': None, 'use_gae': True, 'lambda': 0.97, 'vf_loss_coeff': 1.0, 'vf_clip_param': 1000000.0, 'log_level': 'INFO', 'env_config': {'run': 'PPO', 'flow_params': '{\n    ""env"": {\n        ""additional_params"": {\n            ""max_accel"": 3,\n            ""max_decel"": 3,\n            ""sort_vehicles"": false,\n            ""target_velocity"": 20\n        },\n        ""evaluate"": false,\n        ""horizon"": 1500,\n        ""sims_per_step"": 1,\n        ""warmup_steps"": 0\n    },\n    ""env_name"": ""AccelEnv"",\n    ""exp_tag"": ""figure_eight_0"",\n    ""initial"": {\n        ""additional_params"": {},\n        ""bunching"": 0,\n        ""edges_distribution"": ""all"",\n        ""lanes_distribution"": Infinity,\n        ""min_gap"": 0,\n        ""perturbation"": 0.0,\n        ""shuffle"": false,\n        ""spacing"": ""uniform"",\n        ""x0"": 0\n    },\n    ""net"": {\n        ""additional_params"": {\n            ""lanes"": 1,\n            ""radius_ring"": 30,\n            ""resolution"": 40,\n            ""speed_limit"": 30\n        },\n        ""inflows"": {\n            ""_InFlows__flows"": [],\n            ""num_flows"": 0\n        },\n        ""netfile"": null,\n        ""no_internal_links"": false,\n        ""osm_path"": null\n    },\n    ""scenario"": ""Figure8Scenario"",\n    ""sim"": {\n        ""emission_path"": null,\n        ""lateral_resolution"": null,\n        ""no_step_log"": true,\n        ""num_clients"": 1,\n        ""overtake_right"": false,\n        ""port"": null,\n        ""print_warnings"": true,\n        ""pxpm"": 2,\n        ""render"": false,\n        ""restart_instance"": false,\n        ""save_render"": false,\n        ""seed"": null,\n        ""show_radius"": false,\n        ""sight_radius"": 25,\n        ""sim_step"": 0.1,\n        ""teleport_time"": -1\n    },\n    ""simulator"": ""traci"",\n    ""veh"": [\n        {\n            ""acceleration_controller"": [\n                ""IDMController"",\n                {\n                    ""noise"": 0.2\n                }\n            ],\n            ""car_following_params"": {\n                ""controller_params"": {\n                    ""accel"": 1.0,\n                    ""carFollowModel"": ""IDM"",\n                    ""decel"": 1.5,\n                    ""impatience"": 0.5,\n                    ""maxSpeed"": 30,\n                    ""minGap"": 2.5,\n                    ""sigma"": 0.5,\n                    ""speedDev"": 0.1,\n                    ""speedFactor"": 1.0,\n                    ""tau"": 1.0\n                },\n                ""speed_mode"": 1\n            },\n            ""initial_speed"": 0,\n            ""lane_change_controller"": [\n                ""SimLaneChangeController"",\n                {}\n            ],\n            ""lane_change_params"": {\n                ""controller_params"": {\n                    ""laneChangeModel"": ""LC2013"",\n                    ""lcCooperative"": ""1.0"",\n                    ""lcKeepRight"": ""1.0"",\n                    ""lcSpeedGain"": ""1.0"",\n                    ""lcStrategic"": ""1.0""\n                },\n                ""lane_change_mode"": 512\n            },\n            ""num_vehicles"": 13,\n            ""routing_controller"": [\n                ""ContinuousRouter"",\n                {}\n            ],\n            ""veh_id"": ""human""\n        },\n        {\n            ""acceleration_controller"": [\n                ""RLController"",\n                {}\n            ],\n            ""car_following_params"": {\n                ""controller_params"": {\n                    ""accel"": 1.0,\n                    ""carFollowModel"": ""IDM"",\n                    ""decel"": 1.5,\n                    ""impatience"": 0.5,\n                    ""maxSpeed"": 30,\n                    ""minGap"": 2.5,\n                    ""sigma"": 0.5,\n                    ""speedDev"": 0.1,\n                    ""speedFactor"": 1.0,\n                    ""tau"": 1.0\n                },\n                ""speed_mode"": 1\n            },\n            ""initial_speed"": 0,\n            ""lane_change_controller"": [\n                ""SimLaneChangeController"",\n                {}\n            ],\n            ""lane_change_params"": {\n                ""controller_params"": {\n                    ""laneChangeModel"": ""LC2013"",\n                    ""lcCooperative"": ""1.0"",\n                    ""lcKeepRight"": ""1.0"",\n                    ""lcSpeedGain"": ""1.0"",\n                    ""lcStrategic"": ""1.0""\n                },\n                ""lane_change_mode"": 512\n            },\n            ""num_vehicles"": 1,\n            ""routing_controller"": [\n                ""ContinuousRouter"",\n                {}\n            ],\n            ""veh_id"": ""rl""\n        }\n    ]\n}'}, 'env': 'AccelEnv-v0', 'local_evaluator_tf_session_args': {'inter_op_parallelism_threads': 8, 'intra_op_parallelism_threads': 8}, 'model': {'free_log_std': False, 'custom_options': {}, 'framestack': True, 'channel_major': False, 'max_seq_len': 20, 'lstm_use_prev_action_reward': False, 'squash_to_range': False, 'dim': 84, 'grayscale': False, 'fcnet_hiddens': [100, 50, 25], 'use_lstm': False, 'custom_model': None, 'fcnet_activation': 'tanh', 'conv_filters': None, 'conv_activation': 'relu', 'lstm_cell_size': 256, 'zero_mean': True, 'custom_preprocessor': None}, 'output_compress_columns': ['obs', 'new_obs'], 'monitor': False, 'custom_resources_per_worker': {}, 'output_max_file_size': 67108864, 'num_workers': 1, 'clip_param': 0.3, 'kl_coeff': 0.2, 'multiagent': {'policy_graphs': {}, 'policy_mapping_fn': None, 'policies_to_train': None}, 'input_evaluation': None, 'output': None, 'collect_metrics_timeout': 180, 'num_cpus_per_worker': 1}",169.237.32.118,2,1366.16,9.958462238311768,"{'num_steps_sampled': 419200, 'load_time_ms': 1.282, 'default': {'kl': 0.006468759384006262, 'cur_lr': 0.0005000000237487257, 'total_loss': 0.6997754573822021, 'policy_loss': -0.005514547228813171, 'vf_explained_var': 0.98779296875, 'entropy': 1.9134269952774048, 'cur_kl_coeff': 0.5201579928398132, 'vf_loss': 0.7019252181053162}, 'sample_time_ms': 9507.111, 'grad_time_ms': 275.647, 'update_time_ms': 4.509, 'num_steps_trained': 419200}",381.0192329666503,2019-04-02_08-20-06,kronos,71,419200,0,2595.243893146515,{},419200,262,262,2595.243893146515,481.90965159483443,1600,1554193206,{},0b32d2eec3344b1fbde4822793b2e447,74.12204501234977
False,332,"{'input': 'sampler', 'callbacks': {'on_train_result': None, 'on_sample_end': None, 'on_episode_step': None, 'on_episode_start': None, 'on_episode_end': None}, 'sample_batch_size': 200, 'clip_actions': False, 'clip_rewards': None, 'tf_session_args': {'inter_op_parallelism_threads': 2, 'intra_op_parallelism_threads': 2, 'device_count': {'CPU': 1}, 'log_device_placement': False, 'allow_soft_placement': True, 'gpu_options': {'allow_growth': True}}, 'kl_target': 0.01, 'horizon': 1500, 'lr': 0.0005, 'sample_async': False, 'simple_optimizer': False, 'compress_observations': False, 'num_envs_per_worker': 1, 'gamma': 0.99, 'sgd_minibatch_size': 128, 'observation_filter': 'NoFilter', 'entropy_coeff': 0.0, 'batch_mode': 'truncate_episodes', 'straggler_mitigation': False, 'vf_share_layers': False, 'num_gpus': 0, 'synchronize_filters': True, 'num_sgd_iter': 10, 'train_batch_size': 1500, 'optimizer': {}, 'num_gpus_per_worker': 0, 'preprocessor_pref': 'deepmind', 'num_cpus_for_driver': 1, 'lr_schedule': None, 'use_gae': True, 'lambda': 0.97, 'vf_loss_coeff': 1.0, 'vf_clip_param': 1000000.0, 'log_level': 'INFO', 'env_config': {'run': 'PPO', 'flow_params': '{\n    ""env"": {\n        ""additional_params"": {\n            ""max_accel"": 3,\n            ""max_decel"": 3,\n            ""sort_vehicles"": false,\n            ""target_velocity"": 20\n        },\n        ""evaluate"": false,\n        ""horizon"": 1500,\n        ""sims_per_step"": 1,\n        ""warmup_steps"": 0\n    },\n    ""env_name"": ""AccelEnv"",\n    ""exp_tag"": ""figure_eight_0"",\n    ""initial"": {\n        ""additional_params"": {},\n        ""bunching"": 0,\n        ""edges_distribution"": ""all"",\n        ""lanes_distribution"": Infinity,\n        ""min_gap"": 0,\n        ""perturbation"": 0.0,\n        ""shuffle"": false,\n        ""spacing"": ""uniform"",\n        ""x0"": 0\n    },\n    ""net"": {\n        ""additional_params"": {\n            ""lanes"": 1,\n            ""radius_ring"": 30,\n            ""resolution"": 40,\n            ""speed_limit"": 30\n        },\n        ""inflows"": {\n            ""_InFlows__flows"": [],\n            ""num_flows"": 0\n        },\n        ""netfile"": null,\n        ""no_internal_links"": false,\n        ""osm_path"": null\n    },\n    ""scenario"": ""Figure8Scenario"",\n    ""sim"": {\n        ""emission_path"": null,\n        ""lateral_resolution"": null,\n        ""no_step_log"": true,\n        ""num_clients"": 1,\n        ""overtake_right"": false,\n        ""port"": null,\n        ""print_warnings"": true,\n        ""pxpm"": 2,\n        ""render"": false,\n        ""restart_instance"": false,\n        ""save_render"": false,\n        ""seed"": null,\n        ""show_radius"": false,\n        ""sight_radius"": 25,\n        ""sim_step"": 0.1,\n        ""teleport_time"": -1\n    },\n    ""simulator"": ""traci"",\n    ""veh"": [\n        {\n            ""acceleration_controller"": [\n                ""IDMController"",\n                {\n                    ""noise"": 0.2\n                }\n            ],\n            ""car_following_params"": {\n                ""controller_params"": {\n                    ""accel"": 1.0,\n                    ""carFollowModel"": ""IDM"",\n                    ""decel"": 1.5,\n                    ""impatience"": 0.5,\n                    ""maxSpeed"": 30,\n                    ""minGap"": 2.5,\n                    ""sigma"": 0.5,\n                    ""speedDev"": 0.1,\n                    ""speedFactor"": 1.0,\n                    ""tau"": 1.0\n                },\n                ""speed_mode"": 1\n            },\n            ""initial_speed"": 0,\n            ""lane_change_controller"": [\n                ""SimLaneChangeController"",\n                {}\n            ],\n            ""lane_change_params"": {\n                ""controller_params"": {\n                    ""laneChangeModel"": ""LC2013"",\n                    ""lcCooperative"": ""1.0"",\n                    ""lcKeepRight"": ""1.0"",\n                    ""lcSpeedGain"": ""1.0"",\n                    ""lcStrategic"": ""1.0""\n                },\n                ""lane_change_mode"": 512\n            },\n            ""num_vehicles"": 13,\n            ""routing_controller"": [\n                ""ContinuousRouter"",\n                {}\n            ],\n            ""veh_id"": ""human""\n        },\n        {\n            ""acceleration_controller"": [\n                ""RLController"",\n                {}\n            ],\n            ""car_following_params"": {\n                ""controller_params"": {\n                    ""accel"": 1.0,\n                    ""carFollowModel"": ""IDM"",\n                    ""decel"": 1.5,\n                    ""impatience"": 0.5,\n                    ""maxSpeed"": 30,\n                    ""minGap"": 2.5,\n                    ""sigma"": 0.5,\n                    ""speedDev"": 0.1,\n                    ""speedFactor"": 1.0,\n                    ""tau"": 1.0\n                },\n                ""speed_mode"": 1\n            },\n            ""initial_speed"": 0,\n            ""lane_change_controller"": [\n                ""SimLaneChangeController"",\n                {}\n            ],\n            ""lane_change_params"": {\n                ""controller_params"": {\n                    ""laneChangeModel"": ""LC2013"",\n                    ""lcCooperative"": ""1.0"",\n                    ""lcKeepRight"": ""1.0"",\n                    ""lcSpeedGain"": ""1.0"",\n                    ""lcStrategic"": ""1.0""\n                },\n                ""lane_change_mode"": 512\n            },\n            ""num_vehicles"": 1,\n            ""routing_controller"": [\n                ""ContinuousRouter"",\n                {}\n            ],\n            ""veh_id"": ""rl""\n        }\n    ]\n}'}, 'env': 'AccelEnv-v0', 'local_evaluator_tf_session_args': {'inter_op_parallelism_threads': 8, 'intra_op_parallelism_threads': 8}, 'model': {'free_log_std': False, 'custom_options': {}, 'framestack': True, 'channel_major': False, 'max_seq_len': 20, 'lstm_use_prev_action_reward': False, 'squash_to_range': False, 'dim': 84, 'grayscale': False, 'fcnet_hiddens': [100, 50, 25], 'use_lstm': False, 'custom_model': None, 'fcnet_activation': 'tanh', 'conv_filters': None, 'conv_activation': 'relu', 'lstm_cell_size': 256, 'zero_mean': True, 'custom_preprocessor': None}, 'output_compress_columns': ['obs', 'new_obs'], 'monitor': False, 'custom_resources_per_worker': {}, 'output_max_file_size': 67108864, 'num_workers': 1, 'clip_param': 0.3, 'kl_coeff': 0.2, 'multiagent': {'policy_graphs': {}, 'policy_mapping_fn': None, 'policies_to_train': None}, 'input_evaluation': None, 'output': None, 'collect_metrics_timeout': 180, 'num_cpus_per_worker': 1}",169.237.32.118,1,1366.16,9.862975120544434,"{'num_steps_sampled': 420800, 'load_time_ms': 1.258, 'default': {'kl': 0.006132523063570261, 'cur_lr': 0.0005000000237487257, 'total_loss': 1.1951755285263062, 'policy_loss': -0.016633838415145874, 'vf_explained_var': 0.9865319728851318, 'entropy': 1.8881276845932007, 'cur_kl_coeff': 0.5201579928398132, 'vf_loss': 1.208619475364685}, 'sample_time_ms': 9501.015, 'grad_time_ms': 277.102, 'update_time_ms': 4.58, 'num_steps_trained': 420800}",380.67800838866145,2019-04-02_08-20-16,kronos,71,420800,0,2605.1068682670593,{},420800,263,263,2605.1068682670593,481.90965159483443,1600,1554193216,{},0b32d2eec3344b1fbde4822793b2e447,74.12204501234977
False,333,"{'input': 'sampler', 'callbacks': {'on_train_result': None, 'on_sample_end': None, 'on_episode_step': None, 'on_episode_start': None, 'on_episode_end': None}, 'sample_batch_size': 200, 'clip_actions': False, 'clip_rewards': None, 'tf_session_args': {'inter_op_parallelism_threads': 2, 'intra_op_parallelism_threads': 2, 'device_count': {'CPU': 1}, 'log_device_placement': False, 'allow_soft_placement': True, 'gpu_options': {'allow_growth': True}}, 'kl_target': 0.01, 'horizon': 1500, 'lr': 0.0005, 'sample_async': False, 'simple_optimizer': False, 'compress_observations': False, 'num_envs_per_worker': 1, 'gamma': 0.99, 'sgd_minibatch_size': 128, 'observation_filter': 'NoFilter', 'entropy_coeff': 0.0, 'batch_mode': 'truncate_episodes', 'straggler_mitigation': False, 'vf_share_layers': False, 'num_gpus': 0, 'synchronize_filters': True, 'num_sgd_iter': 10, 'train_batch_size': 1500, 'optimizer': {}, 'num_gpus_per_worker': 0, 'preprocessor_pref': 'deepmind', 'num_cpus_for_driver': 1, 'lr_schedule': None, 'use_gae': True, 'lambda': 0.97, 'vf_loss_coeff': 1.0, 'vf_clip_param': 1000000.0, 'log_level': 'INFO', 'env_config': {'run': 'PPO', 'flow_params': '{\n    ""env"": {\n        ""additional_params"": {\n            ""max_accel"": 3,\n            ""max_decel"": 3,\n            ""sort_vehicles"": false,\n            ""target_velocity"": 20\n        },\n        ""evaluate"": false,\n        ""horizon"": 1500,\n        ""sims_per_step"": 1,\n        ""warmup_steps"": 0\n    },\n    ""env_name"": ""AccelEnv"",\n    ""exp_tag"": ""figure_eight_0"",\n    ""initial"": {\n        ""additional_params"": {},\n        ""bunching"": 0,\n        ""edges_distribution"": ""all"",\n        ""lanes_distribution"": Infinity,\n        ""min_gap"": 0,\n        ""perturbation"": 0.0,\n        ""shuffle"": false,\n        ""spacing"": ""uniform"",\n        ""x0"": 0\n    },\n    ""net"": {\n        ""additional_params"": {\n            ""lanes"": 1,\n            ""radius_ring"": 30,\n            ""resolution"": 40,\n            ""speed_limit"": 30\n        },\n        ""inflows"": {\n            ""_InFlows__flows"": [],\n            ""num_flows"": 0\n        },\n        ""netfile"": null,\n        ""no_internal_links"": false,\n        ""osm_path"": null\n    },\n    ""scenario"": ""Figure8Scenario"",\n    ""sim"": {\n        ""emission_path"": null,\n        ""lateral_resolution"": null,\n        ""no_step_log"": true,\n        ""num_clients"": 1,\n        ""overtake_right"": false,\n        ""port"": null,\n        ""print_warnings"": true,\n        ""pxpm"": 2,\n        ""render"": false,\n        ""restart_instance"": false,\n        ""save_render"": false,\n        ""seed"": null,\n        ""show_radius"": false,\n        ""sight_radius"": 25,\n        ""sim_step"": 0.1,\n        ""teleport_time"": -1\n    },\n    ""simulator"": ""traci"",\n    ""veh"": [\n        {\n            ""acceleration_controller"": [\n                ""IDMController"",\n                {\n                    ""noise"": 0.2\n                }\n            ],\n            ""car_following_params"": {\n                ""controller_params"": {\n                    ""accel"": 1.0,\n                    ""carFollowModel"": ""IDM"",\n                    ""decel"": 1.5,\n                    ""impatience"": 0.5,\n                    ""maxSpeed"": 30,\n                    ""minGap"": 2.5,\n                    ""sigma"": 0.5,\n                    ""speedDev"": 0.1,\n                    ""speedFactor"": 1.0,\n                    ""tau"": 1.0\n                },\n                ""speed_mode"": 1\n            },\n            ""initial_speed"": 0,\n            ""lane_change_controller"": [\n                ""SimLaneChangeController"",\n                {}\n            ],\n            ""lane_change_params"": {\n                ""controller_params"": {\n                    ""laneChangeModel"": ""LC2013"",\n                    ""lcCooperative"": ""1.0"",\n                    ""lcKeepRight"": ""1.0"",\n                    ""lcSpeedGain"": ""1.0"",\n                    ""lcStrategic"": ""1.0""\n                },\n                ""lane_change_mode"": 512\n            },\n            ""num_vehicles"": 13,\n            ""routing_controller"": [\n                ""ContinuousRouter"",\n                {}\n            ],\n            ""veh_id"": ""human""\n        },\n        {\n            ""acceleration_controller"": [\n                ""RLController"",\n                {}\n            ],\n            ""car_following_params"": {\n                ""controller_params"": {\n                    ""accel"": 1.0,\n                    ""carFollowModel"": ""IDM"",\n                    ""decel"": 1.5,\n                    ""impatience"": 0.5,\n                    ""maxSpeed"": 30,\n                    ""minGap"": 2.5,\n                    ""sigma"": 0.5,\n                    ""speedDev"": 0.1,\n                    ""speedFactor"": 1.0,\n                    ""tau"": 1.0\n                },\n                ""speed_mode"": 1\n            },\n            ""initial_speed"": 0,\n            ""lane_change_controller"": [\n                ""SimLaneChangeController"",\n                {}\n            ],\n            ""lane_change_params"": {\n                ""controller_params"": {\n                    ""laneChangeModel"": ""LC2013"",\n                    ""lcCooperative"": ""1.0"",\n                    ""lcKeepRight"": ""1.0"",\n                    ""lcSpeedGain"": ""1.0"",\n                    ""lcStrategic"": ""1.0""\n                },\n                ""lane_change_mode"": 512\n            },\n            ""num_vehicles"": 1,\n            ""routing_controller"": [\n                ""ContinuousRouter"",\n                {}\n            ],\n            ""veh_id"": ""rl""\n        }\n    ]\n}'}, 'env': 'AccelEnv-v0', 'local_evaluator_tf_session_args': {'inter_op_parallelism_threads': 8, 'intra_op_parallelism_threads': 8}, 'model': {'free_log_std': False, 'custom_options': {}, 'framestack': True, 'channel_major': False, 'max_seq_len': 20, 'lstm_use_prev_action_reward': False, 'squash_to_range': False, 'dim': 84, 'grayscale': False, 'fcnet_hiddens': [100, 50, 25], 'use_lstm': False, 'custom_model': None, 'fcnet_activation': 'tanh', 'conv_filters': None, 'conv_activation': 'relu', 'lstm_cell_size': 256, 'zero_mean': True, 'custom_preprocessor': None}, 'output_compress_columns': ['obs', 'new_obs'], 'monitor': False, 'custom_resources_per_worker': {}, 'output_max_file_size': 67108864, 'num_workers': 1, 'clip_param': 0.3, 'kl_coeff': 0.2, 'multiagent': {'policy_graphs': {}, 'policy_mapping_fn': None, 'policies_to_train': None}, 'input_evaluation': None, 'output': None, 'collect_metrics_timeout': 180, 'num_cpus_per_worker': 1}",169.237.32.118,1,1366.16,9.820951223373413,"{'num_steps_sampled': 422400, 'load_time_ms': 1.242, 'default': {'kl': 0.011419673450291157, 'cur_lr': 0.0005000000237487257, 'total_loss': 0.4004887640476227, 'policy_loss': -0.025483282282948494, 'vf_explained_var': 0.9828545451164246, 'entropy': 1.9110760688781738, 'cur_kl_coeff': 0.5201579928398132, 'vf_loss': 0.4200320243835449}, 'sample_time_ms': 9525.267, 'grad_time_ms': 276.324, 'update_time_ms': 4.624, 'num_steps_trained': 422400}",380.4140186290595,2019-04-02_08-20-25,kronos,71,422400,0,2614.9278194904327,{},422400,264,264,2614.9278194904327,481.90965159483443,1600,1554193225,{},0b32d2eec3344b1fbde4822793b2e447,74.12204501234977
False,334,"{'input': 'sampler', 'callbacks': {'on_train_result': None, 'on_sample_end': None, 'on_episode_step': None, 'on_episode_start': None, 'on_episode_end': None}, 'sample_batch_size': 200, 'clip_actions': False, 'clip_rewards': None, 'tf_session_args': {'inter_op_parallelism_threads': 2, 'intra_op_parallelism_threads': 2, 'device_count': {'CPU': 1}, 'log_device_placement': False, 'allow_soft_placement': True, 'gpu_options': {'allow_growth': True}}, 'kl_target': 0.01, 'horizon': 1500, 'lr': 0.0005, 'sample_async': False, 'simple_optimizer': False, 'compress_observations': False, 'num_envs_per_worker': 1, 'gamma': 0.99, 'sgd_minibatch_size': 128, 'observation_filter': 'NoFilter', 'entropy_coeff': 0.0, 'batch_mode': 'truncate_episodes', 'straggler_mitigation': False, 'vf_share_layers': False, 'num_gpus': 0, 'synchronize_filters': True, 'num_sgd_iter': 10, 'train_batch_size': 1500, 'optimizer': {}, 'num_gpus_per_worker': 0, 'preprocessor_pref': 'deepmind', 'num_cpus_for_driver': 1, 'lr_schedule': None, 'use_gae': True, 'lambda': 0.97, 'vf_loss_coeff': 1.0, 'vf_clip_param': 1000000.0, 'log_level': 'INFO', 'env_config': {'run': 'PPO', 'flow_params': '{\n    ""env"": {\n        ""additional_params"": {\n            ""max_accel"": 3,\n            ""max_decel"": 3,\n            ""sort_vehicles"": false,\n            ""target_velocity"": 20\n        },\n        ""evaluate"": false,\n        ""horizon"": 1500,\n        ""sims_per_step"": 1,\n        ""warmup_steps"": 0\n    },\n    ""env_name"": ""AccelEnv"",\n    ""exp_tag"": ""figure_eight_0"",\n    ""initial"": {\n        ""additional_params"": {},\n        ""bunching"": 0,\n        ""edges_distribution"": ""all"",\n        ""lanes_distribution"": Infinity,\n        ""min_gap"": 0,\n        ""perturbation"": 0.0,\n        ""shuffle"": false,\n        ""spacing"": ""uniform"",\n        ""x0"": 0\n    },\n    ""net"": {\n        ""additional_params"": {\n            ""lanes"": 1,\n            ""radius_ring"": 30,\n            ""resolution"": 40,\n            ""speed_limit"": 30\n        },\n        ""inflows"": {\n            ""_InFlows__flows"": [],\n            ""num_flows"": 0\n        },\n        ""netfile"": null,\n        ""no_internal_links"": false,\n        ""osm_path"": null\n    },\n    ""scenario"": ""Figure8Scenario"",\n    ""sim"": {\n        ""emission_path"": null,\n        ""lateral_resolution"": null,\n        ""no_step_log"": true,\n        ""num_clients"": 1,\n        ""overtake_right"": false,\n        ""port"": null,\n        ""print_warnings"": true,\n        ""pxpm"": 2,\n        ""render"": false,\n        ""restart_instance"": false,\n        ""save_render"": false,\n        ""seed"": null,\n        ""show_radius"": false,\n        ""sight_radius"": 25,\n        ""sim_step"": 0.1,\n        ""teleport_time"": -1\n    },\n    ""simulator"": ""traci"",\n    ""veh"": [\n        {\n            ""acceleration_controller"": [\n                ""IDMController"",\n                {\n                    ""noise"": 0.2\n                }\n            ],\n            ""car_following_params"": {\n                ""controller_params"": {\n                    ""accel"": 1.0,\n                    ""carFollowModel"": ""IDM"",\n                    ""decel"": 1.5,\n                    ""impatience"": 0.5,\n                    ""maxSpeed"": 30,\n                    ""minGap"": 2.5,\n                    ""sigma"": 0.5,\n                    ""speedDev"": 0.1,\n                    ""speedFactor"": 1.0,\n                    ""tau"": 1.0\n                },\n                ""speed_mode"": 1\n            },\n            ""initial_speed"": 0,\n            ""lane_change_controller"": [\n                ""SimLaneChangeController"",\n                {}\n            ],\n            ""lane_change_params"": {\n                ""controller_params"": {\n                    ""laneChangeModel"": ""LC2013"",\n                    ""lcCooperative"": ""1.0"",\n                    ""lcKeepRight"": ""1.0"",\n                    ""lcSpeedGain"": ""1.0"",\n                    ""lcStrategic"": ""1.0""\n                },\n                ""lane_change_mode"": 512\n            },\n            ""num_vehicles"": 13,\n            ""routing_controller"": [\n                ""ContinuousRouter"",\n                {}\n            ],\n            ""veh_id"": ""human""\n        },\n        {\n            ""acceleration_controller"": [\n                ""RLController"",\n                {}\n            ],\n            ""car_following_params"": {\n                ""controller_params"": {\n                    ""accel"": 1.0,\n                    ""carFollowModel"": ""IDM"",\n                    ""decel"": 1.5,\n                    ""impatience"": 0.5,\n                    ""maxSpeed"": 30,\n                    ""minGap"": 2.5,\n                    ""sigma"": 0.5,\n                    ""speedDev"": 0.1,\n                    ""speedFactor"": 1.0,\n                    ""tau"": 1.0\n                },\n                ""speed_mode"": 1\n            },\n            ""initial_speed"": 0,\n            ""lane_change_controller"": [\n                ""SimLaneChangeController"",\n                {}\n            ],\n            ""lane_change_params"": {\n                ""controller_params"": {\n                    ""laneChangeModel"": ""LC2013"",\n                    ""lcCooperative"": ""1.0"",\n                    ""lcKeepRight"": ""1.0"",\n                    ""lcSpeedGain"": ""1.0"",\n                    ""lcStrategic"": ""1.0""\n                },\n                ""lane_change_mode"": 512\n            },\n            ""num_vehicles"": 1,\n            ""routing_controller"": [\n                ""ContinuousRouter"",\n                {}\n            ],\n            ""veh_id"": ""rl""\n        }\n    ]\n}'}, 'env': 'AccelEnv-v0', 'local_evaluator_tf_session_args': {'inter_op_parallelism_threads': 8, 'intra_op_parallelism_threads': 8}, 'model': {'free_log_std': False, 'custom_options': {}, 'framestack': True, 'channel_major': False, 'max_seq_len': 20, 'lstm_use_prev_action_reward': False, 'squash_to_range': False, 'dim': 84, 'grayscale': False, 'fcnet_hiddens': [100, 50, 25], 'use_lstm': False, 'custom_model': None, 'fcnet_activation': 'tanh', 'conv_filters': None, 'conv_activation': 'relu', 'lstm_cell_size': 256, 'zero_mean': True, 'custom_preprocessor': None}, 'output_compress_columns': ['obs', 'new_obs'], 'monitor': False, 'custom_resources_per_worker': {}, 'output_max_file_size': 67108864, 'num_workers': 1, 'clip_param': 0.3, 'kl_coeff': 0.2, 'multiagent': {'policy_graphs': {}, 'policy_mapping_fn': None, 'policies_to_train': None}, 'input_evaluation': None, 'output': None, 'collect_metrics_timeout': 180, 'num_cpus_per_worker': 1}",169.237.32.118,1,1366.16,9.934051036834717,"{'num_steps_sampled': 424000, 'load_time_ms': 1.215, 'default': {'kl': 0.008830868639051914, 'cur_lr': 0.0005000000237487257, 'total_loss': 1.3440608978271484, 'policy_loss': -0.019559407606720924, 'vf_explained_var': 0.9635767340660095, 'entropy': 1.8894314765930176, 'cur_kl_coeff': 0.5201579928398132, 'vf_loss': 1.3590269088745117}, 'sample_time_ms': 9535.79, 'grad_time_ms': 277.795, 'update_time_ms': 4.623, 'num_steps_trained': 424000}",380.8234029201731,2019-04-02_08-20-35,kronos,71,424000,0,2624.8618705272675,{},424000,265,265,2624.8618705272675,481.90965159483443,1600,1554193235,{},0b32d2eec3344b1fbde4822793b2e447,74.12204501234977
False,335,"{'input': 'sampler', 'callbacks': {'on_train_result': None, 'on_sample_end': None, 'on_episode_step': None, 'on_episode_start': None, 'on_episode_end': None}, 'sample_batch_size': 200, 'clip_actions': False, 'clip_rewards': None, 'tf_session_args': {'inter_op_parallelism_threads': 2, 'intra_op_parallelism_threads': 2, 'device_count': {'CPU': 1}, 'log_device_placement': False, 'allow_soft_placement': True, 'gpu_options': {'allow_growth': True}}, 'kl_target': 0.01, 'horizon': 1500, 'lr': 0.0005, 'sample_async': False, 'simple_optimizer': False, 'compress_observations': False, 'num_envs_per_worker': 1, 'gamma': 0.99, 'sgd_minibatch_size': 128, 'observation_filter': 'NoFilter', 'entropy_coeff': 0.0, 'batch_mode': 'truncate_episodes', 'straggler_mitigation': False, 'vf_share_layers': False, 'num_gpus': 0, 'synchronize_filters': True, 'num_sgd_iter': 10, 'train_batch_size': 1500, 'optimizer': {}, 'num_gpus_per_worker': 0, 'preprocessor_pref': 'deepmind', 'num_cpus_for_driver': 1, 'lr_schedule': None, 'use_gae': True, 'lambda': 0.97, 'vf_loss_coeff': 1.0, 'vf_clip_param': 1000000.0, 'log_level': 'INFO', 'env_config': {'run': 'PPO', 'flow_params': '{\n    ""env"": {\n        ""additional_params"": {\n            ""max_accel"": 3,\n            ""max_decel"": 3,\n            ""sort_vehicles"": false,\n            ""target_velocity"": 20\n        },\n        ""evaluate"": false,\n        ""horizon"": 1500,\n        ""sims_per_step"": 1,\n        ""warmup_steps"": 0\n    },\n    ""env_name"": ""AccelEnv"",\n    ""exp_tag"": ""figure_eight_0"",\n    ""initial"": {\n        ""additional_params"": {},\n        ""bunching"": 0,\n        ""edges_distribution"": ""all"",\n        ""lanes_distribution"": Infinity,\n        ""min_gap"": 0,\n        ""perturbation"": 0.0,\n        ""shuffle"": false,\n        ""spacing"": ""uniform"",\n        ""x0"": 0\n    },\n    ""net"": {\n        ""additional_params"": {\n            ""lanes"": 1,\n            ""radius_ring"": 30,\n            ""resolution"": 40,\n            ""speed_limit"": 30\n        },\n        ""inflows"": {\n            ""_InFlows__flows"": [],\n            ""num_flows"": 0\n        },\n        ""netfile"": null,\n        ""no_internal_links"": false,\n        ""osm_path"": null\n    },\n    ""scenario"": ""Figure8Scenario"",\n    ""sim"": {\n        ""emission_path"": null,\n        ""lateral_resolution"": null,\n        ""no_step_log"": true,\n        ""num_clients"": 1,\n        ""overtake_right"": false,\n        ""port"": null,\n        ""print_warnings"": true,\n        ""pxpm"": 2,\n        ""render"": false,\n        ""restart_instance"": false,\n        ""save_render"": false,\n        ""seed"": null,\n        ""show_radius"": false,\n        ""sight_radius"": 25,\n        ""sim_step"": 0.1,\n        ""teleport_time"": -1\n    },\n    ""simulator"": ""traci"",\n    ""veh"": [\n        {\n            ""acceleration_controller"": [\n                ""IDMController"",\n                {\n                    ""noise"": 0.2\n                }\n            ],\n            ""car_following_params"": {\n                ""controller_params"": {\n                    ""accel"": 1.0,\n                    ""carFollowModel"": ""IDM"",\n                    ""decel"": 1.5,\n                    ""impatience"": 0.5,\n                    ""maxSpeed"": 30,\n                    ""minGap"": 2.5,\n                    ""sigma"": 0.5,\n                    ""speedDev"": 0.1,\n                    ""speedFactor"": 1.0,\n                    ""tau"": 1.0\n                },\n                ""speed_mode"": 1\n            },\n            ""initial_speed"": 0,\n            ""lane_change_controller"": [\n                ""SimLaneChangeController"",\n                {}\n            ],\n            ""lane_change_params"": {\n                ""controller_params"": {\n                    ""laneChangeModel"": ""LC2013"",\n                    ""lcCooperative"": ""1.0"",\n                    ""lcKeepRight"": ""1.0"",\n                    ""lcSpeedGain"": ""1.0"",\n                    ""lcStrategic"": ""1.0""\n                },\n                ""lane_change_mode"": 512\n            },\n            ""num_vehicles"": 13,\n            ""routing_controller"": [\n                ""ContinuousRouter"",\n                {}\n            ],\n            ""veh_id"": ""human""\n        },\n        {\n            ""acceleration_controller"": [\n                ""RLController"",\n                {}\n            ],\n            ""car_following_params"": {\n                ""controller_params"": {\n                    ""accel"": 1.0,\n                    ""carFollowModel"": ""IDM"",\n                    ""decel"": 1.5,\n                    ""impatience"": 0.5,\n                    ""maxSpeed"": 30,\n                    ""minGap"": 2.5,\n                    ""sigma"": 0.5,\n                    ""speedDev"": 0.1,\n                    ""speedFactor"": 1.0,\n                    ""tau"": 1.0\n                },\n                ""speed_mode"": 1\n            },\n            ""initial_speed"": 0,\n            ""lane_change_controller"": [\n                ""SimLaneChangeController"",\n                {}\n            ],\n            ""lane_change_params"": {\n                ""controller_params"": {\n                    ""laneChangeModel"": ""LC2013"",\n                    ""lcCooperative"": ""1.0"",\n                    ""lcKeepRight"": ""1.0"",\n                    ""lcSpeedGain"": ""1.0"",\n                    ""lcStrategic"": ""1.0""\n                },\n                ""lane_change_mode"": 512\n            },\n            ""num_vehicles"": 1,\n            ""routing_controller"": [\n                ""ContinuousRouter"",\n                {}\n            ],\n            ""veh_id"": ""rl""\n        }\n    ]\n}'}, 'env': 'AccelEnv-v0', 'local_evaluator_tf_session_args': {'inter_op_parallelism_threads': 8, 'intra_op_parallelism_threads': 8}, 'model': {'free_log_std': False, 'custom_options': {}, 'framestack': True, 'channel_major': False, 'max_seq_len': 20, 'lstm_use_prev_action_reward': False, 'squash_to_range': False, 'dim': 84, 'grayscale': False, 'fcnet_hiddens': [100, 50, 25], 'use_lstm': False, 'custom_model': None, 'fcnet_activation': 'tanh', 'conv_filters': None, 'conv_activation': 'relu', 'lstm_cell_size': 256, 'zero_mean': True, 'custom_preprocessor': None}, 'output_compress_columns': ['obs', 'new_obs'], 'monitor': False, 'custom_resources_per_worker': {}, 'output_max_file_size': 67108864, 'num_workers': 1, 'clip_param': 0.3, 'kl_coeff': 0.2, 'multiagent': {'policy_graphs': {}, 'policy_mapping_fn': None, 'policies_to_train': None}, 'input_evaluation': None, 'output': None, 'collect_metrics_timeout': 180, 'num_cpus_per_worker': 1}",169.237.32.118,1,1366.16,9.782925605773926,"{'num_steps_sampled': 425600, 'load_time_ms': 1.217, 'default': {'kl': 0.007149139419198036, 'cur_lr': 0.0005000000237487257, 'total_loss': 1.2976754903793335, 'policy_loss': -0.015778638422489166, 'vf_explained_var': 0.9828402400016785, 'entropy': 1.8519840240478516, 'cur_kl_coeff': 0.5201579928398132, 'vf_loss': 1.3097355365753174}, 'sample_time_ms': 9528.415, 'grad_time_ms': 277.369, 'update_time_ms': 4.574, 'num_steps_trained': 425600}",380.31517147954054,2019-04-02_08-20-45,kronos,71,425600,0,2634.6447961330414,{},425600,266,266,2634.6447961330414,481.90965159483443,1600,1554193245,{},0b32d2eec3344b1fbde4822793b2e447,74.12204501234977
False,336,"{'input': 'sampler', 'callbacks': {'on_train_result': None, 'on_sample_end': None, 'on_episode_step': None, 'on_episode_start': None, 'on_episode_end': None}, 'sample_batch_size': 200, 'clip_actions': False, 'clip_rewards': None, 'tf_session_args': {'inter_op_parallelism_threads': 2, 'intra_op_parallelism_threads': 2, 'device_count': {'CPU': 1}, 'log_device_placement': False, 'allow_soft_placement': True, 'gpu_options': {'allow_growth': True}}, 'kl_target': 0.01, 'horizon': 1500, 'lr': 0.0005, 'sample_async': False, 'simple_optimizer': False, 'compress_observations': False, 'num_envs_per_worker': 1, 'gamma': 0.99, 'sgd_minibatch_size': 128, 'observation_filter': 'NoFilter', 'entropy_coeff': 0.0, 'batch_mode': 'truncate_episodes', 'straggler_mitigation': False, 'vf_share_layers': False, 'num_gpus': 0, 'synchronize_filters': True, 'num_sgd_iter': 10, 'train_batch_size': 1500, 'optimizer': {}, 'num_gpus_per_worker': 0, 'preprocessor_pref': 'deepmind', 'num_cpus_for_driver': 1, 'lr_schedule': None, 'use_gae': True, 'lambda': 0.97, 'vf_loss_coeff': 1.0, 'vf_clip_param': 1000000.0, 'log_level': 'INFO', 'env_config': {'run': 'PPO', 'flow_params': '{\n    ""env"": {\n        ""additional_params"": {\n            ""max_accel"": 3,\n            ""max_decel"": 3,\n            ""sort_vehicles"": false,\n            ""target_velocity"": 20\n        },\n        ""evaluate"": false,\n        ""horizon"": 1500,\n        ""sims_per_step"": 1,\n        ""warmup_steps"": 0\n    },\n    ""env_name"": ""AccelEnv"",\n    ""exp_tag"": ""figure_eight_0"",\n    ""initial"": {\n        ""additional_params"": {},\n        ""bunching"": 0,\n        ""edges_distribution"": ""all"",\n        ""lanes_distribution"": Infinity,\n        ""min_gap"": 0,\n        ""perturbation"": 0.0,\n        ""shuffle"": false,\n        ""spacing"": ""uniform"",\n        ""x0"": 0\n    },\n    ""net"": {\n        ""additional_params"": {\n            ""lanes"": 1,\n            ""radius_ring"": 30,\n            ""resolution"": 40,\n            ""speed_limit"": 30\n        },\n        ""inflows"": {\n            ""_InFlows__flows"": [],\n            ""num_flows"": 0\n        },\n        ""netfile"": null,\n        ""no_internal_links"": false,\n        ""osm_path"": null\n    },\n    ""scenario"": ""Figure8Scenario"",\n    ""sim"": {\n        ""emission_path"": null,\n        ""lateral_resolution"": null,\n        ""no_step_log"": true,\n        ""num_clients"": 1,\n        ""overtake_right"": false,\n        ""port"": null,\n        ""print_warnings"": true,\n        ""pxpm"": 2,\n        ""render"": false,\n        ""restart_instance"": false,\n        ""save_render"": false,\n        ""seed"": null,\n        ""show_radius"": false,\n        ""sight_radius"": 25,\n        ""sim_step"": 0.1,\n        ""teleport_time"": -1\n    },\n    ""simulator"": ""traci"",\n    ""veh"": [\n        {\n            ""acceleration_controller"": [\n                ""IDMController"",\n                {\n                    ""noise"": 0.2\n                }\n            ],\n            ""car_following_params"": {\n                ""controller_params"": {\n                    ""accel"": 1.0,\n                    ""carFollowModel"": ""IDM"",\n                    ""decel"": 1.5,\n                    ""impatience"": 0.5,\n                    ""maxSpeed"": 30,\n                    ""minGap"": 2.5,\n                    ""sigma"": 0.5,\n                    ""speedDev"": 0.1,\n                    ""speedFactor"": 1.0,\n                    ""tau"": 1.0\n                },\n                ""speed_mode"": 1\n            },\n            ""initial_speed"": 0,\n            ""lane_change_controller"": [\n                ""SimLaneChangeController"",\n                {}\n            ],\n            ""lane_change_params"": {\n                ""controller_params"": {\n                    ""laneChangeModel"": ""LC2013"",\n                    ""lcCooperative"": ""1.0"",\n                    ""lcKeepRight"": ""1.0"",\n                    ""lcSpeedGain"": ""1.0"",\n                    ""lcStrategic"": ""1.0""\n                },\n                ""lane_change_mode"": 512\n            },\n            ""num_vehicles"": 13,\n            ""routing_controller"": [\n                ""ContinuousRouter"",\n                {}\n            ],\n            ""veh_id"": ""human""\n        },\n        {\n            ""acceleration_controller"": [\n                ""RLController"",\n                {}\n            ],\n            ""car_following_params"": {\n                ""controller_params"": {\n                    ""accel"": 1.0,\n                    ""carFollowModel"": ""IDM"",\n                    ""decel"": 1.5,\n                    ""impatience"": 0.5,\n                    ""maxSpeed"": 30,\n                    ""minGap"": 2.5,\n                    ""sigma"": 0.5,\n                    ""speedDev"": 0.1,\n                    ""speedFactor"": 1.0,\n                    ""tau"": 1.0\n                },\n                ""speed_mode"": 1\n            },\n            ""initial_speed"": 0,\n            ""lane_change_controller"": [\n                ""SimLaneChangeController"",\n                {}\n            ],\n            ""lane_change_params"": {\n                ""controller_params"": {\n                    ""laneChangeModel"": ""LC2013"",\n                    ""lcCooperative"": ""1.0"",\n                    ""lcKeepRight"": ""1.0"",\n                    ""lcSpeedGain"": ""1.0"",\n                    ""lcStrategic"": ""1.0""\n                },\n                ""lane_change_mode"": 512\n            },\n            ""num_vehicles"": 1,\n            ""routing_controller"": [\n                ""ContinuousRouter"",\n                {}\n            ],\n            ""veh_id"": ""rl""\n        }\n    ]\n}'}, 'env': 'AccelEnv-v0', 'local_evaluator_tf_session_args': {'inter_op_parallelism_threads': 8, 'intra_op_parallelism_threads': 8}, 'model': {'free_log_std': False, 'custom_options': {}, 'framestack': True, 'channel_major': False, 'max_seq_len': 20, 'lstm_use_prev_action_reward': False, 'squash_to_range': False, 'dim': 84, 'grayscale': False, 'fcnet_hiddens': [100, 50, 25], 'use_lstm': False, 'custom_model': None, 'fcnet_activation': 'tanh', 'conv_filters': None, 'conv_activation': 'relu', 'lstm_cell_size': 256, 'zero_mean': True, 'custom_preprocessor': None}, 'output_compress_columns': ['obs', 'new_obs'], 'monitor': False, 'custom_resources_per_worker': {}, 'output_max_file_size': 67108864, 'num_workers': 1, 'clip_param': 0.3, 'kl_coeff': 0.2, 'multiagent': {'policy_graphs': {}, 'policy_mapping_fn': None, 'policies_to_train': None}, 'input_evaluation': None, 'output': None, 'collect_metrics_timeout': 180, 'num_cpus_per_worker': 1}",169.237.32.118,1,1366.16,9.965685606002808,"{'num_steps_sampled': 427200, 'load_time_ms': 1.238, 'default': {'kl': 0.01204467099159956, 'cur_lr': 0.0005000000237487257, 'total_loss': 0.9181342124938965, 'policy_loss': -0.03314425051212311, 'vf_explained_var': 0.9841509461402893, 'entropy': 1.8668235540390015, 'cur_kl_coeff': 0.5201579928398132, 'vf_loss': 0.9450132250785828}, 'sample_time_ms': 9574.49, 'grad_time_ms': 277.549, 'update_time_ms': 4.559, 'num_steps_trained': 427200}",380.6002370866326,2019-04-02_08-20-55,kronos,71,427200,0,2644.610481739044,{},427200,267,267,2644.610481739044,481.90965159483443,1600,1554193255,{},0b32d2eec3344b1fbde4822793b2e447,74.12204501234977
False,337,"{'input': 'sampler', 'callbacks': {'on_train_result': None, 'on_sample_end': None, 'on_episode_step': None, 'on_episode_start': None, 'on_episode_end': None}, 'sample_batch_size': 200, 'clip_actions': False, 'clip_rewards': None, 'tf_session_args': {'inter_op_parallelism_threads': 2, 'intra_op_parallelism_threads': 2, 'device_count': {'CPU': 1}, 'log_device_placement': False, 'allow_soft_placement': True, 'gpu_options': {'allow_growth': True}}, 'kl_target': 0.01, 'horizon': 1500, 'lr': 0.0005, 'sample_async': False, 'simple_optimizer': False, 'compress_observations': False, 'num_envs_per_worker': 1, 'gamma': 0.99, 'sgd_minibatch_size': 128, 'observation_filter': 'NoFilter', 'entropy_coeff': 0.0, 'batch_mode': 'truncate_episodes', 'straggler_mitigation': False, 'vf_share_layers': False, 'num_gpus': 0, 'synchronize_filters': True, 'num_sgd_iter': 10, 'train_batch_size': 1500, 'optimizer': {}, 'num_gpus_per_worker': 0, 'preprocessor_pref': 'deepmind', 'num_cpus_for_driver': 1, 'lr_schedule': None, 'use_gae': True, 'lambda': 0.97, 'vf_loss_coeff': 1.0, 'vf_clip_param': 1000000.0, 'log_level': 'INFO', 'env_config': {'run': 'PPO', 'flow_params': '{\n    ""env"": {\n        ""additional_params"": {\n            ""max_accel"": 3,\n            ""max_decel"": 3,\n            ""sort_vehicles"": false,\n            ""target_velocity"": 20\n        },\n        ""evaluate"": false,\n        ""horizon"": 1500,\n        ""sims_per_step"": 1,\n        ""warmup_steps"": 0\n    },\n    ""env_name"": ""AccelEnv"",\n    ""exp_tag"": ""figure_eight_0"",\n    ""initial"": {\n        ""additional_params"": {},\n        ""bunching"": 0,\n        ""edges_distribution"": ""all"",\n        ""lanes_distribution"": Infinity,\n        ""min_gap"": 0,\n        ""perturbation"": 0.0,\n        ""shuffle"": false,\n        ""spacing"": ""uniform"",\n        ""x0"": 0\n    },\n    ""net"": {\n        ""additional_params"": {\n            ""lanes"": 1,\n            ""radius_ring"": 30,\n            ""resolution"": 40,\n            ""speed_limit"": 30\n        },\n        ""inflows"": {\n            ""_InFlows__flows"": [],\n            ""num_flows"": 0\n        },\n        ""netfile"": null,\n        ""no_internal_links"": false,\n        ""osm_path"": null\n    },\n    ""scenario"": ""Figure8Scenario"",\n    ""sim"": {\n        ""emission_path"": null,\n        ""lateral_resolution"": null,\n        ""no_step_log"": true,\n        ""num_clients"": 1,\n        ""overtake_right"": false,\n        ""port"": null,\n        ""print_warnings"": true,\n        ""pxpm"": 2,\n        ""render"": false,\n        ""restart_instance"": false,\n        ""save_render"": false,\n        ""seed"": null,\n        ""show_radius"": false,\n        ""sight_radius"": 25,\n        ""sim_step"": 0.1,\n        ""teleport_time"": -1\n    },\n    ""simulator"": ""traci"",\n    ""veh"": [\n        {\n            ""acceleration_controller"": [\n                ""IDMController"",\n                {\n                    ""noise"": 0.2\n                }\n            ],\n            ""car_following_params"": {\n                ""controller_params"": {\n                    ""accel"": 1.0,\n                    ""carFollowModel"": ""IDM"",\n                    ""decel"": 1.5,\n                    ""impatience"": 0.5,\n                    ""maxSpeed"": 30,\n                    ""minGap"": 2.5,\n                    ""sigma"": 0.5,\n                    ""speedDev"": 0.1,\n                    ""speedFactor"": 1.0,\n                    ""tau"": 1.0\n                },\n                ""speed_mode"": 1\n            },\n            ""initial_speed"": 0,\n            ""lane_change_controller"": [\n                ""SimLaneChangeController"",\n                {}\n            ],\n            ""lane_change_params"": {\n                ""controller_params"": {\n                    ""laneChangeModel"": ""LC2013"",\n                    ""lcCooperative"": ""1.0"",\n                    ""lcKeepRight"": ""1.0"",\n                    ""lcSpeedGain"": ""1.0"",\n                    ""lcStrategic"": ""1.0""\n                },\n                ""lane_change_mode"": 512\n            },\n            ""num_vehicles"": 13,\n            ""routing_controller"": [\n                ""ContinuousRouter"",\n                {}\n            ],\n            ""veh_id"": ""human""\n        },\n        {\n            ""acceleration_controller"": [\n                ""RLController"",\n                {}\n            ],\n            ""car_following_params"": {\n                ""controller_params"": {\n                    ""accel"": 1.0,\n                    ""carFollowModel"": ""IDM"",\n                    ""decel"": 1.5,\n                    ""impatience"": 0.5,\n                    ""maxSpeed"": 30,\n                    ""minGap"": 2.5,\n                    ""sigma"": 0.5,\n                    ""speedDev"": 0.1,\n                    ""speedFactor"": 1.0,\n                    ""tau"": 1.0\n                },\n                ""speed_mode"": 1\n            },\n            ""initial_speed"": 0,\n            ""lane_change_controller"": [\n                ""SimLaneChangeController"",\n                {}\n            ],\n            ""lane_change_params"": {\n                ""controller_params"": {\n                    ""laneChangeModel"": ""LC2013"",\n                    ""lcCooperative"": ""1.0"",\n                    ""lcKeepRight"": ""1.0"",\n                    ""lcSpeedGain"": ""1.0"",\n                    ""lcStrategic"": ""1.0""\n                },\n                ""lane_change_mode"": 512\n            },\n            ""num_vehicles"": 1,\n            ""routing_controller"": [\n                ""ContinuousRouter"",\n                {}\n            ],\n            ""veh_id"": ""rl""\n        }\n    ]\n}'}, 'env': 'AccelEnv-v0', 'local_evaluator_tf_session_args': {'inter_op_parallelism_threads': 8, 'intra_op_parallelism_threads': 8}, 'model': {'free_log_std': False, 'custom_options': {}, 'framestack': True, 'channel_major': False, 'max_seq_len': 20, 'lstm_use_prev_action_reward': False, 'squash_to_range': False, 'dim': 84, 'grayscale': False, 'fcnet_hiddens': [100, 50, 25], 'use_lstm': False, 'custom_model': None, 'fcnet_activation': 'tanh', 'conv_filters': None, 'conv_activation': 'relu', 'lstm_cell_size': 256, 'zero_mean': True, 'custom_preprocessor': None}, 'output_compress_columns': ['obs', 'new_obs'], 'monitor': False, 'custom_resources_per_worker': {}, 'output_max_file_size': 67108864, 'num_workers': 1, 'clip_param': 0.3, 'kl_coeff': 0.2, 'multiagent': {'policy_graphs': {}, 'policy_mapping_fn': None, 'policies_to_train': None}, 'input_evaluation': None, 'output': None, 'collect_metrics_timeout': 180, 'num_cpus_per_worker': 1}",169.237.32.118,1,1359.97,9.6997389793396,"{'num_steps_sampled': 428800, 'load_time_ms': 1.234, 'default': {'kl': 0.005429180338978767, 'cur_lr': 0.0005000000237487257, 'total_loss': 0.29528895020484924, 'policy_loss': -0.010729913599789143, 'vf_explained_var': 0.9952204823493958, 'entropy': 2.0060389041900635, 'cur_kl_coeff': 0.5201579928398132, 'vf_loss': 0.3031948208808899}, 'sample_time_ms': 9562.007, 'grad_time_ms': 276.881, 'update_time_ms': 4.563, 'num_steps_trained': 428800}",378.87730497403373,2019-04-02_08-21-05,kronos,71,428800,0,2654.310220718384,{},428800,268,268,2654.310220718384,481.90965159483443,1600,1554193265,{},0b32d2eec3344b1fbde4822793b2e447,74.12204501234977
False,338,"{'input': 'sampler', 'callbacks': {'on_train_result': None, 'on_sample_end': None, 'on_episode_step': None, 'on_episode_start': None, 'on_episode_end': None}, 'sample_batch_size': 200, 'clip_actions': False, 'clip_rewards': None, 'tf_session_args': {'inter_op_parallelism_threads': 2, 'intra_op_parallelism_threads': 2, 'device_count': {'CPU': 1}, 'log_device_placement': False, 'allow_soft_placement': True, 'gpu_options': {'allow_growth': True}}, 'kl_target': 0.01, 'horizon': 1500, 'lr': 0.0005, 'sample_async': False, 'simple_optimizer': False, 'compress_observations': False, 'num_envs_per_worker': 1, 'gamma': 0.99, 'sgd_minibatch_size': 128, 'observation_filter': 'NoFilter', 'entropy_coeff': 0.0, 'batch_mode': 'truncate_episodes', 'straggler_mitigation': False, 'vf_share_layers': False, 'num_gpus': 0, 'synchronize_filters': True, 'num_sgd_iter': 10, 'train_batch_size': 1500, 'optimizer': {}, 'num_gpus_per_worker': 0, 'preprocessor_pref': 'deepmind', 'num_cpus_for_driver': 1, 'lr_schedule': None, 'use_gae': True, 'lambda': 0.97, 'vf_loss_coeff': 1.0, 'vf_clip_param': 1000000.0, 'log_level': 'INFO', 'env_config': {'run': 'PPO', 'flow_params': '{\n    ""env"": {\n        ""additional_params"": {\n            ""max_accel"": 3,\n            ""max_decel"": 3,\n            ""sort_vehicles"": false,\n            ""target_velocity"": 20\n        },\n        ""evaluate"": false,\n        ""horizon"": 1500,\n        ""sims_per_step"": 1,\n        ""warmup_steps"": 0\n    },\n    ""env_name"": ""AccelEnv"",\n    ""exp_tag"": ""figure_eight_0"",\n    ""initial"": {\n        ""additional_params"": {},\n        ""bunching"": 0,\n        ""edges_distribution"": ""all"",\n        ""lanes_distribution"": Infinity,\n        ""min_gap"": 0,\n        ""perturbation"": 0.0,\n        ""shuffle"": false,\n        ""spacing"": ""uniform"",\n        ""x0"": 0\n    },\n    ""net"": {\n        ""additional_params"": {\n            ""lanes"": 1,\n            ""radius_ring"": 30,\n            ""resolution"": 40,\n            ""speed_limit"": 30\n        },\n        ""inflows"": {\n            ""_InFlows__flows"": [],\n            ""num_flows"": 0\n        },\n        ""netfile"": null,\n        ""no_internal_links"": false,\n        ""osm_path"": null\n    },\n    ""scenario"": ""Figure8Scenario"",\n    ""sim"": {\n        ""emission_path"": null,\n        ""lateral_resolution"": null,\n        ""no_step_log"": true,\n        ""num_clients"": 1,\n        ""overtake_right"": false,\n        ""port"": null,\n        ""print_warnings"": true,\n        ""pxpm"": 2,\n        ""render"": false,\n        ""restart_instance"": false,\n        ""save_render"": false,\n        ""seed"": null,\n        ""show_radius"": false,\n        ""sight_radius"": 25,\n        ""sim_step"": 0.1,\n        ""teleport_time"": -1\n    },\n    ""simulator"": ""traci"",\n    ""veh"": [\n        {\n            ""acceleration_controller"": [\n                ""IDMController"",\n                {\n                    ""noise"": 0.2\n                }\n            ],\n            ""car_following_params"": {\n                ""controller_params"": {\n                    ""accel"": 1.0,\n                    ""carFollowModel"": ""IDM"",\n                    ""decel"": 1.5,\n                    ""impatience"": 0.5,\n                    ""maxSpeed"": 30,\n                    ""minGap"": 2.5,\n                    ""sigma"": 0.5,\n                    ""speedDev"": 0.1,\n                    ""speedFactor"": 1.0,\n                    ""tau"": 1.0\n                },\n                ""speed_mode"": 1\n            },\n            ""initial_speed"": 0,\n            ""lane_change_controller"": [\n                ""SimLaneChangeController"",\n                {}\n            ],\n            ""lane_change_params"": {\n                ""controller_params"": {\n                    ""laneChangeModel"": ""LC2013"",\n                    ""lcCooperative"": ""1.0"",\n                    ""lcKeepRight"": ""1.0"",\n                    ""lcSpeedGain"": ""1.0"",\n                    ""lcStrategic"": ""1.0""\n                },\n                ""lane_change_mode"": 512\n            },\n            ""num_vehicles"": 13,\n            ""routing_controller"": [\n                ""ContinuousRouter"",\n                {}\n            ],\n            ""veh_id"": ""human""\n        },\n        {\n            ""acceleration_controller"": [\n                ""RLController"",\n                {}\n            ],\n            ""car_following_params"": {\n                ""controller_params"": {\n                    ""accel"": 1.0,\n                    ""carFollowModel"": ""IDM"",\n                    ""decel"": 1.5,\n                    ""impatience"": 0.5,\n                    ""maxSpeed"": 30,\n                    ""minGap"": 2.5,\n                    ""sigma"": 0.5,\n                    ""speedDev"": 0.1,\n                    ""speedFactor"": 1.0,\n                    ""tau"": 1.0\n                },\n                ""speed_mode"": 1\n            },\n            ""initial_speed"": 0,\n            ""lane_change_controller"": [\n                ""SimLaneChangeController"",\n                {}\n            ],\n            ""lane_change_params"": {\n                ""controller_params"": {\n                    ""laneChangeModel"": ""LC2013"",\n                    ""lcCooperative"": ""1.0"",\n                    ""lcKeepRight"": ""1.0"",\n                    ""lcSpeedGain"": ""1.0"",\n                    ""lcStrategic"": ""1.0""\n                },\n                ""lane_change_mode"": 512\n            },\n            ""num_vehicles"": 1,\n            ""routing_controller"": [\n                ""ContinuousRouter"",\n                {}\n            ],\n            ""veh_id"": ""rl""\n        }\n    ]\n}'}, 'env': 'AccelEnv-v0', 'local_evaluator_tf_session_args': {'inter_op_parallelism_threads': 8, 'intra_op_parallelism_threads': 8}, 'model': {'free_log_std': False, 'custom_options': {}, 'framestack': True, 'channel_major': False, 'max_seq_len': 20, 'lstm_use_prev_action_reward': False, 'squash_to_range': False, 'dim': 84, 'grayscale': False, 'fcnet_hiddens': [100, 50, 25], 'use_lstm': False, 'custom_model': None, 'fcnet_activation': 'tanh', 'conv_filters': None, 'conv_activation': 'relu', 'lstm_cell_size': 256, 'zero_mean': True, 'custom_preprocessor': None}, 'output_compress_columns': ['obs', 'new_obs'], 'monitor': False, 'custom_resources_per_worker': {}, 'output_max_file_size': 67108864, 'num_workers': 1, 'clip_param': 0.3, 'kl_coeff': 0.2, 'multiagent': {'policy_graphs': {}, 'policy_mapping_fn': None, 'policies_to_train': None}, 'input_evaluation': None, 'output': None, 'collect_metrics_timeout': 180, 'num_cpus_per_worker': 1}",169.237.32.118,1,1359.97,10.026579141616821,"{'num_steps_sampled': 430400, 'load_time_ms': 1.253, 'default': {'kl': 0.007735194638371468, 'cur_lr': 0.0005000000237487257, 'total_loss': 0.9811813235282898, 'policy_loss': -0.022248392924666405, 'vf_explained_var': 0.9806681275367737, 'entropy': 2.003080368041992, 'cur_kl_coeff': 0.5201579928398132, 'vf_loss': 0.999406099319458}, 'sample_time_ms': 9590.239, 'grad_time_ms': 277.071, 'update_time_ms': 4.652, 'num_steps_trained': 430400}",378.9700858297612,2019-04-02_08-21-15,kronos,71,430400,0,2664.3367998600006,{},430400,269,269,2664.3367998600006,481.90965159483443,1600,1554193275,{},0b32d2eec3344b1fbde4822793b2e447,74.12204501234977
False,340,"{'input': 'sampler', 'callbacks': {'on_train_result': None, 'on_sample_end': None, 'on_episode_step': None, 'on_episode_start': None, 'on_episode_end': None}, 'sample_batch_size': 200, 'clip_actions': False, 'clip_rewards': None, 'tf_session_args': {'inter_op_parallelism_threads': 2, 'intra_op_parallelism_threads': 2, 'device_count': {'CPU': 1}, 'log_device_placement': False, 'allow_soft_placement': True, 'gpu_options': {'allow_growth': True}}, 'kl_target': 0.01, 'horizon': 1500, 'lr': 0.0005, 'sample_async': False, 'simple_optimizer': False, 'compress_observations': False, 'num_envs_per_worker': 1, 'gamma': 0.99, 'sgd_minibatch_size': 128, 'observation_filter': 'NoFilter', 'entropy_coeff': 0.0, 'batch_mode': 'truncate_episodes', 'straggler_mitigation': False, 'vf_share_layers': False, 'num_gpus': 0, 'synchronize_filters': True, 'num_sgd_iter': 10, 'train_batch_size': 1500, 'optimizer': {}, 'num_gpus_per_worker': 0, 'preprocessor_pref': 'deepmind', 'num_cpus_for_driver': 1, 'lr_schedule': None, 'use_gae': True, 'lambda': 0.97, 'vf_loss_coeff': 1.0, 'vf_clip_param': 1000000.0, 'log_level': 'INFO', 'env_config': {'run': 'PPO', 'flow_params': '{\n    ""env"": {\n        ""additional_params"": {\n            ""max_accel"": 3,\n            ""max_decel"": 3,\n            ""sort_vehicles"": false,\n            ""target_velocity"": 20\n        },\n        ""evaluate"": false,\n        ""horizon"": 1500,\n        ""sims_per_step"": 1,\n        ""warmup_steps"": 0\n    },\n    ""env_name"": ""AccelEnv"",\n    ""exp_tag"": ""figure_eight_0"",\n    ""initial"": {\n        ""additional_params"": {},\n        ""bunching"": 0,\n        ""edges_distribution"": ""all"",\n        ""lanes_distribution"": Infinity,\n        ""min_gap"": 0,\n        ""perturbation"": 0.0,\n        ""shuffle"": false,\n        ""spacing"": ""uniform"",\n        ""x0"": 0\n    },\n    ""net"": {\n        ""additional_params"": {\n            ""lanes"": 1,\n            ""radius_ring"": 30,\n            ""resolution"": 40,\n            ""speed_limit"": 30\n        },\n        ""inflows"": {\n            ""_InFlows__flows"": [],\n            ""num_flows"": 0\n        },\n        ""netfile"": null,\n        ""no_internal_links"": false,\n        ""osm_path"": null\n    },\n    ""scenario"": ""Figure8Scenario"",\n    ""sim"": {\n        ""emission_path"": null,\n        ""lateral_resolution"": null,\n        ""no_step_log"": true,\n        ""num_clients"": 1,\n        ""overtake_right"": false,\n        ""port"": null,\n        ""print_warnings"": true,\n        ""pxpm"": 2,\n        ""render"": false,\n        ""restart_instance"": false,\n        ""save_render"": false,\n        ""seed"": null,\n        ""show_radius"": false,\n        ""sight_radius"": 25,\n        ""sim_step"": 0.1,\n        ""teleport_time"": -1\n    },\n    ""simulator"": ""traci"",\n    ""veh"": [\n        {\n            ""acceleration_controller"": [\n                ""IDMController"",\n                {\n                    ""noise"": 0.2\n                }\n            ],\n            ""car_following_params"": {\n                ""controller_params"": {\n                    ""accel"": 1.0,\n                    ""carFollowModel"": ""IDM"",\n                    ""decel"": 1.5,\n                    ""impatience"": 0.5,\n                    ""maxSpeed"": 30,\n                    ""minGap"": 2.5,\n                    ""sigma"": 0.5,\n                    ""speedDev"": 0.1,\n                    ""speedFactor"": 1.0,\n                    ""tau"": 1.0\n                },\n                ""speed_mode"": 1\n            },\n            ""initial_speed"": 0,\n            ""lane_change_controller"": [\n                ""SimLaneChangeController"",\n                {}\n            ],\n            ""lane_change_params"": {\n                ""controller_params"": {\n                    ""laneChangeModel"": ""LC2013"",\n                    ""lcCooperative"": ""1.0"",\n                    ""lcKeepRight"": ""1.0"",\n                    ""lcSpeedGain"": ""1.0"",\n                    ""lcStrategic"": ""1.0""\n                },\n                ""lane_change_mode"": 512\n            },\n            ""num_vehicles"": 13,\n            ""routing_controller"": [\n                ""ContinuousRouter"",\n                {}\n            ],\n            ""veh_id"": ""human""\n        },\n        {\n            ""acceleration_controller"": [\n                ""RLController"",\n                {}\n            ],\n            ""car_following_params"": {\n                ""controller_params"": {\n                    ""accel"": 1.0,\n                    ""carFollowModel"": ""IDM"",\n                    ""decel"": 1.5,\n                    ""impatience"": 0.5,\n                    ""maxSpeed"": 30,\n                    ""minGap"": 2.5,\n                    ""sigma"": 0.5,\n                    ""speedDev"": 0.1,\n                    ""speedFactor"": 1.0,\n                    ""tau"": 1.0\n                },\n                ""speed_mode"": 1\n            },\n            ""initial_speed"": 0,\n            ""lane_change_controller"": [\n                ""SimLaneChangeController"",\n                {}\n            ],\n            ""lane_change_params"": {\n                ""controller_params"": {\n                    ""laneChangeModel"": ""LC2013"",\n                    ""lcCooperative"": ""1.0"",\n                    ""lcKeepRight"": ""1.0"",\n                    ""lcSpeedGain"": ""1.0"",\n                    ""lcStrategic"": ""1.0""\n                },\n                ""lane_change_mode"": 512\n            },\n            ""num_vehicles"": 1,\n            ""routing_controller"": [\n                ""ContinuousRouter"",\n                {}\n            ],\n            ""veh_id"": ""rl""\n        }\n    ]\n}'}, 'env': 'AccelEnv-v0', 'local_evaluator_tf_session_args': {'inter_op_parallelism_threads': 8, 'intra_op_parallelism_threads': 8}, 'model': {'free_log_std': False, 'custom_options': {}, 'framestack': True, 'channel_major': False, 'max_seq_len': 20, 'lstm_use_prev_action_reward': False, 'squash_to_range': False, 'dim': 84, 'grayscale': False, 'fcnet_hiddens': [100, 50, 25], 'use_lstm': False, 'custom_model': None, 'fcnet_activation': 'tanh', 'conv_filters': None, 'conv_activation': 'relu', 'lstm_cell_size': 256, 'zero_mean': True, 'custom_preprocessor': None}, 'output_compress_columns': ['obs', 'new_obs'], 'monitor': False, 'custom_resources_per_worker': {}, 'output_max_file_size': 67108864, 'num_workers': 1, 'clip_param': 0.3, 'kl_coeff': 0.2, 'multiagent': {'policy_graphs': {}, 'policy_mapping_fn': None, 'policies_to_train': None}, 'input_evaluation': None, 'output': None, 'collect_metrics_timeout': 180, 'num_cpus_per_worker': 1}",169.237.32.118,2,1359.97,10.013090372085571,"{'num_steps_sampled': 432000, 'load_time_ms': 1.218, 'default': {'kl': 0.00610147463157773, 'cur_lr': 0.0005000000237487257, 'total_loss': 0.95223069190979, 'policy_loss': -0.020805787295103073, 'vf_explained_var': 0.9769933223724365, 'entropy': 1.9397484064102173, 'cur_kl_coeff': 0.5201579928398132, 'vf_loss': 0.9698627591133118}, 'sample_time_ms': 9601.838, 'grad_time_ms': 278.832, 'update_time_ms': 4.619, 'num_steps_trained': 432000}",379.0855440786809,2019-04-02_08-21-25,kronos,71,432000,0,2674.349890232086,{},432000,270,270,2674.349890232086,481.90965159483443,1600,1554193285,{},0b32d2eec3344b1fbde4822793b2e447,74.12204501234977
False,341,"{'input': 'sampler', 'callbacks': {'on_train_result': None, 'on_sample_end': None, 'on_episode_step': None, 'on_episode_start': None, 'on_episode_end': None}, 'sample_batch_size': 200, 'clip_actions': False, 'clip_rewards': None, 'tf_session_args': {'inter_op_parallelism_threads': 2, 'intra_op_parallelism_threads': 2, 'device_count': {'CPU': 1}, 'log_device_placement': False, 'allow_soft_placement': True, 'gpu_options': {'allow_growth': True}}, 'kl_target': 0.01, 'horizon': 1500, 'lr': 0.0005, 'sample_async': False, 'simple_optimizer': False, 'compress_observations': False, 'num_envs_per_worker': 1, 'gamma': 0.99, 'sgd_minibatch_size': 128, 'observation_filter': 'NoFilter', 'entropy_coeff': 0.0, 'batch_mode': 'truncate_episodes', 'straggler_mitigation': False, 'vf_share_layers': False, 'num_gpus': 0, 'synchronize_filters': True, 'num_sgd_iter': 10, 'train_batch_size': 1500, 'optimizer': {}, 'num_gpus_per_worker': 0, 'preprocessor_pref': 'deepmind', 'num_cpus_for_driver': 1, 'lr_schedule': None, 'use_gae': True, 'lambda': 0.97, 'vf_loss_coeff': 1.0, 'vf_clip_param': 1000000.0, 'log_level': 'INFO', 'env_config': {'run': 'PPO', 'flow_params': '{\n    ""env"": {\n        ""additional_params"": {\n            ""max_accel"": 3,\n            ""max_decel"": 3,\n            ""sort_vehicles"": false,\n            ""target_velocity"": 20\n        },\n        ""evaluate"": false,\n        ""horizon"": 1500,\n        ""sims_per_step"": 1,\n        ""warmup_steps"": 0\n    },\n    ""env_name"": ""AccelEnv"",\n    ""exp_tag"": ""figure_eight_0"",\n    ""initial"": {\n        ""additional_params"": {},\n        ""bunching"": 0,\n        ""edges_distribution"": ""all"",\n        ""lanes_distribution"": Infinity,\n        ""min_gap"": 0,\n        ""perturbation"": 0.0,\n        ""shuffle"": false,\n        ""spacing"": ""uniform"",\n        ""x0"": 0\n    },\n    ""net"": {\n        ""additional_params"": {\n            ""lanes"": 1,\n            ""radius_ring"": 30,\n            ""resolution"": 40,\n            ""speed_limit"": 30\n        },\n        ""inflows"": {\n            ""_InFlows__flows"": [],\n            ""num_flows"": 0\n        },\n        ""netfile"": null,\n        ""no_internal_links"": false,\n        ""osm_path"": null\n    },\n    ""scenario"": ""Figure8Scenario"",\n    ""sim"": {\n        ""emission_path"": null,\n        ""lateral_resolution"": null,\n        ""no_step_log"": true,\n        ""num_clients"": 1,\n        ""overtake_right"": false,\n        ""port"": null,\n        ""print_warnings"": true,\n        ""pxpm"": 2,\n        ""render"": false,\n        ""restart_instance"": false,\n        ""save_render"": false,\n        ""seed"": null,\n        ""show_radius"": false,\n        ""sight_radius"": 25,\n        ""sim_step"": 0.1,\n        ""teleport_time"": -1\n    },\n    ""simulator"": ""traci"",\n    ""veh"": [\n        {\n            ""acceleration_controller"": [\n                ""IDMController"",\n                {\n                    ""noise"": 0.2\n                }\n            ],\n            ""car_following_params"": {\n                ""controller_params"": {\n                    ""accel"": 1.0,\n                    ""carFollowModel"": ""IDM"",\n                    ""decel"": 1.5,\n                    ""impatience"": 0.5,\n                    ""maxSpeed"": 30,\n                    ""minGap"": 2.5,\n                    ""sigma"": 0.5,\n                    ""speedDev"": 0.1,\n                    ""speedFactor"": 1.0,\n                    ""tau"": 1.0\n                },\n                ""speed_mode"": 1\n            },\n            ""initial_speed"": 0,\n            ""lane_change_controller"": [\n                ""SimLaneChangeController"",\n                {}\n            ],\n            ""lane_change_params"": {\n                ""controller_params"": {\n                    ""laneChangeModel"": ""LC2013"",\n                    ""lcCooperative"": ""1.0"",\n                    ""lcKeepRight"": ""1.0"",\n                    ""lcSpeedGain"": ""1.0"",\n                    ""lcStrategic"": ""1.0""\n                },\n                ""lane_change_mode"": 512\n            },\n            ""num_vehicles"": 13,\n            ""routing_controller"": [\n                ""ContinuousRouter"",\n                {}\n            ],\n            ""veh_id"": ""human""\n        },\n        {\n            ""acceleration_controller"": [\n                ""RLController"",\n                {}\n            ],\n            ""car_following_params"": {\n                ""controller_params"": {\n                    ""accel"": 1.0,\n                    ""carFollowModel"": ""IDM"",\n                    ""decel"": 1.5,\n                    ""impatience"": 0.5,\n                    ""maxSpeed"": 30,\n                    ""minGap"": 2.5,\n                    ""sigma"": 0.5,\n                    ""speedDev"": 0.1,\n                    ""speedFactor"": 1.0,\n                    ""tau"": 1.0\n                },\n                ""speed_mode"": 1\n            },\n            ""initial_speed"": 0,\n            ""lane_change_controller"": [\n                ""SimLaneChangeController"",\n                {}\n            ],\n            ""lane_change_params"": {\n                ""controller_params"": {\n                    ""laneChangeModel"": ""LC2013"",\n                    ""lcCooperative"": ""1.0"",\n                    ""lcKeepRight"": ""1.0"",\n                    ""lcSpeedGain"": ""1.0"",\n                    ""lcStrategic"": ""1.0""\n                },\n                ""lane_change_mode"": 512\n            },\n            ""num_vehicles"": 1,\n            ""routing_controller"": [\n                ""ContinuousRouter"",\n                {}\n            ],\n            ""veh_id"": ""rl""\n        }\n    ]\n}'}, 'env': 'AccelEnv-v0', 'local_evaluator_tf_session_args': {'inter_op_parallelism_threads': 8, 'intra_op_parallelism_threads': 8}, 'model': {'free_log_std': False, 'custom_options': {}, 'framestack': True, 'channel_major': False, 'max_seq_len': 20, 'lstm_use_prev_action_reward': False, 'squash_to_range': False, 'dim': 84, 'grayscale': False, 'fcnet_hiddens': [100, 50, 25], 'use_lstm': False, 'custom_model': None, 'fcnet_activation': 'tanh', 'conv_filters': None, 'conv_activation': 'relu', 'lstm_cell_size': 256, 'zero_mean': True, 'custom_preprocessor': None}, 'output_compress_columns': ['obs', 'new_obs'], 'monitor': False, 'custom_resources_per_worker': {}, 'output_max_file_size': 67108864, 'num_workers': 1, 'clip_param': 0.3, 'kl_coeff': 0.2, 'multiagent': {'policy_graphs': {}, 'policy_mapping_fn': None, 'policies_to_train': None}, 'input_evaluation': None, 'output': None, 'collect_metrics_timeout': 180, 'num_cpus_per_worker': 1}",169.237.32.118,1,1359.97,9.859273910522461,"{'num_steps_sampled': 433600, 'load_time_ms': 1.172, 'default': {'kl': 0.009519267827272415, 'cur_lr': 0.0005000000237487257, 'total_loss': 0.571601927280426, 'policy_loss': -0.019271671772003174, 'vf_explained_var': 0.9910173416137695, 'entropy': 1.9992438554763794, 'cur_kl_coeff': 0.5201579928398132, 'vf_loss': 0.5859220623970032}, 'sample_time_ms': 9602.637, 'grad_time_ms': 278.738, 'update_time_ms': 4.528, 'num_steps_trained': 433600}",378.9849838415874,2019-04-02_08-21-35,kronos,71,433600,0,2684.2091641426086,{},433600,271,271,2684.2091641426086,481.90965159483443,1600,1554193295,{},0b32d2eec3344b1fbde4822793b2e447,74.12204501234977
False,342,"{'input': 'sampler', 'callbacks': {'on_train_result': None, 'on_sample_end': None, 'on_episode_step': None, 'on_episode_start': None, 'on_episode_end': None}, 'sample_batch_size': 200, 'clip_actions': False, 'clip_rewards': None, 'tf_session_args': {'inter_op_parallelism_threads': 2, 'intra_op_parallelism_threads': 2, 'device_count': {'CPU': 1}, 'log_device_placement': False, 'allow_soft_placement': True, 'gpu_options': {'allow_growth': True}}, 'kl_target': 0.01, 'horizon': 1500, 'lr': 0.0005, 'sample_async': False, 'simple_optimizer': False, 'compress_observations': False, 'num_envs_per_worker': 1, 'gamma': 0.99, 'sgd_minibatch_size': 128, 'observation_filter': 'NoFilter', 'entropy_coeff': 0.0, 'batch_mode': 'truncate_episodes', 'straggler_mitigation': False, 'vf_share_layers': False, 'num_gpus': 0, 'synchronize_filters': True, 'num_sgd_iter': 10, 'train_batch_size': 1500, 'optimizer': {}, 'num_gpus_per_worker': 0, 'preprocessor_pref': 'deepmind', 'num_cpus_for_driver': 1, 'lr_schedule': None, 'use_gae': True, 'lambda': 0.97, 'vf_loss_coeff': 1.0, 'vf_clip_param': 1000000.0, 'log_level': 'INFO', 'env_config': {'run': 'PPO', 'flow_params': '{\n    ""env"": {\n        ""additional_params"": {\n            ""max_accel"": 3,\n            ""max_decel"": 3,\n            ""sort_vehicles"": false,\n            ""target_velocity"": 20\n        },\n        ""evaluate"": false,\n        ""horizon"": 1500,\n        ""sims_per_step"": 1,\n        ""warmup_steps"": 0\n    },\n    ""env_name"": ""AccelEnv"",\n    ""exp_tag"": ""figure_eight_0"",\n    ""initial"": {\n        ""additional_params"": {},\n        ""bunching"": 0,\n        ""edges_distribution"": ""all"",\n        ""lanes_distribution"": Infinity,\n        ""min_gap"": 0,\n        ""perturbation"": 0.0,\n        ""shuffle"": false,\n        ""spacing"": ""uniform"",\n        ""x0"": 0\n    },\n    ""net"": {\n        ""additional_params"": {\n            ""lanes"": 1,\n            ""radius_ring"": 30,\n            ""resolution"": 40,\n            ""speed_limit"": 30\n        },\n        ""inflows"": {\n            ""_InFlows__flows"": [],\n            ""num_flows"": 0\n        },\n        ""netfile"": null,\n        ""no_internal_links"": false,\n        ""osm_path"": null\n    },\n    ""scenario"": ""Figure8Scenario"",\n    ""sim"": {\n        ""emission_path"": null,\n        ""lateral_resolution"": null,\n        ""no_step_log"": true,\n        ""num_clients"": 1,\n        ""overtake_right"": false,\n        ""port"": null,\n        ""print_warnings"": true,\n        ""pxpm"": 2,\n        ""render"": false,\n        ""restart_instance"": false,\n        ""save_render"": false,\n        ""seed"": null,\n        ""show_radius"": false,\n        ""sight_radius"": 25,\n        ""sim_step"": 0.1,\n        ""teleport_time"": -1\n    },\n    ""simulator"": ""traci"",\n    ""veh"": [\n        {\n            ""acceleration_controller"": [\n                ""IDMController"",\n                {\n                    ""noise"": 0.2\n                }\n            ],\n            ""car_following_params"": {\n                ""controller_params"": {\n                    ""accel"": 1.0,\n                    ""carFollowModel"": ""IDM"",\n                    ""decel"": 1.5,\n                    ""impatience"": 0.5,\n                    ""maxSpeed"": 30,\n                    ""minGap"": 2.5,\n                    ""sigma"": 0.5,\n                    ""speedDev"": 0.1,\n                    ""speedFactor"": 1.0,\n                    ""tau"": 1.0\n                },\n                ""speed_mode"": 1\n            },\n            ""initial_speed"": 0,\n            ""lane_change_controller"": [\n                ""SimLaneChangeController"",\n                {}\n            ],\n            ""lane_change_params"": {\n                ""controller_params"": {\n                    ""laneChangeModel"": ""LC2013"",\n                    ""lcCooperative"": ""1.0"",\n                    ""lcKeepRight"": ""1.0"",\n                    ""lcSpeedGain"": ""1.0"",\n                    ""lcStrategic"": ""1.0""\n                },\n                ""lane_change_mode"": 512\n            },\n            ""num_vehicles"": 13,\n            ""routing_controller"": [\n                ""ContinuousRouter"",\n                {}\n            ],\n            ""veh_id"": ""human""\n        },\n        {\n            ""acceleration_controller"": [\n                ""RLController"",\n                {}\n            ],\n            ""car_following_params"": {\n                ""controller_params"": {\n                    ""accel"": 1.0,\n                    ""carFollowModel"": ""IDM"",\n                    ""decel"": 1.5,\n                    ""impatience"": 0.5,\n                    ""maxSpeed"": 30,\n                    ""minGap"": 2.5,\n                    ""sigma"": 0.5,\n                    ""speedDev"": 0.1,\n                    ""speedFactor"": 1.0,\n                    ""tau"": 1.0\n                },\n                ""speed_mode"": 1\n            },\n            ""initial_speed"": 0,\n            ""lane_change_controller"": [\n                ""SimLaneChangeController"",\n                {}\n            ],\n            ""lane_change_params"": {\n                ""controller_params"": {\n                    ""laneChangeModel"": ""LC2013"",\n                    ""lcCooperative"": ""1.0"",\n                    ""lcKeepRight"": ""1.0"",\n                    ""lcSpeedGain"": ""1.0"",\n                    ""lcStrategic"": ""1.0""\n                },\n                ""lane_change_mode"": 512\n            },\n            ""num_vehicles"": 1,\n            ""routing_controller"": [\n                ""ContinuousRouter"",\n                {}\n            ],\n            ""veh_id"": ""rl""\n        }\n    ]\n}'}, 'env': 'AccelEnv-v0', 'local_evaluator_tf_session_args': {'inter_op_parallelism_threads': 8, 'intra_op_parallelism_threads': 8}, 'model': {'free_log_std': False, 'custom_options': {}, 'framestack': True, 'channel_major': False, 'max_seq_len': 20, 'lstm_use_prev_action_reward': False, 'squash_to_range': False, 'dim': 84, 'grayscale': False, 'fcnet_hiddens': [100, 50, 25], 'use_lstm': False, 'custom_model': None, 'fcnet_activation': 'tanh', 'conv_filters': None, 'conv_activation': 'relu', 'lstm_cell_size': 256, 'zero_mean': True, 'custom_preprocessor': None}, 'output_compress_columns': ['obs', 'new_obs'], 'monitor': False, 'custom_resources_per_worker': {}, 'output_max_file_size': 67108864, 'num_workers': 1, 'clip_param': 0.3, 'kl_coeff': 0.2, 'multiagent': {'policy_graphs': {}, 'policy_mapping_fn': None, 'policies_to_train': None}, 'input_evaluation': None, 'output': None, 'collect_metrics_timeout': 180, 'num_cpus_per_worker': 1}",169.237.32.118,1,1364.77,9.940584897994995,"{'num_steps_sampled': 435200, 'load_time_ms': 1.199, 'default': {'kl': 0.0061724926345050335, 'cur_lr': 0.0005000000237487257, 'total_loss': 1.0779763460159302, 'policy_loss': -0.008378192782402039, 'vf_explained_var': 0.9404809474945068, 'entropy': 1.9486035108566284, 'cur_kl_coeff': 0.5201579928398132, 'vf_loss': 1.083143949508667}, 'sample_time_ms': 9600.267, 'grad_time_ms': 279.167, 'update_time_ms': 4.683, 'num_steps_trained': 435200}",380.4936761266614,2019-04-02_08-21-45,kronos,71,435200,0,2694.1497490406036,{},435200,272,272,2694.1497490406036,481.90965159483443,1600,1554193305,{},0b32d2eec3344b1fbde4822793b2e447,74.12204501234977
False,343,"{'input': 'sampler', 'callbacks': {'on_train_result': None, 'on_sample_end': None, 'on_episode_step': None, 'on_episode_start': None, 'on_episode_end': None}, 'sample_batch_size': 200, 'clip_actions': False, 'clip_rewards': None, 'tf_session_args': {'inter_op_parallelism_threads': 2, 'intra_op_parallelism_threads': 2, 'device_count': {'CPU': 1}, 'log_device_placement': False, 'allow_soft_placement': True, 'gpu_options': {'allow_growth': True}}, 'kl_target': 0.01, 'horizon': 1500, 'lr': 0.0005, 'sample_async': False, 'simple_optimizer': False, 'compress_observations': False, 'num_envs_per_worker': 1, 'gamma': 0.99, 'sgd_minibatch_size': 128, 'observation_filter': 'NoFilter', 'entropy_coeff': 0.0, 'batch_mode': 'truncate_episodes', 'straggler_mitigation': False, 'vf_share_layers': False, 'num_gpus': 0, 'synchronize_filters': True, 'num_sgd_iter': 10, 'train_batch_size': 1500, 'optimizer': {}, 'num_gpus_per_worker': 0, 'preprocessor_pref': 'deepmind', 'num_cpus_for_driver': 1, 'lr_schedule': None, 'use_gae': True, 'lambda': 0.97, 'vf_loss_coeff': 1.0, 'vf_clip_param': 1000000.0, 'log_level': 'INFO', 'env_config': {'run': 'PPO', 'flow_params': '{\n    ""env"": {\n        ""additional_params"": {\n            ""max_accel"": 3,\n            ""max_decel"": 3,\n            ""sort_vehicles"": false,\n            ""target_velocity"": 20\n        },\n        ""evaluate"": false,\n        ""horizon"": 1500,\n        ""sims_per_step"": 1,\n        ""warmup_steps"": 0\n    },\n    ""env_name"": ""AccelEnv"",\n    ""exp_tag"": ""figure_eight_0"",\n    ""initial"": {\n        ""additional_params"": {},\n        ""bunching"": 0,\n        ""edges_distribution"": ""all"",\n        ""lanes_distribution"": Infinity,\n        ""min_gap"": 0,\n        ""perturbation"": 0.0,\n        ""shuffle"": false,\n        ""spacing"": ""uniform"",\n        ""x0"": 0\n    },\n    ""net"": {\n        ""additional_params"": {\n            ""lanes"": 1,\n            ""radius_ring"": 30,\n            ""resolution"": 40,\n            ""speed_limit"": 30\n        },\n        ""inflows"": {\n            ""_InFlows__flows"": [],\n            ""num_flows"": 0\n        },\n        ""netfile"": null,\n        ""no_internal_links"": false,\n        ""osm_path"": null\n    },\n    ""scenario"": ""Figure8Scenario"",\n    ""sim"": {\n        ""emission_path"": null,\n        ""lateral_resolution"": null,\n        ""no_step_log"": true,\n        ""num_clients"": 1,\n        ""overtake_right"": false,\n        ""port"": null,\n        ""print_warnings"": true,\n        ""pxpm"": 2,\n        ""render"": false,\n        ""restart_instance"": false,\n        ""save_render"": false,\n        ""seed"": null,\n        ""show_radius"": false,\n        ""sight_radius"": 25,\n        ""sim_step"": 0.1,\n        ""teleport_time"": -1\n    },\n    ""simulator"": ""traci"",\n    ""veh"": [\n        {\n            ""acceleration_controller"": [\n                ""IDMController"",\n                {\n                    ""noise"": 0.2\n                }\n            ],\n            ""car_following_params"": {\n                ""controller_params"": {\n                    ""accel"": 1.0,\n                    ""carFollowModel"": ""IDM"",\n                    ""decel"": 1.5,\n                    ""impatience"": 0.5,\n                    ""maxSpeed"": 30,\n                    ""minGap"": 2.5,\n                    ""sigma"": 0.5,\n                    ""speedDev"": 0.1,\n                    ""speedFactor"": 1.0,\n                    ""tau"": 1.0\n                },\n                ""speed_mode"": 1\n            },\n            ""initial_speed"": 0,\n            ""lane_change_controller"": [\n                ""SimLaneChangeController"",\n                {}\n            ],\n            ""lane_change_params"": {\n                ""controller_params"": {\n                    ""laneChangeModel"": ""LC2013"",\n                    ""lcCooperative"": ""1.0"",\n                    ""lcKeepRight"": ""1.0"",\n                    ""lcSpeedGain"": ""1.0"",\n                    ""lcStrategic"": ""1.0""\n                },\n                ""lane_change_mode"": 512\n            },\n            ""num_vehicles"": 13,\n            ""routing_controller"": [\n                ""ContinuousRouter"",\n                {}\n            ],\n            ""veh_id"": ""human""\n        },\n        {\n            ""acceleration_controller"": [\n                ""RLController"",\n                {}\n            ],\n            ""car_following_params"": {\n                ""controller_params"": {\n                    ""accel"": 1.0,\n                    ""carFollowModel"": ""IDM"",\n                    ""decel"": 1.5,\n                    ""impatience"": 0.5,\n                    ""maxSpeed"": 30,\n                    ""minGap"": 2.5,\n                    ""sigma"": 0.5,\n                    ""speedDev"": 0.1,\n                    ""speedFactor"": 1.0,\n                    ""tau"": 1.0\n                },\n                ""speed_mode"": 1\n            },\n            ""initial_speed"": 0,\n            ""lane_change_controller"": [\n                ""SimLaneChangeController"",\n                {}\n            ],\n            ""lane_change_params"": {\n                ""controller_params"": {\n                    ""laneChangeModel"": ""LC2013"",\n                    ""lcCooperative"": ""1.0"",\n                    ""lcKeepRight"": ""1.0"",\n                    ""lcSpeedGain"": ""1.0"",\n                    ""lcStrategic"": ""1.0""\n                },\n                ""lane_change_mode"": 512\n            },\n            ""num_vehicles"": 1,\n            ""routing_controller"": [\n                ""ContinuousRouter"",\n                {}\n            ],\n            ""veh_id"": ""rl""\n        }\n    ]\n}'}, 'env': 'AccelEnv-v0', 'local_evaluator_tf_session_args': {'inter_op_parallelism_threads': 8, 'intra_op_parallelism_threads': 8}, 'model': {'free_log_std': False, 'custom_options': {}, 'framestack': True, 'channel_major': False, 'max_seq_len': 20, 'lstm_use_prev_action_reward': False, 'squash_to_range': False, 'dim': 84, 'grayscale': False, 'fcnet_hiddens': [100, 50, 25], 'use_lstm': False, 'custom_model': None, 'fcnet_activation': 'tanh', 'conv_filters': None, 'conv_activation': 'relu', 'lstm_cell_size': 256, 'zero_mean': True, 'custom_preprocessor': None}, 'output_compress_columns': ['obs', 'new_obs'], 'monitor': False, 'custom_resources_per_worker': {}, 'output_max_file_size': 67108864, 'num_workers': 1, 'clip_param': 0.3, 'kl_coeff': 0.2, 'multiagent': {'policy_graphs': {}, 'policy_mapping_fn': None, 'policies_to_train': None}, 'input_evaluation': None, 'output': None, 'collect_metrics_timeout': 180, 'num_cpus_per_worker': 1}",169.237.32.118,1,1364.26,9.78375244140625,"{'num_steps_sampled': 436800, 'load_time_ms': 1.225, 'default': {'kl': 0.008635448291897774, 'cur_lr': 0.0005000000237487257, 'total_loss': 0.8463345170021057, 'policy_loss': -0.017176048830151558, 'vf_explained_var': 0.9860361218452454, 'entropy': 1.9061554670333862, 'cur_kl_coeff': 0.5201579928398132, 'vf_loss': 0.8590186238288879}, 'sample_time_ms': 9592.313, 'grad_time_ms': 279.148, 'update_time_ms': 4.706, 'num_steps_trained': 436800}",379.7982307888485,2019-04-02_08-21-54,kronos,71,436800,0,2703.93350148201,{},436800,273,273,2703.93350148201,481.90965159483443,1600,1554193314,{},0b32d2eec3344b1fbde4822793b2e447,74.12204501234977
False,344,"{'input': 'sampler', 'callbacks': {'on_train_result': None, 'on_sample_end': None, 'on_episode_step': None, 'on_episode_start': None, 'on_episode_end': None}, 'sample_batch_size': 200, 'clip_actions': False, 'clip_rewards': None, 'tf_session_args': {'inter_op_parallelism_threads': 2, 'intra_op_parallelism_threads': 2, 'device_count': {'CPU': 1}, 'log_device_placement': False, 'allow_soft_placement': True, 'gpu_options': {'allow_growth': True}}, 'kl_target': 0.01, 'horizon': 1500, 'lr': 0.0005, 'sample_async': False, 'simple_optimizer': False, 'compress_observations': False, 'num_envs_per_worker': 1, 'gamma': 0.99, 'sgd_minibatch_size': 128, 'observation_filter': 'NoFilter', 'entropy_coeff': 0.0, 'batch_mode': 'truncate_episodes', 'straggler_mitigation': False, 'vf_share_layers': False, 'num_gpus': 0, 'synchronize_filters': True, 'num_sgd_iter': 10, 'train_batch_size': 1500, 'optimizer': {}, 'num_gpus_per_worker': 0, 'preprocessor_pref': 'deepmind', 'num_cpus_for_driver': 1, 'lr_schedule': None, 'use_gae': True, 'lambda': 0.97, 'vf_loss_coeff': 1.0, 'vf_clip_param': 1000000.0, 'log_level': 'INFO', 'env_config': {'run': 'PPO', 'flow_params': '{\n    ""env"": {\n        ""additional_params"": {\n            ""max_accel"": 3,\n            ""max_decel"": 3,\n            ""sort_vehicles"": false,\n            ""target_velocity"": 20\n        },\n        ""evaluate"": false,\n        ""horizon"": 1500,\n        ""sims_per_step"": 1,\n        ""warmup_steps"": 0\n    },\n    ""env_name"": ""AccelEnv"",\n    ""exp_tag"": ""figure_eight_0"",\n    ""initial"": {\n        ""additional_params"": {},\n        ""bunching"": 0,\n        ""edges_distribution"": ""all"",\n        ""lanes_distribution"": Infinity,\n        ""min_gap"": 0,\n        ""perturbation"": 0.0,\n        ""shuffle"": false,\n        ""spacing"": ""uniform"",\n        ""x0"": 0\n    },\n    ""net"": {\n        ""additional_params"": {\n            ""lanes"": 1,\n            ""radius_ring"": 30,\n            ""resolution"": 40,\n            ""speed_limit"": 30\n        },\n        ""inflows"": {\n            ""_InFlows__flows"": [],\n            ""num_flows"": 0\n        },\n        ""netfile"": null,\n        ""no_internal_links"": false,\n        ""osm_path"": null\n    },\n    ""scenario"": ""Figure8Scenario"",\n    ""sim"": {\n        ""emission_path"": null,\n        ""lateral_resolution"": null,\n        ""no_step_log"": true,\n        ""num_clients"": 1,\n        ""overtake_right"": false,\n        ""port"": null,\n        ""print_warnings"": true,\n        ""pxpm"": 2,\n        ""render"": false,\n        ""restart_instance"": false,\n        ""save_render"": false,\n        ""seed"": null,\n        ""show_radius"": false,\n        ""sight_radius"": 25,\n        ""sim_step"": 0.1,\n        ""teleport_time"": -1\n    },\n    ""simulator"": ""traci"",\n    ""veh"": [\n        {\n            ""acceleration_controller"": [\n                ""IDMController"",\n                {\n                    ""noise"": 0.2\n                }\n            ],\n            ""car_following_params"": {\n                ""controller_params"": {\n                    ""accel"": 1.0,\n                    ""carFollowModel"": ""IDM"",\n                    ""decel"": 1.5,\n                    ""impatience"": 0.5,\n                    ""maxSpeed"": 30,\n                    ""minGap"": 2.5,\n                    ""sigma"": 0.5,\n                    ""speedDev"": 0.1,\n                    ""speedFactor"": 1.0,\n                    ""tau"": 1.0\n                },\n                ""speed_mode"": 1\n            },\n            ""initial_speed"": 0,\n            ""lane_change_controller"": [\n                ""SimLaneChangeController"",\n                {}\n            ],\n            ""lane_change_params"": {\n                ""controller_params"": {\n                    ""laneChangeModel"": ""LC2013"",\n                    ""lcCooperative"": ""1.0"",\n                    ""lcKeepRight"": ""1.0"",\n                    ""lcSpeedGain"": ""1.0"",\n                    ""lcStrategic"": ""1.0""\n                },\n                ""lane_change_mode"": 512\n            },\n            ""num_vehicles"": 13,\n            ""routing_controller"": [\n                ""ContinuousRouter"",\n                {}\n            ],\n            ""veh_id"": ""human""\n        },\n        {\n            ""acceleration_controller"": [\n                ""RLController"",\n                {}\n            ],\n            ""car_following_params"": {\n                ""controller_params"": {\n                    ""accel"": 1.0,\n                    ""carFollowModel"": ""IDM"",\n                    ""decel"": 1.5,\n                    ""impatience"": 0.5,\n                    ""maxSpeed"": 30,\n                    ""minGap"": 2.5,\n                    ""sigma"": 0.5,\n                    ""speedDev"": 0.1,\n                    ""speedFactor"": 1.0,\n                    ""tau"": 1.0\n                },\n                ""speed_mode"": 1\n            },\n            ""initial_speed"": 0,\n            ""lane_change_controller"": [\n                ""SimLaneChangeController"",\n                {}\n            ],\n            ""lane_change_params"": {\n                ""controller_params"": {\n                    ""laneChangeModel"": ""LC2013"",\n                    ""lcCooperative"": ""1.0"",\n                    ""lcKeepRight"": ""1.0"",\n                    ""lcSpeedGain"": ""1.0"",\n                    ""lcStrategic"": ""1.0""\n                },\n                ""lane_change_mode"": 512\n            },\n            ""num_vehicles"": 1,\n            ""routing_controller"": [\n                ""ContinuousRouter"",\n                {}\n            ],\n            ""veh_id"": ""rl""\n        }\n    ]\n}'}, 'env': 'AccelEnv-v0', 'local_evaluator_tf_session_args': {'inter_op_parallelism_threads': 8, 'intra_op_parallelism_threads': 8}, 'model': {'free_log_std': False, 'custom_options': {}, 'framestack': True, 'channel_major': False, 'max_seq_len': 20, 'lstm_use_prev_action_reward': False, 'squash_to_range': False, 'dim': 84, 'grayscale': False, 'fcnet_hiddens': [100, 50, 25], 'use_lstm': False, 'custom_model': None, 'fcnet_activation': 'tanh', 'conv_filters': None, 'conv_activation': 'relu', 'lstm_cell_size': 256, 'zero_mean': True, 'custom_preprocessor': None}, 'output_compress_columns': ['obs', 'new_obs'], 'monitor': False, 'custom_resources_per_worker': {}, 'output_max_file_size': 67108864, 'num_workers': 1, 'clip_param': 0.3, 'kl_coeff': 0.2, 'multiagent': {'policy_graphs': {}, 'policy_mapping_fn': None, 'policies_to_train': None}, 'input_evaluation': None, 'output': None, 'collect_metrics_timeout': 180, 'num_cpus_per_worker': 1}",169.237.32.118,1,1364.26,9.716923952102661,"{'num_steps_sampled': 438400, 'load_time_ms': 1.211, 'default': {'kl': 0.011459379456937313, 'cur_lr': 0.0005000000237487257, 'total_loss': 0.4521787464618683, 'policy_loss': -0.030549800023436546, 'vf_explained_var': 0.9876924157142639, 'entropy': 1.7818366289138794, 'cur_kl_coeff': 0.5201579928398132, 'vf_loss': 0.47676780819892883}, 'sample_time_ms': 9582.98, 'grad_time_ms': 278.15, 'update_time_ms': 4.651, 'num_steps_trained': 438400}",379.30472641772894,2019-04-02_08-22-04,kronos,71,438400,0,2713.6504254341125,{},438400,274,274,2713.6504254341125,481.90965159483443,1600,1554193324,{},0b32d2eec3344b1fbde4822793b2e447,74.12204501234977
False,345,"{'input': 'sampler', 'callbacks': {'on_train_result': None, 'on_sample_end': None, 'on_episode_step': None, 'on_episode_start': None, 'on_episode_end': None}, 'sample_batch_size': 200, 'clip_actions': False, 'clip_rewards': None, 'tf_session_args': {'inter_op_parallelism_threads': 2, 'intra_op_parallelism_threads': 2, 'device_count': {'CPU': 1}, 'log_device_placement': False, 'allow_soft_placement': True, 'gpu_options': {'allow_growth': True}}, 'kl_target': 0.01, 'horizon': 1500, 'lr': 0.0005, 'sample_async': False, 'simple_optimizer': False, 'compress_observations': False, 'num_envs_per_worker': 1, 'gamma': 0.99, 'sgd_minibatch_size': 128, 'observation_filter': 'NoFilter', 'entropy_coeff': 0.0, 'batch_mode': 'truncate_episodes', 'straggler_mitigation': False, 'vf_share_layers': False, 'num_gpus': 0, 'synchronize_filters': True, 'num_sgd_iter': 10, 'train_batch_size': 1500, 'optimizer': {}, 'num_gpus_per_worker': 0, 'preprocessor_pref': 'deepmind', 'num_cpus_for_driver': 1, 'lr_schedule': None, 'use_gae': True, 'lambda': 0.97, 'vf_loss_coeff': 1.0, 'vf_clip_param': 1000000.0, 'log_level': 'INFO', 'env_config': {'run': 'PPO', 'flow_params': '{\n    ""env"": {\n        ""additional_params"": {\n            ""max_accel"": 3,\n            ""max_decel"": 3,\n            ""sort_vehicles"": false,\n            ""target_velocity"": 20\n        },\n        ""evaluate"": false,\n        ""horizon"": 1500,\n        ""sims_per_step"": 1,\n        ""warmup_steps"": 0\n    },\n    ""env_name"": ""AccelEnv"",\n    ""exp_tag"": ""figure_eight_0"",\n    ""initial"": {\n        ""additional_params"": {},\n        ""bunching"": 0,\n        ""edges_distribution"": ""all"",\n        ""lanes_distribution"": Infinity,\n        ""min_gap"": 0,\n        ""perturbation"": 0.0,\n        ""shuffle"": false,\n        ""spacing"": ""uniform"",\n        ""x0"": 0\n    },\n    ""net"": {\n        ""additional_params"": {\n            ""lanes"": 1,\n            ""radius_ring"": 30,\n            ""resolution"": 40,\n            ""speed_limit"": 30\n        },\n        ""inflows"": {\n            ""_InFlows__flows"": [],\n            ""num_flows"": 0\n        },\n        ""netfile"": null,\n        ""no_internal_links"": false,\n        ""osm_path"": null\n    },\n    ""scenario"": ""Figure8Scenario"",\n    ""sim"": {\n        ""emission_path"": null,\n        ""lateral_resolution"": null,\n        ""no_step_log"": true,\n        ""num_clients"": 1,\n        ""overtake_right"": false,\n        ""port"": null,\n        ""print_warnings"": true,\n        ""pxpm"": 2,\n        ""render"": false,\n        ""restart_instance"": false,\n        ""save_render"": false,\n        ""seed"": null,\n        ""show_radius"": false,\n        ""sight_radius"": 25,\n        ""sim_step"": 0.1,\n        ""teleport_time"": -1\n    },\n    ""simulator"": ""traci"",\n    ""veh"": [\n        {\n            ""acceleration_controller"": [\n                ""IDMController"",\n                {\n                    ""noise"": 0.2\n                }\n            ],\n            ""car_following_params"": {\n                ""controller_params"": {\n                    ""accel"": 1.0,\n                    ""carFollowModel"": ""IDM"",\n                    ""decel"": 1.5,\n                    ""impatience"": 0.5,\n                    ""maxSpeed"": 30,\n                    ""minGap"": 2.5,\n                    ""sigma"": 0.5,\n                    ""speedDev"": 0.1,\n                    ""speedFactor"": 1.0,\n                    ""tau"": 1.0\n                },\n                ""speed_mode"": 1\n            },\n            ""initial_speed"": 0,\n            ""lane_change_controller"": [\n                ""SimLaneChangeController"",\n                {}\n            ],\n            ""lane_change_params"": {\n                ""controller_params"": {\n                    ""laneChangeModel"": ""LC2013"",\n                    ""lcCooperative"": ""1.0"",\n                    ""lcKeepRight"": ""1.0"",\n                    ""lcSpeedGain"": ""1.0"",\n                    ""lcStrategic"": ""1.0""\n                },\n                ""lane_change_mode"": 512\n            },\n            ""num_vehicles"": 13,\n            ""routing_controller"": [\n                ""ContinuousRouter"",\n                {}\n            ],\n            ""veh_id"": ""human""\n        },\n        {\n            ""acceleration_controller"": [\n                ""RLController"",\n                {}\n            ],\n            ""car_following_params"": {\n                ""controller_params"": {\n                    ""accel"": 1.0,\n                    ""carFollowModel"": ""IDM"",\n                    ""decel"": 1.5,\n                    ""impatience"": 0.5,\n                    ""maxSpeed"": 30,\n                    ""minGap"": 2.5,\n                    ""sigma"": 0.5,\n                    ""speedDev"": 0.1,\n                    ""speedFactor"": 1.0,\n                    ""tau"": 1.0\n                },\n                ""speed_mode"": 1\n            },\n            ""initial_speed"": 0,\n            ""lane_change_controller"": [\n                ""SimLaneChangeController"",\n                {}\n            ],\n            ""lane_change_params"": {\n                ""controller_params"": {\n                    ""laneChangeModel"": ""LC2013"",\n                    ""lcCooperative"": ""1.0"",\n                    ""lcKeepRight"": ""1.0"",\n                    ""lcSpeedGain"": ""1.0"",\n                    ""lcStrategic"": ""1.0""\n                },\n                ""lane_change_mode"": 512\n            },\n            ""num_vehicles"": 1,\n            ""routing_controller"": [\n                ""ContinuousRouter"",\n                {}\n            ],\n            ""veh_id"": ""rl""\n        }\n    ]\n}'}, 'env': 'AccelEnv-v0', 'local_evaluator_tf_session_args': {'inter_op_parallelism_threads': 8, 'intra_op_parallelism_threads': 8}, 'model': {'free_log_std': False, 'custom_options': {}, 'framestack': True, 'channel_major': False, 'max_seq_len': 20, 'lstm_use_prev_action_reward': False, 'squash_to_range': False, 'dim': 84, 'grayscale': False, 'fcnet_hiddens': [100, 50, 25], 'use_lstm': False, 'custom_model': None, 'fcnet_activation': 'tanh', 'conv_filters': None, 'conv_activation': 'relu', 'lstm_cell_size': 256, 'zero_mean': True, 'custom_preprocessor': None}, 'output_compress_columns': ['obs', 'new_obs'], 'monitor': False, 'custom_resources_per_worker': {}, 'output_max_file_size': 67108864, 'num_workers': 1, 'clip_param': 0.3, 'kl_coeff': 0.2, 'multiagent': {'policy_graphs': {}, 'policy_mapping_fn': None, 'policies_to_train': None}, 'input_evaluation': None, 'output': None, 'collect_metrics_timeout': 180, 'num_cpus_per_worker': 1}",169.237.32.118,1,1364.26,10.056685447692871,"{'num_steps_sampled': 440000, 'load_time_ms': 1.195, 'default': {'kl': 0.012641445733606815, 'cur_lr': 0.0005000000237487257, 'total_loss': 1.0092977285385132, 'policy_loss': -0.019292982295155525, 'vf_explained_var': 0.9719546437263489, 'entropy': 1.9507603645324707, 'cur_kl_coeff': 0.5201579928398132, 'vf_loss': 1.0220152139663696}, 'sample_time_ms': 9596.094, 'grad_time_ms': 277.405, 'update_time_ms': 4.584, 'num_steps_trained': 440000}",379.3978949277701,2019-04-02_08-22-14,kronos,71,440000,0,2723.7071108818054,{},440000,275,275,2723.7071108818054,481.90965159483443,1600,1554193334,{},0b32d2eec3344b1fbde4822793b2e447,74.12204501234977
False,346,"{'input': 'sampler', 'callbacks': {'on_train_result': None, 'on_sample_end': None, 'on_episode_step': None, 'on_episode_start': None, 'on_episode_end': None}, 'sample_batch_size': 200, 'clip_actions': False, 'clip_rewards': None, 'tf_session_args': {'inter_op_parallelism_threads': 2, 'intra_op_parallelism_threads': 2, 'device_count': {'CPU': 1}, 'log_device_placement': False, 'allow_soft_placement': True, 'gpu_options': {'allow_growth': True}}, 'kl_target': 0.01, 'horizon': 1500, 'lr': 0.0005, 'sample_async': False, 'simple_optimizer': False, 'compress_observations': False, 'num_envs_per_worker': 1, 'gamma': 0.99, 'sgd_minibatch_size': 128, 'observation_filter': 'NoFilter', 'entropy_coeff': 0.0, 'batch_mode': 'truncate_episodes', 'straggler_mitigation': False, 'vf_share_layers': False, 'num_gpus': 0, 'synchronize_filters': True, 'num_sgd_iter': 10, 'train_batch_size': 1500, 'optimizer': {}, 'num_gpus_per_worker': 0, 'preprocessor_pref': 'deepmind', 'num_cpus_for_driver': 1, 'lr_schedule': None, 'use_gae': True, 'lambda': 0.97, 'vf_loss_coeff': 1.0, 'vf_clip_param': 1000000.0, 'log_level': 'INFO', 'env_config': {'run': 'PPO', 'flow_params': '{\n    ""env"": {\n        ""additional_params"": {\n            ""max_accel"": 3,\n            ""max_decel"": 3,\n            ""sort_vehicles"": false,\n            ""target_velocity"": 20\n        },\n        ""evaluate"": false,\n        ""horizon"": 1500,\n        ""sims_per_step"": 1,\n        ""warmup_steps"": 0\n    },\n    ""env_name"": ""AccelEnv"",\n    ""exp_tag"": ""figure_eight_0"",\n    ""initial"": {\n        ""additional_params"": {},\n        ""bunching"": 0,\n        ""edges_distribution"": ""all"",\n        ""lanes_distribution"": Infinity,\n        ""min_gap"": 0,\n        ""perturbation"": 0.0,\n        ""shuffle"": false,\n        ""spacing"": ""uniform"",\n        ""x0"": 0\n    },\n    ""net"": {\n        ""additional_params"": {\n            ""lanes"": 1,\n            ""radius_ring"": 30,\n            ""resolution"": 40,\n            ""speed_limit"": 30\n        },\n        ""inflows"": {\n            ""_InFlows__flows"": [],\n            ""num_flows"": 0\n        },\n        ""netfile"": null,\n        ""no_internal_links"": false,\n        ""osm_path"": null\n    },\n    ""scenario"": ""Figure8Scenario"",\n    ""sim"": {\n        ""emission_path"": null,\n        ""lateral_resolution"": null,\n        ""no_step_log"": true,\n        ""num_clients"": 1,\n        ""overtake_right"": false,\n        ""port"": null,\n        ""print_warnings"": true,\n        ""pxpm"": 2,\n        ""render"": false,\n        ""restart_instance"": false,\n        ""save_render"": false,\n        ""seed"": null,\n        ""show_radius"": false,\n        ""sight_radius"": 25,\n        ""sim_step"": 0.1,\n        ""teleport_time"": -1\n    },\n    ""simulator"": ""traci"",\n    ""veh"": [\n        {\n            ""acceleration_controller"": [\n                ""IDMController"",\n                {\n                    ""noise"": 0.2\n                }\n            ],\n            ""car_following_params"": {\n                ""controller_params"": {\n                    ""accel"": 1.0,\n                    ""carFollowModel"": ""IDM"",\n                    ""decel"": 1.5,\n                    ""impatience"": 0.5,\n                    ""maxSpeed"": 30,\n                    ""minGap"": 2.5,\n                    ""sigma"": 0.5,\n                    ""speedDev"": 0.1,\n                    ""speedFactor"": 1.0,\n                    ""tau"": 1.0\n                },\n                ""speed_mode"": 1\n            },\n            ""initial_speed"": 0,\n            ""lane_change_controller"": [\n                ""SimLaneChangeController"",\n                {}\n            ],\n            ""lane_change_params"": {\n                ""controller_params"": {\n                    ""laneChangeModel"": ""LC2013"",\n                    ""lcCooperative"": ""1.0"",\n                    ""lcKeepRight"": ""1.0"",\n                    ""lcSpeedGain"": ""1.0"",\n                    ""lcStrategic"": ""1.0""\n                },\n                ""lane_change_mode"": 512\n            },\n            ""num_vehicles"": 13,\n            ""routing_controller"": [\n                ""ContinuousRouter"",\n                {}\n            ],\n            ""veh_id"": ""human""\n        },\n        {\n            ""acceleration_controller"": [\n                ""RLController"",\n                {}\n            ],\n            ""car_following_params"": {\n                ""controller_params"": {\n                    ""accel"": 1.0,\n                    ""carFollowModel"": ""IDM"",\n                    ""decel"": 1.5,\n                    ""impatience"": 0.5,\n                    ""maxSpeed"": 30,\n                    ""minGap"": 2.5,\n                    ""sigma"": 0.5,\n                    ""speedDev"": 0.1,\n                    ""speedFactor"": 1.0,\n                    ""tau"": 1.0\n                },\n                ""speed_mode"": 1\n            },\n            ""initial_speed"": 0,\n            ""lane_change_controller"": [\n                ""SimLaneChangeController"",\n                {}\n            ],\n            ""lane_change_params"": {\n                ""controller_params"": {\n                    ""laneChangeModel"": ""LC2013"",\n                    ""lcCooperative"": ""1.0"",\n                    ""lcKeepRight"": ""1.0"",\n                    ""lcSpeedGain"": ""1.0"",\n                    ""lcStrategic"": ""1.0""\n                },\n                ""lane_change_mode"": 512\n            },\n            ""num_vehicles"": 1,\n            ""routing_controller"": [\n                ""ContinuousRouter"",\n                {}\n            ],\n            ""veh_id"": ""rl""\n        }\n    ]\n}'}, 'env': 'AccelEnv-v0', 'local_evaluator_tf_session_args': {'inter_op_parallelism_threads': 8, 'intra_op_parallelism_threads': 8}, 'model': {'free_log_std': False, 'custom_options': {}, 'framestack': True, 'channel_major': False, 'max_seq_len': 20, 'lstm_use_prev_action_reward': False, 'squash_to_range': False, 'dim': 84, 'grayscale': False, 'fcnet_hiddens': [100, 50, 25], 'use_lstm': False, 'custom_model': None, 'fcnet_activation': 'tanh', 'conv_filters': None, 'conv_activation': 'relu', 'lstm_cell_size': 256, 'zero_mean': True, 'custom_preprocessor': None}, 'output_compress_columns': ['obs', 'new_obs'], 'monitor': False, 'custom_resources_per_worker': {}, 'output_max_file_size': 67108864, 'num_workers': 1, 'clip_param': 0.3, 'kl_coeff': 0.2, 'multiagent': {'policy_graphs': {}, 'policy_mapping_fn': None, 'policies_to_train': None}, 'input_evaluation': None, 'output': None, 'collect_metrics_timeout': 180, 'num_cpus_per_worker': 1}",169.237.32.118,1,1358.8,9.941715717315674,"{'num_steps_sampled': 441600, 'load_time_ms': 1.191, 'default': {'kl': 0.009915954433381557, 'cur_lr': 0.0005000000237487257, 'total_loss': 0.4380933344364166, 'policy_loss': -0.022198915481567383, 'vf_explained_var': 0.9922618865966797, 'entropy': 1.9619579315185547, 'cur_kl_coeff': 0.5201579928398132, 'vf_loss': 0.45513442158699036}, 'sample_time_ms': 9613.032, 'grad_time_ms': 276.446, 'update_time_ms': 4.502, 'num_steps_trained': 441600}",377.93717773343536,2019-04-02_08-22-24,kronos,71,441600,0,2733.648826599121,{},441600,276,276,2733.648826599121,481.90965159483443,1600,1554193344,{},0b32d2eec3344b1fbde4822793b2e447,74.12204501234977
False,347,"{'input': 'sampler', 'callbacks': {'on_train_result': None, 'on_sample_end': None, 'on_episode_step': None, 'on_episode_start': None, 'on_episode_end': None}, 'sample_batch_size': 200, 'clip_actions': False, 'clip_rewards': None, 'tf_session_args': {'inter_op_parallelism_threads': 2, 'intra_op_parallelism_threads': 2, 'device_count': {'CPU': 1}, 'log_device_placement': False, 'allow_soft_placement': True, 'gpu_options': {'allow_growth': True}}, 'kl_target': 0.01, 'horizon': 1500, 'lr': 0.0005, 'sample_async': False, 'simple_optimizer': False, 'compress_observations': False, 'num_envs_per_worker': 1, 'gamma': 0.99, 'sgd_minibatch_size': 128, 'observation_filter': 'NoFilter', 'entropy_coeff': 0.0, 'batch_mode': 'truncate_episodes', 'straggler_mitigation': False, 'vf_share_layers': False, 'num_gpus': 0, 'synchronize_filters': True, 'num_sgd_iter': 10, 'train_batch_size': 1500, 'optimizer': {}, 'num_gpus_per_worker': 0, 'preprocessor_pref': 'deepmind', 'num_cpus_for_driver': 1, 'lr_schedule': None, 'use_gae': True, 'lambda': 0.97, 'vf_loss_coeff': 1.0, 'vf_clip_param': 1000000.0, 'log_level': 'INFO', 'env_config': {'run': 'PPO', 'flow_params': '{\n    ""env"": {\n        ""additional_params"": {\n            ""max_accel"": 3,\n            ""max_decel"": 3,\n            ""sort_vehicles"": false,\n            ""target_velocity"": 20\n        },\n        ""evaluate"": false,\n        ""horizon"": 1500,\n        ""sims_per_step"": 1,\n        ""warmup_steps"": 0\n    },\n    ""env_name"": ""AccelEnv"",\n    ""exp_tag"": ""figure_eight_0"",\n    ""initial"": {\n        ""additional_params"": {},\n        ""bunching"": 0,\n        ""edges_distribution"": ""all"",\n        ""lanes_distribution"": Infinity,\n        ""min_gap"": 0,\n        ""perturbation"": 0.0,\n        ""shuffle"": false,\n        ""spacing"": ""uniform"",\n        ""x0"": 0\n    },\n    ""net"": {\n        ""additional_params"": {\n            ""lanes"": 1,\n            ""radius_ring"": 30,\n            ""resolution"": 40,\n            ""speed_limit"": 30\n        },\n        ""inflows"": {\n            ""_InFlows__flows"": [],\n            ""num_flows"": 0\n        },\n        ""netfile"": null,\n        ""no_internal_links"": false,\n        ""osm_path"": null\n    },\n    ""scenario"": ""Figure8Scenario"",\n    ""sim"": {\n        ""emission_path"": null,\n        ""lateral_resolution"": null,\n        ""no_step_log"": true,\n        ""num_clients"": 1,\n        ""overtake_right"": false,\n        ""port"": null,\n        ""print_warnings"": true,\n        ""pxpm"": 2,\n        ""render"": false,\n        ""restart_instance"": false,\n        ""save_render"": false,\n        ""seed"": null,\n        ""show_radius"": false,\n        ""sight_radius"": 25,\n        ""sim_step"": 0.1,\n        ""teleport_time"": -1\n    },\n    ""simulator"": ""traci"",\n    ""veh"": [\n        {\n            ""acceleration_controller"": [\n                ""IDMController"",\n                {\n                    ""noise"": 0.2\n                }\n            ],\n            ""car_following_params"": {\n                ""controller_params"": {\n                    ""accel"": 1.0,\n                    ""carFollowModel"": ""IDM"",\n                    ""decel"": 1.5,\n                    ""impatience"": 0.5,\n                    ""maxSpeed"": 30,\n                    ""minGap"": 2.5,\n                    ""sigma"": 0.5,\n                    ""speedDev"": 0.1,\n                    ""speedFactor"": 1.0,\n                    ""tau"": 1.0\n                },\n                ""speed_mode"": 1\n            },\n            ""initial_speed"": 0,\n            ""lane_change_controller"": [\n                ""SimLaneChangeController"",\n                {}\n            ],\n            ""lane_change_params"": {\n                ""controller_params"": {\n                    ""laneChangeModel"": ""LC2013"",\n                    ""lcCooperative"": ""1.0"",\n                    ""lcKeepRight"": ""1.0"",\n                    ""lcSpeedGain"": ""1.0"",\n                    ""lcStrategic"": ""1.0""\n                },\n                ""lane_change_mode"": 512\n            },\n            ""num_vehicles"": 13,\n            ""routing_controller"": [\n                ""ContinuousRouter"",\n                {}\n            ],\n            ""veh_id"": ""human""\n        },\n        {\n            ""acceleration_controller"": [\n                ""RLController"",\n                {}\n            ],\n            ""car_following_params"": {\n                ""controller_params"": {\n                    ""accel"": 1.0,\n                    ""carFollowModel"": ""IDM"",\n                    ""decel"": 1.5,\n                    ""impatience"": 0.5,\n                    ""maxSpeed"": 30,\n                    ""minGap"": 2.5,\n                    ""sigma"": 0.5,\n                    ""speedDev"": 0.1,\n                    ""speedFactor"": 1.0,\n                    ""tau"": 1.0\n                },\n                ""speed_mode"": 1\n            },\n            ""initial_speed"": 0,\n            ""lane_change_controller"": [\n                ""SimLaneChangeController"",\n                {}\n            ],\n            ""lane_change_params"": {\n                ""controller_params"": {\n                    ""laneChangeModel"": ""LC2013"",\n                    ""lcCooperative"": ""1.0"",\n                    ""lcKeepRight"": ""1.0"",\n                    ""lcSpeedGain"": ""1.0"",\n                    ""lcStrategic"": ""1.0""\n                },\n                ""lane_change_mode"": 512\n            },\n            ""num_vehicles"": 1,\n            ""routing_controller"": [\n                ""ContinuousRouter"",\n                {}\n            ],\n            ""veh_id"": ""rl""\n        }\n    ]\n}'}, 'env': 'AccelEnv-v0', 'local_evaluator_tf_session_args': {'inter_op_parallelism_threads': 8, 'intra_op_parallelism_threads': 8}, 'model': {'free_log_std': False, 'custom_options': {}, 'framestack': True, 'channel_major': False, 'max_seq_len': 20, 'lstm_use_prev_action_reward': False, 'squash_to_range': False, 'dim': 84, 'grayscale': False, 'fcnet_hiddens': [100, 50, 25], 'use_lstm': False, 'custom_model': None, 'fcnet_activation': 'tanh', 'conv_filters': None, 'conv_activation': 'relu', 'lstm_cell_size': 256, 'zero_mean': True, 'custom_preprocessor': None}, 'output_compress_columns': ['obs', 'new_obs'], 'monitor': False, 'custom_resources_per_worker': {}, 'output_max_file_size': 67108864, 'num_workers': 1, 'clip_param': 0.3, 'kl_coeff': 0.2, 'multiagent': {'policy_graphs': {}, 'policy_mapping_fn': None, 'policies_to_train': None}, 'input_evaluation': None, 'output': None, 'collect_metrics_timeout': 180, 'num_cpus_per_worker': 1}",169.237.32.118,1,1358.8,9.979666709899902,"{'num_steps_sampled': 443200, 'load_time_ms': 1.19, 'default': {'kl': 0.01112669799476862, 'cur_lr': 0.0005000000237487257, 'total_loss': 1.7234348058700562, 'policy_loss': -0.025862907990813255, 'vf_explained_var': 0.949841320514679, 'entropy': 1.9304819107055664, 'cur_kl_coeff': 0.5201579928398132, 'vf_loss': 1.7435098886489868}, 'sample_time_ms': 9614.106, 'grad_time_ms': 276.701, 'update_time_ms': 4.575, 'num_steps_trained': 443200}",378.3143261941543,2019-04-02_08-22-34,kronos,71,443200,0,2743.628493309021,{},443200,277,277,2743.628493309021,489.6167363388842,1600,1554193354,{},0b32d2eec3344b1fbde4822793b2e447,74.12204501234977
False,348,"{'input': 'sampler', 'callbacks': {'on_train_result': None, 'on_sample_end': None, 'on_episode_step': None, 'on_episode_start': None, 'on_episode_end': None}, 'sample_batch_size': 200, 'clip_actions': False, 'clip_rewards': None, 'tf_session_args': {'inter_op_parallelism_threads': 2, 'intra_op_parallelism_threads': 2, 'device_count': {'CPU': 1}, 'log_device_placement': False, 'allow_soft_placement': True, 'gpu_options': {'allow_growth': True}}, 'kl_target': 0.01, 'horizon': 1500, 'lr': 0.0005, 'sample_async': False, 'simple_optimizer': False, 'compress_observations': False, 'num_envs_per_worker': 1, 'gamma': 0.99, 'sgd_minibatch_size': 128, 'observation_filter': 'NoFilter', 'entropy_coeff': 0.0, 'batch_mode': 'truncate_episodes', 'straggler_mitigation': False, 'vf_share_layers': False, 'num_gpus': 0, 'synchronize_filters': True, 'num_sgd_iter': 10, 'train_batch_size': 1500, 'optimizer': {}, 'num_gpus_per_worker': 0, 'preprocessor_pref': 'deepmind', 'num_cpus_for_driver': 1, 'lr_schedule': None, 'use_gae': True, 'lambda': 0.97, 'vf_loss_coeff': 1.0, 'vf_clip_param': 1000000.0, 'log_level': 'INFO', 'env_config': {'run': 'PPO', 'flow_params': '{\n    ""env"": {\n        ""additional_params"": {\n            ""max_accel"": 3,\n            ""max_decel"": 3,\n            ""sort_vehicles"": false,\n            ""target_velocity"": 20\n        },\n        ""evaluate"": false,\n        ""horizon"": 1500,\n        ""sims_per_step"": 1,\n        ""warmup_steps"": 0\n    },\n    ""env_name"": ""AccelEnv"",\n    ""exp_tag"": ""figure_eight_0"",\n    ""initial"": {\n        ""additional_params"": {},\n        ""bunching"": 0,\n        ""edges_distribution"": ""all"",\n        ""lanes_distribution"": Infinity,\n        ""min_gap"": 0,\n        ""perturbation"": 0.0,\n        ""shuffle"": false,\n        ""spacing"": ""uniform"",\n        ""x0"": 0\n    },\n    ""net"": {\n        ""additional_params"": {\n            ""lanes"": 1,\n            ""radius_ring"": 30,\n            ""resolution"": 40,\n            ""speed_limit"": 30\n        },\n        ""inflows"": {\n            ""_InFlows__flows"": [],\n            ""num_flows"": 0\n        },\n        ""netfile"": null,\n        ""no_internal_links"": false,\n        ""osm_path"": null\n    },\n    ""scenario"": ""Figure8Scenario"",\n    ""sim"": {\n        ""emission_path"": null,\n        ""lateral_resolution"": null,\n        ""no_step_log"": true,\n        ""num_clients"": 1,\n        ""overtake_right"": false,\n        ""port"": null,\n        ""print_warnings"": true,\n        ""pxpm"": 2,\n        ""render"": false,\n        ""restart_instance"": false,\n        ""save_render"": false,\n        ""seed"": null,\n        ""show_radius"": false,\n        ""sight_radius"": 25,\n        ""sim_step"": 0.1,\n        ""teleport_time"": -1\n    },\n    ""simulator"": ""traci"",\n    ""veh"": [\n        {\n            ""acceleration_controller"": [\n                ""IDMController"",\n                {\n                    ""noise"": 0.2\n                }\n            ],\n            ""car_following_params"": {\n                ""controller_params"": {\n                    ""accel"": 1.0,\n                    ""carFollowModel"": ""IDM"",\n                    ""decel"": 1.5,\n                    ""impatience"": 0.5,\n                    ""maxSpeed"": 30,\n                    ""minGap"": 2.5,\n                    ""sigma"": 0.5,\n                    ""speedDev"": 0.1,\n                    ""speedFactor"": 1.0,\n                    ""tau"": 1.0\n                },\n                ""speed_mode"": 1\n            },\n            ""initial_speed"": 0,\n            ""lane_change_controller"": [\n                ""SimLaneChangeController"",\n                {}\n            ],\n            ""lane_change_params"": {\n                ""controller_params"": {\n                    ""laneChangeModel"": ""LC2013"",\n                    ""lcCooperative"": ""1.0"",\n                    ""lcKeepRight"": ""1.0"",\n                    ""lcSpeedGain"": ""1.0"",\n                    ""lcStrategic"": ""1.0""\n                },\n                ""lane_change_mode"": 512\n            },\n            ""num_vehicles"": 13,\n            ""routing_controller"": [\n                ""ContinuousRouter"",\n                {}\n            ],\n            ""veh_id"": ""human""\n        },\n        {\n            ""acceleration_controller"": [\n                ""RLController"",\n                {}\n            ],\n            ""car_following_params"": {\n                ""controller_params"": {\n                    ""accel"": 1.0,\n                    ""carFollowModel"": ""IDM"",\n                    ""decel"": 1.5,\n                    ""impatience"": 0.5,\n                    ""maxSpeed"": 30,\n                    ""minGap"": 2.5,\n                    ""sigma"": 0.5,\n                    ""speedDev"": 0.1,\n                    ""speedFactor"": 1.0,\n                    ""tau"": 1.0\n                },\n                ""speed_mode"": 1\n            },\n            ""initial_speed"": 0,\n            ""lane_change_controller"": [\n                ""SimLaneChangeController"",\n                {}\n            ],\n            ""lane_change_params"": {\n                ""controller_params"": {\n                    ""laneChangeModel"": ""LC2013"",\n                    ""lcCooperative"": ""1.0"",\n                    ""lcKeepRight"": ""1.0"",\n                    ""lcSpeedGain"": ""1.0"",\n                    ""lcStrategic"": ""1.0""\n                },\n                ""lane_change_mode"": 512\n            },\n            ""num_vehicles"": 1,\n            ""routing_controller"": [\n                ""ContinuousRouter"",\n                {}\n            ],\n            ""veh_id"": ""rl""\n        }\n    ]\n}'}, 'env': 'AccelEnv-v0', 'local_evaluator_tf_session_args': {'inter_op_parallelism_threads': 8, 'intra_op_parallelism_threads': 8}, 'model': {'free_log_std': False, 'custom_options': {}, 'framestack': True, 'channel_major': False, 'max_seq_len': 20, 'lstm_use_prev_action_reward': False, 'squash_to_range': False, 'dim': 84, 'grayscale': False, 'fcnet_hiddens': [100, 50, 25], 'use_lstm': False, 'custom_model': None, 'fcnet_activation': 'tanh', 'conv_filters': None, 'conv_activation': 'relu', 'lstm_cell_size': 256, 'zero_mean': True, 'custom_preprocessor': None}, 'output_compress_columns': ['obs', 'new_obs'], 'monitor': False, 'custom_resources_per_worker': {}, 'output_max_file_size': 67108864, 'num_workers': 1, 'clip_param': 0.3, 'kl_coeff': 0.2, 'multiagent': {'policy_graphs': {}, 'policy_mapping_fn': None, 'policies_to_train': None}, 'input_evaluation': None, 'output': None, 'collect_metrics_timeout': 180, 'num_cpus_per_worker': 1}",169.237.32.118,1,1358.8,9.953681945800781,"{'num_steps_sampled': 444800, 'load_time_ms': 1.209, 'default': {'kl': 0.011960680596530437, 'cur_lr': 0.0005000000237487257, 'total_loss': 0.39274466037750244, 'policy_loss': -0.034711528569459915, 'vf_explained_var': 0.9926053881645203, 'entropy': 1.9387785196304321, 'cur_kl_coeff': 0.5201579928398132, 'vf_loss': 0.42123472690582275}, 'sample_time_ms': 9639.064, 'grad_time_ms': 277.215, 'update_time_ms': 4.438, 'num_steps_trained': 444800}",378.56225951489387,2019-04-02_08-22-44,kronos,71,444800,0,2753.582175254822,{},444800,278,278,2753.582175254822,489.6167363388842,1600,1554193364,{},0b32d2eec3344b1fbde4822793b2e447,74.12204501234977
False,350,"{'input': 'sampler', 'callbacks': {'on_train_result': None, 'on_sample_end': None, 'on_episode_step': None, 'on_episode_start': None, 'on_episode_end': None}, 'sample_batch_size': 200, 'clip_actions': False, 'clip_rewards': None, 'tf_session_args': {'inter_op_parallelism_threads': 2, 'intra_op_parallelism_threads': 2, 'device_count': {'CPU': 1}, 'log_device_placement': False, 'allow_soft_placement': True, 'gpu_options': {'allow_growth': True}}, 'kl_target': 0.01, 'horizon': 1500, 'lr': 0.0005, 'sample_async': False, 'simple_optimizer': False, 'compress_observations': False, 'num_envs_per_worker': 1, 'gamma': 0.99, 'sgd_minibatch_size': 128, 'observation_filter': 'NoFilter', 'entropy_coeff': 0.0, 'batch_mode': 'truncate_episodes', 'straggler_mitigation': False, 'vf_share_layers': False, 'num_gpus': 0, 'synchronize_filters': True, 'num_sgd_iter': 10, 'train_batch_size': 1500, 'optimizer': {}, 'num_gpus_per_worker': 0, 'preprocessor_pref': 'deepmind', 'num_cpus_for_driver': 1, 'lr_schedule': None, 'use_gae': True, 'lambda': 0.97, 'vf_loss_coeff': 1.0, 'vf_clip_param': 1000000.0, 'log_level': 'INFO', 'env_config': {'run': 'PPO', 'flow_params': '{\n    ""env"": {\n        ""additional_params"": {\n            ""max_accel"": 3,\n            ""max_decel"": 3,\n            ""sort_vehicles"": false,\n            ""target_velocity"": 20\n        },\n        ""evaluate"": false,\n        ""horizon"": 1500,\n        ""sims_per_step"": 1,\n        ""warmup_steps"": 0\n    },\n    ""env_name"": ""AccelEnv"",\n    ""exp_tag"": ""figure_eight_0"",\n    ""initial"": {\n        ""additional_params"": {},\n        ""bunching"": 0,\n        ""edges_distribution"": ""all"",\n        ""lanes_distribution"": Infinity,\n        ""min_gap"": 0,\n        ""perturbation"": 0.0,\n        ""shuffle"": false,\n        ""spacing"": ""uniform"",\n        ""x0"": 0\n    },\n    ""net"": {\n        ""additional_params"": {\n            ""lanes"": 1,\n            ""radius_ring"": 30,\n            ""resolution"": 40,\n            ""speed_limit"": 30\n        },\n        ""inflows"": {\n            ""_InFlows__flows"": [],\n            ""num_flows"": 0\n        },\n        ""netfile"": null,\n        ""no_internal_links"": false,\n        ""osm_path"": null\n    },\n    ""scenario"": ""Figure8Scenario"",\n    ""sim"": {\n        ""emission_path"": null,\n        ""lateral_resolution"": null,\n        ""no_step_log"": true,\n        ""num_clients"": 1,\n        ""overtake_right"": false,\n        ""port"": null,\n        ""print_warnings"": true,\n        ""pxpm"": 2,\n        ""render"": false,\n        ""restart_instance"": false,\n        ""save_render"": false,\n        ""seed"": null,\n        ""show_radius"": false,\n        ""sight_radius"": 25,\n        ""sim_step"": 0.1,\n        ""teleport_time"": -1\n    },\n    ""simulator"": ""traci"",\n    ""veh"": [\n        {\n            ""acceleration_controller"": [\n                ""IDMController"",\n                {\n                    ""noise"": 0.2\n                }\n            ],\n            ""car_following_params"": {\n                ""controller_params"": {\n                    ""accel"": 1.0,\n                    ""carFollowModel"": ""IDM"",\n                    ""decel"": 1.5,\n                    ""impatience"": 0.5,\n                    ""maxSpeed"": 30,\n                    ""minGap"": 2.5,\n                    ""sigma"": 0.5,\n                    ""speedDev"": 0.1,\n                    ""speedFactor"": 1.0,\n                    ""tau"": 1.0\n                },\n                ""speed_mode"": 1\n            },\n            ""initial_speed"": 0,\n            ""lane_change_controller"": [\n                ""SimLaneChangeController"",\n                {}\n            ],\n            ""lane_change_params"": {\n                ""controller_params"": {\n                    ""laneChangeModel"": ""LC2013"",\n                    ""lcCooperative"": ""1.0"",\n                    ""lcKeepRight"": ""1.0"",\n                    ""lcSpeedGain"": ""1.0"",\n                    ""lcStrategic"": ""1.0""\n                },\n                ""lane_change_mode"": 512\n            },\n            ""num_vehicles"": 13,\n            ""routing_controller"": [\n                ""ContinuousRouter"",\n                {}\n            ],\n            ""veh_id"": ""human""\n        },\n        {\n            ""acceleration_controller"": [\n                ""RLController"",\n                {}\n            ],\n            ""car_following_params"": {\n                ""controller_params"": {\n                    ""accel"": 1.0,\n                    ""carFollowModel"": ""IDM"",\n                    ""decel"": 1.5,\n                    ""impatience"": 0.5,\n                    ""maxSpeed"": 30,\n                    ""minGap"": 2.5,\n                    ""sigma"": 0.5,\n                    ""speedDev"": 0.1,\n                    ""speedFactor"": 1.0,\n                    ""tau"": 1.0\n                },\n                ""speed_mode"": 1\n            },\n            ""initial_speed"": 0,\n            ""lane_change_controller"": [\n                ""SimLaneChangeController"",\n                {}\n            ],\n            ""lane_change_params"": {\n                ""controller_params"": {\n                    ""laneChangeModel"": ""LC2013"",\n                    ""lcCooperative"": ""1.0"",\n                    ""lcKeepRight"": ""1.0"",\n                    ""lcSpeedGain"": ""1.0"",\n                    ""lcStrategic"": ""1.0""\n                },\n                ""lane_change_mode"": 512\n            },\n            ""num_vehicles"": 1,\n            ""routing_controller"": [\n                ""ContinuousRouter"",\n                {}\n            ],\n            ""veh_id"": ""rl""\n        }\n    ]\n}'}, 'env': 'AccelEnv-v0', 'local_evaluator_tf_session_args': {'inter_op_parallelism_threads': 8, 'intra_op_parallelism_threads': 8}, 'model': {'free_log_std': False, 'custom_options': {}, 'framestack': True, 'channel_major': False, 'max_seq_len': 20, 'lstm_use_prev_action_reward': False, 'squash_to_range': False, 'dim': 84, 'grayscale': False, 'fcnet_hiddens': [100, 50, 25], 'use_lstm': False, 'custom_model': None, 'fcnet_activation': 'tanh', 'conv_filters': None, 'conv_activation': 'relu', 'lstm_cell_size': 256, 'zero_mean': True, 'custom_preprocessor': None}, 'output_compress_columns': ['obs', 'new_obs'], 'monitor': False, 'custom_resources_per_worker': {}, 'output_max_file_size': 67108864, 'num_workers': 1, 'clip_param': 0.3, 'kl_coeff': 0.2, 'multiagent': {'policy_graphs': {}, 'policy_mapping_fn': None, 'policies_to_train': None}, 'input_evaluation': None, 'output': None, 'collect_metrics_timeout': 180, 'num_cpus_per_worker': 1}",169.237.32.118,2,1358.8,9.856189250946045,"{'num_steps_sampled': 446400, 'load_time_ms': 1.186, 'default': {'kl': 0.01220488641411066, 'cur_lr': 0.0005000000237487257, 'total_loss': 0.9322689175605774, 'policy_loss': -0.021399853751063347, 'vf_explained_var': 0.9762280583381653, 'entropy': 1.9097458124160767, 'cur_kl_coeff': 0.5201579928398132, 'vf_loss': 0.9473202228546143}, 'sample_time_ms': 9619.333, 'grad_time_ms': 279.945, 'update_time_ms': 4.397, 'num_steps_trained': 446400}",378.72794443260216,2019-04-02_08-22-54,kronos,71,446400,0,2763.438364505768,{},446400,279,279,2763.438364505768,489.6167363388842,1600,1554193374,{},0b32d2eec3344b1fbde4822793b2e447,74.12204501234977
False,351,"{'input': 'sampler', 'callbacks': {'on_train_result': None, 'on_sample_end': None, 'on_episode_step': None, 'on_episode_start': None, 'on_episode_end': None}, 'sample_batch_size': 200, 'clip_actions': False, 'clip_rewards': None, 'tf_session_args': {'inter_op_parallelism_threads': 2, 'intra_op_parallelism_threads': 2, 'device_count': {'CPU': 1}, 'log_device_placement': False, 'allow_soft_placement': True, 'gpu_options': {'allow_growth': True}}, 'kl_target': 0.01, 'horizon': 1500, 'lr': 0.0005, 'sample_async': False, 'simple_optimizer': False, 'compress_observations': False, 'num_envs_per_worker': 1, 'gamma': 0.99, 'sgd_minibatch_size': 128, 'observation_filter': 'NoFilter', 'entropy_coeff': 0.0, 'batch_mode': 'truncate_episodes', 'straggler_mitigation': False, 'vf_share_layers': False, 'num_gpus': 0, 'synchronize_filters': True, 'num_sgd_iter': 10, 'train_batch_size': 1500, 'optimizer': {}, 'num_gpus_per_worker': 0, 'preprocessor_pref': 'deepmind', 'num_cpus_for_driver': 1, 'lr_schedule': None, 'use_gae': True, 'lambda': 0.97, 'vf_loss_coeff': 1.0, 'vf_clip_param': 1000000.0, 'log_level': 'INFO', 'env_config': {'run': 'PPO', 'flow_params': '{\n    ""env"": {\n        ""additional_params"": {\n            ""max_accel"": 3,\n            ""max_decel"": 3,\n            ""sort_vehicles"": false,\n            ""target_velocity"": 20\n        },\n        ""evaluate"": false,\n        ""horizon"": 1500,\n        ""sims_per_step"": 1,\n        ""warmup_steps"": 0\n    },\n    ""env_name"": ""AccelEnv"",\n    ""exp_tag"": ""figure_eight_0"",\n    ""initial"": {\n        ""additional_params"": {},\n        ""bunching"": 0,\n        ""edges_distribution"": ""all"",\n        ""lanes_distribution"": Infinity,\n        ""min_gap"": 0,\n        ""perturbation"": 0.0,\n        ""shuffle"": false,\n        ""spacing"": ""uniform"",\n        ""x0"": 0\n    },\n    ""net"": {\n        ""additional_params"": {\n            ""lanes"": 1,\n            ""radius_ring"": 30,\n            ""resolution"": 40,\n            ""speed_limit"": 30\n        },\n        ""inflows"": {\n            ""_InFlows__flows"": [],\n            ""num_flows"": 0\n        },\n        ""netfile"": null,\n        ""no_internal_links"": false,\n        ""osm_path"": null\n    },\n    ""scenario"": ""Figure8Scenario"",\n    ""sim"": {\n        ""emission_path"": null,\n        ""lateral_resolution"": null,\n        ""no_step_log"": true,\n        ""num_clients"": 1,\n        ""overtake_right"": false,\n        ""port"": null,\n        ""print_warnings"": true,\n        ""pxpm"": 2,\n        ""render"": false,\n        ""restart_instance"": false,\n        ""save_render"": false,\n        ""seed"": null,\n        ""show_radius"": false,\n        ""sight_radius"": 25,\n        ""sim_step"": 0.1,\n        ""teleport_time"": -1\n    },\n    ""simulator"": ""traci"",\n    ""veh"": [\n        {\n            ""acceleration_controller"": [\n                ""IDMController"",\n                {\n                    ""noise"": 0.2\n                }\n            ],\n            ""car_following_params"": {\n                ""controller_params"": {\n                    ""accel"": 1.0,\n                    ""carFollowModel"": ""IDM"",\n                    ""decel"": 1.5,\n                    ""impatience"": 0.5,\n                    ""maxSpeed"": 30,\n                    ""minGap"": 2.5,\n                    ""sigma"": 0.5,\n                    ""speedDev"": 0.1,\n                    ""speedFactor"": 1.0,\n                    ""tau"": 1.0\n                },\n                ""speed_mode"": 1\n            },\n            ""initial_speed"": 0,\n            ""lane_change_controller"": [\n                ""SimLaneChangeController"",\n                {}\n            ],\n            ""lane_change_params"": {\n                ""controller_params"": {\n                    ""laneChangeModel"": ""LC2013"",\n                    ""lcCooperative"": ""1.0"",\n                    ""lcKeepRight"": ""1.0"",\n                    ""lcSpeedGain"": ""1.0"",\n                    ""lcStrategic"": ""1.0""\n                },\n                ""lane_change_mode"": 512\n            },\n            ""num_vehicles"": 13,\n            ""routing_controller"": [\n                ""ContinuousRouter"",\n                {}\n            ],\n            ""veh_id"": ""human""\n        },\n        {\n            ""acceleration_controller"": [\n                ""RLController"",\n                {}\n            ],\n            ""car_following_params"": {\n                ""controller_params"": {\n                    ""accel"": 1.0,\n                    ""carFollowModel"": ""IDM"",\n                    ""decel"": 1.5,\n                    ""impatience"": 0.5,\n                    ""maxSpeed"": 30,\n                    ""minGap"": 2.5,\n                    ""sigma"": 0.5,\n                    ""speedDev"": 0.1,\n                    ""speedFactor"": 1.0,\n                    ""tau"": 1.0\n                },\n                ""speed_mode"": 1\n            },\n            ""initial_speed"": 0,\n            ""lane_change_controller"": [\n                ""SimLaneChangeController"",\n                {}\n            ],\n            ""lane_change_params"": {\n                ""controller_params"": {\n                    ""laneChangeModel"": ""LC2013"",\n                    ""lcCooperative"": ""1.0"",\n                    ""lcKeepRight"": ""1.0"",\n                    ""lcSpeedGain"": ""1.0"",\n                    ""lcStrategic"": ""1.0""\n                },\n                ""lane_change_mode"": 512\n            },\n            ""num_vehicles"": 1,\n            ""routing_controller"": [\n                ""ContinuousRouter"",\n                {}\n            ],\n            ""veh_id"": ""rl""\n        }\n    ]\n}'}, 'env': 'AccelEnv-v0', 'local_evaluator_tf_session_args': {'inter_op_parallelism_threads': 8, 'intra_op_parallelism_threads': 8}, 'model': {'free_log_std': False, 'custom_options': {}, 'framestack': True, 'channel_major': False, 'max_seq_len': 20, 'lstm_use_prev_action_reward': False, 'squash_to_range': False, 'dim': 84, 'grayscale': False, 'fcnet_hiddens': [100, 50, 25], 'use_lstm': False, 'custom_model': None, 'fcnet_activation': 'tanh', 'conv_filters': None, 'conv_activation': 'relu', 'lstm_cell_size': 256, 'zero_mean': True, 'custom_preprocessor': None}, 'output_compress_columns': ['obs', 'new_obs'], 'monitor': False, 'custom_resources_per_worker': {}, 'output_max_file_size': 67108864, 'num_workers': 1, 'clip_param': 0.3, 'kl_coeff': 0.2, 'multiagent': {'policy_graphs': {}, 'policy_mapping_fn': None, 'policies_to_train': None}, 'input_evaluation': None, 'output': None, 'collect_metrics_timeout': 180, 'num_cpus_per_worker': 1}",169.237.32.118,1,1358.8,9.908343315124512,"{'num_steps_sampled': 448000, 'load_time_ms': 1.186, 'default': {'kl': 0.010019246488809586, 'cur_lr': 0.0005000000237487257, 'total_loss': 0.5087603330612183, 'policy_loss': -0.022567281499505043, 'vf_explained_var': 0.989254891872406, 'entropy': 1.9255784749984741, 'cur_kl_coeff': 0.5201579928398132, 'vf_loss': 0.5261160731315613}, 'sample_time_ms': 9611.723, 'grad_time_ms': 277.215, 'update_time_ms': 4.391, 'num_steps_trained': 448000}",379.3024415854959,2019-04-02_08-23-04,kronos,71,448000,0,2773.3467078208923,{},448000,280,280,2773.3467078208923,489.6167363388842,1600,1554193384,{},0b32d2eec3344b1fbde4822793b2e447,74.12204501234977
False,352,"{'input': 'sampler', 'callbacks': {'on_train_result': None, 'on_sample_end': None, 'on_episode_step': None, 'on_episode_start': None, 'on_episode_end': None}, 'sample_batch_size': 200, 'clip_actions': False, 'clip_rewards': None, 'tf_session_args': {'inter_op_parallelism_threads': 2, 'intra_op_parallelism_threads': 2, 'device_count': {'CPU': 1}, 'log_device_placement': False, 'allow_soft_placement': True, 'gpu_options': {'allow_growth': True}}, 'kl_target': 0.01, 'horizon': 1500, 'lr': 0.0005, 'sample_async': False, 'simple_optimizer': False, 'compress_observations': False, 'num_envs_per_worker': 1, 'gamma': 0.99, 'sgd_minibatch_size': 128, 'observation_filter': 'NoFilter', 'entropy_coeff': 0.0, 'batch_mode': 'truncate_episodes', 'straggler_mitigation': False, 'vf_share_layers': False, 'num_gpus': 0, 'synchronize_filters': True, 'num_sgd_iter': 10, 'train_batch_size': 1500, 'optimizer': {}, 'num_gpus_per_worker': 0, 'preprocessor_pref': 'deepmind', 'num_cpus_for_driver': 1, 'lr_schedule': None, 'use_gae': True, 'lambda': 0.97, 'vf_loss_coeff': 1.0, 'vf_clip_param': 1000000.0, 'log_level': 'INFO', 'env_config': {'run': 'PPO', 'flow_params': '{\n    ""env"": {\n        ""additional_params"": {\n            ""max_accel"": 3,\n            ""max_decel"": 3,\n            ""sort_vehicles"": false,\n            ""target_velocity"": 20\n        },\n        ""evaluate"": false,\n        ""horizon"": 1500,\n        ""sims_per_step"": 1,\n        ""warmup_steps"": 0\n    },\n    ""env_name"": ""AccelEnv"",\n    ""exp_tag"": ""figure_eight_0"",\n    ""initial"": {\n        ""additional_params"": {},\n        ""bunching"": 0,\n        ""edges_distribution"": ""all"",\n        ""lanes_distribution"": Infinity,\n        ""min_gap"": 0,\n        ""perturbation"": 0.0,\n        ""shuffle"": false,\n        ""spacing"": ""uniform"",\n        ""x0"": 0\n    },\n    ""net"": {\n        ""additional_params"": {\n            ""lanes"": 1,\n            ""radius_ring"": 30,\n            ""resolution"": 40,\n            ""speed_limit"": 30\n        },\n        ""inflows"": {\n            ""_InFlows__flows"": [],\n            ""num_flows"": 0\n        },\n        ""netfile"": null,\n        ""no_internal_links"": false,\n        ""osm_path"": null\n    },\n    ""scenario"": ""Figure8Scenario"",\n    ""sim"": {\n        ""emission_path"": null,\n        ""lateral_resolution"": null,\n        ""no_step_log"": true,\n        ""num_clients"": 1,\n        ""overtake_right"": false,\n        ""port"": null,\n        ""print_warnings"": true,\n        ""pxpm"": 2,\n        ""render"": false,\n        ""restart_instance"": false,\n        ""save_render"": false,\n        ""seed"": null,\n        ""show_radius"": false,\n        ""sight_radius"": 25,\n        ""sim_step"": 0.1,\n        ""teleport_time"": -1\n    },\n    ""simulator"": ""traci"",\n    ""veh"": [\n        {\n            ""acceleration_controller"": [\n                ""IDMController"",\n                {\n                    ""noise"": 0.2\n                }\n            ],\n            ""car_following_params"": {\n                ""controller_params"": {\n                    ""accel"": 1.0,\n                    ""carFollowModel"": ""IDM"",\n                    ""decel"": 1.5,\n                    ""impatience"": 0.5,\n                    ""maxSpeed"": 30,\n                    ""minGap"": 2.5,\n                    ""sigma"": 0.5,\n                    ""speedDev"": 0.1,\n                    ""speedFactor"": 1.0,\n                    ""tau"": 1.0\n                },\n                ""speed_mode"": 1\n            },\n            ""initial_speed"": 0,\n            ""lane_change_controller"": [\n                ""SimLaneChangeController"",\n                {}\n            ],\n            ""lane_change_params"": {\n                ""controller_params"": {\n                    ""laneChangeModel"": ""LC2013"",\n                    ""lcCooperative"": ""1.0"",\n                    ""lcKeepRight"": ""1.0"",\n                    ""lcSpeedGain"": ""1.0"",\n                    ""lcStrategic"": ""1.0""\n                },\n                ""lane_change_mode"": 512\n            },\n            ""num_vehicles"": 13,\n            ""routing_controller"": [\n                ""ContinuousRouter"",\n                {}\n            ],\n            ""veh_id"": ""human""\n        },\n        {\n            ""acceleration_controller"": [\n                ""RLController"",\n                {}\n            ],\n            ""car_following_params"": {\n                ""controller_params"": {\n                    ""accel"": 1.0,\n                    ""carFollowModel"": ""IDM"",\n                    ""decel"": 1.5,\n                    ""impatience"": 0.5,\n                    ""maxSpeed"": 30,\n                    ""minGap"": 2.5,\n                    ""sigma"": 0.5,\n                    ""speedDev"": 0.1,\n                    ""speedFactor"": 1.0,\n                    ""tau"": 1.0\n                },\n                ""speed_mode"": 1\n            },\n            ""initial_speed"": 0,\n            ""lane_change_controller"": [\n                ""SimLaneChangeController"",\n                {}\n            ],\n            ""lane_change_params"": {\n                ""controller_params"": {\n                    ""laneChangeModel"": ""LC2013"",\n                    ""lcCooperative"": ""1.0"",\n                    ""lcKeepRight"": ""1.0"",\n                    ""lcSpeedGain"": ""1.0"",\n                    ""lcStrategic"": ""1.0""\n                },\n                ""lane_change_mode"": 512\n            },\n            ""num_vehicles"": 1,\n            ""routing_controller"": [\n                ""ContinuousRouter"",\n                {}\n            ],\n            ""veh_id"": ""rl""\n        }\n    ]\n}'}, 'env': 'AccelEnv-v0', 'local_evaluator_tf_session_args': {'inter_op_parallelism_threads': 8, 'intra_op_parallelism_threads': 8}, 'model': {'free_log_std': False, 'custom_options': {}, 'framestack': True, 'channel_major': False, 'max_seq_len': 20, 'lstm_use_prev_action_reward': False, 'squash_to_range': False, 'dim': 84, 'grayscale': False, 'fcnet_hiddens': [100, 50, 25], 'use_lstm': False, 'custom_model': None, 'fcnet_activation': 'tanh', 'conv_filters': None, 'conv_activation': 'relu', 'lstm_cell_size': 256, 'zero_mean': True, 'custom_preprocessor': None}, 'output_compress_columns': ['obs', 'new_obs'], 'monitor': False, 'custom_resources_per_worker': {}, 'output_max_file_size': 67108864, 'num_workers': 1, 'clip_param': 0.3, 'kl_coeff': 0.2, 'multiagent': {'policy_graphs': {}, 'policy_mapping_fn': None, 'policies_to_train': None}, 'input_evaluation': None, 'output': None, 'collect_metrics_timeout': 180, 'num_cpus_per_worker': 1}",169.237.32.118,1,1358.8,9.914567947387695,"{'num_steps_sampled': 449600, 'load_time_ms': 1.15, 'default': {'kl': 0.00276473187841475, 'cur_lr': 0.0005000000237487257, 'total_loss': 1.0159128904342651, 'policy_loss': -0.0002603009343147278, 'vf_explained_var': 0.9605205655097961, 'entropy': 1.8799567222595215, 'cur_kl_coeff': 0.5201579928398132, 'vf_loss': 1.0147351026535034}, 'sample_time_ms': 9616.737, 'grad_time_ms': 277.743, 'update_time_ms': 4.471, 'num_steps_trained': 449600}",379.59106554203566,2019-04-02_08-23-14,kronos,71,449600,0,2783.26127576828,{},449600,281,281,2783.26127576828,489.6167363388842,1600,1554193394,{},0b32d2eec3344b1fbde4822793b2e447,74.12204501234977
False,353,"{'input': 'sampler', 'callbacks': {'on_train_result': None, 'on_sample_end': None, 'on_episode_step': None, 'on_episode_start': None, 'on_episode_end': None}, 'sample_batch_size': 200, 'clip_actions': False, 'clip_rewards': None, 'tf_session_args': {'inter_op_parallelism_threads': 2, 'intra_op_parallelism_threads': 2, 'device_count': {'CPU': 1}, 'log_device_placement': False, 'allow_soft_placement': True, 'gpu_options': {'allow_growth': True}}, 'kl_target': 0.01, 'horizon': 1500, 'lr': 0.0005, 'sample_async': False, 'simple_optimizer': False, 'compress_observations': False, 'num_envs_per_worker': 1, 'gamma': 0.99, 'sgd_minibatch_size': 128, 'observation_filter': 'NoFilter', 'entropy_coeff': 0.0, 'batch_mode': 'truncate_episodes', 'straggler_mitigation': False, 'vf_share_layers': False, 'num_gpus': 0, 'synchronize_filters': True, 'num_sgd_iter': 10, 'train_batch_size': 1500, 'optimizer': {}, 'num_gpus_per_worker': 0, 'preprocessor_pref': 'deepmind', 'num_cpus_for_driver': 1, 'lr_schedule': None, 'use_gae': True, 'lambda': 0.97, 'vf_loss_coeff': 1.0, 'vf_clip_param': 1000000.0, 'log_level': 'INFO', 'env_config': {'run': 'PPO', 'flow_params': '{\n    ""env"": {\n        ""additional_params"": {\n            ""max_accel"": 3,\n            ""max_decel"": 3,\n            ""sort_vehicles"": false,\n            ""target_velocity"": 20\n        },\n        ""evaluate"": false,\n        ""horizon"": 1500,\n        ""sims_per_step"": 1,\n        ""warmup_steps"": 0\n    },\n    ""env_name"": ""AccelEnv"",\n    ""exp_tag"": ""figure_eight_0"",\n    ""initial"": {\n        ""additional_params"": {},\n        ""bunching"": 0,\n        ""edges_distribution"": ""all"",\n        ""lanes_distribution"": Infinity,\n        ""min_gap"": 0,\n        ""perturbation"": 0.0,\n        ""shuffle"": false,\n        ""spacing"": ""uniform"",\n        ""x0"": 0\n    },\n    ""net"": {\n        ""additional_params"": {\n            ""lanes"": 1,\n            ""radius_ring"": 30,\n            ""resolution"": 40,\n            ""speed_limit"": 30\n        },\n        ""inflows"": {\n            ""_InFlows__flows"": [],\n            ""num_flows"": 0\n        },\n        ""netfile"": null,\n        ""no_internal_links"": false,\n        ""osm_path"": null\n    },\n    ""scenario"": ""Figure8Scenario"",\n    ""sim"": {\n        ""emission_path"": null,\n        ""lateral_resolution"": null,\n        ""no_step_log"": true,\n        ""num_clients"": 1,\n        ""overtake_right"": false,\n        ""port"": null,\n        ""print_warnings"": true,\n        ""pxpm"": 2,\n        ""render"": false,\n        ""restart_instance"": false,\n        ""save_render"": false,\n        ""seed"": null,\n        ""show_radius"": false,\n        ""sight_radius"": 25,\n        ""sim_step"": 0.1,\n        ""teleport_time"": -1\n    },\n    ""simulator"": ""traci"",\n    ""veh"": [\n        {\n            ""acceleration_controller"": [\n                ""IDMController"",\n                {\n                    ""noise"": 0.2\n                }\n            ],\n            ""car_following_params"": {\n                ""controller_params"": {\n                    ""accel"": 1.0,\n                    ""carFollowModel"": ""IDM"",\n                    ""decel"": 1.5,\n                    ""impatience"": 0.5,\n                    ""maxSpeed"": 30,\n                    ""minGap"": 2.5,\n                    ""sigma"": 0.5,\n                    ""speedDev"": 0.1,\n                    ""speedFactor"": 1.0,\n                    ""tau"": 1.0\n                },\n                ""speed_mode"": 1\n            },\n            ""initial_speed"": 0,\n            ""lane_change_controller"": [\n                ""SimLaneChangeController"",\n                {}\n            ],\n            ""lane_change_params"": {\n                ""controller_params"": {\n                    ""laneChangeModel"": ""LC2013"",\n                    ""lcCooperative"": ""1.0"",\n                    ""lcKeepRight"": ""1.0"",\n                    ""lcSpeedGain"": ""1.0"",\n                    ""lcStrategic"": ""1.0""\n                },\n                ""lane_change_mode"": 512\n            },\n            ""num_vehicles"": 13,\n            ""routing_controller"": [\n                ""ContinuousRouter"",\n                {}\n            ],\n            ""veh_id"": ""human""\n        },\n        {\n            ""acceleration_controller"": [\n                ""RLController"",\n                {}\n            ],\n            ""car_following_params"": {\n                ""controller_params"": {\n                    ""accel"": 1.0,\n                    ""carFollowModel"": ""IDM"",\n                    ""decel"": 1.5,\n                    ""impatience"": 0.5,\n                    ""maxSpeed"": 30,\n                    ""minGap"": 2.5,\n                    ""sigma"": 0.5,\n                    ""speedDev"": 0.1,\n                    ""speedFactor"": 1.0,\n                    ""tau"": 1.0\n                },\n                ""speed_mode"": 1\n            },\n            ""initial_speed"": 0,\n            ""lane_change_controller"": [\n                ""SimLaneChangeController"",\n                {}\n            ],\n            ""lane_change_params"": {\n                ""controller_params"": {\n                    ""laneChangeModel"": ""LC2013"",\n                    ""lcCooperative"": ""1.0"",\n                    ""lcKeepRight"": ""1.0"",\n                    ""lcSpeedGain"": ""1.0"",\n                    ""lcStrategic"": ""1.0""\n                },\n                ""lane_change_mode"": 512\n            },\n            ""num_vehicles"": 1,\n            ""routing_controller"": [\n                ""ContinuousRouter"",\n                {}\n            ],\n            ""veh_id"": ""rl""\n        }\n    ]\n}'}, 'env': 'AccelEnv-v0', 'local_evaluator_tf_session_args': {'inter_op_parallelism_threads': 8, 'intra_op_parallelism_threads': 8}, 'model': {'free_log_std': False, 'custom_options': {}, 'framestack': True, 'channel_major': False, 'max_seq_len': 20, 'lstm_use_prev_action_reward': False, 'squash_to_range': False, 'dim': 84, 'grayscale': False, 'fcnet_hiddens': [100, 50, 25], 'use_lstm': False, 'custom_model': None, 'fcnet_activation': 'tanh', 'conv_filters': None, 'conv_activation': 'relu', 'lstm_cell_size': 256, 'zero_mean': True, 'custom_preprocessor': None}, 'output_compress_columns': ['obs', 'new_obs'], 'monitor': False, 'custom_resources_per_worker': {}, 'output_max_file_size': 67108864, 'num_workers': 1, 'clip_param': 0.3, 'kl_coeff': 0.2, 'multiagent': {'policy_graphs': {}, 'policy_mapping_fn': None, 'policies_to_train': None}, 'input_evaluation': None, 'output': None, 'collect_metrics_timeout': 180, 'num_cpus_per_worker': 1}",169.237.32.118,1,1363.15,9.879004955291748,"{'num_steps_sampled': 451200, 'load_time_ms': 1.157, 'default': {'kl': 0.010698646306991577, 'cur_lr': 0.0005000000237487257, 'total_loss': 0.613267719745636, 'policy_loss': -0.011579654179513454, 'vf_explained_var': 0.9799282550811768, 'entropy': 1.8845478296279907, 'cur_kl_coeff': 0.2600789964199066, 'vf_loss': 0.6220648884773254}, 'sample_time_ms': 9609.712, 'grad_time_ms': 278.373, 'update_time_ms': 4.72, 'num_steps_trained': 451200}",380.84053515336274,2019-04-02_08-23-24,kronos,71,451200,0,2793.140280723572,{},451200,282,282,2793.140280723572,489.6167363388842,1600,1554193404,{},0b32d2eec3344b1fbde4822793b2e447,74.12204501234977
False,354,"{'input': 'sampler', 'callbacks': {'on_train_result': None, 'on_sample_end': None, 'on_episode_step': None, 'on_episode_start': None, 'on_episode_end': None}, 'sample_batch_size': 200, 'clip_actions': False, 'clip_rewards': None, 'tf_session_args': {'inter_op_parallelism_threads': 2, 'intra_op_parallelism_threads': 2, 'device_count': {'CPU': 1}, 'log_device_placement': False, 'allow_soft_placement': True, 'gpu_options': {'allow_growth': True}}, 'kl_target': 0.01, 'horizon': 1500, 'lr': 0.0005, 'sample_async': False, 'simple_optimizer': False, 'compress_observations': False, 'num_envs_per_worker': 1, 'gamma': 0.99, 'sgd_minibatch_size': 128, 'observation_filter': 'NoFilter', 'entropy_coeff': 0.0, 'batch_mode': 'truncate_episodes', 'straggler_mitigation': False, 'vf_share_layers': False, 'num_gpus': 0, 'synchronize_filters': True, 'num_sgd_iter': 10, 'train_batch_size': 1500, 'optimizer': {}, 'num_gpus_per_worker': 0, 'preprocessor_pref': 'deepmind', 'num_cpus_for_driver': 1, 'lr_schedule': None, 'use_gae': True, 'lambda': 0.97, 'vf_loss_coeff': 1.0, 'vf_clip_param': 1000000.0, 'log_level': 'INFO', 'env_config': {'run': 'PPO', 'flow_params': '{\n    ""env"": {\n        ""additional_params"": {\n            ""max_accel"": 3,\n            ""max_decel"": 3,\n            ""sort_vehicles"": false,\n            ""target_velocity"": 20\n        },\n        ""evaluate"": false,\n        ""horizon"": 1500,\n        ""sims_per_step"": 1,\n        ""warmup_steps"": 0\n    },\n    ""env_name"": ""AccelEnv"",\n    ""exp_tag"": ""figure_eight_0"",\n    ""initial"": {\n        ""additional_params"": {},\n        ""bunching"": 0,\n        ""edges_distribution"": ""all"",\n        ""lanes_distribution"": Infinity,\n        ""min_gap"": 0,\n        ""perturbation"": 0.0,\n        ""shuffle"": false,\n        ""spacing"": ""uniform"",\n        ""x0"": 0\n    },\n    ""net"": {\n        ""additional_params"": {\n            ""lanes"": 1,\n            ""radius_ring"": 30,\n            ""resolution"": 40,\n            ""speed_limit"": 30\n        },\n        ""inflows"": {\n            ""_InFlows__flows"": [],\n            ""num_flows"": 0\n        },\n        ""netfile"": null,\n        ""no_internal_links"": false,\n        ""osm_path"": null\n    },\n    ""scenario"": ""Figure8Scenario"",\n    ""sim"": {\n        ""emission_path"": null,\n        ""lateral_resolution"": null,\n        ""no_step_log"": true,\n        ""num_clients"": 1,\n        ""overtake_right"": false,\n        ""port"": null,\n        ""print_warnings"": true,\n        ""pxpm"": 2,\n        ""render"": false,\n        ""restart_instance"": false,\n        ""save_render"": false,\n        ""seed"": null,\n        ""show_radius"": false,\n        ""sight_radius"": 25,\n        ""sim_step"": 0.1,\n        ""teleport_time"": -1\n    },\n    ""simulator"": ""traci"",\n    ""veh"": [\n        {\n            ""acceleration_controller"": [\n                ""IDMController"",\n                {\n                    ""noise"": 0.2\n                }\n            ],\n            ""car_following_params"": {\n                ""controller_params"": {\n                    ""accel"": 1.0,\n                    ""carFollowModel"": ""IDM"",\n                    ""decel"": 1.5,\n                    ""impatience"": 0.5,\n                    ""maxSpeed"": 30,\n                    ""minGap"": 2.5,\n                    ""sigma"": 0.5,\n                    ""speedDev"": 0.1,\n                    ""speedFactor"": 1.0,\n                    ""tau"": 1.0\n                },\n                ""speed_mode"": 1\n            },\n            ""initial_speed"": 0,\n            ""lane_change_controller"": [\n                ""SimLaneChangeController"",\n                {}\n            ],\n            ""lane_change_params"": {\n                ""controller_params"": {\n                    ""laneChangeModel"": ""LC2013"",\n                    ""lcCooperative"": ""1.0"",\n                    ""lcKeepRight"": ""1.0"",\n                    ""lcSpeedGain"": ""1.0"",\n                    ""lcStrategic"": ""1.0""\n                },\n                ""lane_change_mode"": 512\n            },\n            ""num_vehicles"": 13,\n            ""routing_controller"": [\n                ""ContinuousRouter"",\n                {}\n            ],\n            ""veh_id"": ""human""\n        },\n        {\n            ""acceleration_controller"": [\n                ""RLController"",\n                {}\n            ],\n            ""car_following_params"": {\n                ""controller_params"": {\n                    ""accel"": 1.0,\n                    ""carFollowModel"": ""IDM"",\n                    ""decel"": 1.5,\n                    ""impatience"": 0.5,\n                    ""maxSpeed"": 30,\n                    ""minGap"": 2.5,\n                    ""sigma"": 0.5,\n                    ""speedDev"": 0.1,\n                    ""speedFactor"": 1.0,\n                    ""tau"": 1.0\n                },\n                ""speed_mode"": 1\n            },\n            ""initial_speed"": 0,\n            ""lane_change_controller"": [\n                ""SimLaneChangeController"",\n                {}\n            ],\n            ""lane_change_params"": {\n                ""controller_params"": {\n                    ""laneChangeModel"": ""LC2013"",\n                    ""lcCooperative"": ""1.0"",\n                    ""lcKeepRight"": ""1.0"",\n                    ""lcSpeedGain"": ""1.0"",\n                    ""lcStrategic"": ""1.0""\n                },\n                ""lane_change_mode"": 512\n            },\n            ""num_vehicles"": 1,\n            ""routing_controller"": [\n                ""ContinuousRouter"",\n                {}\n            ],\n            ""veh_id"": ""rl""\n        }\n    ]\n}'}, 'env': 'AccelEnv-v0', 'local_evaluator_tf_session_args': {'inter_op_parallelism_threads': 8, 'intra_op_parallelism_threads': 8}, 'model': {'free_log_std': False, 'custom_options': {}, 'framestack': True, 'channel_major': False, 'max_seq_len': 20, 'lstm_use_prev_action_reward': False, 'squash_to_range': False, 'dim': 84, 'grayscale': False, 'fcnet_hiddens': [100, 50, 25], 'use_lstm': False, 'custom_model': None, 'fcnet_activation': 'tanh', 'conv_filters': None, 'conv_activation': 'relu', 'lstm_cell_size': 256, 'zero_mean': True, 'custom_preprocessor': None}, 'output_compress_columns': ['obs', 'new_obs'], 'monitor': False, 'custom_resources_per_worker': {}, 'output_max_file_size': 67108864, 'num_workers': 1, 'clip_param': 0.3, 'kl_coeff': 0.2, 'multiagent': {'policy_graphs': {}, 'policy_mapping_fn': None, 'policies_to_train': None}, 'input_evaluation': None, 'output': None, 'collect_metrics_timeout': 180, 'num_cpus_per_worker': 1}",169.237.32.118,1,1363.15,9.75948691368103,"{'num_steps_sampled': 452800, 'load_time_ms': 1.172, 'default': {'kl': 0.01425925176590681, 'cur_lr': 0.0005000000237487257, 'total_loss': 1.237572193145752, 'policy_loss': -0.025189587846398354, 'vf_explained_var': 0.9548546671867371, 'entropy': 1.7473740577697754, 'cur_kl_coeff': 0.2600789964199066, 'vf_loss': 1.2590532302856445}, 'sample_time_ms': 9608.516, 'grad_time_ms': 277.071, 'update_time_ms': 4.725, 'num_steps_trained': 452800}",380.5120170820682,2019-04-02_08-23-34,kronos,71,452800,0,2802.899767637253,{},452800,283,283,2802.899767637253,489.6167363388842,1600,1554193414,{},0b32d2eec3344b1fbde4822793b2e447,74.12204501234977
False,355,"{'input': 'sampler', 'callbacks': {'on_train_result': None, 'on_sample_end': None, 'on_episode_step': None, 'on_episode_start': None, 'on_episode_end': None}, 'sample_batch_size': 200, 'clip_actions': False, 'clip_rewards': None, 'tf_session_args': {'inter_op_parallelism_threads': 2, 'intra_op_parallelism_threads': 2, 'device_count': {'CPU': 1}, 'log_device_placement': False, 'allow_soft_placement': True, 'gpu_options': {'allow_growth': True}}, 'kl_target': 0.01, 'horizon': 1500, 'lr': 0.0005, 'sample_async': False, 'simple_optimizer': False, 'compress_observations': False, 'num_envs_per_worker': 1, 'gamma': 0.99, 'sgd_minibatch_size': 128, 'observation_filter': 'NoFilter', 'entropy_coeff': 0.0, 'batch_mode': 'truncate_episodes', 'straggler_mitigation': False, 'vf_share_layers': False, 'num_gpus': 0, 'synchronize_filters': True, 'num_sgd_iter': 10, 'train_batch_size': 1500, 'optimizer': {}, 'num_gpus_per_worker': 0, 'preprocessor_pref': 'deepmind', 'num_cpus_for_driver': 1, 'lr_schedule': None, 'use_gae': True, 'lambda': 0.97, 'vf_loss_coeff': 1.0, 'vf_clip_param': 1000000.0, 'log_level': 'INFO', 'env_config': {'run': 'PPO', 'flow_params': '{\n    ""env"": {\n        ""additional_params"": {\n            ""max_accel"": 3,\n            ""max_decel"": 3,\n            ""sort_vehicles"": false,\n            ""target_velocity"": 20\n        },\n        ""evaluate"": false,\n        ""horizon"": 1500,\n        ""sims_per_step"": 1,\n        ""warmup_steps"": 0\n    },\n    ""env_name"": ""AccelEnv"",\n    ""exp_tag"": ""figure_eight_0"",\n    ""initial"": {\n        ""additional_params"": {},\n        ""bunching"": 0,\n        ""edges_distribution"": ""all"",\n        ""lanes_distribution"": Infinity,\n        ""min_gap"": 0,\n        ""perturbation"": 0.0,\n        ""shuffle"": false,\n        ""spacing"": ""uniform"",\n        ""x0"": 0\n    },\n    ""net"": {\n        ""additional_params"": {\n            ""lanes"": 1,\n            ""radius_ring"": 30,\n            ""resolution"": 40,\n            ""speed_limit"": 30\n        },\n        ""inflows"": {\n            ""_InFlows__flows"": [],\n            ""num_flows"": 0\n        },\n        ""netfile"": null,\n        ""no_internal_links"": false,\n        ""osm_path"": null\n    },\n    ""scenario"": ""Figure8Scenario"",\n    ""sim"": {\n        ""emission_path"": null,\n        ""lateral_resolution"": null,\n        ""no_step_log"": true,\n        ""num_clients"": 1,\n        ""overtake_right"": false,\n        ""port"": null,\n        ""print_warnings"": true,\n        ""pxpm"": 2,\n        ""render"": false,\n        ""restart_instance"": false,\n        ""save_render"": false,\n        ""seed"": null,\n        ""show_radius"": false,\n        ""sight_radius"": 25,\n        ""sim_step"": 0.1,\n        ""teleport_time"": -1\n    },\n    ""simulator"": ""traci"",\n    ""veh"": [\n        {\n            ""acceleration_controller"": [\n                ""IDMController"",\n                {\n                    ""noise"": 0.2\n                }\n            ],\n            ""car_following_params"": {\n                ""controller_params"": {\n                    ""accel"": 1.0,\n                    ""carFollowModel"": ""IDM"",\n                    ""decel"": 1.5,\n                    ""impatience"": 0.5,\n                    ""maxSpeed"": 30,\n                    ""minGap"": 2.5,\n                    ""sigma"": 0.5,\n                    ""speedDev"": 0.1,\n                    ""speedFactor"": 1.0,\n                    ""tau"": 1.0\n                },\n                ""speed_mode"": 1\n            },\n            ""initial_speed"": 0,\n            ""lane_change_controller"": [\n                ""SimLaneChangeController"",\n                {}\n            ],\n            ""lane_change_params"": {\n                ""controller_params"": {\n                    ""laneChangeModel"": ""LC2013"",\n                    ""lcCooperative"": ""1.0"",\n                    ""lcKeepRight"": ""1.0"",\n                    ""lcSpeedGain"": ""1.0"",\n                    ""lcStrategic"": ""1.0""\n                },\n                ""lane_change_mode"": 512\n            },\n            ""num_vehicles"": 13,\n            ""routing_controller"": [\n                ""ContinuousRouter"",\n                {}\n            ],\n            ""veh_id"": ""human""\n        },\n        {\n            ""acceleration_controller"": [\n                ""RLController"",\n                {}\n            ],\n            ""car_following_params"": {\n                ""controller_params"": {\n                    ""accel"": 1.0,\n                    ""carFollowModel"": ""IDM"",\n                    ""decel"": 1.5,\n                    ""impatience"": 0.5,\n                    ""maxSpeed"": 30,\n                    ""minGap"": 2.5,\n                    ""sigma"": 0.5,\n                    ""speedDev"": 0.1,\n                    ""speedFactor"": 1.0,\n                    ""tau"": 1.0\n                },\n                ""speed_mode"": 1\n            },\n            ""initial_speed"": 0,\n            ""lane_change_controller"": [\n                ""SimLaneChangeController"",\n                {}\n            ],\n            ""lane_change_params"": {\n                ""controller_params"": {\n                    ""laneChangeModel"": ""LC2013"",\n                    ""lcCooperative"": ""1.0"",\n                    ""lcKeepRight"": ""1.0"",\n                    ""lcSpeedGain"": ""1.0"",\n                    ""lcStrategic"": ""1.0""\n                },\n                ""lane_change_mode"": 512\n            },\n            ""num_vehicles"": 1,\n            ""routing_controller"": [\n                ""ContinuousRouter"",\n                {}\n            ],\n            ""veh_id"": ""rl""\n        }\n    ]\n}'}, 'env': 'AccelEnv-v0', 'local_evaluator_tf_session_args': {'inter_op_parallelism_threads': 8, 'intra_op_parallelism_threads': 8}, 'model': {'free_log_std': False, 'custom_options': {}, 'framestack': True, 'channel_major': False, 'max_seq_len': 20, 'lstm_use_prev_action_reward': False, 'squash_to_range': False, 'dim': 84, 'grayscale': False, 'fcnet_hiddens': [100, 50, 25], 'use_lstm': False, 'custom_model': None, 'fcnet_activation': 'tanh', 'conv_filters': None, 'conv_activation': 'relu', 'lstm_cell_size': 256, 'zero_mean': True, 'custom_preprocessor': None}, 'output_compress_columns': ['obs', 'new_obs'], 'monitor': False, 'custom_resources_per_worker': {}, 'output_max_file_size': 67108864, 'num_workers': 1, 'clip_param': 0.3, 'kl_coeff': 0.2, 'multiagent': {'policy_graphs': {}, 'policy_mapping_fn': None, 'policies_to_train': None}, 'input_evaluation': None, 'output': None, 'collect_metrics_timeout': 180, 'num_cpus_per_worker': 1}",169.237.32.118,1,1363.15,9.77027177810669,"{'num_steps_sampled': 454400, 'load_time_ms': 1.173, 'default': {'kl': 0.013648565858602524, 'cur_lr': 0.0005000000237487257, 'total_loss': 0.9909217357635498, 'policy_loss': -0.009572791866958141, 'vf_explained_var': 0.9710681438446045, 'entropy': 1.6551718711853027, 'cur_kl_coeff': 0.2600789964199066, 'vf_loss': 0.9969448447227478}, 'sample_time_ms': 9613.313, 'grad_time_ms': 277.688, 'update_time_ms': 4.639, 'num_steps_trained': 454400}",379.9914962047795,2019-04-02_08-23-43,kronos,71,454400,0,2812.6700394153595,{},454400,284,284,2812.6700394153595,489.6167363388842,1600,1554193423,{},0b32d2eec3344b1fbde4822793b2e447,74.12204501234977
False,356,"{'input': 'sampler', 'callbacks': {'on_train_result': None, 'on_sample_end': None, 'on_episode_step': None, 'on_episode_start': None, 'on_episode_end': None}, 'sample_batch_size': 200, 'clip_actions': False, 'clip_rewards': None, 'tf_session_args': {'inter_op_parallelism_threads': 2, 'intra_op_parallelism_threads': 2, 'device_count': {'CPU': 1}, 'log_device_placement': False, 'allow_soft_placement': True, 'gpu_options': {'allow_growth': True}}, 'kl_target': 0.01, 'horizon': 1500, 'lr': 0.0005, 'sample_async': False, 'simple_optimizer': False, 'compress_observations': False, 'num_envs_per_worker': 1, 'gamma': 0.99, 'sgd_minibatch_size': 128, 'observation_filter': 'NoFilter', 'entropy_coeff': 0.0, 'batch_mode': 'truncate_episodes', 'straggler_mitigation': False, 'vf_share_layers': False, 'num_gpus': 0, 'synchronize_filters': True, 'num_sgd_iter': 10, 'train_batch_size': 1500, 'optimizer': {}, 'num_gpus_per_worker': 0, 'preprocessor_pref': 'deepmind', 'num_cpus_for_driver': 1, 'lr_schedule': None, 'use_gae': True, 'lambda': 0.97, 'vf_loss_coeff': 1.0, 'vf_clip_param': 1000000.0, 'log_level': 'INFO', 'env_config': {'run': 'PPO', 'flow_params': '{\n    ""env"": {\n        ""additional_params"": {\n            ""max_accel"": 3,\n            ""max_decel"": 3,\n            ""sort_vehicles"": false,\n            ""target_velocity"": 20\n        },\n        ""evaluate"": false,\n        ""horizon"": 1500,\n        ""sims_per_step"": 1,\n        ""warmup_steps"": 0\n    },\n    ""env_name"": ""AccelEnv"",\n    ""exp_tag"": ""figure_eight_0"",\n    ""initial"": {\n        ""additional_params"": {},\n        ""bunching"": 0,\n        ""edges_distribution"": ""all"",\n        ""lanes_distribution"": Infinity,\n        ""min_gap"": 0,\n        ""perturbation"": 0.0,\n        ""shuffle"": false,\n        ""spacing"": ""uniform"",\n        ""x0"": 0\n    },\n    ""net"": {\n        ""additional_params"": {\n            ""lanes"": 1,\n            ""radius_ring"": 30,\n            ""resolution"": 40,\n            ""speed_limit"": 30\n        },\n        ""inflows"": {\n            ""_InFlows__flows"": [],\n            ""num_flows"": 0\n        },\n        ""netfile"": null,\n        ""no_internal_links"": false,\n        ""osm_path"": null\n    },\n    ""scenario"": ""Figure8Scenario"",\n    ""sim"": {\n        ""emission_path"": null,\n        ""lateral_resolution"": null,\n        ""no_step_log"": true,\n        ""num_clients"": 1,\n        ""overtake_right"": false,\n        ""port"": null,\n        ""print_warnings"": true,\n        ""pxpm"": 2,\n        ""render"": false,\n        ""restart_instance"": false,\n        ""save_render"": false,\n        ""seed"": null,\n        ""show_radius"": false,\n        ""sight_radius"": 25,\n        ""sim_step"": 0.1,\n        ""teleport_time"": -1\n    },\n    ""simulator"": ""traci"",\n    ""veh"": [\n        {\n            ""acceleration_controller"": [\n                ""IDMController"",\n                {\n                    ""noise"": 0.2\n                }\n            ],\n            ""car_following_params"": {\n                ""controller_params"": {\n                    ""accel"": 1.0,\n                    ""carFollowModel"": ""IDM"",\n                    ""decel"": 1.5,\n                    ""impatience"": 0.5,\n                    ""maxSpeed"": 30,\n                    ""minGap"": 2.5,\n                    ""sigma"": 0.5,\n                    ""speedDev"": 0.1,\n                    ""speedFactor"": 1.0,\n                    ""tau"": 1.0\n                },\n                ""speed_mode"": 1\n            },\n            ""initial_speed"": 0,\n            ""lane_change_controller"": [\n                ""SimLaneChangeController"",\n                {}\n            ],\n            ""lane_change_params"": {\n                ""controller_params"": {\n                    ""laneChangeModel"": ""LC2013"",\n                    ""lcCooperative"": ""1.0"",\n                    ""lcKeepRight"": ""1.0"",\n                    ""lcSpeedGain"": ""1.0"",\n                    ""lcStrategic"": ""1.0""\n                },\n                ""lane_change_mode"": 512\n            },\n            ""num_vehicles"": 13,\n            ""routing_controller"": [\n                ""ContinuousRouter"",\n                {}\n            ],\n            ""veh_id"": ""human""\n        },\n        {\n            ""acceleration_controller"": [\n                ""RLController"",\n                {}\n            ],\n            ""car_following_params"": {\n                ""controller_params"": {\n                    ""accel"": 1.0,\n                    ""carFollowModel"": ""IDM"",\n                    ""decel"": 1.5,\n                    ""impatience"": 0.5,\n                    ""maxSpeed"": 30,\n                    ""minGap"": 2.5,\n                    ""sigma"": 0.5,\n                    ""speedDev"": 0.1,\n                    ""speedFactor"": 1.0,\n                    ""tau"": 1.0\n                },\n                ""speed_mode"": 1\n            },\n            ""initial_speed"": 0,\n            ""lane_change_controller"": [\n                ""SimLaneChangeController"",\n                {}\n            ],\n            ""lane_change_params"": {\n                ""controller_params"": {\n                    ""laneChangeModel"": ""LC2013"",\n                    ""lcCooperative"": ""1.0"",\n                    ""lcKeepRight"": ""1.0"",\n                    ""lcSpeedGain"": ""1.0"",\n                    ""lcStrategic"": ""1.0""\n                },\n                ""lane_change_mode"": 512\n            },\n            ""num_vehicles"": 1,\n            ""routing_controller"": [\n                ""ContinuousRouter"",\n                {}\n            ],\n            ""veh_id"": ""rl""\n        }\n    ]\n}'}, 'env': 'AccelEnv-v0', 'local_evaluator_tf_session_args': {'inter_op_parallelism_threads': 8, 'intra_op_parallelism_threads': 8}, 'model': {'free_log_std': False, 'custom_options': {}, 'framestack': True, 'channel_major': False, 'max_seq_len': 20, 'lstm_use_prev_action_reward': False, 'squash_to_range': False, 'dim': 84, 'grayscale': False, 'fcnet_hiddens': [100, 50, 25], 'use_lstm': False, 'custom_model': None, 'fcnet_activation': 'tanh', 'conv_filters': None, 'conv_activation': 'relu', 'lstm_cell_size': 256, 'zero_mean': True, 'custom_preprocessor': None}, 'output_compress_columns': ['obs', 'new_obs'], 'monitor': False, 'custom_resources_per_worker': {}, 'output_max_file_size': 67108864, 'num_workers': 1, 'clip_param': 0.3, 'kl_coeff': 0.2, 'multiagent': {'policy_graphs': {}, 'policy_mapping_fn': None, 'policies_to_train': None}, 'input_evaluation': None, 'output': None, 'collect_metrics_timeout': 180, 'num_cpus_per_worker': 1}",169.237.32.118,1,1363.15,9.772177457809448,"{'num_steps_sampled': 456000, 'load_time_ms': 1.179, 'default': {'kl': 0.012799498625099659, 'cur_lr': 0.0005000000237487257, 'total_loss': 1.3734784126281738, 'policy_loss': -0.008422929793596268, 'vf_explained_var': 0.93792325258255, 'entropy': 1.7243824005126953, 'cur_kl_coeff': 0.2600789964199066, 'vf_loss': 1.3785725831985474}, 'sample_time_ms': 9585.664, 'grad_time_ms': 276.846, 'update_time_ms': 4.645, 'num_steps_trained': 456000}",379.699632483059,2019-04-02_08-23-53,kronos,71,456000,0,2822.442216873169,{},456000,285,285,2822.442216873169,489.6167363388842,1600,1554193433,{},0b32d2eec3344b1fbde4822793b2e447,74.12204501234977
False,357,"{'input': 'sampler', 'callbacks': {'on_train_result': None, 'on_sample_end': None, 'on_episode_step': None, 'on_episode_start': None, 'on_episode_end': None}, 'sample_batch_size': 200, 'clip_actions': False, 'clip_rewards': None, 'tf_session_args': {'inter_op_parallelism_threads': 2, 'intra_op_parallelism_threads': 2, 'device_count': {'CPU': 1}, 'log_device_placement': False, 'allow_soft_placement': True, 'gpu_options': {'allow_growth': True}}, 'kl_target': 0.01, 'horizon': 1500, 'lr': 0.0005, 'sample_async': False, 'simple_optimizer': False, 'compress_observations': False, 'num_envs_per_worker': 1, 'gamma': 0.99, 'sgd_minibatch_size': 128, 'observation_filter': 'NoFilter', 'entropy_coeff': 0.0, 'batch_mode': 'truncate_episodes', 'straggler_mitigation': False, 'vf_share_layers': False, 'num_gpus': 0, 'synchronize_filters': True, 'num_sgd_iter': 10, 'train_batch_size': 1500, 'optimizer': {}, 'num_gpus_per_worker': 0, 'preprocessor_pref': 'deepmind', 'num_cpus_for_driver': 1, 'lr_schedule': None, 'use_gae': True, 'lambda': 0.97, 'vf_loss_coeff': 1.0, 'vf_clip_param': 1000000.0, 'log_level': 'INFO', 'env_config': {'run': 'PPO', 'flow_params': '{\n    ""env"": {\n        ""additional_params"": {\n            ""max_accel"": 3,\n            ""max_decel"": 3,\n            ""sort_vehicles"": false,\n            ""target_velocity"": 20\n        },\n        ""evaluate"": false,\n        ""horizon"": 1500,\n        ""sims_per_step"": 1,\n        ""warmup_steps"": 0\n    },\n    ""env_name"": ""AccelEnv"",\n    ""exp_tag"": ""figure_eight_0"",\n    ""initial"": {\n        ""additional_params"": {},\n        ""bunching"": 0,\n        ""edges_distribution"": ""all"",\n        ""lanes_distribution"": Infinity,\n        ""min_gap"": 0,\n        ""perturbation"": 0.0,\n        ""shuffle"": false,\n        ""spacing"": ""uniform"",\n        ""x0"": 0\n    },\n    ""net"": {\n        ""additional_params"": {\n            ""lanes"": 1,\n            ""radius_ring"": 30,\n            ""resolution"": 40,\n            ""speed_limit"": 30\n        },\n        ""inflows"": {\n            ""_InFlows__flows"": [],\n            ""num_flows"": 0\n        },\n        ""netfile"": null,\n        ""no_internal_links"": false,\n        ""osm_path"": null\n    },\n    ""scenario"": ""Figure8Scenario"",\n    ""sim"": {\n        ""emission_path"": null,\n        ""lateral_resolution"": null,\n        ""no_step_log"": true,\n        ""num_clients"": 1,\n        ""overtake_right"": false,\n        ""port"": null,\n        ""print_warnings"": true,\n        ""pxpm"": 2,\n        ""render"": false,\n        ""restart_instance"": false,\n        ""save_render"": false,\n        ""seed"": null,\n        ""show_radius"": false,\n        ""sight_radius"": 25,\n        ""sim_step"": 0.1,\n        ""teleport_time"": -1\n    },\n    ""simulator"": ""traci"",\n    ""veh"": [\n        {\n            ""acceleration_controller"": [\n                ""IDMController"",\n                {\n                    ""noise"": 0.2\n                }\n            ],\n            ""car_following_params"": {\n                ""controller_params"": {\n                    ""accel"": 1.0,\n                    ""carFollowModel"": ""IDM"",\n                    ""decel"": 1.5,\n                    ""impatience"": 0.5,\n                    ""maxSpeed"": 30,\n                    ""minGap"": 2.5,\n                    ""sigma"": 0.5,\n                    ""speedDev"": 0.1,\n                    ""speedFactor"": 1.0,\n                    ""tau"": 1.0\n                },\n                ""speed_mode"": 1\n            },\n            ""initial_speed"": 0,\n            ""lane_change_controller"": [\n                ""SimLaneChangeController"",\n                {}\n            ],\n            ""lane_change_params"": {\n                ""controller_params"": {\n                    ""laneChangeModel"": ""LC2013"",\n                    ""lcCooperative"": ""1.0"",\n                    ""lcKeepRight"": ""1.0"",\n                    ""lcSpeedGain"": ""1.0"",\n                    ""lcStrategic"": ""1.0""\n                },\n                ""lane_change_mode"": 512\n            },\n            ""num_vehicles"": 13,\n            ""routing_controller"": [\n                ""ContinuousRouter"",\n                {}\n            ],\n            ""veh_id"": ""human""\n        },\n        {\n            ""acceleration_controller"": [\n                ""RLController"",\n                {}\n            ],\n            ""car_following_params"": {\n                ""controller_params"": {\n                    ""accel"": 1.0,\n                    ""carFollowModel"": ""IDM"",\n                    ""decel"": 1.5,\n                    ""impatience"": 0.5,\n                    ""maxSpeed"": 30,\n                    ""minGap"": 2.5,\n                    ""sigma"": 0.5,\n                    ""speedDev"": 0.1,\n                    ""speedFactor"": 1.0,\n                    ""tau"": 1.0\n                },\n                ""speed_mode"": 1\n            },\n            ""initial_speed"": 0,\n            ""lane_change_controller"": [\n                ""SimLaneChangeController"",\n                {}\n            ],\n            ""lane_change_params"": {\n                ""controller_params"": {\n                    ""laneChangeModel"": ""LC2013"",\n                    ""lcCooperative"": ""1.0"",\n                    ""lcKeepRight"": ""1.0"",\n                    ""lcSpeedGain"": ""1.0"",\n                    ""lcStrategic"": ""1.0""\n                },\n                ""lane_change_mode"": 512\n            },\n            ""num_vehicles"": 1,\n            ""routing_controller"": [\n                ""ContinuousRouter"",\n                {}\n            ],\n            ""veh_id"": ""rl""\n        }\n    ]\n}'}, 'env': 'AccelEnv-v0', 'local_evaluator_tf_session_args': {'inter_op_parallelism_threads': 8, 'intra_op_parallelism_threads': 8}, 'model': {'free_log_std': False, 'custom_options': {}, 'framestack': True, 'channel_major': False, 'max_seq_len': 20, 'lstm_use_prev_action_reward': False, 'squash_to_range': False, 'dim': 84, 'grayscale': False, 'fcnet_hiddens': [100, 50, 25], 'use_lstm': False, 'custom_model': None, 'fcnet_activation': 'tanh', 'conv_filters': None, 'conv_activation': 'relu', 'lstm_cell_size': 256, 'zero_mean': True, 'custom_preprocessor': None}, 'output_compress_columns': ['obs', 'new_obs'], 'monitor': False, 'custom_resources_per_worker': {}, 'output_max_file_size': 67108864, 'num_workers': 1, 'clip_param': 0.3, 'kl_coeff': 0.2, 'multiagent': {'policy_graphs': {}, 'policy_mapping_fn': None, 'policies_to_train': None}, 'input_evaluation': None, 'output': None, 'collect_metrics_timeout': 180, 'num_cpus_per_worker': 1}",169.237.32.118,1,1369.02,9.833546876907349,"{'num_steps_sampled': 457600, 'load_time_ms': 1.154, 'default': {'kl': 0.014921200461685658, 'cur_lr': 0.0005000000237487257, 'total_loss': 2.431265115737915, 'policy_loss': -0.016317421570420265, 'vf_explained_var': 0.86580491065979, 'entropy': 1.8488937616348267, 'cur_kl_coeff': 0.2600789964199066, 'vf_loss': 2.44370174407959}, 'sample_time_ms': 9574.892, 'grad_time_ms': 276.67, 'update_time_ms': 4.797, 'num_steps_trained': 457600}",381.117085167522,2019-04-02_08-24-03,kronos,71,457600,0,2832.2757637500763,{},457600,286,286,2832.2757637500763,489.6167363388842,1600,1554193443,{},0b32d2eec3344b1fbde4822793b2e447,74.12204501234977
False,358,"{'input': 'sampler', 'callbacks': {'on_train_result': None, 'on_sample_end': None, 'on_episode_step': None, 'on_episode_start': None, 'on_episode_end': None}, 'sample_batch_size': 200, 'clip_actions': False, 'clip_rewards': None, 'tf_session_args': {'inter_op_parallelism_threads': 2, 'intra_op_parallelism_threads': 2, 'device_count': {'CPU': 1}, 'log_device_placement': False, 'allow_soft_placement': True, 'gpu_options': {'allow_growth': True}}, 'kl_target': 0.01, 'horizon': 1500, 'lr': 0.0005, 'sample_async': False, 'simple_optimizer': False, 'compress_observations': False, 'num_envs_per_worker': 1, 'gamma': 0.99, 'sgd_minibatch_size': 128, 'observation_filter': 'NoFilter', 'entropy_coeff': 0.0, 'batch_mode': 'truncate_episodes', 'straggler_mitigation': False, 'vf_share_layers': False, 'num_gpus': 0, 'synchronize_filters': True, 'num_sgd_iter': 10, 'train_batch_size': 1500, 'optimizer': {}, 'num_gpus_per_worker': 0, 'preprocessor_pref': 'deepmind', 'num_cpus_for_driver': 1, 'lr_schedule': None, 'use_gae': True, 'lambda': 0.97, 'vf_loss_coeff': 1.0, 'vf_clip_param': 1000000.0, 'log_level': 'INFO', 'env_config': {'run': 'PPO', 'flow_params': '{\n    ""env"": {\n        ""additional_params"": {\n            ""max_accel"": 3,\n            ""max_decel"": 3,\n            ""sort_vehicles"": false,\n            ""target_velocity"": 20\n        },\n        ""evaluate"": false,\n        ""horizon"": 1500,\n        ""sims_per_step"": 1,\n        ""warmup_steps"": 0\n    },\n    ""env_name"": ""AccelEnv"",\n    ""exp_tag"": ""figure_eight_0"",\n    ""initial"": {\n        ""additional_params"": {},\n        ""bunching"": 0,\n        ""edges_distribution"": ""all"",\n        ""lanes_distribution"": Infinity,\n        ""min_gap"": 0,\n        ""perturbation"": 0.0,\n        ""shuffle"": false,\n        ""spacing"": ""uniform"",\n        ""x0"": 0\n    },\n    ""net"": {\n        ""additional_params"": {\n            ""lanes"": 1,\n            ""radius_ring"": 30,\n            ""resolution"": 40,\n            ""speed_limit"": 30\n        },\n        ""inflows"": {\n            ""_InFlows__flows"": [],\n            ""num_flows"": 0\n        },\n        ""netfile"": null,\n        ""no_internal_links"": false,\n        ""osm_path"": null\n    },\n    ""scenario"": ""Figure8Scenario"",\n    ""sim"": {\n        ""emission_path"": null,\n        ""lateral_resolution"": null,\n        ""no_step_log"": true,\n        ""num_clients"": 1,\n        ""overtake_right"": false,\n        ""port"": null,\n        ""print_warnings"": true,\n        ""pxpm"": 2,\n        ""render"": false,\n        ""restart_instance"": false,\n        ""save_render"": false,\n        ""seed"": null,\n        ""show_radius"": false,\n        ""sight_radius"": 25,\n        ""sim_step"": 0.1,\n        ""teleport_time"": -1\n    },\n    ""simulator"": ""traci"",\n    ""veh"": [\n        {\n            ""acceleration_controller"": [\n                ""IDMController"",\n                {\n                    ""noise"": 0.2\n                }\n            ],\n            ""car_following_params"": {\n                ""controller_params"": {\n                    ""accel"": 1.0,\n                    ""carFollowModel"": ""IDM"",\n                    ""decel"": 1.5,\n                    ""impatience"": 0.5,\n                    ""maxSpeed"": 30,\n                    ""minGap"": 2.5,\n                    ""sigma"": 0.5,\n                    ""speedDev"": 0.1,\n                    ""speedFactor"": 1.0,\n                    ""tau"": 1.0\n                },\n                ""speed_mode"": 1\n            },\n            ""initial_speed"": 0,\n            ""lane_change_controller"": [\n                ""SimLaneChangeController"",\n                {}\n            ],\n            ""lane_change_params"": {\n                ""controller_params"": {\n                    ""laneChangeModel"": ""LC2013"",\n                    ""lcCooperative"": ""1.0"",\n                    ""lcKeepRight"": ""1.0"",\n                    ""lcSpeedGain"": ""1.0"",\n                    ""lcStrategic"": ""1.0""\n                },\n                ""lane_change_mode"": 512\n            },\n            ""num_vehicles"": 13,\n            ""routing_controller"": [\n                ""ContinuousRouter"",\n                {}\n            ],\n            ""veh_id"": ""human""\n        },\n        {\n            ""acceleration_controller"": [\n                ""RLController"",\n                {}\n            ],\n            ""car_following_params"": {\n                ""controller_params"": {\n                    ""accel"": 1.0,\n                    ""carFollowModel"": ""IDM"",\n                    ""decel"": 1.5,\n                    ""impatience"": 0.5,\n                    ""maxSpeed"": 30,\n                    ""minGap"": 2.5,\n                    ""sigma"": 0.5,\n                    ""speedDev"": 0.1,\n                    ""speedFactor"": 1.0,\n                    ""tau"": 1.0\n                },\n                ""speed_mode"": 1\n            },\n            ""initial_speed"": 0,\n            ""lane_change_controller"": [\n                ""SimLaneChangeController"",\n                {}\n            ],\n            ""lane_change_params"": {\n                ""controller_params"": {\n                    ""laneChangeModel"": ""LC2013"",\n                    ""lcCooperative"": ""1.0"",\n                    ""lcKeepRight"": ""1.0"",\n                    ""lcSpeedGain"": ""1.0"",\n                    ""lcStrategic"": ""1.0""\n                },\n                ""lane_change_mode"": 512\n            },\n            ""num_vehicles"": 1,\n            ""routing_controller"": [\n                ""ContinuousRouter"",\n                {}\n            ],\n            ""veh_id"": ""rl""\n        }\n    ]\n}'}, 'env': 'AccelEnv-v0', 'local_evaluator_tf_session_args': {'inter_op_parallelism_threads': 8, 'intra_op_parallelism_threads': 8}, 'model': {'free_log_std': False, 'custom_options': {}, 'framestack': True, 'channel_major': False, 'max_seq_len': 20, 'lstm_use_prev_action_reward': False, 'squash_to_range': False, 'dim': 84, 'grayscale': False, 'fcnet_hiddens': [100, 50, 25], 'use_lstm': False, 'custom_model': None, 'fcnet_activation': 'tanh', 'conv_filters': None, 'conv_activation': 'relu', 'lstm_cell_size': 256, 'zero_mean': True, 'custom_preprocessor': None}, 'output_compress_columns': ['obs', 'new_obs'], 'monitor': False, 'custom_resources_per_worker': {}, 'output_max_file_size': 67108864, 'num_workers': 1, 'clip_param': 0.3, 'kl_coeff': 0.2, 'multiagent': {'policy_graphs': {}, 'policy_mapping_fn': None, 'policies_to_train': None}, 'input_evaluation': None, 'output': None, 'collect_metrics_timeout': 180, 'num_cpus_per_worker': 1}",169.237.32.118,1,1373.73,9.939250230789185,"{'num_steps_sampled': 459200, 'load_time_ms': 1.149, 'default': {'kl': 0.013678275048732758, 'cur_lr': 0.0005000000237487257, 'total_loss': 2.0716381072998047, 'policy_loss': -0.013444977812469006, 'vf_explained_var': 0.9097655415534973, 'entropy': 1.909591555595398, 'cur_kl_coeff': 0.2600789964199066, 'vf_loss': 2.0815258026123047}, 'sample_time_ms': 9572.193, 'grad_time_ms': 275.336, 'update_time_ms': 4.818, 'num_steps_trained': 459200}",382.87342612645097,2019-04-02_08-24-13,kronos,71,459200,0,2842.2150139808655,{},459200,287,287,2842.2150139808655,489.6167363388842,1600,1554193453,{},0b32d2eec3344b1fbde4822793b2e447,74.12204501234977
False,359,"{'input': 'sampler', 'callbacks': {'on_train_result': None, 'on_sample_end': None, 'on_episode_step': None, 'on_episode_start': None, 'on_episode_end': None}, 'sample_batch_size': 200, 'clip_actions': False, 'clip_rewards': None, 'tf_session_args': {'inter_op_parallelism_threads': 2, 'intra_op_parallelism_threads': 2, 'device_count': {'CPU': 1}, 'log_device_placement': False, 'allow_soft_placement': True, 'gpu_options': {'allow_growth': True}}, 'kl_target': 0.01, 'horizon': 1500, 'lr': 0.0005, 'sample_async': False, 'simple_optimizer': False, 'compress_observations': False, 'num_envs_per_worker': 1, 'gamma': 0.99, 'sgd_minibatch_size': 128, 'observation_filter': 'NoFilter', 'entropy_coeff': 0.0, 'batch_mode': 'truncate_episodes', 'straggler_mitigation': False, 'vf_share_layers': False, 'num_gpus': 0, 'synchronize_filters': True, 'num_sgd_iter': 10, 'train_batch_size': 1500, 'optimizer': {}, 'num_gpus_per_worker': 0, 'preprocessor_pref': 'deepmind', 'num_cpus_for_driver': 1, 'lr_schedule': None, 'use_gae': True, 'lambda': 0.97, 'vf_loss_coeff': 1.0, 'vf_clip_param': 1000000.0, 'log_level': 'INFO', 'env_config': {'run': 'PPO', 'flow_params': '{\n    ""env"": {\n        ""additional_params"": {\n            ""max_accel"": 3,\n            ""max_decel"": 3,\n            ""sort_vehicles"": false,\n            ""target_velocity"": 20\n        },\n        ""evaluate"": false,\n        ""horizon"": 1500,\n        ""sims_per_step"": 1,\n        ""warmup_steps"": 0\n    },\n    ""env_name"": ""AccelEnv"",\n    ""exp_tag"": ""figure_eight_0"",\n    ""initial"": {\n        ""additional_params"": {},\n        ""bunching"": 0,\n        ""edges_distribution"": ""all"",\n        ""lanes_distribution"": Infinity,\n        ""min_gap"": 0,\n        ""perturbation"": 0.0,\n        ""shuffle"": false,\n        ""spacing"": ""uniform"",\n        ""x0"": 0\n    },\n    ""net"": {\n        ""additional_params"": {\n            ""lanes"": 1,\n            ""radius_ring"": 30,\n            ""resolution"": 40,\n            ""speed_limit"": 30\n        },\n        ""inflows"": {\n            ""_InFlows__flows"": [],\n            ""num_flows"": 0\n        },\n        ""netfile"": null,\n        ""no_internal_links"": false,\n        ""osm_path"": null\n    },\n    ""scenario"": ""Figure8Scenario"",\n    ""sim"": {\n        ""emission_path"": null,\n        ""lateral_resolution"": null,\n        ""no_step_log"": true,\n        ""num_clients"": 1,\n        ""overtake_right"": false,\n        ""port"": null,\n        ""print_warnings"": true,\n        ""pxpm"": 2,\n        ""render"": false,\n        ""restart_instance"": false,\n        ""save_render"": false,\n        ""seed"": null,\n        ""show_radius"": false,\n        ""sight_radius"": 25,\n        ""sim_step"": 0.1,\n        ""teleport_time"": -1\n    },\n    ""simulator"": ""traci"",\n    ""veh"": [\n        {\n            ""acceleration_controller"": [\n                ""IDMController"",\n                {\n                    ""noise"": 0.2\n                }\n            ],\n            ""car_following_params"": {\n                ""controller_params"": {\n                    ""accel"": 1.0,\n                    ""carFollowModel"": ""IDM"",\n                    ""decel"": 1.5,\n                    ""impatience"": 0.5,\n                    ""maxSpeed"": 30,\n                    ""minGap"": 2.5,\n                    ""sigma"": 0.5,\n                    ""speedDev"": 0.1,\n                    ""speedFactor"": 1.0,\n                    ""tau"": 1.0\n                },\n                ""speed_mode"": 1\n            },\n            ""initial_speed"": 0,\n            ""lane_change_controller"": [\n                ""SimLaneChangeController"",\n                {}\n            ],\n            ""lane_change_params"": {\n                ""controller_params"": {\n                    ""laneChangeModel"": ""LC2013"",\n                    ""lcCooperative"": ""1.0"",\n                    ""lcKeepRight"": ""1.0"",\n                    ""lcSpeedGain"": ""1.0"",\n                    ""lcStrategic"": ""1.0""\n                },\n                ""lane_change_mode"": 512\n            },\n            ""num_vehicles"": 13,\n            ""routing_controller"": [\n                ""ContinuousRouter"",\n                {}\n            ],\n            ""veh_id"": ""human""\n        },\n        {\n            ""acceleration_controller"": [\n                ""RLController"",\n                {}\n            ],\n            ""car_following_params"": {\n                ""controller_params"": {\n                    ""accel"": 1.0,\n                    ""carFollowModel"": ""IDM"",\n                    ""decel"": 1.5,\n                    ""impatience"": 0.5,\n                    ""maxSpeed"": 30,\n                    ""minGap"": 2.5,\n                    ""sigma"": 0.5,\n                    ""speedDev"": 0.1,\n                    ""speedFactor"": 1.0,\n                    ""tau"": 1.0\n                },\n                ""speed_mode"": 1\n            },\n            ""initial_speed"": 0,\n            ""lane_change_controller"": [\n                ""SimLaneChangeController"",\n                {}\n            ],\n            ""lane_change_params"": {\n                ""controller_params"": {\n                    ""laneChangeModel"": ""LC2013"",\n                    ""lcCooperative"": ""1.0"",\n                    ""lcKeepRight"": ""1.0"",\n                    ""lcSpeedGain"": ""1.0"",\n                    ""lcStrategic"": ""1.0""\n                },\n                ""lane_change_mode"": 512\n            },\n            ""num_vehicles"": 1,\n            ""routing_controller"": [\n                ""ContinuousRouter"",\n                {}\n            ],\n            ""veh_id"": ""rl""\n        }\n    ]\n}'}, 'env': 'AccelEnv-v0', 'local_evaluator_tf_session_args': {'inter_op_parallelism_threads': 8, 'intra_op_parallelism_threads': 8}, 'model': {'free_log_std': False, 'custom_options': {}, 'framestack': True, 'channel_major': False, 'max_seq_len': 20, 'lstm_use_prev_action_reward': False, 'squash_to_range': False, 'dim': 84, 'grayscale': False, 'fcnet_hiddens': [100, 50, 25], 'use_lstm': False, 'custom_model': None, 'fcnet_activation': 'tanh', 'conv_filters': None, 'conv_activation': 'relu', 'lstm_cell_size': 256, 'zero_mean': True, 'custom_preprocessor': None}, 'output_compress_columns': ['obs', 'new_obs'], 'monitor': False, 'custom_resources_per_worker': {}, 'output_max_file_size': 67108864, 'num_workers': 1, 'clip_param': 0.3, 'kl_coeff': 0.2, 'multiagent': {'policy_graphs': {}, 'policy_mapping_fn': None, 'policies_to_train': None}, 'input_evaluation': None, 'output': None, 'collect_metrics_timeout': 180, 'num_cpus_per_worker': 1}",169.237.32.118,1,1377.89,9.929110765457153,"{'num_steps_sampled': 460800, 'load_time_ms': 1.12, 'default': {'kl': 0.014424611814320087, 'cur_lr': 0.0005000000237487257, 'total_loss': 0.4545844495296478, 'policy_loss': -0.018292924389243126, 'vf_explained_var': 0.9788307547569275, 'entropy': 1.8707400560379028, 'cur_kl_coeff': 0.2600789964199066, 'vf_loss': 0.4691258370876312}, 'sample_time_ms': 9570.293, 'grad_time_ms': 274.655, 'update_time_ms': 4.983, 'num_steps_trained': 460800}",384.59271438746555,2019-04-02_08-24-23,kronos,71,460800,0,2852.1441247463226,{},460800,288,288,2852.1441247463226,489.6167363388842,1600,1554193463,{},0b32d2eec3344b1fbde4822793b2e447,74.12204501234977
False,360,"{'input': 'sampler', 'callbacks': {'on_train_result': None, 'on_sample_end': None, 'on_episode_step': None, 'on_episode_start': None, 'on_episode_end': None}, 'sample_batch_size': 200, 'clip_actions': False, 'clip_rewards': None, 'tf_session_args': {'inter_op_parallelism_threads': 2, 'intra_op_parallelism_threads': 2, 'device_count': {'CPU': 1}, 'log_device_placement': False, 'allow_soft_placement': True, 'gpu_options': {'allow_growth': True}}, 'kl_target': 0.01, 'horizon': 1500, 'lr': 0.0005, 'sample_async': False, 'simple_optimizer': False, 'compress_observations': False, 'num_envs_per_worker': 1, 'gamma': 0.99, 'sgd_minibatch_size': 128, 'observation_filter': 'NoFilter', 'entropy_coeff': 0.0, 'batch_mode': 'truncate_episodes', 'straggler_mitigation': False, 'vf_share_layers': False, 'num_gpus': 0, 'synchronize_filters': True, 'num_sgd_iter': 10, 'train_batch_size': 1500, 'optimizer': {}, 'num_gpus_per_worker': 0, 'preprocessor_pref': 'deepmind', 'num_cpus_for_driver': 1, 'lr_schedule': None, 'use_gae': True, 'lambda': 0.97, 'vf_loss_coeff': 1.0, 'vf_clip_param': 1000000.0, 'log_level': 'INFO', 'env_config': {'run': 'PPO', 'flow_params': '{\n    ""env"": {\n        ""additional_params"": {\n            ""max_accel"": 3,\n            ""max_decel"": 3,\n            ""sort_vehicles"": false,\n            ""target_velocity"": 20\n        },\n        ""evaluate"": false,\n        ""horizon"": 1500,\n        ""sims_per_step"": 1,\n        ""warmup_steps"": 0\n    },\n    ""env_name"": ""AccelEnv"",\n    ""exp_tag"": ""figure_eight_0"",\n    ""initial"": {\n        ""additional_params"": {},\n        ""bunching"": 0,\n        ""edges_distribution"": ""all"",\n        ""lanes_distribution"": Infinity,\n        ""min_gap"": 0,\n        ""perturbation"": 0.0,\n        ""shuffle"": false,\n        ""spacing"": ""uniform"",\n        ""x0"": 0\n    },\n    ""net"": {\n        ""additional_params"": {\n            ""lanes"": 1,\n            ""radius_ring"": 30,\n            ""resolution"": 40,\n            ""speed_limit"": 30\n        },\n        ""inflows"": {\n            ""_InFlows__flows"": [],\n            ""num_flows"": 0\n        },\n        ""netfile"": null,\n        ""no_internal_links"": false,\n        ""osm_path"": null\n    },\n    ""scenario"": ""Figure8Scenario"",\n    ""sim"": {\n        ""emission_path"": null,\n        ""lateral_resolution"": null,\n        ""no_step_log"": true,\n        ""num_clients"": 1,\n        ""overtake_right"": false,\n        ""port"": null,\n        ""print_warnings"": true,\n        ""pxpm"": 2,\n        ""render"": false,\n        ""restart_instance"": false,\n        ""save_render"": false,\n        ""seed"": null,\n        ""show_radius"": false,\n        ""sight_radius"": 25,\n        ""sim_step"": 0.1,\n        ""teleport_time"": -1\n    },\n    ""simulator"": ""traci"",\n    ""veh"": [\n        {\n            ""acceleration_controller"": [\n                ""IDMController"",\n                {\n                    ""noise"": 0.2\n                }\n            ],\n            ""car_following_params"": {\n                ""controller_params"": {\n                    ""accel"": 1.0,\n                    ""carFollowModel"": ""IDM"",\n                    ""decel"": 1.5,\n                    ""impatience"": 0.5,\n                    ""maxSpeed"": 30,\n                    ""minGap"": 2.5,\n                    ""sigma"": 0.5,\n                    ""speedDev"": 0.1,\n                    ""speedFactor"": 1.0,\n                    ""tau"": 1.0\n                },\n                ""speed_mode"": 1\n            },\n            ""initial_speed"": 0,\n            ""lane_change_controller"": [\n                ""SimLaneChangeController"",\n                {}\n            ],\n            ""lane_change_params"": {\n                ""controller_params"": {\n                    ""laneChangeModel"": ""LC2013"",\n                    ""lcCooperative"": ""1.0"",\n                    ""lcKeepRight"": ""1.0"",\n                    ""lcSpeedGain"": ""1.0"",\n                    ""lcStrategic"": ""1.0""\n                },\n                ""lane_change_mode"": 512\n            },\n            ""num_vehicles"": 13,\n            ""routing_controller"": [\n                ""ContinuousRouter"",\n                {}\n            ],\n            ""veh_id"": ""human""\n        },\n        {\n            ""acceleration_controller"": [\n                ""RLController"",\n                {}\n            ],\n            ""car_following_params"": {\n                ""controller_params"": {\n                    ""accel"": 1.0,\n                    ""carFollowModel"": ""IDM"",\n                    ""decel"": 1.5,\n                    ""impatience"": 0.5,\n                    ""maxSpeed"": 30,\n                    ""minGap"": 2.5,\n                    ""sigma"": 0.5,\n                    ""speedDev"": 0.1,\n                    ""speedFactor"": 1.0,\n                    ""tau"": 1.0\n                },\n                ""speed_mode"": 1\n            },\n            ""initial_speed"": 0,\n            ""lane_change_controller"": [\n                ""SimLaneChangeController"",\n                {}\n            ],\n            ""lane_change_params"": {\n                ""controller_params"": {\n                    ""laneChangeModel"": ""LC2013"",\n                    ""lcCooperative"": ""1.0"",\n                    ""lcKeepRight"": ""1.0"",\n                    ""lcSpeedGain"": ""1.0"",\n                    ""lcStrategic"": ""1.0""\n                },\n                ""lane_change_mode"": 512\n            },\n            ""num_vehicles"": 1,\n            ""routing_controller"": [\n                ""ContinuousRouter"",\n                {}\n            ],\n            ""veh_id"": ""rl""\n        }\n    ]\n}'}, 'env': 'AccelEnv-v0', 'local_evaluator_tf_session_args': {'inter_op_parallelism_threads': 8, 'intra_op_parallelism_threads': 8}, 'model': {'free_log_std': False, 'custom_options': {}, 'framestack': True, 'channel_major': False, 'max_seq_len': 20, 'lstm_use_prev_action_reward': False, 'squash_to_range': False, 'dim': 84, 'grayscale': False, 'fcnet_hiddens': [100, 50, 25], 'use_lstm': False, 'custom_model': None, 'fcnet_activation': 'tanh', 'conv_filters': None, 'conv_activation': 'relu', 'lstm_cell_size': 256, 'zero_mean': True, 'custom_preprocessor': None}, 'output_compress_columns': ['obs', 'new_obs'], 'monitor': False, 'custom_resources_per_worker': {}, 'output_max_file_size': 67108864, 'num_workers': 1, 'clip_param': 0.3, 'kl_coeff': 0.2, 'multiagent': {'policy_graphs': {}, 'policy_mapping_fn': None, 'policies_to_train': None}, 'input_evaluation': None, 'output': None, 'collect_metrics_timeout': 180, 'num_cpus_per_worker': 1}",169.237.32.118,1,1377.89,9.859447240829468,"{'num_steps_sampled': 462400, 'load_time_ms': 1.099, 'default': {'kl': 0.019202260300517082, 'cur_lr': 0.0005000000237487257, 'total_loss': 1.0193079710006714, 'policy_loss': -0.020131723955273628, 'vf_explained_var': 0.940238893032074, 'entropy': 1.803850769996643, 'cur_kl_coeff': 0.2600789964199066, 'vf_loss': 1.0344456434249878}, 'sample_time_ms': 9573.149, 'grad_time_ms': 272.27, 'update_time_ms': 4.901, 'num_steps_trained': 462400}",384.62269747442303,2019-04-02_08-24-33,kronos,71,462400,0,2862.003571987152,{},462400,289,289,2862.003571987152,489.6167363388842,1600,1554193473,{},0b32d2eec3344b1fbde4822793b2e447,74.12204501234977
False,361,"{'input': 'sampler', 'callbacks': {'on_train_result': None, 'on_sample_end': None, 'on_episode_step': None, 'on_episode_start': None, 'on_episode_end': None}, 'sample_batch_size': 200, 'clip_actions': False, 'clip_rewards': None, 'tf_session_args': {'inter_op_parallelism_threads': 2, 'intra_op_parallelism_threads': 2, 'device_count': {'CPU': 1}, 'log_device_placement': False, 'allow_soft_placement': True, 'gpu_options': {'allow_growth': True}}, 'kl_target': 0.01, 'horizon': 1500, 'lr': 0.0005, 'sample_async': False, 'simple_optimizer': False, 'compress_observations': False, 'num_envs_per_worker': 1, 'gamma': 0.99, 'sgd_minibatch_size': 128, 'observation_filter': 'NoFilter', 'entropy_coeff': 0.0, 'batch_mode': 'truncate_episodes', 'straggler_mitigation': False, 'vf_share_layers': False, 'num_gpus': 0, 'synchronize_filters': True, 'num_sgd_iter': 10, 'train_batch_size': 1500, 'optimizer': {}, 'num_gpus_per_worker': 0, 'preprocessor_pref': 'deepmind', 'num_cpus_for_driver': 1, 'lr_schedule': None, 'use_gae': True, 'lambda': 0.97, 'vf_loss_coeff': 1.0, 'vf_clip_param': 1000000.0, 'log_level': 'INFO', 'env_config': {'run': 'PPO', 'flow_params': '{\n    ""env"": {\n        ""additional_params"": {\n            ""max_accel"": 3,\n            ""max_decel"": 3,\n            ""sort_vehicles"": false,\n            ""target_velocity"": 20\n        },\n        ""evaluate"": false,\n        ""horizon"": 1500,\n        ""sims_per_step"": 1,\n        ""warmup_steps"": 0\n    },\n    ""env_name"": ""AccelEnv"",\n    ""exp_tag"": ""figure_eight_0"",\n    ""initial"": {\n        ""additional_params"": {},\n        ""bunching"": 0,\n        ""edges_distribution"": ""all"",\n        ""lanes_distribution"": Infinity,\n        ""min_gap"": 0,\n        ""perturbation"": 0.0,\n        ""shuffle"": false,\n        ""spacing"": ""uniform"",\n        ""x0"": 0\n    },\n    ""net"": {\n        ""additional_params"": {\n            ""lanes"": 1,\n            ""radius_ring"": 30,\n            ""resolution"": 40,\n            ""speed_limit"": 30\n        },\n        ""inflows"": {\n            ""_InFlows__flows"": [],\n            ""num_flows"": 0\n        },\n        ""netfile"": null,\n        ""no_internal_links"": false,\n        ""osm_path"": null\n    },\n    ""scenario"": ""Figure8Scenario"",\n    ""sim"": {\n        ""emission_path"": null,\n        ""lateral_resolution"": null,\n        ""no_step_log"": true,\n        ""num_clients"": 1,\n        ""overtake_right"": false,\n        ""port"": null,\n        ""print_warnings"": true,\n        ""pxpm"": 2,\n        ""render"": false,\n        ""restart_instance"": false,\n        ""save_render"": false,\n        ""seed"": null,\n        ""show_radius"": false,\n        ""sight_radius"": 25,\n        ""sim_step"": 0.1,\n        ""teleport_time"": -1\n    },\n    ""simulator"": ""traci"",\n    ""veh"": [\n        {\n            ""acceleration_controller"": [\n                ""IDMController"",\n                {\n                    ""noise"": 0.2\n                }\n            ],\n            ""car_following_params"": {\n                ""controller_params"": {\n                    ""accel"": 1.0,\n                    ""carFollowModel"": ""IDM"",\n                    ""decel"": 1.5,\n                    ""impatience"": 0.5,\n                    ""maxSpeed"": 30,\n                    ""minGap"": 2.5,\n                    ""sigma"": 0.5,\n                    ""speedDev"": 0.1,\n                    ""speedFactor"": 1.0,\n                    ""tau"": 1.0\n                },\n                ""speed_mode"": 1\n            },\n            ""initial_speed"": 0,\n            ""lane_change_controller"": [\n                ""SimLaneChangeController"",\n                {}\n            ],\n            ""lane_change_params"": {\n                ""controller_params"": {\n                    ""laneChangeModel"": ""LC2013"",\n                    ""lcCooperative"": ""1.0"",\n                    ""lcKeepRight"": ""1.0"",\n                    ""lcSpeedGain"": ""1.0"",\n                    ""lcStrategic"": ""1.0""\n                },\n                ""lane_change_mode"": 512\n            },\n            ""num_vehicles"": 13,\n            ""routing_controller"": [\n                ""ContinuousRouter"",\n                {}\n            ],\n            ""veh_id"": ""human""\n        },\n        {\n            ""acceleration_controller"": [\n                ""RLController"",\n                {}\n            ],\n            ""car_following_params"": {\n                ""controller_params"": {\n                    ""accel"": 1.0,\n                    ""carFollowModel"": ""IDM"",\n                    ""decel"": 1.5,\n                    ""impatience"": 0.5,\n                    ""maxSpeed"": 30,\n                    ""minGap"": 2.5,\n                    ""sigma"": 0.5,\n                    ""speedDev"": 0.1,\n                    ""speedFactor"": 1.0,\n                    ""tau"": 1.0\n                },\n                ""speed_mode"": 1\n            },\n            ""initial_speed"": 0,\n            ""lane_change_controller"": [\n                ""SimLaneChangeController"",\n                {}\n            ],\n            ""lane_change_params"": {\n                ""controller_params"": {\n                    ""laneChangeModel"": ""LC2013"",\n                    ""lcCooperative"": ""1.0"",\n                    ""lcKeepRight"": ""1.0"",\n                    ""lcSpeedGain"": ""1.0"",\n                    ""lcStrategic"": ""1.0""\n                },\n                ""lane_change_mode"": 512\n            },\n            ""num_vehicles"": 1,\n            ""routing_controller"": [\n                ""ContinuousRouter"",\n                {}\n            ],\n            ""veh_id"": ""rl""\n        }\n    ]\n}'}, 'env': 'AccelEnv-v0', 'local_evaluator_tf_session_args': {'inter_op_parallelism_threads': 8, 'intra_op_parallelism_threads': 8}, 'model': {'free_log_std': False, 'custom_options': {}, 'framestack': True, 'channel_major': False, 'max_seq_len': 20, 'lstm_use_prev_action_reward': False, 'squash_to_range': False, 'dim': 84, 'grayscale': False, 'fcnet_hiddens': [100, 50, 25], 'use_lstm': False, 'custom_model': None, 'fcnet_activation': 'tanh', 'conv_filters': None, 'conv_activation': 'relu', 'lstm_cell_size': 256, 'zero_mean': True, 'custom_preprocessor': None}, 'output_compress_columns': ['obs', 'new_obs'], 'monitor': False, 'custom_resources_per_worker': {}, 'output_max_file_size': 67108864, 'num_workers': 1, 'clip_param': 0.3, 'kl_coeff': 0.2, 'multiagent': {'policy_graphs': {}, 'policy_mapping_fn': None, 'policies_to_train': None}, 'input_evaluation': None, 'output': None, 'collect_metrics_timeout': 180, 'num_cpus_per_worker': 1}",169.237.32.118,1,1383.73,9.969878911972046,"{'num_steps_sampled': 464000, 'load_time_ms': 1.128, 'default': {'kl': 0.021914759650826454, 'cur_lr': 0.0005000000237487257, 'total_loss': 1.7635498046875, 'policy_loss': -0.02375665307044983, 'vf_explained_var': 0.931000292301178, 'entropy': 1.7772845029830933, 'cur_kl_coeff': 0.2600789964199066, 'vf_loss': 1.7816067934036255}, 'sample_time_ms': 9578.845, 'grad_time_ms': 272.7, 'update_time_ms': 4.874, 'num_steps_trained': 464000}",386.2558204783987,2019-04-02_08-24-43,kronos,71,464000,0,2871.973450899124,{},464000,290,290,2871.973450899124,489.6167363388842,1600,1554193483,{},0b32d2eec3344b1fbde4822793b2e447,74.12204501234977
False,362,"{'input': 'sampler', 'callbacks': {'on_train_result': None, 'on_sample_end': None, 'on_episode_step': None, 'on_episode_start': None, 'on_episode_end': None}, 'sample_batch_size': 200, 'clip_actions': False, 'clip_rewards': None, 'tf_session_args': {'inter_op_parallelism_threads': 2, 'intra_op_parallelism_threads': 2, 'device_count': {'CPU': 1}, 'log_device_placement': False, 'allow_soft_placement': True, 'gpu_options': {'allow_growth': True}}, 'kl_target': 0.01, 'horizon': 1500, 'lr': 0.0005, 'sample_async': False, 'simple_optimizer': False, 'compress_observations': False, 'num_envs_per_worker': 1, 'gamma': 0.99, 'sgd_minibatch_size': 128, 'observation_filter': 'NoFilter', 'entropy_coeff': 0.0, 'batch_mode': 'truncate_episodes', 'straggler_mitigation': False, 'vf_share_layers': False, 'num_gpus': 0, 'synchronize_filters': True, 'num_sgd_iter': 10, 'train_batch_size': 1500, 'optimizer': {}, 'num_gpus_per_worker': 0, 'preprocessor_pref': 'deepmind', 'num_cpus_for_driver': 1, 'lr_schedule': None, 'use_gae': True, 'lambda': 0.97, 'vf_loss_coeff': 1.0, 'vf_clip_param': 1000000.0, 'log_level': 'INFO', 'env_config': {'run': 'PPO', 'flow_params': '{\n    ""env"": {\n        ""additional_params"": {\n            ""max_accel"": 3,\n            ""max_decel"": 3,\n            ""sort_vehicles"": false,\n            ""target_velocity"": 20\n        },\n        ""evaluate"": false,\n        ""horizon"": 1500,\n        ""sims_per_step"": 1,\n        ""warmup_steps"": 0\n    },\n    ""env_name"": ""AccelEnv"",\n    ""exp_tag"": ""figure_eight_0"",\n    ""initial"": {\n        ""additional_params"": {},\n        ""bunching"": 0,\n        ""edges_distribution"": ""all"",\n        ""lanes_distribution"": Infinity,\n        ""min_gap"": 0,\n        ""perturbation"": 0.0,\n        ""shuffle"": false,\n        ""spacing"": ""uniform"",\n        ""x0"": 0\n    },\n    ""net"": {\n        ""additional_params"": {\n            ""lanes"": 1,\n            ""radius_ring"": 30,\n            ""resolution"": 40,\n            ""speed_limit"": 30\n        },\n        ""inflows"": {\n            ""_InFlows__flows"": [],\n            ""num_flows"": 0\n        },\n        ""netfile"": null,\n        ""no_internal_links"": false,\n        ""osm_path"": null\n    },\n    ""scenario"": ""Figure8Scenario"",\n    ""sim"": {\n        ""emission_path"": null,\n        ""lateral_resolution"": null,\n        ""no_step_log"": true,\n        ""num_clients"": 1,\n        ""overtake_right"": false,\n        ""port"": null,\n        ""print_warnings"": true,\n        ""pxpm"": 2,\n        ""render"": false,\n        ""restart_instance"": false,\n        ""save_render"": false,\n        ""seed"": null,\n        ""show_radius"": false,\n        ""sight_radius"": 25,\n        ""sim_step"": 0.1,\n        ""teleport_time"": -1\n    },\n    ""simulator"": ""traci"",\n    ""veh"": [\n        {\n            ""acceleration_controller"": [\n                ""IDMController"",\n                {\n                    ""noise"": 0.2\n                }\n            ],\n            ""car_following_params"": {\n                ""controller_params"": {\n                    ""accel"": 1.0,\n                    ""carFollowModel"": ""IDM"",\n                    ""decel"": 1.5,\n                    ""impatience"": 0.5,\n                    ""maxSpeed"": 30,\n                    ""minGap"": 2.5,\n                    ""sigma"": 0.5,\n                    ""speedDev"": 0.1,\n                    ""speedFactor"": 1.0,\n                    ""tau"": 1.0\n                },\n                ""speed_mode"": 1\n            },\n            ""initial_speed"": 0,\n            ""lane_change_controller"": [\n                ""SimLaneChangeController"",\n                {}\n            ],\n            ""lane_change_params"": {\n                ""controller_params"": {\n                    ""laneChangeModel"": ""LC2013"",\n                    ""lcCooperative"": ""1.0"",\n                    ""lcKeepRight"": ""1.0"",\n                    ""lcSpeedGain"": ""1.0"",\n                    ""lcStrategic"": ""1.0""\n                },\n                ""lane_change_mode"": 512\n            },\n            ""num_vehicles"": 13,\n            ""routing_controller"": [\n                ""ContinuousRouter"",\n                {}\n            ],\n            ""veh_id"": ""human""\n        },\n        {\n            ""acceleration_controller"": [\n                ""RLController"",\n                {}\n            ],\n            ""car_following_params"": {\n                ""controller_params"": {\n                    ""accel"": 1.0,\n                    ""carFollowModel"": ""IDM"",\n                    ""decel"": 1.5,\n                    ""impatience"": 0.5,\n                    ""maxSpeed"": 30,\n                    ""minGap"": 2.5,\n                    ""sigma"": 0.5,\n                    ""speedDev"": 0.1,\n                    ""speedFactor"": 1.0,\n                    ""tau"": 1.0\n                },\n                ""speed_mode"": 1\n            },\n            ""initial_speed"": 0,\n            ""lane_change_controller"": [\n                ""SimLaneChangeController"",\n                {}\n            ],\n            ""lane_change_params"": {\n                ""controller_params"": {\n                    ""laneChangeModel"": ""LC2013"",\n                    ""lcCooperative"": ""1.0"",\n                    ""lcKeepRight"": ""1.0"",\n                    ""lcSpeedGain"": ""1.0"",\n                    ""lcStrategic"": ""1.0""\n                },\n                ""lane_change_mode"": 512\n            },\n            ""num_vehicles"": 1,\n            ""routing_controller"": [\n                ""ContinuousRouter"",\n                {}\n            ],\n            ""veh_id"": ""rl""\n        }\n    ]\n}'}, 'env': 'AccelEnv-v0', 'local_evaluator_tf_session_args': {'inter_op_parallelism_threads': 8, 'intra_op_parallelism_threads': 8}, 'model': {'free_log_std': False, 'custom_options': {}, 'framestack': True, 'channel_major': False, 'max_seq_len': 20, 'lstm_use_prev_action_reward': False, 'squash_to_range': False, 'dim': 84, 'grayscale': False, 'fcnet_hiddens': [100, 50, 25], 'use_lstm': False, 'custom_model': None, 'fcnet_activation': 'tanh', 'conv_filters': None, 'conv_activation': 'relu', 'lstm_cell_size': 256, 'zero_mean': True, 'custom_preprocessor': None}, 'output_compress_columns': ['obs', 'new_obs'], 'monitor': False, 'custom_resources_per_worker': {}, 'output_max_file_size': 67108864, 'num_workers': 1, 'clip_param': 0.3, 'kl_coeff': 0.2, 'multiagent': {'policy_graphs': {}, 'policy_mapping_fn': None, 'policies_to_train': None}, 'input_evaluation': None, 'output': None, 'collect_metrics_timeout': 180, 'num_cpus_per_worker': 1}",169.237.32.118,1,1383.73,10.029205799102783,"{'num_steps_sampled': 465600, 'load_time_ms': 1.162, 'default': {'kl': 0.013506054878234863, 'cur_lr': 0.0005000000237487257, 'total_loss': 0.5243811011314392, 'policy_loss': -0.00830894149839878, 'vf_explained_var': 0.979462206363678, 'entropy': 1.6678962707519531, 'cur_kl_coeff': 0.3901185691356659, 'vf_loss': 0.5274210572242737}, 'sample_time_ms': 9590.36, 'grad_time_ms': 272.321, 'update_time_ms': 4.982, 'num_steps_trained': 465600}",385.72275802889243,2019-04-02_08-24-53,kronos,71,465600,0,2882.002656698227,{},465600,291,291,2882.002656698227,489.6167363388842,1600,1554193493,{},0b32d2eec3344b1fbde4822793b2e447,74.12204501234977
False,363,"{'input': 'sampler', 'callbacks': {'on_train_result': None, 'on_sample_end': None, 'on_episode_step': None, 'on_episode_start': None, 'on_episode_end': None}, 'sample_batch_size': 200, 'clip_actions': False, 'clip_rewards': None, 'tf_session_args': {'inter_op_parallelism_threads': 2, 'intra_op_parallelism_threads': 2, 'device_count': {'CPU': 1}, 'log_device_placement': False, 'allow_soft_placement': True, 'gpu_options': {'allow_growth': True}}, 'kl_target': 0.01, 'horizon': 1500, 'lr': 0.0005, 'sample_async': False, 'simple_optimizer': False, 'compress_observations': False, 'num_envs_per_worker': 1, 'gamma': 0.99, 'sgd_minibatch_size': 128, 'observation_filter': 'NoFilter', 'entropy_coeff': 0.0, 'batch_mode': 'truncate_episodes', 'straggler_mitigation': False, 'vf_share_layers': False, 'num_gpus': 0, 'synchronize_filters': True, 'num_sgd_iter': 10, 'train_batch_size': 1500, 'optimizer': {}, 'num_gpus_per_worker': 0, 'preprocessor_pref': 'deepmind', 'num_cpus_for_driver': 1, 'lr_schedule': None, 'use_gae': True, 'lambda': 0.97, 'vf_loss_coeff': 1.0, 'vf_clip_param': 1000000.0, 'log_level': 'INFO', 'env_config': {'run': 'PPO', 'flow_params': '{\n    ""env"": {\n        ""additional_params"": {\n            ""max_accel"": 3,\n            ""max_decel"": 3,\n            ""sort_vehicles"": false,\n            ""target_velocity"": 20\n        },\n        ""evaluate"": false,\n        ""horizon"": 1500,\n        ""sims_per_step"": 1,\n        ""warmup_steps"": 0\n    },\n    ""env_name"": ""AccelEnv"",\n    ""exp_tag"": ""figure_eight_0"",\n    ""initial"": {\n        ""additional_params"": {},\n        ""bunching"": 0,\n        ""edges_distribution"": ""all"",\n        ""lanes_distribution"": Infinity,\n        ""min_gap"": 0,\n        ""perturbation"": 0.0,\n        ""shuffle"": false,\n        ""spacing"": ""uniform"",\n        ""x0"": 0\n    },\n    ""net"": {\n        ""additional_params"": {\n            ""lanes"": 1,\n            ""radius_ring"": 30,\n            ""resolution"": 40,\n            ""speed_limit"": 30\n        },\n        ""inflows"": {\n            ""_InFlows__flows"": [],\n            ""num_flows"": 0\n        },\n        ""netfile"": null,\n        ""no_internal_links"": false,\n        ""osm_path"": null\n    },\n    ""scenario"": ""Figure8Scenario"",\n    ""sim"": {\n        ""emission_path"": null,\n        ""lateral_resolution"": null,\n        ""no_step_log"": true,\n        ""num_clients"": 1,\n        ""overtake_right"": false,\n        ""port"": null,\n        ""print_warnings"": true,\n        ""pxpm"": 2,\n        ""render"": false,\n        ""restart_instance"": false,\n        ""save_render"": false,\n        ""seed"": null,\n        ""show_radius"": false,\n        ""sight_radius"": 25,\n        ""sim_step"": 0.1,\n        ""teleport_time"": -1\n    },\n    ""simulator"": ""traci"",\n    ""veh"": [\n        {\n            ""acceleration_controller"": [\n                ""IDMController"",\n                {\n                    ""noise"": 0.2\n                }\n            ],\n            ""car_following_params"": {\n                ""controller_params"": {\n                    ""accel"": 1.0,\n                    ""carFollowModel"": ""IDM"",\n                    ""decel"": 1.5,\n                    ""impatience"": 0.5,\n                    ""maxSpeed"": 30,\n                    ""minGap"": 2.5,\n                    ""sigma"": 0.5,\n                    ""speedDev"": 0.1,\n                    ""speedFactor"": 1.0,\n                    ""tau"": 1.0\n                },\n                ""speed_mode"": 1\n            },\n            ""initial_speed"": 0,\n            ""lane_change_controller"": [\n                ""SimLaneChangeController"",\n                {}\n            ],\n            ""lane_change_params"": {\n                ""controller_params"": {\n                    ""laneChangeModel"": ""LC2013"",\n                    ""lcCooperative"": ""1.0"",\n                    ""lcKeepRight"": ""1.0"",\n                    ""lcSpeedGain"": ""1.0"",\n                    ""lcStrategic"": ""1.0""\n                },\n                ""lane_change_mode"": 512\n            },\n            ""num_vehicles"": 13,\n            ""routing_controller"": [\n                ""ContinuousRouter"",\n                {}\n            ],\n            ""veh_id"": ""human""\n        },\n        {\n            ""acceleration_controller"": [\n                ""RLController"",\n                {}\n            ],\n            ""car_following_params"": {\n                ""controller_params"": {\n                    ""accel"": 1.0,\n                    ""carFollowModel"": ""IDM"",\n                    ""decel"": 1.5,\n                    ""impatience"": 0.5,\n                    ""maxSpeed"": 30,\n                    ""minGap"": 2.5,\n                    ""sigma"": 0.5,\n                    ""speedDev"": 0.1,\n                    ""speedFactor"": 1.0,\n                    ""tau"": 1.0\n                },\n                ""speed_mode"": 1\n            },\n            ""initial_speed"": 0,\n            ""lane_change_controller"": [\n                ""SimLaneChangeController"",\n                {}\n            ],\n            ""lane_change_params"": {\n                ""controller_params"": {\n                    ""laneChangeModel"": ""LC2013"",\n                    ""lcCooperative"": ""1.0"",\n                    ""lcKeepRight"": ""1.0"",\n                    ""lcSpeedGain"": ""1.0"",\n                    ""lcStrategic"": ""1.0""\n                },\n                ""lane_change_mode"": 512\n            },\n            ""num_vehicles"": 1,\n            ""routing_controller"": [\n                ""ContinuousRouter"",\n                {}\n            ],\n            ""veh_id"": ""rl""\n        }\n    ]\n}'}, 'env': 'AccelEnv-v0', 'local_evaluator_tf_session_args': {'inter_op_parallelism_threads': 8, 'intra_op_parallelism_threads': 8}, 'model': {'free_log_std': False, 'custom_options': {}, 'framestack': True, 'channel_major': False, 'max_seq_len': 20, 'lstm_use_prev_action_reward': False, 'squash_to_range': False, 'dim': 84, 'grayscale': False, 'fcnet_hiddens': [100, 50, 25], 'use_lstm': False, 'custom_model': None, 'fcnet_activation': 'tanh', 'conv_filters': None, 'conv_activation': 'relu', 'lstm_cell_size': 256, 'zero_mean': True, 'custom_preprocessor': None}, 'output_compress_columns': ['obs', 'new_obs'], 'monitor': False, 'custom_resources_per_worker': {}, 'output_max_file_size': 67108864, 'num_workers': 1, 'clip_param': 0.3, 'kl_coeff': 0.2, 'multiagent': {'policy_graphs': {}, 'policy_mapping_fn': None, 'policies_to_train': None}, 'input_evaluation': None, 'output': None, 'collect_metrics_timeout': 180, 'num_cpus_per_worker': 1}",169.237.32.118,1,1383.73,10.011120319366455,"{'num_steps_sampled': 467200, 'load_time_ms': 1.179, 'default': {'kl': 0.01142691820859909, 'cur_lr': 0.0005000000237487257, 'total_loss': 0.40776145458221436, 'policy_loss': -0.018833491951227188, 'vf_explained_var': 0.9850306510925293, 'entropy': 1.896069884300232, 'cur_kl_coeff': 0.3901185691356659, 'vf_loss': 0.42213714122772217}, 'sample_time_ms': 9606.296, 'grad_time_ms': 269.915, 'update_time_ms': 4.617, 'num_steps_trained': 467200}",385.71348151748157,2019-04-02_08-25-03,kronos,71,467200,0,2892.0137770175934,{},467200,292,292,2892.0137770175934,489.6167363388842,1600,1554193503,{},0b32d2eec3344b1fbde4822793b2e447,74.12204501234977
False,364,"{'input': 'sampler', 'callbacks': {'on_train_result': None, 'on_sample_end': None, 'on_episode_step': None, 'on_episode_start': None, 'on_episode_end': None}, 'sample_batch_size': 200, 'clip_actions': False, 'clip_rewards': None, 'tf_session_args': {'inter_op_parallelism_threads': 2, 'intra_op_parallelism_threads': 2, 'device_count': {'CPU': 1}, 'log_device_placement': False, 'allow_soft_placement': True, 'gpu_options': {'allow_growth': True}}, 'kl_target': 0.01, 'horizon': 1500, 'lr': 0.0005, 'sample_async': False, 'simple_optimizer': False, 'compress_observations': False, 'num_envs_per_worker': 1, 'gamma': 0.99, 'sgd_minibatch_size': 128, 'observation_filter': 'NoFilter', 'entropy_coeff': 0.0, 'batch_mode': 'truncate_episodes', 'straggler_mitigation': False, 'vf_share_layers': False, 'num_gpus': 0, 'synchronize_filters': True, 'num_sgd_iter': 10, 'train_batch_size': 1500, 'optimizer': {}, 'num_gpus_per_worker': 0, 'preprocessor_pref': 'deepmind', 'num_cpus_for_driver': 1, 'lr_schedule': None, 'use_gae': True, 'lambda': 0.97, 'vf_loss_coeff': 1.0, 'vf_clip_param': 1000000.0, 'log_level': 'INFO', 'env_config': {'run': 'PPO', 'flow_params': '{\n    ""env"": {\n        ""additional_params"": {\n            ""max_accel"": 3,\n            ""max_decel"": 3,\n            ""sort_vehicles"": false,\n            ""target_velocity"": 20\n        },\n        ""evaluate"": false,\n        ""horizon"": 1500,\n        ""sims_per_step"": 1,\n        ""warmup_steps"": 0\n    },\n    ""env_name"": ""AccelEnv"",\n    ""exp_tag"": ""figure_eight_0"",\n    ""initial"": {\n        ""additional_params"": {},\n        ""bunching"": 0,\n        ""edges_distribution"": ""all"",\n        ""lanes_distribution"": Infinity,\n        ""min_gap"": 0,\n        ""perturbation"": 0.0,\n        ""shuffle"": false,\n        ""spacing"": ""uniform"",\n        ""x0"": 0\n    },\n    ""net"": {\n        ""additional_params"": {\n            ""lanes"": 1,\n            ""radius_ring"": 30,\n            ""resolution"": 40,\n            ""speed_limit"": 30\n        },\n        ""inflows"": {\n            ""_InFlows__flows"": [],\n            ""num_flows"": 0\n        },\n        ""netfile"": null,\n        ""no_internal_links"": false,\n        ""osm_path"": null\n    },\n    ""scenario"": ""Figure8Scenario"",\n    ""sim"": {\n        ""emission_path"": null,\n        ""lateral_resolution"": null,\n        ""no_step_log"": true,\n        ""num_clients"": 1,\n        ""overtake_right"": false,\n        ""port"": null,\n        ""print_warnings"": true,\n        ""pxpm"": 2,\n        ""render"": false,\n        ""restart_instance"": false,\n        ""save_render"": false,\n        ""seed"": null,\n        ""show_radius"": false,\n        ""sight_radius"": 25,\n        ""sim_step"": 0.1,\n        ""teleport_time"": -1\n    },\n    ""simulator"": ""traci"",\n    ""veh"": [\n        {\n            ""acceleration_controller"": [\n                ""IDMController"",\n                {\n                    ""noise"": 0.2\n                }\n            ],\n            ""car_following_params"": {\n                ""controller_params"": {\n                    ""accel"": 1.0,\n                    ""carFollowModel"": ""IDM"",\n                    ""decel"": 1.5,\n                    ""impatience"": 0.5,\n                    ""maxSpeed"": 30,\n                    ""minGap"": 2.5,\n                    ""sigma"": 0.5,\n                    ""speedDev"": 0.1,\n                    ""speedFactor"": 1.0,\n                    ""tau"": 1.0\n                },\n                ""speed_mode"": 1\n            },\n            ""initial_speed"": 0,\n            ""lane_change_controller"": [\n                ""SimLaneChangeController"",\n                {}\n            ],\n            ""lane_change_params"": {\n                ""controller_params"": {\n                    ""laneChangeModel"": ""LC2013"",\n                    ""lcCooperative"": ""1.0"",\n                    ""lcKeepRight"": ""1.0"",\n                    ""lcSpeedGain"": ""1.0"",\n                    ""lcStrategic"": ""1.0""\n                },\n                ""lane_change_mode"": 512\n            },\n            ""num_vehicles"": 13,\n            ""routing_controller"": [\n                ""ContinuousRouter"",\n                {}\n            ],\n            ""veh_id"": ""human""\n        },\n        {\n            ""acceleration_controller"": [\n                ""RLController"",\n                {}\n            ],\n            ""car_following_params"": {\n                ""controller_params"": {\n                    ""accel"": 1.0,\n                    ""carFollowModel"": ""IDM"",\n                    ""decel"": 1.5,\n                    ""impatience"": 0.5,\n                    ""maxSpeed"": 30,\n                    ""minGap"": 2.5,\n                    ""sigma"": 0.5,\n                    ""speedDev"": 0.1,\n                    ""speedFactor"": 1.0,\n                    ""tau"": 1.0\n                },\n                ""speed_mode"": 1\n            },\n            ""initial_speed"": 0,\n            ""lane_change_controller"": [\n                ""SimLaneChangeController"",\n                {}\n            ],\n            ""lane_change_params"": {\n                ""controller_params"": {\n                    ""laneChangeModel"": ""LC2013"",\n                    ""lcCooperative"": ""1.0"",\n                    ""lcKeepRight"": ""1.0"",\n                    ""lcSpeedGain"": ""1.0"",\n                    ""lcStrategic"": ""1.0""\n                },\n                ""lane_change_mode"": 512\n            },\n            ""num_vehicles"": 1,\n            ""routing_controller"": [\n                ""ContinuousRouter"",\n                {}\n            ],\n            ""veh_id"": ""rl""\n        }\n    ]\n}'}, 'env': 'AccelEnv-v0', 'local_evaluator_tf_session_args': {'inter_op_parallelism_threads': 8, 'intra_op_parallelism_threads': 8}, 'model': {'free_log_std': False, 'custom_options': {}, 'framestack': True, 'channel_major': False, 'max_seq_len': 20, 'lstm_use_prev_action_reward': False, 'squash_to_range': False, 'dim': 84, 'grayscale': False, 'fcnet_hiddens': [100, 50, 25], 'use_lstm': False, 'custom_model': None, 'fcnet_activation': 'tanh', 'conv_filters': None, 'conv_activation': 'relu', 'lstm_cell_size': 256, 'zero_mean': True, 'custom_preprocessor': None}, 'output_compress_columns': ['obs', 'new_obs'], 'monitor': False, 'custom_resources_per_worker': {}, 'output_max_file_size': 67108864, 'num_workers': 1, 'clip_param': 0.3, 'kl_coeff': 0.2, 'multiagent': {'policy_graphs': {}, 'policy_mapping_fn': None, 'policies_to_train': None}, 'input_evaluation': None, 'output': None, 'collect_metrics_timeout': 180, 'num_cpus_per_worker': 1}",169.237.32.118,1,1386.32,9.796160697937012,"{'num_steps_sampled': 468800, 'load_time_ms': 1.167, 'default': {'kl': 0.01353668887168169, 'cur_lr': 0.0005000000237487257, 'total_loss': 1.1628351211547852, 'policy_loss': -0.024848049506545067, 'vf_explained_var': 0.969661295413971, 'entropy': 1.8852118253707886, 'cur_kl_coeff': 0.3901185691356659, 'vf_loss': 1.1824023723602295}, 'sample_time_ms': 9611.356, 'grad_time_ms': 268.641, 'update_time_ms': 4.566, 'num_steps_trained': 468800}",387.56488758252107,2019-04-02_08-25-13,kronos,71,468800,0,2901.8099377155304,{},468800,293,293,2901.8099377155304,489.6167363388842,1600,1554193513,{},0b32d2eec3344b1fbde4822793b2e447,74.12204501234977
False,366,"{'input': 'sampler', 'callbacks': {'on_train_result': None, 'on_sample_end': None, 'on_episode_step': None, 'on_episode_start': None, 'on_episode_end': None}, 'sample_batch_size': 200, 'clip_actions': False, 'clip_rewards': None, 'tf_session_args': {'inter_op_parallelism_threads': 2, 'intra_op_parallelism_threads': 2, 'device_count': {'CPU': 1}, 'log_device_placement': False, 'allow_soft_placement': True, 'gpu_options': {'allow_growth': True}}, 'kl_target': 0.01, 'horizon': 1500, 'lr': 0.0005, 'sample_async': False, 'simple_optimizer': False, 'compress_observations': False, 'num_envs_per_worker': 1, 'gamma': 0.99, 'sgd_minibatch_size': 128, 'observation_filter': 'NoFilter', 'entropy_coeff': 0.0, 'batch_mode': 'truncate_episodes', 'straggler_mitigation': False, 'vf_share_layers': False, 'num_gpus': 0, 'synchronize_filters': True, 'num_sgd_iter': 10, 'train_batch_size': 1500, 'optimizer': {}, 'num_gpus_per_worker': 0, 'preprocessor_pref': 'deepmind', 'num_cpus_for_driver': 1, 'lr_schedule': None, 'use_gae': True, 'lambda': 0.97, 'vf_loss_coeff': 1.0, 'vf_clip_param': 1000000.0, 'log_level': 'INFO', 'env_config': {'run': 'PPO', 'flow_params': '{\n    ""env"": {\n        ""additional_params"": {\n            ""max_accel"": 3,\n            ""max_decel"": 3,\n            ""sort_vehicles"": false,\n            ""target_velocity"": 20\n        },\n        ""evaluate"": false,\n        ""horizon"": 1500,\n        ""sims_per_step"": 1,\n        ""warmup_steps"": 0\n    },\n    ""env_name"": ""AccelEnv"",\n    ""exp_tag"": ""figure_eight_0"",\n    ""initial"": {\n        ""additional_params"": {},\n        ""bunching"": 0,\n        ""edges_distribution"": ""all"",\n        ""lanes_distribution"": Infinity,\n        ""min_gap"": 0,\n        ""perturbation"": 0.0,\n        ""shuffle"": false,\n        ""spacing"": ""uniform"",\n        ""x0"": 0\n    },\n    ""net"": {\n        ""additional_params"": {\n            ""lanes"": 1,\n            ""radius_ring"": 30,\n            ""resolution"": 40,\n            ""speed_limit"": 30\n        },\n        ""inflows"": {\n            ""_InFlows__flows"": [],\n            ""num_flows"": 0\n        },\n        ""netfile"": null,\n        ""no_internal_links"": false,\n        ""osm_path"": null\n    },\n    ""scenario"": ""Figure8Scenario"",\n    ""sim"": {\n        ""emission_path"": null,\n        ""lateral_resolution"": null,\n        ""no_step_log"": true,\n        ""num_clients"": 1,\n        ""overtake_right"": false,\n        ""port"": null,\n        ""print_warnings"": true,\n        ""pxpm"": 2,\n        ""render"": false,\n        ""restart_instance"": false,\n        ""save_render"": false,\n        ""seed"": null,\n        ""show_radius"": false,\n        ""sight_radius"": 25,\n        ""sim_step"": 0.1,\n        ""teleport_time"": -1\n    },\n    ""simulator"": ""traci"",\n    ""veh"": [\n        {\n            ""acceleration_controller"": [\n                ""IDMController"",\n                {\n                    ""noise"": 0.2\n                }\n            ],\n            ""car_following_params"": {\n                ""controller_params"": {\n                    ""accel"": 1.0,\n                    ""carFollowModel"": ""IDM"",\n                    ""decel"": 1.5,\n                    ""impatience"": 0.5,\n                    ""maxSpeed"": 30,\n                    ""minGap"": 2.5,\n                    ""sigma"": 0.5,\n                    ""speedDev"": 0.1,\n                    ""speedFactor"": 1.0,\n                    ""tau"": 1.0\n                },\n                ""speed_mode"": 1\n            },\n            ""initial_speed"": 0,\n            ""lane_change_controller"": [\n                ""SimLaneChangeController"",\n                {}\n            ],\n            ""lane_change_params"": {\n                ""controller_params"": {\n                    ""laneChangeModel"": ""LC2013"",\n                    ""lcCooperative"": ""1.0"",\n                    ""lcKeepRight"": ""1.0"",\n                    ""lcSpeedGain"": ""1.0"",\n                    ""lcStrategic"": ""1.0""\n                },\n                ""lane_change_mode"": 512\n            },\n            ""num_vehicles"": 13,\n            ""routing_controller"": [\n                ""ContinuousRouter"",\n                {}\n            ],\n            ""veh_id"": ""human""\n        },\n        {\n            ""acceleration_controller"": [\n                ""RLController"",\n                {}\n            ],\n            ""car_following_params"": {\n                ""controller_params"": {\n                    ""accel"": 1.0,\n                    ""carFollowModel"": ""IDM"",\n                    ""decel"": 1.5,\n                    ""impatience"": 0.5,\n                    ""maxSpeed"": 30,\n                    ""minGap"": 2.5,\n                    ""sigma"": 0.5,\n                    ""speedDev"": 0.1,\n                    ""speedFactor"": 1.0,\n                    ""tau"": 1.0\n                },\n                ""speed_mode"": 1\n            },\n            ""initial_speed"": 0,\n            ""lane_change_controller"": [\n                ""SimLaneChangeController"",\n                {}\n            ],\n            ""lane_change_params"": {\n                ""controller_params"": {\n                    ""laneChangeModel"": ""LC2013"",\n                    ""lcCooperative"": ""1.0"",\n                    ""lcKeepRight"": ""1.0"",\n                    ""lcSpeedGain"": ""1.0"",\n                    ""lcStrategic"": ""1.0""\n                },\n                ""lane_change_mode"": 512\n            },\n            ""num_vehicles"": 1,\n            ""routing_controller"": [\n                ""ContinuousRouter"",\n                {}\n            ],\n            ""veh_id"": ""rl""\n        }\n    ]\n}'}, 'env': 'AccelEnv-v0', 'local_evaluator_tf_session_args': {'inter_op_parallelism_threads': 8, 'intra_op_parallelism_threads': 8}, 'model': {'free_log_std': False, 'custom_options': {}, 'framestack': True, 'channel_major': False, 'max_seq_len': 20, 'lstm_use_prev_action_reward': False, 'squash_to_range': False, 'dim': 84, 'grayscale': False, 'fcnet_hiddens': [100, 50, 25], 'use_lstm': False, 'custom_model': None, 'fcnet_activation': 'tanh', 'conv_filters': None, 'conv_activation': 'relu', 'lstm_cell_size': 256, 'zero_mean': True, 'custom_preprocessor': None}, 'output_compress_columns': ['obs', 'new_obs'], 'monitor': False, 'custom_resources_per_worker': {}, 'output_max_file_size': 67108864, 'num_workers': 1, 'clip_param': 0.3, 'kl_coeff': 0.2, 'multiagent': {'policy_graphs': {}, 'policy_mapping_fn': None, 'policies_to_train': None}, 'input_evaluation': None, 'output': None, 'collect_metrics_timeout': 180, 'num_cpus_per_worker': 1}",169.237.32.118,2,1398.05,10.029237747192383,"{'num_steps_sampled': 470400, 'load_time_ms': 1.177, 'default': {'kl': 0.005303706508129835, 'cur_lr': 0.0005000000237487257, 'total_loss': 2.71809458732605, 'policy_loss': -0.00893868412822485, 'vf_explained_var': 0.8937251567840576, 'entropy': 1.8907171487808228, 'cur_kl_coeff': 0.3901185691356659, 'vf_loss': 2.724964141845703}, 'sample_time_ms': 9637.195, 'grad_time_ms': 268.686, 'update_time_ms': 4.563, 'num_steps_trained': 470400}",390.534087617452,2019-04-02_08-25-23,kronos,71,470400,0,2911.839175462723,{},470400,294,294,2911.839175462723,489.6167363388842,1600,1554193523,{},0b32d2eec3344b1fbde4822793b2e447,74.12204501234977
False,367,"{'input': 'sampler', 'callbacks': {'on_train_result': None, 'on_sample_end': None, 'on_episode_step': None, 'on_episode_start': None, 'on_episode_end': None}, 'sample_batch_size': 200, 'clip_actions': False, 'clip_rewards': None, 'tf_session_args': {'inter_op_parallelism_threads': 2, 'intra_op_parallelism_threads': 2, 'device_count': {'CPU': 1}, 'log_device_placement': False, 'allow_soft_placement': True, 'gpu_options': {'allow_growth': True}}, 'kl_target': 0.01, 'horizon': 1500, 'lr': 0.0005, 'sample_async': False, 'simple_optimizer': False, 'compress_observations': False, 'num_envs_per_worker': 1, 'gamma': 0.99, 'sgd_minibatch_size': 128, 'observation_filter': 'NoFilter', 'entropy_coeff': 0.0, 'batch_mode': 'truncate_episodes', 'straggler_mitigation': False, 'vf_share_layers': False, 'num_gpus': 0, 'synchronize_filters': True, 'num_sgd_iter': 10, 'train_batch_size': 1500, 'optimizer': {}, 'num_gpus_per_worker': 0, 'preprocessor_pref': 'deepmind', 'num_cpus_for_driver': 1, 'lr_schedule': None, 'use_gae': True, 'lambda': 0.97, 'vf_loss_coeff': 1.0, 'vf_clip_param': 1000000.0, 'log_level': 'INFO', 'env_config': {'run': 'PPO', 'flow_params': '{\n    ""env"": {\n        ""additional_params"": {\n            ""max_accel"": 3,\n            ""max_decel"": 3,\n            ""sort_vehicles"": false,\n            ""target_velocity"": 20\n        },\n        ""evaluate"": false,\n        ""horizon"": 1500,\n        ""sims_per_step"": 1,\n        ""warmup_steps"": 0\n    },\n    ""env_name"": ""AccelEnv"",\n    ""exp_tag"": ""figure_eight_0"",\n    ""initial"": {\n        ""additional_params"": {},\n        ""bunching"": 0,\n        ""edges_distribution"": ""all"",\n        ""lanes_distribution"": Infinity,\n        ""min_gap"": 0,\n        ""perturbation"": 0.0,\n        ""shuffle"": false,\n        ""spacing"": ""uniform"",\n        ""x0"": 0\n    },\n    ""net"": {\n        ""additional_params"": {\n            ""lanes"": 1,\n            ""radius_ring"": 30,\n            ""resolution"": 40,\n            ""speed_limit"": 30\n        },\n        ""inflows"": {\n            ""_InFlows__flows"": [],\n            ""num_flows"": 0\n        },\n        ""netfile"": null,\n        ""no_internal_links"": false,\n        ""osm_path"": null\n    },\n    ""scenario"": ""Figure8Scenario"",\n    ""sim"": {\n        ""emission_path"": null,\n        ""lateral_resolution"": null,\n        ""no_step_log"": true,\n        ""num_clients"": 1,\n        ""overtake_right"": false,\n        ""port"": null,\n        ""print_warnings"": true,\n        ""pxpm"": 2,\n        ""render"": false,\n        ""restart_instance"": false,\n        ""save_render"": false,\n        ""seed"": null,\n        ""show_radius"": false,\n        ""sight_radius"": 25,\n        ""sim_step"": 0.1,\n        ""teleport_time"": -1\n    },\n    ""simulator"": ""traci"",\n    ""veh"": [\n        {\n            ""acceleration_controller"": [\n                ""IDMController"",\n                {\n                    ""noise"": 0.2\n                }\n            ],\n            ""car_following_params"": {\n                ""controller_params"": {\n                    ""accel"": 1.0,\n                    ""carFollowModel"": ""IDM"",\n                    ""decel"": 1.5,\n                    ""impatience"": 0.5,\n                    ""maxSpeed"": 30,\n                    ""minGap"": 2.5,\n                    ""sigma"": 0.5,\n                    ""speedDev"": 0.1,\n                    ""speedFactor"": 1.0,\n                    ""tau"": 1.0\n                },\n                ""speed_mode"": 1\n            },\n            ""initial_speed"": 0,\n            ""lane_change_controller"": [\n                ""SimLaneChangeController"",\n                {}\n            ],\n            ""lane_change_params"": {\n                ""controller_params"": {\n                    ""laneChangeModel"": ""LC2013"",\n                    ""lcCooperative"": ""1.0"",\n                    ""lcKeepRight"": ""1.0"",\n                    ""lcSpeedGain"": ""1.0"",\n                    ""lcStrategic"": ""1.0""\n                },\n                ""lane_change_mode"": 512\n            },\n            ""num_vehicles"": 13,\n            ""routing_controller"": [\n                ""ContinuousRouter"",\n                {}\n            ],\n            ""veh_id"": ""human""\n        },\n        {\n            ""acceleration_controller"": [\n                ""RLController"",\n                {}\n            ],\n            ""car_following_params"": {\n                ""controller_params"": {\n                    ""accel"": 1.0,\n                    ""carFollowModel"": ""IDM"",\n                    ""decel"": 1.5,\n                    ""impatience"": 0.5,\n                    ""maxSpeed"": 30,\n                    ""minGap"": 2.5,\n                    ""sigma"": 0.5,\n                    ""speedDev"": 0.1,\n                    ""speedFactor"": 1.0,\n                    ""tau"": 1.0\n                },\n                ""speed_mode"": 1\n            },\n            ""initial_speed"": 0,\n            ""lane_change_controller"": [\n                ""SimLaneChangeController"",\n                {}\n            ],\n            ""lane_change_params"": {\n                ""controller_params"": {\n                    ""laneChangeModel"": ""LC2013"",\n                    ""lcCooperative"": ""1.0"",\n                    ""lcKeepRight"": ""1.0"",\n                    ""lcSpeedGain"": ""1.0"",\n                    ""lcStrategic"": ""1.0""\n                },\n                ""lane_change_mode"": 512\n            },\n            ""num_vehicles"": 1,\n            ""routing_controller"": [\n                ""ContinuousRouter"",\n                {}\n            ],\n            ""veh_id"": ""rl""\n        }\n    ]\n}'}, 'env': 'AccelEnv-v0', 'local_evaluator_tf_session_args': {'inter_op_parallelism_threads': 8, 'intra_op_parallelism_threads': 8}, 'model': {'free_log_std': False, 'custom_options': {}, 'framestack': True, 'channel_major': False, 'max_seq_len': 20, 'lstm_use_prev_action_reward': False, 'squash_to_range': False, 'dim': 84, 'grayscale': False, 'fcnet_hiddens': [100, 50, 25], 'use_lstm': False, 'custom_model': None, 'fcnet_activation': 'tanh', 'conv_filters': None, 'conv_activation': 'relu', 'lstm_cell_size': 256, 'zero_mean': True, 'custom_preprocessor': None}, 'output_compress_columns': ['obs', 'new_obs'], 'monitor': False, 'custom_resources_per_worker': {}, 'output_max_file_size': 67108864, 'num_workers': 1, 'clip_param': 0.3, 'kl_coeff': 0.2, 'multiagent': {'policy_graphs': {}, 'policy_mapping_fn': None, 'policies_to_train': None}, 'input_evaluation': None, 'output': None, 'collect_metrics_timeout': 180, 'num_cpus_per_worker': 1}",169.237.32.118,1,1398.05,9.9311203956604,"{'num_steps_sampled': 472000, 'load_time_ms': 1.204, 'default': {'kl': 0.010476718656718731, 'cur_lr': 0.0005000000237487257, 'total_loss': 0.3211055099964142, 'policy_loss': -0.018340641632676125, 'vf_explained_var': 0.9925806522369385, 'entropy': 1.8724255561828613, 'cur_kl_coeff': 0.3901185691356659, 'vf_loss': 0.33535897731781006}, 'sample_time_ms': 9652.158, 'grad_time_ms': 269.508, 'update_time_ms': 4.644, 'num_steps_trained': 472000}",390.5096428820336,2019-04-02_08-25-33,kronos,71,472000,0,2921.770295858383,{},472000,295,295,2921.770295858383,489.6167363388842,1600,1554193533,{},0b32d2eec3344b1fbde4822793b2e447,74.12204501234977
False,368,"{'input': 'sampler', 'callbacks': {'on_train_result': None, 'on_sample_end': None, 'on_episode_step': None, 'on_episode_start': None, 'on_episode_end': None}, 'sample_batch_size': 200, 'clip_actions': False, 'clip_rewards': None, 'tf_session_args': {'inter_op_parallelism_threads': 2, 'intra_op_parallelism_threads': 2, 'device_count': {'CPU': 1}, 'log_device_placement': False, 'allow_soft_placement': True, 'gpu_options': {'allow_growth': True}}, 'kl_target': 0.01, 'horizon': 1500, 'lr': 0.0005, 'sample_async': False, 'simple_optimizer': False, 'compress_observations': False, 'num_envs_per_worker': 1, 'gamma': 0.99, 'sgd_minibatch_size': 128, 'observation_filter': 'NoFilter', 'entropy_coeff': 0.0, 'batch_mode': 'truncate_episodes', 'straggler_mitigation': False, 'vf_share_layers': False, 'num_gpus': 0, 'synchronize_filters': True, 'num_sgd_iter': 10, 'train_batch_size': 1500, 'optimizer': {}, 'num_gpus_per_worker': 0, 'preprocessor_pref': 'deepmind', 'num_cpus_for_driver': 1, 'lr_schedule': None, 'use_gae': True, 'lambda': 0.97, 'vf_loss_coeff': 1.0, 'vf_clip_param': 1000000.0, 'log_level': 'INFO', 'env_config': {'run': 'PPO', 'flow_params': '{\n    ""env"": {\n        ""additional_params"": {\n            ""max_accel"": 3,\n            ""max_decel"": 3,\n            ""sort_vehicles"": false,\n            ""target_velocity"": 20\n        },\n        ""evaluate"": false,\n        ""horizon"": 1500,\n        ""sims_per_step"": 1,\n        ""warmup_steps"": 0\n    },\n    ""env_name"": ""AccelEnv"",\n    ""exp_tag"": ""figure_eight_0"",\n    ""initial"": {\n        ""additional_params"": {},\n        ""bunching"": 0,\n        ""edges_distribution"": ""all"",\n        ""lanes_distribution"": Infinity,\n        ""min_gap"": 0,\n        ""perturbation"": 0.0,\n        ""shuffle"": false,\n        ""spacing"": ""uniform"",\n        ""x0"": 0\n    },\n    ""net"": {\n        ""additional_params"": {\n            ""lanes"": 1,\n            ""radius_ring"": 30,\n            ""resolution"": 40,\n            ""speed_limit"": 30\n        },\n        ""inflows"": {\n            ""_InFlows__flows"": [],\n            ""num_flows"": 0\n        },\n        ""netfile"": null,\n        ""no_internal_links"": false,\n        ""osm_path"": null\n    },\n    ""scenario"": ""Figure8Scenario"",\n    ""sim"": {\n        ""emission_path"": null,\n        ""lateral_resolution"": null,\n        ""no_step_log"": true,\n        ""num_clients"": 1,\n        ""overtake_right"": false,\n        ""port"": null,\n        ""print_warnings"": true,\n        ""pxpm"": 2,\n        ""render"": false,\n        ""restart_instance"": false,\n        ""save_render"": false,\n        ""seed"": null,\n        ""show_radius"": false,\n        ""sight_radius"": 25,\n        ""sim_step"": 0.1,\n        ""teleport_time"": -1\n    },\n    ""simulator"": ""traci"",\n    ""veh"": [\n        {\n            ""acceleration_controller"": [\n                ""IDMController"",\n                {\n                    ""noise"": 0.2\n                }\n            ],\n            ""car_following_params"": {\n                ""controller_params"": {\n                    ""accel"": 1.0,\n                    ""carFollowModel"": ""IDM"",\n                    ""decel"": 1.5,\n                    ""impatience"": 0.5,\n                    ""maxSpeed"": 30,\n                    ""minGap"": 2.5,\n                    ""sigma"": 0.5,\n                    ""speedDev"": 0.1,\n                    ""speedFactor"": 1.0,\n                    ""tau"": 1.0\n                },\n                ""speed_mode"": 1\n            },\n            ""initial_speed"": 0,\n            ""lane_change_controller"": [\n                ""SimLaneChangeController"",\n                {}\n            ],\n            ""lane_change_params"": {\n                ""controller_params"": {\n                    ""laneChangeModel"": ""LC2013"",\n                    ""lcCooperative"": ""1.0"",\n                    ""lcKeepRight"": ""1.0"",\n                    ""lcSpeedGain"": ""1.0"",\n                    ""lcStrategic"": ""1.0""\n                },\n                ""lane_change_mode"": 512\n            },\n            ""num_vehicles"": 13,\n            ""routing_controller"": [\n                ""ContinuousRouter"",\n                {}\n            ],\n            ""veh_id"": ""human""\n        },\n        {\n            ""acceleration_controller"": [\n                ""RLController"",\n                {}\n            ],\n            ""car_following_params"": {\n                ""controller_params"": {\n                    ""accel"": 1.0,\n                    ""carFollowModel"": ""IDM"",\n                    ""decel"": 1.5,\n                    ""impatience"": 0.5,\n                    ""maxSpeed"": 30,\n                    ""minGap"": 2.5,\n                    ""sigma"": 0.5,\n                    ""speedDev"": 0.1,\n                    ""speedFactor"": 1.0,\n                    ""tau"": 1.0\n                },\n                ""speed_mode"": 1\n            },\n            ""initial_speed"": 0,\n            ""lane_change_controller"": [\n                ""SimLaneChangeController"",\n                {}\n            ],\n            ""lane_change_params"": {\n                ""controller_params"": {\n                    ""laneChangeModel"": ""LC2013"",\n                    ""lcCooperative"": ""1.0"",\n                    ""lcKeepRight"": ""1.0"",\n                    ""lcSpeedGain"": ""1.0"",\n                    ""lcStrategic"": ""1.0""\n                },\n                ""lane_change_mode"": 512\n            },\n            ""num_vehicles"": 1,\n            ""routing_controller"": [\n                ""ContinuousRouter"",\n                {}\n            ],\n            ""veh_id"": ""rl""\n        }\n    ]\n}'}, 'env': 'AccelEnv-v0', 'local_evaluator_tf_session_args': {'inter_op_parallelism_threads': 8, 'intra_op_parallelism_threads': 8}, 'model': {'free_log_std': False, 'custom_options': {}, 'framestack': True, 'channel_major': False, 'max_seq_len': 20, 'lstm_use_prev_action_reward': False, 'squash_to_range': False, 'dim': 84, 'grayscale': False, 'fcnet_hiddens': [100, 50, 25], 'use_lstm': False, 'custom_model': None, 'fcnet_activation': 'tanh', 'conv_filters': None, 'conv_activation': 'relu', 'lstm_cell_size': 256, 'zero_mean': True, 'custom_preprocessor': None}, 'output_compress_columns': ['obs', 'new_obs'], 'monitor': False, 'custom_resources_per_worker': {}, 'output_max_file_size': 67108864, 'num_workers': 1, 'clip_param': 0.3, 'kl_coeff': 0.2, 'multiagent': {'policy_graphs': {}, 'policy_mapping_fn': None, 'policies_to_train': None}, 'input_evaluation': None, 'output': None, 'collect_metrics_timeout': 180, 'num_cpus_per_worker': 1}",169.237.32.118,1,1400.6,9.724509000778198,"{'num_steps_sampled': 473600, 'load_time_ms': 1.212, 'default': {'kl': 0.019087741151452065, 'cur_lr': 0.0005000000237487257, 'total_loss': 0.6958004832267761, 'policy_loss': -0.02409648895263672, 'vf_explained_var': 0.9738519191741943, 'entropy': 1.8537687063217163, 'cur_kl_coeff': 0.3901185691356659, 'vf_loss': 0.7124505043029785}, 'sample_time_ms': 9640.181, 'grad_time_ms': 270.594, 'update_time_ms': 4.633, 'num_steps_trained': 473600}",391.6911616229139,2019-04-02_08-25-42,kronos,71,473600,0,2931.4948048591614,{},473600,296,296,2931.4948048591614,489.6167363388842,1600,1554193542,{},0b32d2eec3344b1fbde4822793b2e447,74.12204501234977
False,369,"{'input': 'sampler', 'callbacks': {'on_train_result': None, 'on_sample_end': None, 'on_episode_step': None, 'on_episode_start': None, 'on_episode_end': None}, 'sample_batch_size': 200, 'clip_actions': False, 'clip_rewards': None, 'tf_session_args': {'inter_op_parallelism_threads': 2, 'intra_op_parallelism_threads': 2, 'device_count': {'CPU': 1}, 'log_device_placement': False, 'allow_soft_placement': True, 'gpu_options': {'allow_growth': True}}, 'kl_target': 0.01, 'horizon': 1500, 'lr': 0.0005, 'sample_async': False, 'simple_optimizer': False, 'compress_observations': False, 'num_envs_per_worker': 1, 'gamma': 0.99, 'sgd_minibatch_size': 128, 'observation_filter': 'NoFilter', 'entropy_coeff': 0.0, 'batch_mode': 'truncate_episodes', 'straggler_mitigation': False, 'vf_share_layers': False, 'num_gpus': 0, 'synchronize_filters': True, 'num_sgd_iter': 10, 'train_batch_size': 1500, 'optimizer': {}, 'num_gpus_per_worker': 0, 'preprocessor_pref': 'deepmind', 'num_cpus_for_driver': 1, 'lr_schedule': None, 'use_gae': True, 'lambda': 0.97, 'vf_loss_coeff': 1.0, 'vf_clip_param': 1000000.0, 'log_level': 'INFO', 'env_config': {'run': 'PPO', 'flow_params': '{\n    ""env"": {\n        ""additional_params"": {\n            ""max_accel"": 3,\n            ""max_decel"": 3,\n            ""sort_vehicles"": false,\n            ""target_velocity"": 20\n        },\n        ""evaluate"": false,\n        ""horizon"": 1500,\n        ""sims_per_step"": 1,\n        ""warmup_steps"": 0\n    },\n    ""env_name"": ""AccelEnv"",\n    ""exp_tag"": ""figure_eight_0"",\n    ""initial"": {\n        ""additional_params"": {},\n        ""bunching"": 0,\n        ""edges_distribution"": ""all"",\n        ""lanes_distribution"": Infinity,\n        ""min_gap"": 0,\n        ""perturbation"": 0.0,\n        ""shuffle"": false,\n        ""spacing"": ""uniform"",\n        ""x0"": 0\n    },\n    ""net"": {\n        ""additional_params"": {\n            ""lanes"": 1,\n            ""radius_ring"": 30,\n            ""resolution"": 40,\n            ""speed_limit"": 30\n        },\n        ""inflows"": {\n            ""_InFlows__flows"": [],\n            ""num_flows"": 0\n        },\n        ""netfile"": null,\n        ""no_internal_links"": false,\n        ""osm_path"": null\n    },\n    ""scenario"": ""Figure8Scenario"",\n    ""sim"": {\n        ""emission_path"": null,\n        ""lateral_resolution"": null,\n        ""no_step_log"": true,\n        ""num_clients"": 1,\n        ""overtake_right"": false,\n        ""port"": null,\n        ""print_warnings"": true,\n        ""pxpm"": 2,\n        ""render"": false,\n        ""restart_instance"": false,\n        ""save_render"": false,\n        ""seed"": null,\n        ""show_radius"": false,\n        ""sight_radius"": 25,\n        ""sim_step"": 0.1,\n        ""teleport_time"": -1\n    },\n    ""simulator"": ""traci"",\n    ""veh"": [\n        {\n            ""acceleration_controller"": [\n                ""IDMController"",\n                {\n                    ""noise"": 0.2\n                }\n            ],\n            ""car_following_params"": {\n                ""controller_params"": {\n                    ""accel"": 1.0,\n                    ""carFollowModel"": ""IDM"",\n                    ""decel"": 1.5,\n                    ""impatience"": 0.5,\n                    ""maxSpeed"": 30,\n                    ""minGap"": 2.5,\n                    ""sigma"": 0.5,\n                    ""speedDev"": 0.1,\n                    ""speedFactor"": 1.0,\n                    ""tau"": 1.0\n                },\n                ""speed_mode"": 1\n            },\n            ""initial_speed"": 0,\n            ""lane_change_controller"": [\n                ""SimLaneChangeController"",\n                {}\n            ],\n            ""lane_change_params"": {\n                ""controller_params"": {\n                    ""laneChangeModel"": ""LC2013"",\n                    ""lcCooperative"": ""1.0"",\n                    ""lcKeepRight"": ""1.0"",\n                    ""lcSpeedGain"": ""1.0"",\n                    ""lcStrategic"": ""1.0""\n                },\n                ""lane_change_mode"": 512\n            },\n            ""num_vehicles"": 13,\n            ""routing_controller"": [\n                ""ContinuousRouter"",\n                {}\n            ],\n            ""veh_id"": ""human""\n        },\n        {\n            ""acceleration_controller"": [\n                ""RLController"",\n                {}\n            ],\n            ""car_following_params"": {\n                ""controller_params"": {\n                    ""accel"": 1.0,\n                    ""carFollowModel"": ""IDM"",\n                    ""decel"": 1.5,\n                    ""impatience"": 0.5,\n                    ""maxSpeed"": 30,\n                    ""minGap"": 2.5,\n                    ""sigma"": 0.5,\n                    ""speedDev"": 0.1,\n                    ""speedFactor"": 1.0,\n                    ""tau"": 1.0\n                },\n                ""speed_mode"": 1\n            },\n            ""initial_speed"": 0,\n            ""lane_change_controller"": [\n                ""SimLaneChangeController"",\n                {}\n            ],\n            ""lane_change_params"": {\n                ""controller_params"": {\n                    ""laneChangeModel"": ""LC2013"",\n                    ""lcCooperative"": ""1.0"",\n                    ""lcKeepRight"": ""1.0"",\n                    ""lcSpeedGain"": ""1.0"",\n                    ""lcStrategic"": ""1.0""\n                },\n                ""lane_change_mode"": 512\n            },\n            ""num_vehicles"": 1,\n            ""routing_controller"": [\n                ""ContinuousRouter"",\n                {}\n            ],\n            ""veh_id"": ""rl""\n        }\n    ]\n}'}, 'env': 'AccelEnv-v0', 'local_evaluator_tf_session_args': {'inter_op_parallelism_threads': 8, 'intra_op_parallelism_threads': 8}, 'model': {'free_log_std': False, 'custom_options': {}, 'framestack': True, 'channel_major': False, 'max_seq_len': 20, 'lstm_use_prev_action_reward': False, 'squash_to_range': False, 'dim': 84, 'grayscale': False, 'fcnet_hiddens': [100, 50, 25], 'use_lstm': False, 'custom_model': None, 'fcnet_activation': 'tanh', 'conv_filters': None, 'conv_activation': 'relu', 'lstm_cell_size': 256, 'zero_mean': True, 'custom_preprocessor': None}, 'output_compress_columns': ['obs', 'new_obs'], 'monitor': False, 'custom_resources_per_worker': {}, 'output_max_file_size': 67108864, 'num_workers': 1, 'clip_param': 0.3, 'kl_coeff': 0.2, 'multiagent': {'policy_graphs': {}, 'policy_mapping_fn': None, 'policies_to_train': None}, 'input_evaluation': None, 'output': None, 'collect_metrics_timeout': 180, 'num_cpus_per_worker': 1}",169.237.32.118,1,1400.6,9.815765619277954,"{'num_steps_sampled': 475200, 'load_time_ms': 1.223, 'default': {'kl': 0.010117889381945133, 'cur_lr': 0.0005000000237487257, 'total_loss': 0.735466718673706, 'policy_loss': -0.007357934024184942, 'vf_explained_var': 0.960568368434906, 'entropy': 1.8498096466064453, 'cur_kl_coeff': 0.3901185691356659, 'vf_loss': 0.7388774752616882}, 'sample_time_ms': 9627.657, 'grad_time_ms': 270.839, 'update_time_ms': 4.488, 'num_steps_trained': 475200}",391.53057052173403,2019-04-02_08-25-52,kronos,71,475200,0,2941.3105704784393,{},475200,297,297,2941.3105704784393,489.6167363388842,1600,1554193552,{},0b32d2eec3344b1fbde4822793b2e447,74.12204501234977
False,370,"{'input': 'sampler', 'callbacks': {'on_train_result': None, 'on_sample_end': None, 'on_episode_step': None, 'on_episode_start': None, 'on_episode_end': None}, 'sample_batch_size': 200, 'clip_actions': False, 'clip_rewards': None, 'tf_session_args': {'inter_op_parallelism_threads': 2, 'intra_op_parallelism_threads': 2, 'device_count': {'CPU': 1}, 'log_device_placement': False, 'allow_soft_placement': True, 'gpu_options': {'allow_growth': True}}, 'kl_target': 0.01, 'horizon': 1500, 'lr': 0.0005, 'sample_async': False, 'simple_optimizer': False, 'compress_observations': False, 'num_envs_per_worker': 1, 'gamma': 0.99, 'sgd_minibatch_size': 128, 'observation_filter': 'NoFilter', 'entropy_coeff': 0.0, 'batch_mode': 'truncate_episodes', 'straggler_mitigation': False, 'vf_share_layers': False, 'num_gpus': 0, 'synchronize_filters': True, 'num_sgd_iter': 10, 'train_batch_size': 1500, 'optimizer': {}, 'num_gpus_per_worker': 0, 'preprocessor_pref': 'deepmind', 'num_cpus_for_driver': 1, 'lr_schedule': None, 'use_gae': True, 'lambda': 0.97, 'vf_loss_coeff': 1.0, 'vf_clip_param': 1000000.0, 'log_level': 'INFO', 'env_config': {'run': 'PPO', 'flow_params': '{\n    ""env"": {\n        ""additional_params"": {\n            ""max_accel"": 3,\n            ""max_decel"": 3,\n            ""sort_vehicles"": false,\n            ""target_velocity"": 20\n        },\n        ""evaluate"": false,\n        ""horizon"": 1500,\n        ""sims_per_step"": 1,\n        ""warmup_steps"": 0\n    },\n    ""env_name"": ""AccelEnv"",\n    ""exp_tag"": ""figure_eight_0"",\n    ""initial"": {\n        ""additional_params"": {},\n        ""bunching"": 0,\n        ""edges_distribution"": ""all"",\n        ""lanes_distribution"": Infinity,\n        ""min_gap"": 0,\n        ""perturbation"": 0.0,\n        ""shuffle"": false,\n        ""spacing"": ""uniform"",\n        ""x0"": 0\n    },\n    ""net"": {\n        ""additional_params"": {\n            ""lanes"": 1,\n            ""radius_ring"": 30,\n            ""resolution"": 40,\n            ""speed_limit"": 30\n        },\n        ""inflows"": {\n            ""_InFlows__flows"": [],\n            ""num_flows"": 0\n        },\n        ""netfile"": null,\n        ""no_internal_links"": false,\n        ""osm_path"": null\n    },\n    ""scenario"": ""Figure8Scenario"",\n    ""sim"": {\n        ""emission_path"": null,\n        ""lateral_resolution"": null,\n        ""no_step_log"": true,\n        ""num_clients"": 1,\n        ""overtake_right"": false,\n        ""port"": null,\n        ""print_warnings"": true,\n        ""pxpm"": 2,\n        ""render"": false,\n        ""restart_instance"": false,\n        ""save_render"": false,\n        ""seed"": null,\n        ""show_radius"": false,\n        ""sight_radius"": 25,\n        ""sim_step"": 0.1,\n        ""teleport_time"": -1\n    },\n    ""simulator"": ""traci"",\n    ""veh"": [\n        {\n            ""acceleration_controller"": [\n                ""IDMController"",\n                {\n                    ""noise"": 0.2\n                }\n            ],\n            ""car_following_params"": {\n                ""controller_params"": {\n                    ""accel"": 1.0,\n                    ""carFollowModel"": ""IDM"",\n                    ""decel"": 1.5,\n                    ""impatience"": 0.5,\n                    ""maxSpeed"": 30,\n                    ""minGap"": 2.5,\n                    ""sigma"": 0.5,\n                    ""speedDev"": 0.1,\n                    ""speedFactor"": 1.0,\n                    ""tau"": 1.0\n                },\n                ""speed_mode"": 1\n            },\n            ""initial_speed"": 0,\n            ""lane_change_controller"": [\n                ""SimLaneChangeController"",\n                {}\n            ],\n            ""lane_change_params"": {\n                ""controller_params"": {\n                    ""laneChangeModel"": ""LC2013"",\n                    ""lcCooperative"": ""1.0"",\n                    ""lcKeepRight"": ""1.0"",\n                    ""lcSpeedGain"": ""1.0"",\n                    ""lcStrategic"": ""1.0""\n                },\n                ""lane_change_mode"": 512\n            },\n            ""num_vehicles"": 13,\n            ""routing_controller"": [\n                ""ContinuousRouter"",\n                {}\n            ],\n            ""veh_id"": ""human""\n        },\n        {\n            ""acceleration_controller"": [\n                ""RLController"",\n                {}\n            ],\n            ""car_following_params"": {\n                ""controller_params"": {\n                    ""accel"": 1.0,\n                    ""carFollowModel"": ""IDM"",\n                    ""decel"": 1.5,\n                    ""impatience"": 0.5,\n                    ""maxSpeed"": 30,\n                    ""minGap"": 2.5,\n                    ""sigma"": 0.5,\n                    ""speedDev"": 0.1,\n                    ""speedFactor"": 1.0,\n                    ""tau"": 1.0\n                },\n                ""speed_mode"": 1\n            },\n            ""initial_speed"": 0,\n            ""lane_change_controller"": [\n                ""SimLaneChangeController"",\n                {}\n            ],\n            ""lane_change_params"": {\n                ""controller_params"": {\n                    ""laneChangeModel"": ""LC2013"",\n                    ""lcCooperative"": ""1.0"",\n                    ""lcKeepRight"": ""1.0"",\n                    ""lcSpeedGain"": ""1.0"",\n                    ""lcStrategic"": ""1.0""\n                },\n                ""lane_change_mode"": 512\n            },\n            ""num_vehicles"": 1,\n            ""routing_controller"": [\n                ""ContinuousRouter"",\n                {}\n            ],\n            ""veh_id"": ""rl""\n        }\n    ]\n}'}, 'env': 'AccelEnv-v0', 'local_evaluator_tf_session_args': {'inter_op_parallelism_threads': 8, 'intra_op_parallelism_threads': 8}, 'model': {'free_log_std': False, 'custom_options': {}, 'framestack': True, 'channel_major': False, 'max_seq_len': 20, 'lstm_use_prev_action_reward': False, 'squash_to_range': False, 'dim': 84, 'grayscale': False, 'fcnet_hiddens': [100, 50, 25], 'use_lstm': False, 'custom_model': None, 'fcnet_activation': 'tanh', 'conv_filters': None, 'conv_activation': 'relu', 'lstm_cell_size': 256, 'zero_mean': True, 'custom_preprocessor': None}, 'output_compress_columns': ['obs', 'new_obs'], 'monitor': False, 'custom_resources_per_worker': {}, 'output_max_file_size': 67108864, 'num_workers': 1, 'clip_param': 0.3, 'kl_coeff': 0.2, 'multiagent': {'policy_graphs': {}, 'policy_mapping_fn': None, 'policies_to_train': None}, 'input_evaluation': None, 'output': None, 'collect_metrics_timeout': 180, 'num_cpus_per_worker': 1}",169.237.32.118,1,1400.6,9.912721395492554,"{'num_steps_sampled': 476800, 'load_time_ms': 1.238, 'default': {'kl': 0.010791946202516556, 'cur_lr': 0.0005000000237487257, 'total_loss': 1.5800541639328003, 'policy_loss': -0.021788274869322777, 'vf_explained_var': 0.9235736727714539, 'entropy': 1.9068570137023926, 'cur_kl_coeff': 0.3901185691356659, 'vf_loss': 1.5976322889328003}, 'sample_time_ms': 9623.328, 'grad_time_ms': 273.491, 'update_time_ms': 4.502, 'num_steps_trained': 476800}",391.9604608310793,2019-04-02_08-26-02,kronos,71,476800,0,2951.223291873932,{},476800,298,298,2951.223291873932,489.6167363388842,1600,1554193562,{},0b32d2eec3344b1fbde4822793b2e447,74.12204501234977
False,371,"{'input': 'sampler', 'callbacks': {'on_train_result': None, 'on_sample_end': None, 'on_episode_step': None, 'on_episode_start': None, 'on_episode_end': None}, 'sample_batch_size': 200, 'clip_actions': False, 'clip_rewards': None, 'tf_session_args': {'inter_op_parallelism_threads': 2, 'intra_op_parallelism_threads': 2, 'device_count': {'CPU': 1}, 'log_device_placement': False, 'allow_soft_placement': True, 'gpu_options': {'allow_growth': True}}, 'kl_target': 0.01, 'horizon': 1500, 'lr': 0.0005, 'sample_async': False, 'simple_optimizer': False, 'compress_observations': False, 'num_envs_per_worker': 1, 'gamma': 0.99, 'sgd_minibatch_size': 128, 'observation_filter': 'NoFilter', 'entropy_coeff': 0.0, 'batch_mode': 'truncate_episodes', 'straggler_mitigation': False, 'vf_share_layers': False, 'num_gpus': 0, 'synchronize_filters': True, 'num_sgd_iter': 10, 'train_batch_size': 1500, 'optimizer': {}, 'num_gpus_per_worker': 0, 'preprocessor_pref': 'deepmind', 'num_cpus_for_driver': 1, 'lr_schedule': None, 'use_gae': True, 'lambda': 0.97, 'vf_loss_coeff': 1.0, 'vf_clip_param': 1000000.0, 'log_level': 'INFO', 'env_config': {'run': 'PPO', 'flow_params': '{\n    ""env"": {\n        ""additional_params"": {\n            ""max_accel"": 3,\n            ""max_decel"": 3,\n            ""sort_vehicles"": false,\n            ""target_velocity"": 20\n        },\n        ""evaluate"": false,\n        ""horizon"": 1500,\n        ""sims_per_step"": 1,\n        ""warmup_steps"": 0\n    },\n    ""env_name"": ""AccelEnv"",\n    ""exp_tag"": ""figure_eight_0"",\n    ""initial"": {\n        ""additional_params"": {},\n        ""bunching"": 0,\n        ""edges_distribution"": ""all"",\n        ""lanes_distribution"": Infinity,\n        ""min_gap"": 0,\n        ""perturbation"": 0.0,\n        ""shuffle"": false,\n        ""spacing"": ""uniform"",\n        ""x0"": 0\n    },\n    ""net"": {\n        ""additional_params"": {\n            ""lanes"": 1,\n            ""radius_ring"": 30,\n            ""resolution"": 40,\n            ""speed_limit"": 30\n        },\n        ""inflows"": {\n            ""_InFlows__flows"": [],\n            ""num_flows"": 0\n        },\n        ""netfile"": null,\n        ""no_internal_links"": false,\n        ""osm_path"": null\n    },\n    ""scenario"": ""Figure8Scenario"",\n    ""sim"": {\n        ""emission_path"": null,\n        ""lateral_resolution"": null,\n        ""no_step_log"": true,\n        ""num_clients"": 1,\n        ""overtake_right"": false,\n        ""port"": null,\n        ""print_warnings"": true,\n        ""pxpm"": 2,\n        ""render"": false,\n        ""restart_instance"": false,\n        ""save_render"": false,\n        ""seed"": null,\n        ""show_radius"": false,\n        ""sight_radius"": 25,\n        ""sim_step"": 0.1,\n        ""teleport_time"": -1\n    },\n    ""simulator"": ""traci"",\n    ""veh"": [\n        {\n            ""acceleration_controller"": [\n                ""IDMController"",\n                {\n                    ""noise"": 0.2\n                }\n            ],\n            ""car_following_params"": {\n                ""controller_params"": {\n                    ""accel"": 1.0,\n                    ""carFollowModel"": ""IDM"",\n                    ""decel"": 1.5,\n                    ""impatience"": 0.5,\n                    ""maxSpeed"": 30,\n                    ""minGap"": 2.5,\n                    ""sigma"": 0.5,\n                    ""speedDev"": 0.1,\n                    ""speedFactor"": 1.0,\n                    ""tau"": 1.0\n                },\n                ""speed_mode"": 1\n            },\n            ""initial_speed"": 0,\n            ""lane_change_controller"": [\n                ""SimLaneChangeController"",\n                {}\n            ],\n            ""lane_change_params"": {\n                ""controller_params"": {\n                    ""laneChangeModel"": ""LC2013"",\n                    ""lcCooperative"": ""1.0"",\n                    ""lcKeepRight"": ""1.0"",\n                    ""lcSpeedGain"": ""1.0"",\n                    ""lcStrategic"": ""1.0""\n                },\n                ""lane_change_mode"": 512\n            },\n            ""num_vehicles"": 13,\n            ""routing_controller"": [\n                ""ContinuousRouter"",\n                {}\n            ],\n            ""veh_id"": ""human""\n        },\n        {\n            ""acceleration_controller"": [\n                ""RLController"",\n                {}\n            ],\n            ""car_following_params"": {\n                ""controller_params"": {\n                    ""accel"": 1.0,\n                    ""carFollowModel"": ""IDM"",\n                    ""decel"": 1.5,\n                    ""impatience"": 0.5,\n                    ""maxSpeed"": 30,\n                    ""minGap"": 2.5,\n                    ""sigma"": 0.5,\n                    ""speedDev"": 0.1,\n                    ""speedFactor"": 1.0,\n                    ""tau"": 1.0\n                },\n                ""speed_mode"": 1\n            },\n            ""initial_speed"": 0,\n            ""lane_change_controller"": [\n                ""SimLaneChangeController"",\n                {}\n            ],\n            ""lane_change_params"": {\n                ""controller_params"": {\n                    ""laneChangeModel"": ""LC2013"",\n                    ""lcCooperative"": ""1.0"",\n                    ""lcKeepRight"": ""1.0"",\n                    ""lcSpeedGain"": ""1.0"",\n                    ""lcStrategic"": ""1.0""\n                },\n                ""lane_change_mode"": 512\n            },\n            ""num_vehicles"": 1,\n            ""routing_controller"": [\n                ""ContinuousRouter"",\n                {}\n            ],\n            ""veh_id"": ""rl""\n        }\n    ]\n}'}, 'env': 'AccelEnv-v0', 'local_evaluator_tf_session_args': {'inter_op_parallelism_threads': 8, 'intra_op_parallelism_threads': 8}, 'model': {'free_log_std': False, 'custom_options': {}, 'framestack': True, 'channel_major': False, 'max_seq_len': 20, 'lstm_use_prev_action_reward': False, 'squash_to_range': False, 'dim': 84, 'grayscale': False, 'fcnet_hiddens': [100, 50, 25], 'use_lstm': False, 'custom_model': None, 'fcnet_activation': 'tanh', 'conv_filters': None, 'conv_activation': 'relu', 'lstm_cell_size': 256, 'zero_mean': True, 'custom_preprocessor': None}, 'output_compress_columns': ['obs', 'new_obs'], 'monitor': False, 'custom_resources_per_worker': {}, 'output_max_file_size': 67108864, 'num_workers': 1, 'clip_param': 0.3, 'kl_coeff': 0.2, 'multiagent': {'policy_graphs': {}, 'policy_mapping_fn': None, 'policies_to_train': None}, 'input_evaluation': None, 'output': None, 'collect_metrics_timeout': 180, 'num_cpus_per_worker': 1}",169.237.32.118,1,1402.59,9.922051191329956,"{'num_steps_sampled': 478400, 'load_time_ms': 1.237, 'default': {'kl': 0.012752612121403217, 'cur_lr': 0.0005000000237487257, 'total_loss': 0.3888069689273834, 'policy_loss': -0.010489256121218204, 'vf_explained_var': 0.979118287563324, 'entropy': 1.8405934572219849, 'cur_kl_coeff': 0.3901185691356659, 'vf_loss': 0.3943212330341339}, 'sample_time_ms': 9626.703, 'grad_time_ms': 276.087, 'update_time_ms': 4.689, 'num_steps_trained': 478400}",392.5793929889817,2019-04-02_08-26-12,kronos,71,478400,0,2961.145343065262,{},478400,299,299,2961.145343065262,489.6167363388842,1600,1554193572,{},0b32d2eec3344b1fbde4822793b2e447,74.12204501234977
False,372,"{'input': 'sampler', 'callbacks': {'on_train_result': None, 'on_sample_end': None, 'on_episode_step': None, 'on_episode_start': None, 'on_episode_end': None}, 'sample_batch_size': 200, 'clip_actions': False, 'clip_rewards': None, 'tf_session_args': {'inter_op_parallelism_threads': 2, 'intra_op_parallelism_threads': 2, 'device_count': {'CPU': 1}, 'log_device_placement': False, 'allow_soft_placement': True, 'gpu_options': {'allow_growth': True}}, 'kl_target': 0.01, 'horizon': 1500, 'lr': 0.0005, 'sample_async': False, 'simple_optimizer': False, 'compress_observations': False, 'num_envs_per_worker': 1, 'gamma': 0.99, 'sgd_minibatch_size': 128, 'observation_filter': 'NoFilter', 'entropy_coeff': 0.0, 'batch_mode': 'truncate_episodes', 'straggler_mitigation': False, 'vf_share_layers': False, 'num_gpus': 0, 'synchronize_filters': True, 'num_sgd_iter': 10, 'train_batch_size': 1500, 'optimizer': {}, 'num_gpus_per_worker': 0, 'preprocessor_pref': 'deepmind', 'num_cpus_for_driver': 1, 'lr_schedule': None, 'use_gae': True, 'lambda': 0.97, 'vf_loss_coeff': 1.0, 'vf_clip_param': 1000000.0, 'log_level': 'INFO', 'env_config': {'run': 'PPO', 'flow_params': '{\n    ""env"": {\n        ""additional_params"": {\n            ""max_accel"": 3,\n            ""max_decel"": 3,\n            ""sort_vehicles"": false,\n            ""target_velocity"": 20\n        },\n        ""evaluate"": false,\n        ""horizon"": 1500,\n        ""sims_per_step"": 1,\n        ""warmup_steps"": 0\n    },\n    ""env_name"": ""AccelEnv"",\n    ""exp_tag"": ""figure_eight_0"",\n    ""initial"": {\n        ""additional_params"": {},\n        ""bunching"": 0,\n        ""edges_distribution"": ""all"",\n        ""lanes_distribution"": Infinity,\n        ""min_gap"": 0,\n        ""perturbation"": 0.0,\n        ""shuffle"": false,\n        ""spacing"": ""uniform"",\n        ""x0"": 0\n    },\n    ""net"": {\n        ""additional_params"": {\n            ""lanes"": 1,\n            ""radius_ring"": 30,\n            ""resolution"": 40,\n            ""speed_limit"": 30\n        },\n        ""inflows"": {\n            ""_InFlows__flows"": [],\n            ""num_flows"": 0\n        },\n        ""netfile"": null,\n        ""no_internal_links"": false,\n        ""osm_path"": null\n    },\n    ""scenario"": ""Figure8Scenario"",\n    ""sim"": {\n        ""emission_path"": null,\n        ""lateral_resolution"": null,\n        ""no_step_log"": true,\n        ""num_clients"": 1,\n        ""overtake_right"": false,\n        ""port"": null,\n        ""print_warnings"": true,\n        ""pxpm"": 2,\n        ""render"": false,\n        ""restart_instance"": false,\n        ""save_render"": false,\n        ""seed"": null,\n        ""show_radius"": false,\n        ""sight_radius"": 25,\n        ""sim_step"": 0.1,\n        ""teleport_time"": -1\n    },\n    ""simulator"": ""traci"",\n    ""veh"": [\n        {\n            ""acceleration_controller"": [\n                ""IDMController"",\n                {\n                    ""noise"": 0.2\n                }\n            ],\n            ""car_following_params"": {\n                ""controller_params"": {\n                    ""accel"": 1.0,\n                    ""carFollowModel"": ""IDM"",\n                    ""decel"": 1.5,\n                    ""impatience"": 0.5,\n                    ""maxSpeed"": 30,\n                    ""minGap"": 2.5,\n                    ""sigma"": 0.5,\n                    ""speedDev"": 0.1,\n                    ""speedFactor"": 1.0,\n                    ""tau"": 1.0\n                },\n                ""speed_mode"": 1\n            },\n            ""initial_speed"": 0,\n            ""lane_change_controller"": [\n                ""SimLaneChangeController"",\n                {}\n            ],\n            ""lane_change_params"": {\n                ""controller_params"": {\n                    ""laneChangeModel"": ""LC2013"",\n                    ""lcCooperative"": ""1.0"",\n                    ""lcKeepRight"": ""1.0"",\n                    ""lcSpeedGain"": ""1.0"",\n                    ""lcStrategic"": ""1.0""\n                },\n                ""lane_change_mode"": 512\n            },\n            ""num_vehicles"": 13,\n            ""routing_controller"": [\n                ""ContinuousRouter"",\n                {}\n            ],\n            ""veh_id"": ""human""\n        },\n        {\n            ""acceleration_controller"": [\n                ""RLController"",\n                {}\n            ],\n            ""car_following_params"": {\n                ""controller_params"": {\n                    ""accel"": 1.0,\n                    ""carFollowModel"": ""IDM"",\n                    ""decel"": 1.5,\n                    ""impatience"": 0.5,\n                    ""maxSpeed"": 30,\n                    ""minGap"": 2.5,\n                    ""sigma"": 0.5,\n                    ""speedDev"": 0.1,\n                    ""speedFactor"": 1.0,\n                    ""tau"": 1.0\n                },\n                ""speed_mode"": 1\n            },\n            ""initial_speed"": 0,\n            ""lane_change_controller"": [\n                ""SimLaneChangeController"",\n                {}\n            ],\n            ""lane_change_params"": {\n                ""controller_params"": {\n                    ""laneChangeModel"": ""LC2013"",\n                    ""lcCooperative"": ""1.0"",\n                    ""lcKeepRight"": ""1.0"",\n                    ""lcSpeedGain"": ""1.0"",\n                    ""lcStrategic"": ""1.0""\n                },\n                ""lane_change_mode"": 512\n            },\n            ""num_vehicles"": 1,\n            ""routing_controller"": [\n                ""ContinuousRouter"",\n                {}\n            ],\n            ""veh_id"": ""rl""\n        }\n    ]\n}'}, 'env': 'AccelEnv-v0', 'local_evaluator_tf_session_args': {'inter_op_parallelism_threads': 8, 'intra_op_parallelism_threads': 8}, 'model': {'free_log_std': False, 'custom_options': {}, 'framestack': True, 'channel_major': False, 'max_seq_len': 20, 'lstm_use_prev_action_reward': False, 'squash_to_range': False, 'dim': 84, 'grayscale': False, 'fcnet_hiddens': [100, 50, 25], 'use_lstm': False, 'custom_model': None, 'fcnet_activation': 'tanh', 'conv_filters': None, 'conv_activation': 'relu', 'lstm_cell_size': 256, 'zero_mean': True, 'custom_preprocessor': None}, 'output_compress_columns': ['obs', 'new_obs'], 'monitor': False, 'custom_resources_per_worker': {}, 'output_max_file_size': 67108864, 'num_workers': 1, 'clip_param': 0.3, 'kl_coeff': 0.2, 'multiagent': {'policy_graphs': {}, 'policy_mapping_fn': None, 'policies_to_train': None}, 'input_evaluation': None, 'output': None, 'collect_metrics_timeout': 180, 'num_cpus_per_worker': 1}",169.237.32.118,1,1410.28,9.711441278457642,"{'num_steps_sampled': 480000, 'load_time_ms': 1.207, 'default': {'kl': 0.009896902367472649, 'cur_lr': 0.0005000000237487257, 'total_loss': 0.9398675560951233, 'policy_loss': -0.009727533906698227, 'vf_explained_var': 0.9558538794517517, 'entropy': 2.050112009048462, 'cur_kl_coeff': 0.3901185691356659, 'vf_loss': 0.9457340836524963}, 'sample_time_ms': 9600.45, 'grad_time_ms': 276.52, 'update_time_ms': 4.705, 'num_steps_trained': 480000}",394.5863159964523,2019-04-02_08-26-22,kronos,71,480000,0,2970.8567843437195,{},480000,300,300,2970.8567843437195,489.6167363388842,1600,1554193582,{},0b32d2eec3344b1fbde4822793b2e447,76.13317753816878
False,374,"{'input': 'sampler', 'callbacks': {'on_train_result': None, 'on_sample_end': None, 'on_episode_step': None, 'on_episode_start': None, 'on_episode_end': None}, 'sample_batch_size': 200, 'clip_actions': False, 'clip_rewards': None, 'tf_session_args': {'inter_op_parallelism_threads': 2, 'intra_op_parallelism_threads': 2, 'device_count': {'CPU': 1}, 'log_device_placement': False, 'allow_soft_placement': True, 'gpu_options': {'allow_growth': True}}, 'kl_target': 0.01, 'horizon': 1500, 'lr': 0.0005, 'sample_async': False, 'simple_optimizer': False, 'compress_observations': False, 'num_envs_per_worker': 1, 'gamma': 0.99, 'sgd_minibatch_size': 128, 'observation_filter': 'NoFilter', 'entropy_coeff': 0.0, 'batch_mode': 'truncate_episodes', 'straggler_mitigation': False, 'vf_share_layers': False, 'num_gpus': 0, 'synchronize_filters': True, 'num_sgd_iter': 10, 'train_batch_size': 1500, 'optimizer': {}, 'num_gpus_per_worker': 0, 'preprocessor_pref': 'deepmind', 'num_cpus_for_driver': 1, 'lr_schedule': None, 'use_gae': True, 'lambda': 0.97, 'vf_loss_coeff': 1.0, 'vf_clip_param': 1000000.0, 'log_level': 'INFO', 'env_config': {'run': 'PPO', 'flow_params': '{\n    ""env"": {\n        ""additional_params"": {\n            ""max_accel"": 3,\n            ""max_decel"": 3,\n            ""sort_vehicles"": false,\n            ""target_velocity"": 20\n        },\n        ""evaluate"": false,\n        ""horizon"": 1500,\n        ""sims_per_step"": 1,\n        ""warmup_steps"": 0\n    },\n    ""env_name"": ""AccelEnv"",\n    ""exp_tag"": ""figure_eight_0"",\n    ""initial"": {\n        ""additional_params"": {},\n        ""bunching"": 0,\n        ""edges_distribution"": ""all"",\n        ""lanes_distribution"": Infinity,\n        ""min_gap"": 0,\n        ""perturbation"": 0.0,\n        ""shuffle"": false,\n        ""spacing"": ""uniform"",\n        ""x0"": 0\n    },\n    ""net"": {\n        ""additional_params"": {\n            ""lanes"": 1,\n            ""radius_ring"": 30,\n            ""resolution"": 40,\n            ""speed_limit"": 30\n        },\n        ""inflows"": {\n            ""_InFlows__flows"": [],\n            ""num_flows"": 0\n        },\n        ""netfile"": null,\n        ""no_internal_links"": false,\n        ""osm_path"": null\n    },\n    ""scenario"": ""Figure8Scenario"",\n    ""sim"": {\n        ""emission_path"": null,\n        ""lateral_resolution"": null,\n        ""no_step_log"": true,\n        ""num_clients"": 1,\n        ""overtake_right"": false,\n        ""port"": null,\n        ""print_warnings"": true,\n        ""pxpm"": 2,\n        ""render"": false,\n        ""restart_instance"": false,\n        ""save_render"": false,\n        ""seed"": null,\n        ""show_radius"": false,\n        ""sight_radius"": 25,\n        ""sim_step"": 0.1,\n        ""teleport_time"": -1\n    },\n    ""simulator"": ""traci"",\n    ""veh"": [\n        {\n            ""acceleration_controller"": [\n                ""IDMController"",\n                {\n                    ""noise"": 0.2\n                }\n            ],\n            ""car_following_params"": {\n                ""controller_params"": {\n                    ""accel"": 1.0,\n                    ""carFollowModel"": ""IDM"",\n                    ""decel"": 1.5,\n                    ""impatience"": 0.5,\n                    ""maxSpeed"": 30,\n                    ""minGap"": 2.5,\n                    ""sigma"": 0.5,\n                    ""speedDev"": 0.1,\n                    ""speedFactor"": 1.0,\n                    ""tau"": 1.0\n                },\n                ""speed_mode"": 1\n            },\n            ""initial_speed"": 0,\n            ""lane_change_controller"": [\n                ""SimLaneChangeController"",\n                {}\n            ],\n            ""lane_change_params"": {\n                ""controller_params"": {\n                    ""laneChangeModel"": ""LC2013"",\n                    ""lcCooperative"": ""1.0"",\n                    ""lcKeepRight"": ""1.0"",\n                    ""lcSpeedGain"": ""1.0"",\n                    ""lcStrategic"": ""1.0""\n                },\n                ""lane_change_mode"": 512\n            },\n            ""num_vehicles"": 13,\n            ""routing_controller"": [\n                ""ContinuousRouter"",\n                {}\n            ],\n            ""veh_id"": ""human""\n        },\n        {\n            ""acceleration_controller"": [\n                ""RLController"",\n                {}\n            ],\n            ""car_following_params"": {\n                ""controller_params"": {\n                    ""accel"": 1.0,\n                    ""carFollowModel"": ""IDM"",\n                    ""decel"": 1.5,\n                    ""impatience"": 0.5,\n                    ""maxSpeed"": 30,\n                    ""minGap"": 2.5,\n                    ""sigma"": 0.5,\n                    ""speedDev"": 0.1,\n                    ""speedFactor"": 1.0,\n                    ""tau"": 1.0\n                },\n                ""speed_mode"": 1\n            },\n            ""initial_speed"": 0,\n            ""lane_change_controller"": [\n                ""SimLaneChangeController"",\n                {}\n            ],\n            ""lane_change_params"": {\n                ""controller_params"": {\n                    ""laneChangeModel"": ""LC2013"",\n                    ""lcCooperative"": ""1.0"",\n                    ""lcKeepRight"": ""1.0"",\n                    ""lcSpeedGain"": ""1.0"",\n                    ""lcStrategic"": ""1.0""\n                },\n                ""lane_change_mode"": 512\n            },\n            ""num_vehicles"": 1,\n            ""routing_controller"": [\n                ""ContinuousRouter"",\n                {}\n            ],\n            ""veh_id"": ""rl""\n        }\n    ]\n}'}, 'env': 'AccelEnv-v0', 'local_evaluator_tf_session_args': {'inter_op_parallelism_threads': 8, 'intra_op_parallelism_threads': 8}, 'model': {'free_log_std': False, 'custom_options': {}, 'framestack': True, 'channel_major': False, 'max_seq_len': 20, 'lstm_use_prev_action_reward': False, 'squash_to_range': False, 'dim': 84, 'grayscale': False, 'fcnet_hiddens': [100, 50, 25], 'use_lstm': False, 'custom_model': None, 'fcnet_activation': 'tanh', 'conv_filters': None, 'conv_activation': 'relu', 'lstm_cell_size': 256, 'zero_mean': True, 'custom_preprocessor': None}, 'output_compress_columns': ['obs', 'new_obs'], 'monitor': False, 'custom_resources_per_worker': {}, 'output_max_file_size': 67108864, 'num_workers': 1, 'clip_param': 0.3, 'kl_coeff': 0.2, 'multiagent': {'policy_graphs': {}, 'policy_mapping_fn': None, 'policies_to_train': None}, 'input_evaluation': None, 'output': None, 'collect_metrics_timeout': 180, 'num_cpus_per_worker': 1}",169.237.32.118,2,1402.24,9.587504148483276,"{'num_steps_sampled': 481600, 'load_time_ms': 1.177, 'default': {'kl': 0.012582551687955856, 'cur_lr': 0.0005000000237487257, 'total_loss': 0.2916967272758484, 'policy_loss': -0.01915416307747364, 'vf_explained_var': 0.9934301972389221, 'entropy': 1.933476448059082, 'cur_kl_coeff': 0.3901185691356659, 'vf_loss': 0.30594220757484436}, 'sample_time_ms': 9555.378, 'grad_time_ms': 277.665, 'update_time_ms': 4.632, 'num_steps_trained': 481600}",392.0989734083399,2019-04-02_08-26-31,kronos,71,481600,0,2980.4442884922028,{},481600,301,301,2980.4442884922028,489.6167363388842,1600,1554193591,{},0b32d2eec3344b1fbde4822793b2e447,76.13317753816878
False,375,"{'input': 'sampler', 'callbacks': {'on_train_result': None, 'on_sample_end': None, 'on_episode_step': None, 'on_episode_start': None, 'on_episode_end': None}, 'sample_batch_size': 200, 'clip_actions': False, 'clip_rewards': None, 'tf_session_args': {'inter_op_parallelism_threads': 2, 'intra_op_parallelism_threads': 2, 'device_count': {'CPU': 1}, 'log_device_placement': False, 'allow_soft_placement': True, 'gpu_options': {'allow_growth': True}}, 'kl_target': 0.01, 'horizon': 1500, 'lr': 0.0005, 'sample_async': False, 'simple_optimizer': False, 'compress_observations': False, 'num_envs_per_worker': 1, 'gamma': 0.99, 'sgd_minibatch_size': 128, 'observation_filter': 'NoFilter', 'entropy_coeff': 0.0, 'batch_mode': 'truncate_episodes', 'straggler_mitigation': False, 'vf_share_layers': False, 'num_gpus': 0, 'synchronize_filters': True, 'num_sgd_iter': 10, 'train_batch_size': 1500, 'optimizer': {}, 'num_gpus_per_worker': 0, 'preprocessor_pref': 'deepmind', 'num_cpus_for_driver': 1, 'lr_schedule': None, 'use_gae': True, 'lambda': 0.97, 'vf_loss_coeff': 1.0, 'vf_clip_param': 1000000.0, 'log_level': 'INFO', 'env_config': {'run': 'PPO', 'flow_params': '{\n    ""env"": {\n        ""additional_params"": {\n            ""max_accel"": 3,\n            ""max_decel"": 3,\n            ""sort_vehicles"": false,\n            ""target_velocity"": 20\n        },\n        ""evaluate"": false,\n        ""horizon"": 1500,\n        ""sims_per_step"": 1,\n        ""warmup_steps"": 0\n    },\n    ""env_name"": ""AccelEnv"",\n    ""exp_tag"": ""figure_eight_0"",\n    ""initial"": {\n        ""additional_params"": {},\n        ""bunching"": 0,\n        ""edges_distribution"": ""all"",\n        ""lanes_distribution"": Infinity,\n        ""min_gap"": 0,\n        ""perturbation"": 0.0,\n        ""shuffle"": false,\n        ""spacing"": ""uniform"",\n        ""x0"": 0\n    },\n    ""net"": {\n        ""additional_params"": {\n            ""lanes"": 1,\n            ""radius_ring"": 30,\n            ""resolution"": 40,\n            ""speed_limit"": 30\n        },\n        ""inflows"": {\n            ""_InFlows__flows"": [],\n            ""num_flows"": 0\n        },\n        ""netfile"": null,\n        ""no_internal_links"": false,\n        ""osm_path"": null\n    },\n    ""scenario"": ""Figure8Scenario"",\n    ""sim"": {\n        ""emission_path"": null,\n        ""lateral_resolution"": null,\n        ""no_step_log"": true,\n        ""num_clients"": 1,\n        ""overtake_right"": false,\n        ""port"": null,\n        ""print_warnings"": true,\n        ""pxpm"": 2,\n        ""render"": false,\n        ""restart_instance"": false,\n        ""save_render"": false,\n        ""seed"": null,\n        ""show_radius"": false,\n        ""sight_radius"": 25,\n        ""sim_step"": 0.1,\n        ""teleport_time"": -1\n    },\n    ""simulator"": ""traci"",\n    ""veh"": [\n        {\n            ""acceleration_controller"": [\n                ""IDMController"",\n                {\n                    ""noise"": 0.2\n                }\n            ],\n            ""car_following_params"": {\n                ""controller_params"": {\n                    ""accel"": 1.0,\n                    ""carFollowModel"": ""IDM"",\n                    ""decel"": 1.5,\n                    ""impatience"": 0.5,\n                    ""maxSpeed"": 30,\n                    ""minGap"": 2.5,\n                    ""sigma"": 0.5,\n                    ""speedDev"": 0.1,\n                    ""speedFactor"": 1.0,\n                    ""tau"": 1.0\n                },\n                ""speed_mode"": 1\n            },\n            ""initial_speed"": 0,\n            ""lane_change_controller"": [\n                ""SimLaneChangeController"",\n                {}\n            ],\n            ""lane_change_params"": {\n                ""controller_params"": {\n                    ""laneChangeModel"": ""LC2013"",\n                    ""lcCooperative"": ""1.0"",\n                    ""lcKeepRight"": ""1.0"",\n                    ""lcSpeedGain"": ""1.0"",\n                    ""lcStrategic"": ""1.0""\n                },\n                ""lane_change_mode"": 512\n            },\n            ""num_vehicles"": 13,\n            ""routing_controller"": [\n                ""ContinuousRouter"",\n                {}\n            ],\n            ""veh_id"": ""human""\n        },\n        {\n            ""acceleration_controller"": [\n                ""RLController"",\n                {}\n            ],\n            ""car_following_params"": {\n                ""controller_params"": {\n                    ""accel"": 1.0,\n                    ""carFollowModel"": ""IDM"",\n                    ""decel"": 1.5,\n                    ""impatience"": 0.5,\n                    ""maxSpeed"": 30,\n                    ""minGap"": 2.5,\n                    ""sigma"": 0.5,\n                    ""speedDev"": 0.1,\n                    ""speedFactor"": 1.0,\n                    ""tau"": 1.0\n                },\n                ""speed_mode"": 1\n            },\n            ""initial_speed"": 0,\n            ""lane_change_controller"": [\n                ""SimLaneChangeController"",\n                {}\n            ],\n            ""lane_change_params"": {\n                ""controller_params"": {\n                    ""laneChangeModel"": ""LC2013"",\n                    ""lcCooperative"": ""1.0"",\n                    ""lcKeepRight"": ""1.0"",\n                    ""lcSpeedGain"": ""1.0"",\n                    ""lcStrategic"": ""1.0""\n                },\n                ""lane_change_mode"": 512\n            },\n            ""num_vehicles"": 1,\n            ""routing_controller"": [\n                ""ContinuousRouter"",\n                {}\n            ],\n            ""veh_id"": ""rl""\n        }\n    ]\n}'}, 'env': 'AccelEnv-v0', 'local_evaluator_tf_session_args': {'inter_op_parallelism_threads': 8, 'intra_op_parallelism_threads': 8}, 'model': {'free_log_std': False, 'custom_options': {}, 'framestack': True, 'channel_major': False, 'max_seq_len': 20, 'lstm_use_prev_action_reward': False, 'squash_to_range': False, 'dim': 84, 'grayscale': False, 'fcnet_hiddens': [100, 50, 25], 'use_lstm': False, 'custom_model': None, 'fcnet_activation': 'tanh', 'conv_filters': None, 'conv_activation': 'relu', 'lstm_cell_size': 256, 'zero_mean': True, 'custom_preprocessor': None}, 'output_compress_columns': ['obs', 'new_obs'], 'monitor': False, 'custom_resources_per_worker': {}, 'output_max_file_size': 67108864, 'num_workers': 1, 'clip_param': 0.3, 'kl_coeff': 0.2, 'multiagent': {'policy_graphs': {}, 'policy_mapping_fn': None, 'policies_to_train': None}, 'input_evaluation': None, 'output': None, 'collect_metrics_timeout': 180, 'num_cpus_per_worker': 1}",169.237.32.118,1,1398.94,9.68722414970398,"{'num_steps_sampled': 483200, 'load_time_ms': 1.127, 'default': {'kl': 0.020392416045069695, 'cur_lr': 0.0005000000237487257, 'total_loss': 0.2897586524486542, 'policy_loss': -0.01796635426580906, 'vf_explained_var': 0.9907512664794922, 'entropy': 1.8839020729064941, 'cur_kl_coeff': 0.3901185691356659, 'vf_loss': 0.2997695803642273}, 'sample_time_ms': 9519.68, 'grad_time_ms': 280.818, 'update_time_ms': 4.824, 'num_steps_trained': 483200}",390.89892629717565,2019-04-02_08-26-41,kronos,71,483200,0,2990.1315126419067,{},483200,302,302,2990.1315126419067,489.6167363388842,1600,1554193601,{},0b32d2eec3344b1fbde4822793b2e447,76.13317753816878
False,377,"{'input': 'sampler', 'callbacks': {'on_train_result': None, 'on_sample_end': None, 'on_episode_step': None, 'on_episode_start': None, 'on_episode_end': None}, 'sample_batch_size': 200, 'clip_actions': False, 'clip_rewards': None, 'tf_session_args': {'inter_op_parallelism_threads': 2, 'intra_op_parallelism_threads': 2, 'device_count': {'CPU': 1}, 'log_device_placement': False, 'allow_soft_placement': True, 'gpu_options': {'allow_growth': True}}, 'kl_target': 0.01, 'horizon': 1500, 'lr': 0.0005, 'sample_async': False, 'simple_optimizer': False, 'compress_observations': False, 'num_envs_per_worker': 1, 'gamma': 0.99, 'sgd_minibatch_size': 128, 'observation_filter': 'NoFilter', 'entropy_coeff': 0.0, 'batch_mode': 'truncate_episodes', 'straggler_mitigation': False, 'vf_share_layers': False, 'num_gpus': 0, 'synchronize_filters': True, 'num_sgd_iter': 10, 'train_batch_size': 1500, 'optimizer': {}, 'num_gpus_per_worker': 0, 'preprocessor_pref': 'deepmind', 'num_cpus_for_driver': 1, 'lr_schedule': None, 'use_gae': True, 'lambda': 0.97, 'vf_loss_coeff': 1.0, 'vf_clip_param': 1000000.0, 'log_level': 'INFO', 'env_config': {'run': 'PPO', 'flow_params': '{\n    ""env"": {\n        ""additional_params"": {\n            ""max_accel"": 3,\n            ""max_decel"": 3,\n            ""sort_vehicles"": false,\n            ""target_velocity"": 20\n        },\n        ""evaluate"": false,\n        ""horizon"": 1500,\n        ""sims_per_step"": 1,\n        ""warmup_steps"": 0\n    },\n    ""env_name"": ""AccelEnv"",\n    ""exp_tag"": ""figure_eight_0"",\n    ""initial"": {\n        ""additional_params"": {},\n        ""bunching"": 0,\n        ""edges_distribution"": ""all"",\n        ""lanes_distribution"": Infinity,\n        ""min_gap"": 0,\n        ""perturbation"": 0.0,\n        ""shuffle"": false,\n        ""spacing"": ""uniform"",\n        ""x0"": 0\n    },\n    ""net"": {\n        ""additional_params"": {\n            ""lanes"": 1,\n            ""radius_ring"": 30,\n            ""resolution"": 40,\n            ""speed_limit"": 30\n        },\n        ""inflows"": {\n            ""_InFlows__flows"": [],\n            ""num_flows"": 0\n        },\n        ""netfile"": null,\n        ""no_internal_links"": false,\n        ""osm_path"": null\n    },\n    ""scenario"": ""Figure8Scenario"",\n    ""sim"": {\n        ""emission_path"": null,\n        ""lateral_resolution"": null,\n        ""no_step_log"": true,\n        ""num_clients"": 1,\n        ""overtake_right"": false,\n        ""port"": null,\n        ""print_warnings"": true,\n        ""pxpm"": 2,\n        ""render"": false,\n        ""restart_instance"": false,\n        ""save_render"": false,\n        ""seed"": null,\n        ""show_radius"": false,\n        ""sight_radius"": 25,\n        ""sim_step"": 0.1,\n        ""teleport_time"": -1\n    },\n    ""simulator"": ""traci"",\n    ""veh"": [\n        {\n            ""acceleration_controller"": [\n                ""IDMController"",\n                {\n                    ""noise"": 0.2\n                }\n            ],\n            ""car_following_params"": {\n                ""controller_params"": {\n                    ""accel"": 1.0,\n                    ""carFollowModel"": ""IDM"",\n                    ""decel"": 1.5,\n                    ""impatience"": 0.5,\n                    ""maxSpeed"": 30,\n                    ""minGap"": 2.5,\n                    ""sigma"": 0.5,\n                    ""speedDev"": 0.1,\n                    ""speedFactor"": 1.0,\n                    ""tau"": 1.0\n                },\n                ""speed_mode"": 1\n            },\n            ""initial_speed"": 0,\n            ""lane_change_controller"": [\n                ""SimLaneChangeController"",\n                {}\n            ],\n            ""lane_change_params"": {\n                ""controller_params"": {\n                    ""laneChangeModel"": ""LC2013"",\n                    ""lcCooperative"": ""1.0"",\n                    ""lcKeepRight"": ""1.0"",\n                    ""lcSpeedGain"": ""1.0"",\n                    ""lcStrategic"": ""1.0""\n                },\n                ""lane_change_mode"": 512\n            },\n            ""num_vehicles"": 13,\n            ""routing_controller"": [\n                ""ContinuousRouter"",\n                {}\n            ],\n            ""veh_id"": ""human""\n        },\n        {\n            ""acceleration_controller"": [\n                ""RLController"",\n                {}\n            ],\n            ""car_following_params"": {\n                ""controller_params"": {\n                    ""accel"": 1.0,\n                    ""carFollowModel"": ""IDM"",\n                    ""decel"": 1.5,\n                    ""impatience"": 0.5,\n                    ""maxSpeed"": 30,\n                    ""minGap"": 2.5,\n                    ""sigma"": 0.5,\n                    ""speedDev"": 0.1,\n                    ""speedFactor"": 1.0,\n                    ""tau"": 1.0\n                },\n                ""speed_mode"": 1\n            },\n            ""initial_speed"": 0,\n            ""lane_change_controller"": [\n                ""SimLaneChangeController"",\n                {}\n            ],\n            ""lane_change_params"": {\n                ""controller_params"": {\n                    ""laneChangeModel"": ""LC2013"",\n                    ""lcCooperative"": ""1.0"",\n                    ""lcKeepRight"": ""1.0"",\n                    ""lcSpeedGain"": ""1.0"",\n                    ""lcStrategic"": ""1.0""\n                },\n                ""lane_change_mode"": 512\n            },\n            ""num_vehicles"": 1,\n            ""routing_controller"": [\n                ""ContinuousRouter"",\n                {}\n            ],\n            ""veh_id"": ""rl""\n        }\n    ]\n}'}, 'env': 'AccelEnv-v0', 'local_evaluator_tf_session_args': {'inter_op_parallelism_threads': 8, 'intra_op_parallelism_threads': 8}, 'model': {'free_log_std': False, 'custom_options': {}, 'framestack': True, 'channel_major': False, 'max_seq_len': 20, 'lstm_use_prev_action_reward': False, 'squash_to_range': False, 'dim': 84, 'grayscale': False, 'fcnet_hiddens': [100, 50, 25], 'use_lstm': False, 'custom_model': None, 'fcnet_activation': 'tanh', 'conv_filters': None, 'conv_activation': 'relu', 'lstm_cell_size': 256, 'zero_mean': True, 'custom_preprocessor': None}, 'output_compress_columns': ['obs', 'new_obs'], 'monitor': False, 'custom_resources_per_worker': {}, 'output_max_file_size': 67108864, 'num_workers': 1, 'clip_param': 0.3, 'kl_coeff': 0.2, 'multiagent': {'policy_graphs': {}, 'policy_mapping_fn': None, 'policies_to_train': None}, 'input_evaluation': None, 'output': None, 'collect_metrics_timeout': 180, 'num_cpus_per_worker': 1}",169.237.32.118,2,1393.5,9.863771677017212,"{'num_steps_sampled': 484800, 'load_time_ms': 1.125, 'default': {'kl': 0.010029266588389874, 'cur_lr': 0.0005000000237487257, 'total_loss': 4.195755481719971, 'policy_loss': -0.011479038745164871, 'vf_explained_var': 0.8583803772926331, 'entropy': 1.927916169166565, 'cur_kl_coeff': 0.5851778388023376, 'vf_loss': 4.201364994049072}, 'sample_time_ms': 9526.079, 'grad_time_ms': 281.214, 'update_time_ms': 4.785, 'num_steps_trained': 484800}",388.43394961332336,2019-04-02_08-26-51,kronos,71,484800,0,2999.995284318924,{},484800,303,303,2999.995284318924,489.6167363388842,1600,1554193611,{},0b32d2eec3344b1fbde4822793b2e447,76.13317753816878
False,378,"{'input': 'sampler', 'callbacks': {'on_train_result': None, 'on_sample_end': None, 'on_episode_step': None, 'on_episode_start': None, 'on_episode_end': None}, 'sample_batch_size': 200, 'clip_actions': False, 'clip_rewards': None, 'tf_session_args': {'inter_op_parallelism_threads': 2, 'intra_op_parallelism_threads': 2, 'device_count': {'CPU': 1}, 'log_device_placement': False, 'allow_soft_placement': True, 'gpu_options': {'allow_growth': True}}, 'kl_target': 0.01, 'horizon': 1500, 'lr': 0.0005, 'sample_async': False, 'simple_optimizer': False, 'compress_observations': False, 'num_envs_per_worker': 1, 'gamma': 0.99, 'sgd_minibatch_size': 128, 'observation_filter': 'NoFilter', 'entropy_coeff': 0.0, 'batch_mode': 'truncate_episodes', 'straggler_mitigation': False, 'vf_share_layers': False, 'num_gpus': 0, 'synchronize_filters': True, 'num_sgd_iter': 10, 'train_batch_size': 1500, 'optimizer': {}, 'num_gpus_per_worker': 0, 'preprocessor_pref': 'deepmind', 'num_cpus_for_driver': 1, 'lr_schedule': None, 'use_gae': True, 'lambda': 0.97, 'vf_loss_coeff': 1.0, 'vf_clip_param': 1000000.0, 'log_level': 'INFO', 'env_config': {'run': 'PPO', 'flow_params': '{\n    ""env"": {\n        ""additional_params"": {\n            ""max_accel"": 3,\n            ""max_decel"": 3,\n            ""sort_vehicles"": false,\n            ""target_velocity"": 20\n        },\n        ""evaluate"": false,\n        ""horizon"": 1500,\n        ""sims_per_step"": 1,\n        ""warmup_steps"": 0\n    },\n    ""env_name"": ""AccelEnv"",\n    ""exp_tag"": ""figure_eight_0"",\n    ""initial"": {\n        ""additional_params"": {},\n        ""bunching"": 0,\n        ""edges_distribution"": ""all"",\n        ""lanes_distribution"": Infinity,\n        ""min_gap"": 0,\n        ""perturbation"": 0.0,\n        ""shuffle"": false,\n        ""spacing"": ""uniform"",\n        ""x0"": 0\n    },\n    ""net"": {\n        ""additional_params"": {\n            ""lanes"": 1,\n            ""radius_ring"": 30,\n            ""resolution"": 40,\n            ""speed_limit"": 30\n        },\n        ""inflows"": {\n            ""_InFlows__flows"": [],\n            ""num_flows"": 0\n        },\n        ""netfile"": null,\n        ""no_internal_links"": false,\n        ""osm_path"": null\n    },\n    ""scenario"": ""Figure8Scenario"",\n    ""sim"": {\n        ""emission_path"": null,\n        ""lateral_resolution"": null,\n        ""no_step_log"": true,\n        ""num_clients"": 1,\n        ""overtake_right"": false,\n        ""port"": null,\n        ""print_warnings"": true,\n        ""pxpm"": 2,\n        ""render"": false,\n        ""restart_instance"": false,\n        ""save_render"": false,\n        ""seed"": null,\n        ""show_radius"": false,\n        ""sight_radius"": 25,\n        ""sim_step"": 0.1,\n        ""teleport_time"": -1\n    },\n    ""simulator"": ""traci"",\n    ""veh"": [\n        {\n            ""acceleration_controller"": [\n                ""IDMController"",\n                {\n                    ""noise"": 0.2\n                }\n            ],\n            ""car_following_params"": {\n                ""controller_params"": {\n                    ""accel"": 1.0,\n                    ""carFollowModel"": ""IDM"",\n                    ""decel"": 1.5,\n                    ""impatience"": 0.5,\n                    ""maxSpeed"": 30,\n                    ""minGap"": 2.5,\n                    ""sigma"": 0.5,\n                    ""speedDev"": 0.1,\n                    ""speedFactor"": 1.0,\n                    ""tau"": 1.0\n                },\n                ""speed_mode"": 1\n            },\n            ""initial_speed"": 0,\n            ""lane_change_controller"": [\n                ""SimLaneChangeController"",\n                {}\n            ],\n            ""lane_change_params"": {\n                ""controller_params"": {\n                    ""laneChangeModel"": ""LC2013"",\n                    ""lcCooperative"": ""1.0"",\n                    ""lcKeepRight"": ""1.0"",\n                    ""lcSpeedGain"": ""1.0"",\n                    ""lcStrategic"": ""1.0""\n                },\n                ""lane_change_mode"": 512\n            },\n            ""num_vehicles"": 13,\n            ""routing_controller"": [\n                ""ContinuousRouter"",\n                {}\n            ],\n            ""veh_id"": ""human""\n        },\n        {\n            ""acceleration_controller"": [\n                ""RLController"",\n                {}\n            ],\n            ""car_following_params"": {\n                ""controller_params"": {\n                    ""accel"": 1.0,\n                    ""carFollowModel"": ""IDM"",\n                    ""decel"": 1.5,\n                    ""impatience"": 0.5,\n                    ""maxSpeed"": 30,\n                    ""minGap"": 2.5,\n                    ""sigma"": 0.5,\n                    ""speedDev"": 0.1,\n                    ""speedFactor"": 1.0,\n                    ""tau"": 1.0\n                },\n                ""speed_mode"": 1\n            },\n            ""initial_speed"": 0,\n            ""lane_change_controller"": [\n                ""SimLaneChangeController"",\n                {}\n            ],\n            ""lane_change_params"": {\n                ""controller_params"": {\n                    ""laneChangeModel"": ""LC2013"",\n                    ""lcCooperative"": ""1.0"",\n                    ""lcKeepRight"": ""1.0"",\n                    ""lcSpeedGain"": ""1.0"",\n                    ""lcStrategic"": ""1.0""\n                },\n                ""lane_change_mode"": 512\n            },\n            ""num_vehicles"": 1,\n            ""routing_controller"": [\n                ""ContinuousRouter"",\n                {}\n            ],\n            ""veh_id"": ""rl""\n        }\n    ]\n}'}, 'env': 'AccelEnv-v0', 'local_evaluator_tf_session_args': {'inter_op_parallelism_threads': 8, 'intra_op_parallelism_threads': 8}, 'model': {'free_log_std': False, 'custom_options': {}, 'framestack': True, 'channel_major': False, 'max_seq_len': 20, 'lstm_use_prev_action_reward': False, 'squash_to_range': False, 'dim': 84, 'grayscale': False, 'fcnet_hiddens': [100, 50, 25], 'use_lstm': False, 'custom_model': None, 'fcnet_activation': 'tanh', 'conv_filters': None, 'conv_activation': 'relu', 'lstm_cell_size': 256, 'zero_mean': True, 'custom_preprocessor': None}, 'output_compress_columns': ['obs', 'new_obs'], 'monitor': False, 'custom_resources_per_worker': {}, 'output_max_file_size': 67108864, 'num_workers': 1, 'clip_param': 0.3, 'kl_coeff': 0.2, 'multiagent': {'policy_graphs': {}, 'policy_mapping_fn': None, 'policies_to_train': None}, 'input_evaluation': None, 'output': None, 'collect_metrics_timeout': 180, 'num_cpus_per_worker': 1}",169.237.32.118,1,1393.5,9.876265287399292,"{'num_steps_sampled': 486400, 'load_time_ms': 1.154, 'default': {'kl': 0.009257223457098007, 'cur_lr': 0.0005000000237487257, 'total_loss': 0.6413230895996094, 'policy_loss': -0.022580990567803383, 'vf_explained_var': 0.9827901721000671, 'entropy': 1.8879375457763672, 'cur_kl_coeff': 0.5851778388023376, 'vf_loss': 0.6584869027137756}, 'sample_time_ms': 9510.278, 'grad_time_ms': 281.607, 'update_time_ms': 4.864, 'num_steps_trained': 486400}",388.2335234314625,2019-04-02_08-27-01,kronos,71,486400,0,3009.8715496063232,{},486400,304,304,3009.8715496063232,489.6167363388842,1600,1554193621,{},0b32d2eec3344b1fbde4822793b2e447,76.13317753816878
False,380,"{'input': 'sampler', 'callbacks': {'on_train_result': None, 'on_sample_end': None, 'on_episode_step': None, 'on_episode_start': None, 'on_episode_end': None}, 'sample_batch_size': 200, 'clip_actions': False, 'clip_rewards': None, 'tf_session_args': {'inter_op_parallelism_threads': 2, 'intra_op_parallelism_threads': 2, 'device_count': {'CPU': 1}, 'log_device_placement': False, 'allow_soft_placement': True, 'gpu_options': {'allow_growth': True}}, 'kl_target': 0.01, 'horizon': 1500, 'lr': 0.0005, 'sample_async': False, 'simple_optimizer': False, 'compress_observations': False, 'num_envs_per_worker': 1, 'gamma': 0.99, 'sgd_minibatch_size': 128, 'observation_filter': 'NoFilter', 'entropy_coeff': 0.0, 'batch_mode': 'truncate_episodes', 'straggler_mitigation': False, 'vf_share_layers': False, 'num_gpus': 0, 'synchronize_filters': True, 'num_sgd_iter': 10, 'train_batch_size': 1500, 'optimizer': {}, 'num_gpus_per_worker': 0, 'preprocessor_pref': 'deepmind', 'num_cpus_for_driver': 1, 'lr_schedule': None, 'use_gae': True, 'lambda': 0.97, 'vf_loss_coeff': 1.0, 'vf_clip_param': 1000000.0, 'log_level': 'INFO', 'env_config': {'run': 'PPO', 'flow_params': '{\n    ""env"": {\n        ""additional_params"": {\n            ""max_accel"": 3,\n            ""max_decel"": 3,\n            ""sort_vehicles"": false,\n            ""target_velocity"": 20\n        },\n        ""evaluate"": false,\n        ""horizon"": 1500,\n        ""sims_per_step"": 1,\n        ""warmup_steps"": 0\n    },\n    ""env_name"": ""AccelEnv"",\n    ""exp_tag"": ""figure_eight_0"",\n    ""initial"": {\n        ""additional_params"": {},\n        ""bunching"": 0,\n        ""edges_distribution"": ""all"",\n        ""lanes_distribution"": Infinity,\n        ""min_gap"": 0,\n        ""perturbation"": 0.0,\n        ""shuffle"": false,\n        ""spacing"": ""uniform"",\n        ""x0"": 0\n    },\n    ""net"": {\n        ""additional_params"": {\n            ""lanes"": 1,\n            ""radius_ring"": 30,\n            ""resolution"": 40,\n            ""speed_limit"": 30\n        },\n        ""inflows"": {\n            ""_InFlows__flows"": [],\n            ""num_flows"": 0\n        },\n        ""netfile"": null,\n        ""no_internal_links"": false,\n        ""osm_path"": null\n    },\n    ""scenario"": ""Figure8Scenario"",\n    ""sim"": {\n        ""emission_path"": null,\n        ""lateral_resolution"": null,\n        ""no_step_log"": true,\n        ""num_clients"": 1,\n        ""overtake_right"": false,\n        ""port"": null,\n        ""print_warnings"": true,\n        ""pxpm"": 2,\n        ""render"": false,\n        ""restart_instance"": false,\n        ""save_render"": false,\n        ""seed"": null,\n        ""show_radius"": false,\n        ""sight_radius"": 25,\n        ""sim_step"": 0.1,\n        ""teleport_time"": -1\n    },\n    ""simulator"": ""traci"",\n    ""veh"": [\n        {\n            ""acceleration_controller"": [\n                ""IDMController"",\n                {\n                    ""noise"": 0.2\n                }\n            ],\n            ""car_following_params"": {\n                ""controller_params"": {\n                    ""accel"": 1.0,\n                    ""carFollowModel"": ""IDM"",\n                    ""decel"": 1.5,\n                    ""impatience"": 0.5,\n                    ""maxSpeed"": 30,\n                    ""minGap"": 2.5,\n                    ""sigma"": 0.5,\n                    ""speedDev"": 0.1,\n                    ""speedFactor"": 1.0,\n                    ""tau"": 1.0\n                },\n                ""speed_mode"": 1\n            },\n            ""initial_speed"": 0,\n            ""lane_change_controller"": [\n                ""SimLaneChangeController"",\n                {}\n            ],\n            ""lane_change_params"": {\n                ""controller_params"": {\n                    ""laneChangeModel"": ""LC2013"",\n                    ""lcCooperative"": ""1.0"",\n                    ""lcKeepRight"": ""1.0"",\n                    ""lcSpeedGain"": ""1.0"",\n                    ""lcStrategic"": ""1.0""\n                },\n                ""lane_change_mode"": 512\n            },\n            ""num_vehicles"": 13,\n            ""routing_controller"": [\n                ""ContinuousRouter"",\n                {}\n            ],\n            ""veh_id"": ""human""\n        },\n        {\n            ""acceleration_controller"": [\n                ""RLController"",\n                {}\n            ],\n            ""car_following_params"": {\n                ""controller_params"": {\n                    ""accel"": 1.0,\n                    ""carFollowModel"": ""IDM"",\n                    ""decel"": 1.5,\n                    ""impatience"": 0.5,\n                    ""maxSpeed"": 30,\n                    ""minGap"": 2.5,\n                    ""sigma"": 0.5,\n                    ""speedDev"": 0.1,\n                    ""speedFactor"": 1.0,\n                    ""tau"": 1.0\n                },\n                ""speed_mode"": 1\n            },\n            ""initial_speed"": 0,\n            ""lane_change_controller"": [\n                ""SimLaneChangeController"",\n                {}\n            ],\n            ""lane_change_params"": {\n                ""controller_params"": {\n                    ""laneChangeModel"": ""LC2013"",\n                    ""lcCooperative"": ""1.0"",\n                    ""lcKeepRight"": ""1.0"",\n                    ""lcSpeedGain"": ""1.0"",\n                    ""lcStrategic"": ""1.0""\n                },\n                ""lane_change_mode"": 512\n            },\n            ""num_vehicles"": 1,\n            ""routing_controller"": [\n                ""ContinuousRouter"",\n                {}\n            ],\n            ""veh_id"": ""rl""\n        }\n    ]\n}'}, 'env': 'AccelEnv-v0', 'local_evaluator_tf_session_args': {'inter_op_parallelism_threads': 8, 'intra_op_parallelism_threads': 8}, 'model': {'free_log_std': False, 'custom_options': {}, 'framestack': True, 'channel_major': False, 'max_seq_len': 20, 'lstm_use_prev_action_reward': False, 'squash_to_range': False, 'dim': 84, 'grayscale': False, 'fcnet_hiddens': [100, 50, 25], 'use_lstm': False, 'custom_model': None, 'fcnet_activation': 'tanh', 'conv_filters': None, 'conv_activation': 'relu', 'lstm_cell_size': 256, 'zero_mean': True, 'custom_preprocessor': None}, 'output_compress_columns': ['obs', 'new_obs'], 'monitor': False, 'custom_resources_per_worker': {}, 'output_max_file_size': 67108864, 'num_workers': 1, 'clip_param': 0.3, 'kl_coeff': 0.2, 'multiagent': {'policy_graphs': {}, 'policy_mapping_fn': None, 'policies_to_train': None}, 'input_evaluation': None, 'output': None, 'collect_metrics_timeout': 180, 'num_cpus_per_worker': 1}",169.237.32.118,2,1380.83,9.861782789230347,"{'num_steps_sampled': 488000, 'load_time_ms': 1.16, 'default': {'kl': 0.012158196419477463, 'cur_lr': 0.0005000000237487257, 'total_loss': 0.477506548166275, 'policy_loss': -0.024840569123625755, 'vf_explained_var': 0.9785463213920593, 'entropy': 1.892583966255188, 'cur_kl_coeff': 0.5851778388023376, 'vf_loss': 0.4952324330806732}, 'sample_time_ms': 9503.766, 'grad_time_ms': 281.19, 'update_time_ms': 4.851, 'num_steps_trained': 488000}",384.73863197609086,2019-04-02_08-27-11,kronos,71,488000,0,3019.7333323955536,{},488000,305,305,3019.7333323955536,489.6167363388842,1600,1554193631,{},0b32d2eec3344b1fbde4822793b2e447,67.70276554331174
False,381,"{'input': 'sampler', 'callbacks': {'on_train_result': None, 'on_sample_end': None, 'on_episode_step': None, 'on_episode_start': None, 'on_episode_end': None}, 'sample_batch_size': 200, 'clip_actions': False, 'clip_rewards': None, 'tf_session_args': {'inter_op_parallelism_threads': 2, 'intra_op_parallelism_threads': 2, 'device_count': {'CPU': 1}, 'log_device_placement': False, 'allow_soft_placement': True, 'gpu_options': {'allow_growth': True}}, 'kl_target': 0.01, 'horizon': 1500, 'lr': 0.0005, 'sample_async': False, 'simple_optimizer': False, 'compress_observations': False, 'num_envs_per_worker': 1, 'gamma': 0.99, 'sgd_minibatch_size': 128, 'observation_filter': 'NoFilter', 'entropy_coeff': 0.0, 'batch_mode': 'truncate_episodes', 'straggler_mitigation': False, 'vf_share_layers': False, 'num_gpus': 0, 'synchronize_filters': True, 'num_sgd_iter': 10, 'train_batch_size': 1500, 'optimizer': {}, 'num_gpus_per_worker': 0, 'preprocessor_pref': 'deepmind', 'num_cpus_for_driver': 1, 'lr_schedule': None, 'use_gae': True, 'lambda': 0.97, 'vf_loss_coeff': 1.0, 'vf_clip_param': 1000000.0, 'log_level': 'INFO', 'env_config': {'run': 'PPO', 'flow_params': '{\n    ""env"": {\n        ""additional_params"": {\n            ""max_accel"": 3,\n            ""max_decel"": 3,\n            ""sort_vehicles"": false,\n            ""target_velocity"": 20\n        },\n        ""evaluate"": false,\n        ""horizon"": 1500,\n        ""sims_per_step"": 1,\n        ""warmup_steps"": 0\n    },\n    ""env_name"": ""AccelEnv"",\n    ""exp_tag"": ""figure_eight_0"",\n    ""initial"": {\n        ""additional_params"": {},\n        ""bunching"": 0,\n        ""edges_distribution"": ""all"",\n        ""lanes_distribution"": Infinity,\n        ""min_gap"": 0,\n        ""perturbation"": 0.0,\n        ""shuffle"": false,\n        ""spacing"": ""uniform"",\n        ""x0"": 0\n    },\n    ""net"": {\n        ""additional_params"": {\n            ""lanes"": 1,\n            ""radius_ring"": 30,\n            ""resolution"": 40,\n            ""speed_limit"": 30\n        },\n        ""inflows"": {\n            ""_InFlows__flows"": [],\n            ""num_flows"": 0\n        },\n        ""netfile"": null,\n        ""no_internal_links"": false,\n        ""osm_path"": null\n    },\n    ""scenario"": ""Figure8Scenario"",\n    ""sim"": {\n        ""emission_path"": null,\n        ""lateral_resolution"": null,\n        ""no_step_log"": true,\n        ""num_clients"": 1,\n        ""overtake_right"": false,\n        ""port"": null,\n        ""print_warnings"": true,\n        ""pxpm"": 2,\n        ""render"": false,\n        ""restart_instance"": false,\n        ""save_render"": false,\n        ""seed"": null,\n        ""show_radius"": false,\n        ""sight_radius"": 25,\n        ""sim_step"": 0.1,\n        ""teleport_time"": -1\n    },\n    ""simulator"": ""traci"",\n    ""veh"": [\n        {\n            ""acceleration_controller"": [\n                ""IDMController"",\n                {\n                    ""noise"": 0.2\n                }\n            ],\n            ""car_following_params"": {\n                ""controller_params"": {\n                    ""accel"": 1.0,\n                    ""carFollowModel"": ""IDM"",\n                    ""decel"": 1.5,\n                    ""impatience"": 0.5,\n                    ""maxSpeed"": 30,\n                    ""minGap"": 2.5,\n                    ""sigma"": 0.5,\n                    ""speedDev"": 0.1,\n                    ""speedFactor"": 1.0,\n                    ""tau"": 1.0\n                },\n                ""speed_mode"": 1\n            },\n            ""initial_speed"": 0,\n            ""lane_change_controller"": [\n                ""SimLaneChangeController"",\n                {}\n            ],\n            ""lane_change_params"": {\n                ""controller_params"": {\n                    ""laneChangeModel"": ""LC2013"",\n                    ""lcCooperative"": ""1.0"",\n                    ""lcKeepRight"": ""1.0"",\n                    ""lcSpeedGain"": ""1.0"",\n                    ""lcStrategic"": ""1.0""\n                },\n                ""lane_change_mode"": 512\n            },\n            ""num_vehicles"": 13,\n            ""routing_controller"": [\n                ""ContinuousRouter"",\n                {}\n            ],\n            ""veh_id"": ""human""\n        },\n        {\n            ""acceleration_controller"": [\n                ""RLController"",\n                {}\n            ],\n            ""car_following_params"": {\n                ""controller_params"": {\n                    ""accel"": 1.0,\n                    ""carFollowModel"": ""IDM"",\n                    ""decel"": 1.5,\n                    ""impatience"": 0.5,\n                    ""maxSpeed"": 30,\n                    ""minGap"": 2.5,\n                    ""sigma"": 0.5,\n                    ""speedDev"": 0.1,\n                    ""speedFactor"": 1.0,\n                    ""tau"": 1.0\n                },\n                ""speed_mode"": 1\n            },\n            ""initial_speed"": 0,\n            ""lane_change_controller"": [\n                ""SimLaneChangeController"",\n                {}\n            ],\n            ""lane_change_params"": {\n                ""controller_params"": {\n                    ""laneChangeModel"": ""LC2013"",\n                    ""lcCooperative"": ""1.0"",\n                    ""lcKeepRight"": ""1.0"",\n                    ""lcSpeedGain"": ""1.0"",\n                    ""lcStrategic"": ""1.0""\n                },\n                ""lane_change_mode"": 512\n            },\n            ""num_vehicles"": 1,\n            ""routing_controller"": [\n                ""ContinuousRouter"",\n                {}\n            ],\n            ""veh_id"": ""rl""\n        }\n    ]\n}'}, 'env': 'AccelEnv-v0', 'local_evaluator_tf_session_args': {'inter_op_parallelism_threads': 8, 'intra_op_parallelism_threads': 8}, 'model': {'free_log_std': False, 'custom_options': {}, 'framestack': True, 'channel_major': False, 'max_seq_len': 20, 'lstm_use_prev_action_reward': False, 'squash_to_range': False, 'dim': 84, 'grayscale': False, 'fcnet_hiddens': [100, 50, 25], 'use_lstm': False, 'custom_model': None, 'fcnet_activation': 'tanh', 'conv_filters': None, 'conv_activation': 'relu', 'lstm_cell_size': 256, 'zero_mean': True, 'custom_preprocessor': None}, 'output_compress_columns': ['obs', 'new_obs'], 'monitor': False, 'custom_resources_per_worker': {}, 'output_max_file_size': 67108864, 'num_workers': 1, 'clip_param': 0.3, 'kl_coeff': 0.2, 'multiagent': {'policy_graphs': {}, 'policy_mapping_fn': None, 'policies_to_train': None}, 'input_evaluation': None, 'output': None, 'collect_metrics_timeout': 180, 'num_cpus_per_worker': 1}",169.237.32.118,1,1380.83,9.870529651641846,"{'num_steps_sampled': 489600, 'load_time_ms': 1.163, 'default': {'kl': 0.004102876875549555, 'cur_lr': 0.0005000000237487257, 'total_loss': 0.9098720550537109, 'policy_loss': -0.0019455384463071823, 'vf_explained_var': 0.9849470257759094, 'entropy': 1.986514687538147, 'cur_kl_coeff': 0.5851778388023376, 'vf_loss': 0.9094164967536926}, 'sample_time_ms': 9516.507, 'grad_time_ms': 283.025, 'update_time_ms': 4.876, 'num_steps_trained': 489600}",384.66092714552775,2019-04-02_08-27-21,kronos,71,489600,0,3029.6038620471954,{},489600,306,306,3029.6038620471954,489.6167363388842,1600,1554193641,{},0b32d2eec3344b1fbde4822793b2e447,67.70276554331174
False,382,"{'input': 'sampler', 'callbacks': {'on_train_result': None, 'on_sample_end': None, 'on_episode_step': None, 'on_episode_start': None, 'on_episode_end': None}, 'sample_batch_size': 200, 'clip_actions': False, 'clip_rewards': None, 'tf_session_args': {'inter_op_parallelism_threads': 2, 'intra_op_parallelism_threads': 2, 'device_count': {'CPU': 1}, 'log_device_placement': False, 'allow_soft_placement': True, 'gpu_options': {'allow_growth': True}}, 'kl_target': 0.01, 'horizon': 1500, 'lr': 0.0005, 'sample_async': False, 'simple_optimizer': False, 'compress_observations': False, 'num_envs_per_worker': 1, 'gamma': 0.99, 'sgd_minibatch_size': 128, 'observation_filter': 'NoFilter', 'entropy_coeff': 0.0, 'batch_mode': 'truncate_episodes', 'straggler_mitigation': False, 'vf_share_layers': False, 'num_gpus': 0, 'synchronize_filters': True, 'num_sgd_iter': 10, 'train_batch_size': 1500, 'optimizer': {}, 'num_gpus_per_worker': 0, 'preprocessor_pref': 'deepmind', 'num_cpus_for_driver': 1, 'lr_schedule': None, 'use_gae': True, 'lambda': 0.97, 'vf_loss_coeff': 1.0, 'vf_clip_param': 1000000.0, 'log_level': 'INFO', 'env_config': {'run': 'PPO', 'flow_params': '{\n    ""env"": {\n        ""additional_params"": {\n            ""max_accel"": 3,\n            ""max_decel"": 3,\n            ""sort_vehicles"": false,\n            ""target_velocity"": 20\n        },\n        ""evaluate"": false,\n        ""horizon"": 1500,\n        ""sims_per_step"": 1,\n        ""warmup_steps"": 0\n    },\n    ""env_name"": ""AccelEnv"",\n    ""exp_tag"": ""figure_eight_0"",\n    ""initial"": {\n        ""additional_params"": {},\n        ""bunching"": 0,\n        ""edges_distribution"": ""all"",\n        ""lanes_distribution"": Infinity,\n        ""min_gap"": 0,\n        ""perturbation"": 0.0,\n        ""shuffle"": false,\n        ""spacing"": ""uniform"",\n        ""x0"": 0\n    },\n    ""net"": {\n        ""additional_params"": {\n            ""lanes"": 1,\n            ""radius_ring"": 30,\n            ""resolution"": 40,\n            ""speed_limit"": 30\n        },\n        ""inflows"": {\n            ""_InFlows__flows"": [],\n            ""num_flows"": 0\n        },\n        ""netfile"": null,\n        ""no_internal_links"": false,\n        ""osm_path"": null\n    },\n    ""scenario"": ""Figure8Scenario"",\n    ""sim"": {\n        ""emission_path"": null,\n        ""lateral_resolution"": null,\n        ""no_step_log"": true,\n        ""num_clients"": 1,\n        ""overtake_right"": false,\n        ""port"": null,\n        ""print_warnings"": true,\n        ""pxpm"": 2,\n        ""render"": false,\n        ""restart_instance"": false,\n        ""save_render"": false,\n        ""seed"": null,\n        ""show_radius"": false,\n        ""sight_radius"": 25,\n        ""sim_step"": 0.1,\n        ""teleport_time"": -1\n    },\n    ""simulator"": ""traci"",\n    ""veh"": [\n        {\n            ""acceleration_controller"": [\n                ""IDMController"",\n                {\n                    ""noise"": 0.2\n                }\n            ],\n            ""car_following_params"": {\n                ""controller_params"": {\n                    ""accel"": 1.0,\n                    ""carFollowModel"": ""IDM"",\n                    ""decel"": 1.5,\n                    ""impatience"": 0.5,\n                    ""maxSpeed"": 30,\n                    ""minGap"": 2.5,\n                    ""sigma"": 0.5,\n                    ""speedDev"": 0.1,\n                    ""speedFactor"": 1.0,\n                    ""tau"": 1.0\n                },\n                ""speed_mode"": 1\n            },\n            ""initial_speed"": 0,\n            ""lane_change_controller"": [\n                ""SimLaneChangeController"",\n                {}\n            ],\n            ""lane_change_params"": {\n                ""controller_params"": {\n                    ""laneChangeModel"": ""LC2013"",\n                    ""lcCooperative"": ""1.0"",\n                    ""lcKeepRight"": ""1.0"",\n                    ""lcSpeedGain"": ""1.0"",\n                    ""lcStrategic"": ""1.0""\n                },\n                ""lane_change_mode"": 512\n            },\n            ""num_vehicles"": 13,\n            ""routing_controller"": [\n                ""ContinuousRouter"",\n                {}\n            ],\n            ""veh_id"": ""human""\n        },\n        {\n            ""acceleration_controller"": [\n                ""RLController"",\n                {}\n            ],\n            ""car_following_params"": {\n                ""controller_params"": {\n                    ""accel"": 1.0,\n                    ""carFollowModel"": ""IDM"",\n                    ""decel"": 1.5,\n                    ""impatience"": 0.5,\n                    ""maxSpeed"": 30,\n                    ""minGap"": 2.5,\n                    ""sigma"": 0.5,\n                    ""speedDev"": 0.1,\n                    ""speedFactor"": 1.0,\n                    ""tau"": 1.0\n                },\n                ""speed_mode"": 1\n            },\n            ""initial_speed"": 0,\n            ""lane_change_controller"": [\n                ""SimLaneChangeController"",\n                {}\n            ],\n            ""lane_change_params"": {\n                ""controller_params"": {\n                    ""laneChangeModel"": ""LC2013"",\n                    ""lcCooperative"": ""1.0"",\n                    ""lcKeepRight"": ""1.0"",\n                    ""lcSpeedGain"": ""1.0"",\n                    ""lcStrategic"": ""1.0""\n                },\n                ""lane_change_mode"": 512\n            },\n            ""num_vehicles"": 1,\n            ""routing_controller"": [\n                ""ContinuousRouter"",\n                {}\n            ],\n            ""veh_id"": ""rl""\n        }\n    ]\n}'}, 'env': 'AccelEnv-v0', 'local_evaluator_tf_session_args': {'inter_op_parallelism_threads': 8, 'intra_op_parallelism_threads': 8}, 'model': {'free_log_std': False, 'custom_options': {}, 'framestack': True, 'channel_major': False, 'max_seq_len': 20, 'lstm_use_prev_action_reward': False, 'squash_to_range': False, 'dim': 84, 'grayscale': False, 'fcnet_hiddens': [100, 50, 25], 'use_lstm': False, 'custom_model': None, 'fcnet_activation': 'tanh', 'conv_filters': None, 'conv_activation': 'relu', 'lstm_cell_size': 256, 'zero_mean': True, 'custom_preprocessor': None}, 'output_compress_columns': ['obs', 'new_obs'], 'monitor': False, 'custom_resources_per_worker': {}, 'output_max_file_size': 67108864, 'num_workers': 1, 'clip_param': 0.3, 'kl_coeff': 0.2, 'multiagent': {'policy_graphs': {}, 'policy_mapping_fn': None, 'policies_to_train': None}, 'input_evaluation': None, 'output': None, 'collect_metrics_timeout': 180, 'num_cpus_per_worker': 1}",169.237.32.118,1,1382.99,9.841949939727783,"{'num_steps_sampled': 491200, 'load_time_ms': 1.169, 'default': {'kl': 0.010815913788974285, 'cur_lr': 0.0005000000237487257, 'total_loss': 0.7967228293418884, 'policy_loss': -0.010590590536594391, 'vf_explained_var': 0.9735922813415527, 'entropy': 1.9605060815811157, 'cur_kl_coeff': 0.2925889194011688, 'vf_loss': 0.8041488528251648}, 'sample_time_ms': 9517.32, 'grad_time_ms': 284.708, 'update_time_ms': 5.043, 'num_steps_trained': 491200}",385.3812318228,2019-04-02_08-27-30,kronos,71,491200,0,3039.445811986923,{},491200,307,307,3039.445811986923,489.6167363388842,1600,1554193650,{},0b32d2eec3344b1fbde4822793b2e447,67.70276554331174
False,383,"{'input': 'sampler', 'callbacks': {'on_train_result': None, 'on_sample_end': None, 'on_episode_step': None, 'on_episode_start': None, 'on_episode_end': None}, 'sample_batch_size': 200, 'clip_actions': False, 'clip_rewards': None, 'tf_session_args': {'inter_op_parallelism_threads': 2, 'intra_op_parallelism_threads': 2, 'device_count': {'CPU': 1}, 'log_device_placement': False, 'allow_soft_placement': True, 'gpu_options': {'allow_growth': True}}, 'kl_target': 0.01, 'horizon': 1500, 'lr': 0.0005, 'sample_async': False, 'simple_optimizer': False, 'compress_observations': False, 'num_envs_per_worker': 1, 'gamma': 0.99, 'sgd_minibatch_size': 128, 'observation_filter': 'NoFilter', 'entropy_coeff': 0.0, 'batch_mode': 'truncate_episodes', 'straggler_mitigation': False, 'vf_share_layers': False, 'num_gpus': 0, 'synchronize_filters': True, 'num_sgd_iter': 10, 'train_batch_size': 1500, 'optimizer': {}, 'num_gpus_per_worker': 0, 'preprocessor_pref': 'deepmind', 'num_cpus_for_driver': 1, 'lr_schedule': None, 'use_gae': True, 'lambda': 0.97, 'vf_loss_coeff': 1.0, 'vf_clip_param': 1000000.0, 'log_level': 'INFO', 'env_config': {'run': 'PPO', 'flow_params': '{\n    ""env"": {\n        ""additional_params"": {\n            ""max_accel"": 3,\n            ""max_decel"": 3,\n            ""sort_vehicles"": false,\n            ""target_velocity"": 20\n        },\n        ""evaluate"": false,\n        ""horizon"": 1500,\n        ""sims_per_step"": 1,\n        ""warmup_steps"": 0\n    },\n    ""env_name"": ""AccelEnv"",\n    ""exp_tag"": ""figure_eight_0"",\n    ""initial"": {\n        ""additional_params"": {},\n        ""bunching"": 0,\n        ""edges_distribution"": ""all"",\n        ""lanes_distribution"": Infinity,\n        ""min_gap"": 0,\n        ""perturbation"": 0.0,\n        ""shuffle"": false,\n        ""spacing"": ""uniform"",\n        ""x0"": 0\n    },\n    ""net"": {\n        ""additional_params"": {\n            ""lanes"": 1,\n            ""radius_ring"": 30,\n            ""resolution"": 40,\n            ""speed_limit"": 30\n        },\n        ""inflows"": {\n            ""_InFlows__flows"": [],\n            ""num_flows"": 0\n        },\n        ""netfile"": null,\n        ""no_internal_links"": false,\n        ""osm_path"": null\n    },\n    ""scenario"": ""Figure8Scenario"",\n    ""sim"": {\n        ""emission_path"": null,\n        ""lateral_resolution"": null,\n        ""no_step_log"": true,\n        ""num_clients"": 1,\n        ""overtake_right"": false,\n        ""port"": null,\n        ""print_warnings"": true,\n        ""pxpm"": 2,\n        ""render"": false,\n        ""restart_instance"": false,\n        ""save_render"": false,\n        ""seed"": null,\n        ""show_radius"": false,\n        ""sight_radius"": 25,\n        ""sim_step"": 0.1,\n        ""teleport_time"": -1\n    },\n    ""simulator"": ""traci"",\n    ""veh"": [\n        {\n            ""acceleration_controller"": [\n                ""IDMController"",\n                {\n                    ""noise"": 0.2\n                }\n            ],\n            ""car_following_params"": {\n                ""controller_params"": {\n                    ""accel"": 1.0,\n                    ""carFollowModel"": ""IDM"",\n                    ""decel"": 1.5,\n                    ""impatience"": 0.5,\n                    ""maxSpeed"": 30,\n                    ""minGap"": 2.5,\n                    ""sigma"": 0.5,\n                    ""speedDev"": 0.1,\n                    ""speedFactor"": 1.0,\n                    ""tau"": 1.0\n                },\n                ""speed_mode"": 1\n            },\n            ""initial_speed"": 0,\n            ""lane_change_controller"": [\n                ""SimLaneChangeController"",\n                {}\n            ],\n            ""lane_change_params"": {\n                ""controller_params"": {\n                    ""laneChangeModel"": ""LC2013"",\n                    ""lcCooperative"": ""1.0"",\n                    ""lcKeepRight"": ""1.0"",\n                    ""lcSpeedGain"": ""1.0"",\n                    ""lcStrategic"": ""1.0""\n                },\n                ""lane_change_mode"": 512\n            },\n            ""num_vehicles"": 13,\n            ""routing_controller"": [\n                ""ContinuousRouter"",\n                {}\n            ],\n            ""veh_id"": ""human""\n        },\n        {\n            ""acceleration_controller"": [\n                ""RLController"",\n                {}\n            ],\n            ""car_following_params"": {\n                ""controller_params"": {\n                    ""accel"": 1.0,\n                    ""carFollowModel"": ""IDM"",\n                    ""decel"": 1.5,\n                    ""impatience"": 0.5,\n                    ""maxSpeed"": 30,\n                    ""minGap"": 2.5,\n                    ""sigma"": 0.5,\n                    ""speedDev"": 0.1,\n                    ""speedFactor"": 1.0,\n                    ""tau"": 1.0\n                },\n                ""speed_mode"": 1\n            },\n            ""initial_speed"": 0,\n            ""lane_change_controller"": [\n                ""SimLaneChangeController"",\n                {}\n            ],\n            ""lane_change_params"": {\n                ""controller_params"": {\n                    ""laneChangeModel"": ""LC2013"",\n                    ""lcCooperative"": ""1.0"",\n                    ""lcKeepRight"": ""1.0"",\n                    ""lcSpeedGain"": ""1.0"",\n                    ""lcStrategic"": ""1.0""\n                },\n                ""lane_change_mode"": 512\n            },\n            ""num_vehicles"": 1,\n            ""routing_controller"": [\n                ""ContinuousRouter"",\n                {}\n            ],\n            ""veh_id"": ""rl""\n        }\n    ]\n}'}, 'env': 'AccelEnv-v0', 'local_evaluator_tf_session_args': {'inter_op_parallelism_threads': 8, 'intra_op_parallelism_threads': 8}, 'model': {'free_log_std': False, 'custom_options': {}, 'framestack': True, 'channel_major': False, 'max_seq_len': 20, 'lstm_use_prev_action_reward': False, 'squash_to_range': False, 'dim': 84, 'grayscale': False, 'fcnet_hiddens': [100, 50, 25], 'use_lstm': False, 'custom_model': None, 'fcnet_activation': 'tanh', 'conv_filters': None, 'conv_activation': 'relu', 'lstm_cell_size': 256, 'zero_mean': True, 'custom_preprocessor': None}, 'output_compress_columns': ['obs', 'new_obs'], 'monitor': False, 'custom_resources_per_worker': {}, 'output_max_file_size': 67108864, 'num_workers': 1, 'clip_param': 0.3, 'kl_coeff': 0.2, 'multiagent': {'policy_graphs': {}, 'policy_mapping_fn': None, 'policies_to_train': None}, 'input_evaluation': None, 'output': None, 'collect_metrics_timeout': 180, 'num_cpus_per_worker': 1}",169.237.32.118,1,1382.99,9.809110641479492,"{'num_steps_sampled': 492800, 'load_time_ms': 1.191, 'default': {'kl': 0.016789255663752556, 'cur_lr': 0.0005000000237487257, 'total_loss': 0.5036076903343201, 'policy_loss': -0.02588307112455368, 'vf_explained_var': 0.9861329197883606, 'entropy': 1.8520954847335815, 'cur_kl_coeff': 0.2925889194011688, 'vf_loss': 0.5245783925056458}, 'sample_time_ms': 9507.488, 'grad_time_ms': 284.262, 'update_time_ms': 4.919, 'num_steps_trained': 492800}",385.44943047951756,2019-04-02_08-27-40,kronos,71,492800,0,3049.2549226284027,{},492800,308,308,3049.2549226284027,489.6167363388842,1600,1554193660,{},0b32d2eec3344b1fbde4822793b2e447,67.70276554331174
False,384,"{'input': 'sampler', 'callbacks': {'on_train_result': None, 'on_sample_end': None, 'on_episode_step': None, 'on_episode_start': None, 'on_episode_end': None}, 'sample_batch_size': 200, 'clip_actions': False, 'clip_rewards': None, 'tf_session_args': {'inter_op_parallelism_threads': 2, 'intra_op_parallelism_threads': 2, 'device_count': {'CPU': 1}, 'log_device_placement': False, 'allow_soft_placement': True, 'gpu_options': {'allow_growth': True}}, 'kl_target': 0.01, 'horizon': 1500, 'lr': 0.0005, 'sample_async': False, 'simple_optimizer': False, 'compress_observations': False, 'num_envs_per_worker': 1, 'gamma': 0.99, 'sgd_minibatch_size': 128, 'observation_filter': 'NoFilter', 'entropy_coeff': 0.0, 'batch_mode': 'truncate_episodes', 'straggler_mitigation': False, 'vf_share_layers': False, 'num_gpus': 0, 'synchronize_filters': True, 'num_sgd_iter': 10, 'train_batch_size': 1500, 'optimizer': {}, 'num_gpus_per_worker': 0, 'preprocessor_pref': 'deepmind', 'num_cpus_for_driver': 1, 'lr_schedule': None, 'use_gae': True, 'lambda': 0.97, 'vf_loss_coeff': 1.0, 'vf_clip_param': 1000000.0, 'log_level': 'INFO', 'env_config': {'run': 'PPO', 'flow_params': '{\n    ""env"": {\n        ""additional_params"": {\n            ""max_accel"": 3,\n            ""max_decel"": 3,\n            ""sort_vehicles"": false,\n            ""target_velocity"": 20\n        },\n        ""evaluate"": false,\n        ""horizon"": 1500,\n        ""sims_per_step"": 1,\n        ""warmup_steps"": 0\n    },\n    ""env_name"": ""AccelEnv"",\n    ""exp_tag"": ""figure_eight_0"",\n    ""initial"": {\n        ""additional_params"": {},\n        ""bunching"": 0,\n        ""edges_distribution"": ""all"",\n        ""lanes_distribution"": Infinity,\n        ""min_gap"": 0,\n        ""perturbation"": 0.0,\n        ""shuffle"": false,\n        ""spacing"": ""uniform"",\n        ""x0"": 0\n    },\n    ""net"": {\n        ""additional_params"": {\n            ""lanes"": 1,\n            ""radius_ring"": 30,\n            ""resolution"": 40,\n            ""speed_limit"": 30\n        },\n        ""inflows"": {\n            ""_InFlows__flows"": [],\n            ""num_flows"": 0\n        },\n        ""netfile"": null,\n        ""no_internal_links"": false,\n        ""osm_path"": null\n    },\n    ""scenario"": ""Figure8Scenario"",\n    ""sim"": {\n        ""emission_path"": null,\n        ""lateral_resolution"": null,\n        ""no_step_log"": true,\n        ""num_clients"": 1,\n        ""overtake_right"": false,\n        ""port"": null,\n        ""print_warnings"": true,\n        ""pxpm"": 2,\n        ""render"": false,\n        ""restart_instance"": false,\n        ""save_render"": false,\n        ""seed"": null,\n        ""show_radius"": false,\n        ""sight_radius"": 25,\n        ""sim_step"": 0.1,\n        ""teleport_time"": -1\n    },\n    ""simulator"": ""traci"",\n    ""veh"": [\n        {\n            ""acceleration_controller"": [\n                ""IDMController"",\n                {\n                    ""noise"": 0.2\n                }\n            ],\n            ""car_following_params"": {\n                ""controller_params"": {\n                    ""accel"": 1.0,\n                    ""carFollowModel"": ""IDM"",\n                    ""decel"": 1.5,\n                    ""impatience"": 0.5,\n                    ""maxSpeed"": 30,\n                    ""minGap"": 2.5,\n                    ""sigma"": 0.5,\n                    ""speedDev"": 0.1,\n                    ""speedFactor"": 1.0,\n                    ""tau"": 1.0\n                },\n                ""speed_mode"": 1\n            },\n            ""initial_speed"": 0,\n            ""lane_change_controller"": [\n                ""SimLaneChangeController"",\n                {}\n            ],\n            ""lane_change_params"": {\n                ""controller_params"": {\n                    ""laneChangeModel"": ""LC2013"",\n                    ""lcCooperative"": ""1.0"",\n                    ""lcKeepRight"": ""1.0"",\n                    ""lcSpeedGain"": ""1.0"",\n                    ""lcStrategic"": ""1.0""\n                },\n                ""lane_change_mode"": 512\n            },\n            ""num_vehicles"": 13,\n            ""routing_controller"": [\n                ""ContinuousRouter"",\n                {}\n            ],\n            ""veh_id"": ""human""\n        },\n        {\n            ""acceleration_controller"": [\n                ""RLController"",\n                {}\n            ],\n            ""car_following_params"": {\n                ""controller_params"": {\n                    ""accel"": 1.0,\n                    ""carFollowModel"": ""IDM"",\n                    ""decel"": 1.5,\n                    ""impatience"": 0.5,\n                    ""maxSpeed"": 30,\n                    ""minGap"": 2.5,\n                    ""sigma"": 0.5,\n                    ""speedDev"": 0.1,\n                    ""speedFactor"": 1.0,\n                    ""tau"": 1.0\n                },\n                ""speed_mode"": 1\n            },\n            ""initial_speed"": 0,\n            ""lane_change_controller"": [\n                ""SimLaneChangeController"",\n                {}\n            ],\n            ""lane_change_params"": {\n                ""controller_params"": {\n                    ""laneChangeModel"": ""LC2013"",\n                    ""lcCooperative"": ""1.0"",\n                    ""lcKeepRight"": ""1.0"",\n                    ""lcSpeedGain"": ""1.0"",\n                    ""lcStrategic"": ""1.0""\n                },\n                ""lane_change_mode"": 512\n            },\n            ""num_vehicles"": 1,\n            ""routing_controller"": [\n                ""ContinuousRouter"",\n                {}\n            ],\n            ""veh_id"": ""rl""\n        }\n    ]\n}'}, 'env': 'AccelEnv-v0', 'local_evaluator_tf_session_args': {'inter_op_parallelism_threads': 8, 'intra_op_parallelism_threads': 8}, 'model': {'free_log_std': False, 'custom_options': {}, 'framestack': True, 'channel_major': False, 'max_seq_len': 20, 'lstm_use_prev_action_reward': False, 'squash_to_range': False, 'dim': 84, 'grayscale': False, 'fcnet_hiddens': [100, 50, 25], 'use_lstm': False, 'custom_model': None, 'fcnet_activation': 'tanh', 'conv_filters': None, 'conv_activation': 'relu', 'lstm_cell_size': 256, 'zero_mean': True, 'custom_preprocessor': None}, 'output_compress_columns': ['obs', 'new_obs'], 'monitor': False, 'custom_resources_per_worker': {}, 'output_max_file_size': 67108864, 'num_workers': 1, 'clip_param': 0.3, 'kl_coeff': 0.2, 'multiagent': {'policy_graphs': {}, 'policy_mapping_fn': None, 'policies_to_train': None}, 'input_evaluation': None, 'output': None, 'collect_metrics_timeout': 180, 'num_cpus_per_worker': 1}",169.237.32.118,1,1382.99,9.917019605636597,"{'num_steps_sampled': 494400, 'load_time_ms': 1.196, 'default': {'kl': 0.021600238978862762, 'cur_lr': 0.0005000000237487257, 'total_loss': 1.973925232887268, 'policy_loss': -0.021132739260792732, 'vf_explained_var': 0.8712782859802246, 'entropy': 1.90945565700531, 'cur_kl_coeff': 0.2925889194011688, 'vf_loss': 1.98873770236969}, 'sample_time_ms': 9508.232, 'grad_time_ms': 283.204, 'update_time_ms': 4.801, 'num_steps_trained': 494400}",385.73983327807196,2019-04-02_08-27-50,kronos,71,494400,0,3059.1719422340393,{},494400,309,309,3059.1719422340393,489.6167363388842,1600,1554193670,{},0b32d2eec3344b1fbde4822793b2e447,67.70276554331174
False,386,"{'input': 'sampler', 'callbacks': {'on_train_result': None, 'on_sample_end': None, 'on_episode_step': None, 'on_episode_start': None, 'on_episode_end': None}, 'sample_batch_size': 200, 'clip_actions': False, 'clip_rewards': None, 'tf_session_args': {'inter_op_parallelism_threads': 2, 'intra_op_parallelism_threads': 2, 'device_count': {'CPU': 1}, 'log_device_placement': False, 'allow_soft_placement': True, 'gpu_options': {'allow_growth': True}}, 'kl_target': 0.01, 'horizon': 1500, 'lr': 0.0005, 'sample_async': False, 'simple_optimizer': False, 'compress_observations': False, 'num_envs_per_worker': 1, 'gamma': 0.99, 'sgd_minibatch_size': 128, 'observation_filter': 'NoFilter', 'entropy_coeff': 0.0, 'batch_mode': 'truncate_episodes', 'straggler_mitigation': False, 'vf_share_layers': False, 'num_gpus': 0, 'synchronize_filters': True, 'num_sgd_iter': 10, 'train_batch_size': 1500, 'optimizer': {}, 'num_gpus_per_worker': 0, 'preprocessor_pref': 'deepmind', 'num_cpus_for_driver': 1, 'lr_schedule': None, 'use_gae': True, 'lambda': 0.97, 'vf_loss_coeff': 1.0, 'vf_clip_param': 1000000.0, 'log_level': 'INFO', 'env_config': {'run': 'PPO', 'flow_params': '{\n    ""env"": {\n        ""additional_params"": {\n            ""max_accel"": 3,\n            ""max_decel"": 3,\n            ""sort_vehicles"": false,\n            ""target_velocity"": 20\n        },\n        ""evaluate"": false,\n        ""horizon"": 1500,\n        ""sims_per_step"": 1,\n        ""warmup_steps"": 0\n    },\n    ""env_name"": ""AccelEnv"",\n    ""exp_tag"": ""figure_eight_0"",\n    ""initial"": {\n        ""additional_params"": {},\n        ""bunching"": 0,\n        ""edges_distribution"": ""all"",\n        ""lanes_distribution"": Infinity,\n        ""min_gap"": 0,\n        ""perturbation"": 0.0,\n        ""shuffle"": false,\n        ""spacing"": ""uniform"",\n        ""x0"": 0\n    },\n    ""net"": {\n        ""additional_params"": {\n            ""lanes"": 1,\n            ""radius_ring"": 30,\n            ""resolution"": 40,\n            ""speed_limit"": 30\n        },\n        ""inflows"": {\n            ""_InFlows__flows"": [],\n            ""num_flows"": 0\n        },\n        ""netfile"": null,\n        ""no_internal_links"": false,\n        ""osm_path"": null\n    },\n    ""scenario"": ""Figure8Scenario"",\n    ""sim"": {\n        ""emission_path"": null,\n        ""lateral_resolution"": null,\n        ""no_step_log"": true,\n        ""num_clients"": 1,\n        ""overtake_right"": false,\n        ""port"": null,\n        ""print_warnings"": true,\n        ""pxpm"": 2,\n        ""render"": false,\n        ""restart_instance"": false,\n        ""save_render"": false,\n        ""seed"": null,\n        ""show_radius"": false,\n        ""sight_radius"": 25,\n        ""sim_step"": 0.1,\n        ""teleport_time"": -1\n    },\n    ""simulator"": ""traci"",\n    ""veh"": [\n        {\n            ""acceleration_controller"": [\n                ""IDMController"",\n                {\n                    ""noise"": 0.2\n                }\n            ],\n            ""car_following_params"": {\n                ""controller_params"": {\n                    ""accel"": 1.0,\n                    ""carFollowModel"": ""IDM"",\n                    ""decel"": 1.5,\n                    ""impatience"": 0.5,\n                    ""maxSpeed"": 30,\n                    ""minGap"": 2.5,\n                    ""sigma"": 0.5,\n                    ""speedDev"": 0.1,\n                    ""speedFactor"": 1.0,\n                    ""tau"": 1.0\n                },\n                ""speed_mode"": 1\n            },\n            ""initial_speed"": 0,\n            ""lane_change_controller"": [\n                ""SimLaneChangeController"",\n                {}\n            ],\n            ""lane_change_params"": {\n                ""controller_params"": {\n                    ""laneChangeModel"": ""LC2013"",\n                    ""lcCooperative"": ""1.0"",\n                    ""lcKeepRight"": ""1.0"",\n                    ""lcSpeedGain"": ""1.0"",\n                    ""lcStrategic"": ""1.0""\n                },\n                ""lane_change_mode"": 512\n            },\n            ""num_vehicles"": 13,\n            ""routing_controller"": [\n                ""ContinuousRouter"",\n                {}\n            ],\n            ""veh_id"": ""human""\n        },\n        {\n            ""acceleration_controller"": [\n                ""RLController"",\n                {}\n            ],\n            ""car_following_params"": {\n                ""controller_params"": {\n                    ""accel"": 1.0,\n                    ""carFollowModel"": ""IDM"",\n                    ""decel"": 1.5,\n                    ""impatience"": 0.5,\n                    ""maxSpeed"": 30,\n                    ""minGap"": 2.5,\n                    ""sigma"": 0.5,\n                    ""speedDev"": 0.1,\n                    ""speedFactor"": 1.0,\n                    ""tau"": 1.0\n                },\n                ""speed_mode"": 1\n            },\n            ""initial_speed"": 0,\n            ""lane_change_controller"": [\n                ""SimLaneChangeController"",\n                {}\n            ],\n            ""lane_change_params"": {\n                ""controller_params"": {\n                    ""laneChangeModel"": ""LC2013"",\n                    ""lcCooperative"": ""1.0"",\n                    ""lcKeepRight"": ""1.0"",\n                    ""lcSpeedGain"": ""1.0"",\n                    ""lcStrategic"": ""1.0""\n                },\n                ""lane_change_mode"": 512\n            },\n            ""num_vehicles"": 1,\n            ""routing_controller"": [\n                ""ContinuousRouter"",\n                {}\n            ],\n            ""veh_id"": ""rl""\n        }\n    ]\n}'}, 'env': 'AccelEnv-v0', 'local_evaluator_tf_session_args': {'inter_op_parallelism_threads': 8, 'intra_op_parallelism_threads': 8}, 'model': {'free_log_std': False, 'custom_options': {}, 'framestack': True, 'channel_major': False, 'max_seq_len': 20, 'lstm_use_prev_action_reward': False, 'squash_to_range': False, 'dim': 84, 'grayscale': False, 'fcnet_hiddens': [100, 50, 25], 'use_lstm': False, 'custom_model': None, 'fcnet_activation': 'tanh', 'conv_filters': None, 'conv_activation': 'relu', 'lstm_cell_size': 256, 'zero_mean': True, 'custom_preprocessor': None}, 'output_compress_columns': ['obs', 'new_obs'], 'monitor': False, 'custom_resources_per_worker': {}, 'output_max_file_size': 67108864, 'num_workers': 1, 'clip_param': 0.3, 'kl_coeff': 0.2, 'multiagent': {'policy_graphs': {}, 'policy_mapping_fn': None, 'policies_to_train': None}, 'input_evaluation': None, 'output': None, 'collect_metrics_timeout': 180, 'num_cpus_per_worker': 1}",169.237.32.118,2,1370.38,10.11359190940857,"{'num_steps_sampled': 496000, 'load_time_ms': 1.201, 'default': {'kl': 0.0110171465203166, 'cur_lr': 0.0005000000237487257, 'total_loss': 1.6580275297164917, 'policy_loss': -0.02146383561193943, 'vf_explained_var': 0.9697241187095642, 'entropy': 1.9760888814926147, 'cur_kl_coeff': 0.43888333439826965, 'vf_loss': 1.6746559143066406}, 'sample_time_ms': 9549.242, 'grad_time_ms': 282.379, 'update_time_ms': 4.839, 'num_steps_trained': 496000}",382.8147189837831,2019-04-02_08-28-00,kronos,71,496000,0,3069.285534143448,{},496000,310,310,3069.285534143448,489.6167363388842,1600,1554193680,{},0b32d2eec3344b1fbde4822793b2e447,67.70276554331174
False,388,"{'input': 'sampler', 'callbacks': {'on_train_result': None, 'on_sample_end': None, 'on_episode_step': None, 'on_episode_start': None, 'on_episode_end': None}, 'sample_batch_size': 200, 'clip_actions': False, 'clip_rewards': None, 'tf_session_args': {'inter_op_parallelism_threads': 2, 'intra_op_parallelism_threads': 2, 'device_count': {'CPU': 1}, 'log_device_placement': False, 'allow_soft_placement': True, 'gpu_options': {'allow_growth': True}}, 'kl_target': 0.01, 'horizon': 1500, 'lr': 0.0005, 'sample_async': False, 'simple_optimizer': False, 'compress_observations': False, 'num_envs_per_worker': 1, 'gamma': 0.99, 'sgd_minibatch_size': 128, 'observation_filter': 'NoFilter', 'entropy_coeff': 0.0, 'batch_mode': 'truncate_episodes', 'straggler_mitigation': False, 'vf_share_layers': False, 'num_gpus': 0, 'synchronize_filters': True, 'num_sgd_iter': 10, 'train_batch_size': 1500, 'optimizer': {}, 'num_gpus_per_worker': 0, 'preprocessor_pref': 'deepmind', 'num_cpus_for_driver': 1, 'lr_schedule': None, 'use_gae': True, 'lambda': 0.97, 'vf_loss_coeff': 1.0, 'vf_clip_param': 1000000.0, 'log_level': 'INFO', 'env_config': {'run': 'PPO', 'flow_params': '{\n    ""env"": {\n        ""additional_params"": {\n            ""max_accel"": 3,\n            ""max_decel"": 3,\n            ""sort_vehicles"": false,\n            ""target_velocity"": 20\n        },\n        ""evaluate"": false,\n        ""horizon"": 1500,\n        ""sims_per_step"": 1,\n        ""warmup_steps"": 0\n    },\n    ""env_name"": ""AccelEnv"",\n    ""exp_tag"": ""figure_eight_0"",\n    ""initial"": {\n        ""additional_params"": {},\n        ""bunching"": 0,\n        ""edges_distribution"": ""all"",\n        ""lanes_distribution"": Infinity,\n        ""min_gap"": 0,\n        ""perturbation"": 0.0,\n        ""shuffle"": false,\n        ""spacing"": ""uniform"",\n        ""x0"": 0\n    },\n    ""net"": {\n        ""additional_params"": {\n            ""lanes"": 1,\n            ""radius_ring"": 30,\n            ""resolution"": 40,\n            ""speed_limit"": 30\n        },\n        ""inflows"": {\n            ""_InFlows__flows"": [],\n            ""num_flows"": 0\n        },\n        ""netfile"": null,\n        ""no_internal_links"": false,\n        ""osm_path"": null\n    },\n    ""scenario"": ""Figure8Scenario"",\n    ""sim"": {\n        ""emission_path"": null,\n        ""lateral_resolution"": null,\n        ""no_step_log"": true,\n        ""num_clients"": 1,\n        ""overtake_right"": false,\n        ""port"": null,\n        ""print_warnings"": true,\n        ""pxpm"": 2,\n        ""render"": false,\n        ""restart_instance"": false,\n        ""save_render"": false,\n        ""seed"": null,\n        ""show_radius"": false,\n        ""sight_radius"": 25,\n        ""sim_step"": 0.1,\n        ""teleport_time"": -1\n    },\n    ""simulator"": ""traci"",\n    ""veh"": [\n        {\n            ""acceleration_controller"": [\n                ""IDMController"",\n                {\n                    ""noise"": 0.2\n                }\n            ],\n            ""car_following_params"": {\n                ""controller_params"": {\n                    ""accel"": 1.0,\n                    ""carFollowModel"": ""IDM"",\n                    ""decel"": 1.5,\n                    ""impatience"": 0.5,\n                    ""maxSpeed"": 30,\n                    ""minGap"": 2.5,\n                    ""sigma"": 0.5,\n                    ""speedDev"": 0.1,\n                    ""speedFactor"": 1.0,\n                    ""tau"": 1.0\n                },\n                ""speed_mode"": 1\n            },\n            ""initial_speed"": 0,\n            ""lane_change_controller"": [\n                ""SimLaneChangeController"",\n                {}\n            ],\n            ""lane_change_params"": {\n                ""controller_params"": {\n                    ""laneChangeModel"": ""LC2013"",\n                    ""lcCooperative"": ""1.0"",\n                    ""lcKeepRight"": ""1.0"",\n                    ""lcSpeedGain"": ""1.0"",\n                    ""lcStrategic"": ""1.0""\n                },\n                ""lane_change_mode"": 512\n            },\n            ""num_vehicles"": 13,\n            ""routing_controller"": [\n                ""ContinuousRouter"",\n                {}\n            ],\n            ""veh_id"": ""human""\n        },\n        {\n            ""acceleration_controller"": [\n                ""RLController"",\n                {}\n            ],\n            ""car_following_params"": {\n                ""controller_params"": {\n                    ""accel"": 1.0,\n                    ""carFollowModel"": ""IDM"",\n                    ""decel"": 1.5,\n                    ""impatience"": 0.5,\n                    ""maxSpeed"": 30,\n                    ""minGap"": 2.5,\n                    ""sigma"": 0.5,\n                    ""speedDev"": 0.1,\n                    ""speedFactor"": 1.0,\n                    ""tau"": 1.0\n                },\n                ""speed_mode"": 1\n            },\n            ""initial_speed"": 0,\n            ""lane_change_controller"": [\n                ""SimLaneChangeController"",\n                {}\n            ],\n            ""lane_change_params"": {\n                ""controller_params"": {\n                    ""laneChangeModel"": ""LC2013"",\n                    ""lcCooperative"": ""1.0"",\n                    ""lcKeepRight"": ""1.0"",\n                    ""lcSpeedGain"": ""1.0"",\n                    ""lcStrategic"": ""1.0""\n                },\n                ""lane_change_mode"": 512\n            },\n            ""num_vehicles"": 1,\n            ""routing_controller"": [\n                ""ContinuousRouter"",\n                {}\n            ],\n            ""veh_id"": ""rl""\n        }\n    ]\n}'}, 'env': 'AccelEnv-v0', 'local_evaluator_tf_session_args': {'inter_op_parallelism_threads': 8, 'intra_op_parallelism_threads': 8}, 'model': {'free_log_std': False, 'custom_options': {}, 'framestack': True, 'channel_major': False, 'max_seq_len': 20, 'lstm_use_prev_action_reward': False, 'squash_to_range': False, 'dim': 84, 'grayscale': False, 'fcnet_hiddens': [100, 50, 25], 'use_lstm': False, 'custom_model': None, 'fcnet_activation': 'tanh', 'conv_filters': None, 'conv_activation': 'relu', 'lstm_cell_size': 256, 'zero_mean': True, 'custom_preprocessor': None}, 'output_compress_columns': ['obs', 'new_obs'], 'monitor': False, 'custom_resources_per_worker': {}, 'output_max_file_size': 67108864, 'num_workers': 1, 'clip_param': 0.3, 'kl_coeff': 0.2, 'multiagent': {'policy_graphs': {}, 'policy_mapping_fn': None, 'policies_to_train': None}, 'input_evaluation': None, 'output': None, 'collect_metrics_timeout': 180, 'num_cpus_per_worker': 1}",169.237.32.118,2,1358.79,10.061018228530884,"{'num_steps_sampled': 497600, 'load_time_ms': 1.23, 'default': {'kl': 0.012534760870039463, 'cur_lr': 0.0005000000237487257, 'total_loss': 1.234975814819336, 'policy_loss': -0.018252579495310783, 'vf_explained_var': 0.9687736630439758, 'entropy': 1.8316246271133423, 'cur_kl_coeff': 0.43888333439826965, 'vf_loss': 1.2477270364761353}, 'sample_time_ms': 9596.127, 'grad_time_ms': 282.96, 'update_time_ms': 4.69, 'num_steps_trained': 497600}",380.0767247234955,2019-04-02_08-28-10,kronos,71,497600,0,3079.3465523719788,{},497600,311,311,3079.3465523719788,489.6167363388842,1600,1554193690,{},0b32d2eec3344b1fbde4822793b2e447,67.70276554331174
False,389,"{'input': 'sampler', 'callbacks': {'on_train_result': None, 'on_sample_end': None, 'on_episode_step': None, 'on_episode_start': None, 'on_episode_end': None}, 'sample_batch_size': 200, 'clip_actions': False, 'clip_rewards': None, 'tf_session_args': {'inter_op_parallelism_threads': 2, 'intra_op_parallelism_threads': 2, 'device_count': {'CPU': 1}, 'log_device_placement': False, 'allow_soft_placement': True, 'gpu_options': {'allow_growth': True}}, 'kl_target': 0.01, 'horizon': 1500, 'lr': 0.0005, 'sample_async': False, 'simple_optimizer': False, 'compress_observations': False, 'num_envs_per_worker': 1, 'gamma': 0.99, 'sgd_minibatch_size': 128, 'observation_filter': 'NoFilter', 'entropy_coeff': 0.0, 'batch_mode': 'truncate_episodes', 'straggler_mitigation': False, 'vf_share_layers': False, 'num_gpus': 0, 'synchronize_filters': True, 'num_sgd_iter': 10, 'train_batch_size': 1500, 'optimizer': {}, 'num_gpus_per_worker': 0, 'preprocessor_pref': 'deepmind', 'num_cpus_for_driver': 1, 'lr_schedule': None, 'use_gae': True, 'lambda': 0.97, 'vf_loss_coeff': 1.0, 'vf_clip_param': 1000000.0, 'log_level': 'INFO', 'env_config': {'run': 'PPO', 'flow_params': '{\n    ""env"": {\n        ""additional_params"": {\n            ""max_accel"": 3,\n            ""max_decel"": 3,\n            ""sort_vehicles"": false,\n            ""target_velocity"": 20\n        },\n        ""evaluate"": false,\n        ""horizon"": 1500,\n        ""sims_per_step"": 1,\n        ""warmup_steps"": 0\n    },\n    ""env_name"": ""AccelEnv"",\n    ""exp_tag"": ""figure_eight_0"",\n    ""initial"": {\n        ""additional_params"": {},\n        ""bunching"": 0,\n        ""edges_distribution"": ""all"",\n        ""lanes_distribution"": Infinity,\n        ""min_gap"": 0,\n        ""perturbation"": 0.0,\n        ""shuffle"": false,\n        ""spacing"": ""uniform"",\n        ""x0"": 0\n    },\n    ""net"": {\n        ""additional_params"": {\n            ""lanes"": 1,\n            ""radius_ring"": 30,\n            ""resolution"": 40,\n            ""speed_limit"": 30\n        },\n        ""inflows"": {\n            ""_InFlows__flows"": [],\n            ""num_flows"": 0\n        },\n        ""netfile"": null,\n        ""no_internal_links"": false,\n        ""osm_path"": null\n    },\n    ""scenario"": ""Figure8Scenario"",\n    ""sim"": {\n        ""emission_path"": null,\n        ""lateral_resolution"": null,\n        ""no_step_log"": true,\n        ""num_clients"": 1,\n        ""overtake_right"": false,\n        ""port"": null,\n        ""print_warnings"": true,\n        ""pxpm"": 2,\n        ""render"": false,\n        ""restart_instance"": false,\n        ""save_render"": false,\n        ""seed"": null,\n        ""show_radius"": false,\n        ""sight_radius"": 25,\n        ""sim_step"": 0.1,\n        ""teleport_time"": -1\n    },\n    ""simulator"": ""traci"",\n    ""veh"": [\n        {\n            ""acceleration_controller"": [\n                ""IDMController"",\n                {\n                    ""noise"": 0.2\n                }\n            ],\n            ""car_following_params"": {\n                ""controller_params"": {\n                    ""accel"": 1.0,\n                    ""carFollowModel"": ""IDM"",\n                    ""decel"": 1.5,\n                    ""impatience"": 0.5,\n                    ""maxSpeed"": 30,\n                    ""minGap"": 2.5,\n                    ""sigma"": 0.5,\n                    ""speedDev"": 0.1,\n                    ""speedFactor"": 1.0,\n                    ""tau"": 1.0\n                },\n                ""speed_mode"": 1\n            },\n            ""initial_speed"": 0,\n            ""lane_change_controller"": [\n                ""SimLaneChangeController"",\n                {}\n            ],\n            ""lane_change_params"": {\n                ""controller_params"": {\n                    ""laneChangeModel"": ""LC2013"",\n                    ""lcCooperative"": ""1.0"",\n                    ""lcKeepRight"": ""1.0"",\n                    ""lcSpeedGain"": ""1.0"",\n                    ""lcStrategic"": ""1.0""\n                },\n                ""lane_change_mode"": 512\n            },\n            ""num_vehicles"": 13,\n            ""routing_controller"": [\n                ""ContinuousRouter"",\n                {}\n            ],\n            ""veh_id"": ""human""\n        },\n        {\n            ""acceleration_controller"": [\n                ""RLController"",\n                {}\n            ],\n            ""car_following_params"": {\n                ""controller_params"": {\n                    ""accel"": 1.0,\n                    ""carFollowModel"": ""IDM"",\n                    ""decel"": 1.5,\n                    ""impatience"": 0.5,\n                    ""maxSpeed"": 30,\n                    ""minGap"": 2.5,\n                    ""sigma"": 0.5,\n                    ""speedDev"": 0.1,\n                    ""speedFactor"": 1.0,\n                    ""tau"": 1.0\n                },\n                ""speed_mode"": 1\n            },\n            ""initial_speed"": 0,\n            ""lane_change_controller"": [\n                ""SimLaneChangeController"",\n                {}\n            ],\n            ""lane_change_params"": {\n                ""controller_params"": {\n                    ""laneChangeModel"": ""LC2013"",\n                    ""lcCooperative"": ""1.0"",\n                    ""lcKeepRight"": ""1.0"",\n                    ""lcSpeedGain"": ""1.0"",\n                    ""lcStrategic"": ""1.0""\n                },\n                ""lane_change_mode"": 512\n            },\n            ""num_vehicles"": 1,\n            ""routing_controller"": [\n                ""ContinuousRouter"",\n                {}\n            ],\n            ""veh_id"": ""rl""\n        }\n    ]\n}'}, 'env': 'AccelEnv-v0', 'local_evaluator_tf_session_args': {'inter_op_parallelism_threads': 8, 'intra_op_parallelism_threads': 8}, 'model': {'free_log_std': False, 'custom_options': {}, 'framestack': True, 'channel_major': False, 'max_seq_len': 20, 'lstm_use_prev_action_reward': False, 'squash_to_range': False, 'dim': 84, 'grayscale': False, 'fcnet_hiddens': [100, 50, 25], 'use_lstm': False, 'custom_model': None, 'fcnet_activation': 'tanh', 'conv_filters': None, 'conv_activation': 'relu', 'lstm_cell_size': 256, 'zero_mean': True, 'custom_preprocessor': None}, 'output_compress_columns': ['obs', 'new_obs'], 'monitor': False, 'custom_resources_per_worker': {}, 'output_max_file_size': 67108864, 'num_workers': 1, 'clip_param': 0.3, 'kl_coeff': 0.2, 'multiagent': {'policy_graphs': {}, 'policy_mapping_fn': None, 'policies_to_train': None}, 'input_evaluation': None, 'output': None, 'collect_metrics_timeout': 180, 'num_cpus_per_worker': 1}",169.237.32.118,1,1358.79,9.968982219696045,"{'num_steps_sampled': 499200, 'load_time_ms': 1.235, 'default': {'kl': 0.01048255618661642, 'cur_lr': 0.0005000000237487257, 'total_loss': 0.5149819850921631, 'policy_loss': -0.012631796300411224, 'vf_explained_var': 0.9832384586334229, 'entropy': 1.9420298337936401, 'cur_kl_coeff': 0.43888333439826965, 'vf_loss': 0.523013174533844}, 'sample_time_ms': 9625.723, 'grad_time_ms': 281.754, 'update_time_ms': 4.513, 'num_steps_trained': 499200}",380.4891296707371,2019-04-02_08-28-20,kronos,71,499200,0,3089.315534591675,{},499200,312,312,3089.315534591675,489.6167363388842,1600,1554193700,{},0b32d2eec3344b1fbde4822793b2e447,67.70276554331174
False,390,"{'input': 'sampler', 'callbacks': {'on_train_result': None, 'on_sample_end': None, 'on_episode_step': None, 'on_episode_start': None, 'on_episode_end': None}, 'sample_batch_size': 200, 'clip_actions': False, 'clip_rewards': None, 'tf_session_args': {'inter_op_parallelism_threads': 2, 'intra_op_parallelism_threads': 2, 'device_count': {'CPU': 1}, 'log_device_placement': False, 'allow_soft_placement': True, 'gpu_options': {'allow_growth': True}}, 'kl_target': 0.01, 'horizon': 1500, 'lr': 0.0005, 'sample_async': False, 'simple_optimizer': False, 'compress_observations': False, 'num_envs_per_worker': 1, 'gamma': 0.99, 'sgd_minibatch_size': 128, 'observation_filter': 'NoFilter', 'entropy_coeff': 0.0, 'batch_mode': 'truncate_episodes', 'straggler_mitigation': False, 'vf_share_layers': False, 'num_gpus': 0, 'synchronize_filters': True, 'num_sgd_iter': 10, 'train_batch_size': 1500, 'optimizer': {}, 'num_gpus_per_worker': 0, 'preprocessor_pref': 'deepmind', 'num_cpus_for_driver': 1, 'lr_schedule': None, 'use_gae': True, 'lambda': 0.97, 'vf_loss_coeff': 1.0, 'vf_clip_param': 1000000.0, 'log_level': 'INFO', 'env_config': {'run': 'PPO', 'flow_params': '{\n    ""env"": {\n        ""additional_params"": {\n            ""max_accel"": 3,\n            ""max_decel"": 3,\n            ""sort_vehicles"": false,\n            ""target_velocity"": 20\n        },\n        ""evaluate"": false,\n        ""horizon"": 1500,\n        ""sims_per_step"": 1,\n        ""warmup_steps"": 0\n    },\n    ""env_name"": ""AccelEnv"",\n    ""exp_tag"": ""figure_eight_0"",\n    ""initial"": {\n        ""additional_params"": {},\n        ""bunching"": 0,\n        ""edges_distribution"": ""all"",\n        ""lanes_distribution"": Infinity,\n        ""min_gap"": 0,\n        ""perturbation"": 0.0,\n        ""shuffle"": false,\n        ""spacing"": ""uniform"",\n        ""x0"": 0\n    },\n    ""net"": {\n        ""additional_params"": {\n            ""lanes"": 1,\n            ""radius_ring"": 30,\n            ""resolution"": 40,\n            ""speed_limit"": 30\n        },\n        ""inflows"": {\n            ""_InFlows__flows"": [],\n            ""num_flows"": 0\n        },\n        ""netfile"": null,\n        ""no_internal_links"": false,\n        ""osm_path"": null\n    },\n    ""scenario"": ""Figure8Scenario"",\n    ""sim"": {\n        ""emission_path"": null,\n        ""lateral_resolution"": null,\n        ""no_step_log"": true,\n        ""num_clients"": 1,\n        ""overtake_right"": false,\n        ""port"": null,\n        ""print_warnings"": true,\n        ""pxpm"": 2,\n        ""render"": false,\n        ""restart_instance"": false,\n        ""save_render"": false,\n        ""seed"": null,\n        ""show_radius"": false,\n        ""sight_radius"": 25,\n        ""sim_step"": 0.1,\n        ""teleport_time"": -1\n    },\n    ""simulator"": ""traci"",\n    ""veh"": [\n        {\n            ""acceleration_controller"": [\n                ""IDMController"",\n                {\n                    ""noise"": 0.2\n                }\n            ],\n            ""car_following_params"": {\n                ""controller_params"": {\n                    ""accel"": 1.0,\n                    ""carFollowModel"": ""IDM"",\n                    ""decel"": 1.5,\n                    ""impatience"": 0.5,\n                    ""maxSpeed"": 30,\n                    ""minGap"": 2.5,\n                    ""sigma"": 0.5,\n                    ""speedDev"": 0.1,\n                    ""speedFactor"": 1.0,\n                    ""tau"": 1.0\n                },\n                ""speed_mode"": 1\n            },\n            ""initial_speed"": 0,\n            ""lane_change_controller"": [\n                ""SimLaneChangeController"",\n                {}\n            ],\n            ""lane_change_params"": {\n                ""controller_params"": {\n                    ""laneChangeModel"": ""LC2013"",\n                    ""lcCooperative"": ""1.0"",\n                    ""lcKeepRight"": ""1.0"",\n                    ""lcSpeedGain"": ""1.0"",\n                    ""lcStrategic"": ""1.0""\n                },\n                ""lane_change_mode"": 512\n            },\n            ""num_vehicles"": 13,\n            ""routing_controller"": [\n                ""ContinuousRouter"",\n                {}\n            ],\n            ""veh_id"": ""human""\n        },\n        {\n            ""acceleration_controller"": [\n                ""RLController"",\n                {}\n            ],\n            ""car_following_params"": {\n                ""controller_params"": {\n                    ""accel"": 1.0,\n                    ""carFollowModel"": ""IDM"",\n                    ""decel"": 1.5,\n                    ""impatience"": 0.5,\n                    ""maxSpeed"": 30,\n                    ""minGap"": 2.5,\n                    ""sigma"": 0.5,\n                    ""speedDev"": 0.1,\n                    ""speedFactor"": 1.0,\n                    ""tau"": 1.0\n                },\n                ""speed_mode"": 1\n            },\n            ""initial_speed"": 0,\n            ""lane_change_controller"": [\n                ""SimLaneChangeController"",\n                {}\n            ],\n            ""lane_change_params"": {\n                ""controller_params"": {\n                    ""laneChangeModel"": ""LC2013"",\n                    ""lcCooperative"": ""1.0"",\n                    ""lcKeepRight"": ""1.0"",\n                    ""lcSpeedGain"": ""1.0"",\n                    ""lcStrategic"": ""1.0""\n                },\n                ""lane_change_mode"": 512\n            },\n            ""num_vehicles"": 1,\n            ""routing_controller"": [\n                ""ContinuousRouter"",\n                {}\n            ],\n            ""veh_id"": ""rl""\n        }\n    ]\n}'}, 'env': 'AccelEnv-v0', 'local_evaluator_tf_session_args': {'inter_op_parallelism_threads': 8, 'intra_op_parallelism_threads': 8}, 'model': {'free_log_std': False, 'custom_options': {}, 'framestack': True, 'channel_major': False, 'max_seq_len': 20, 'lstm_use_prev_action_reward': False, 'squash_to_range': False, 'dim': 84, 'grayscale': False, 'fcnet_hiddens': [100, 50, 25], 'use_lstm': False, 'custom_model': None, 'fcnet_activation': 'tanh', 'conv_filters': None, 'conv_activation': 'relu', 'lstm_cell_size': 256, 'zero_mean': True, 'custom_preprocessor': None}, 'output_compress_columns': ['obs', 'new_obs'], 'monitor': False, 'custom_resources_per_worker': {}, 'output_max_file_size': 67108864, 'num_workers': 1, 'clip_param': 0.3, 'kl_coeff': 0.2, 'multiagent': {'policy_graphs': {}, 'policy_mapping_fn': None, 'policies_to_train': None}, 'input_evaluation': None, 'output': None, 'collect_metrics_timeout': 180, 'num_cpus_per_worker': 1}",169.237.32.118,1,1358.79,9.917226314544678,"{'num_steps_sampled': 500800, 'load_time_ms': 1.242, 'default': {'kl': 0.00636829249560833, 'cur_lr': 0.0005000000237487257, 'total_loss': 0.9782730937004089, 'policy_loss': -0.012461438775062561, 'vf_explained_var': 0.9627298712730408, 'entropy': 1.8961197137832642, 'cur_kl_coeff': 0.43888333439826965, 'vf_loss': 0.9879396557807922}, 'sample_time_ms': 9629.122, 'grad_time_ms': 283.551, 'update_time_ms': 4.639, 'num_steps_trained': 500800}",380.7384355570902,2019-04-02_08-28-30,kronos,71,500800,0,3099.2327609062195,{},500800,313,313,3099.2327609062195,489.6167363388842,1600,1554193710,{},0b32d2eec3344b1fbde4822793b2e447,67.70276554331174
False,391,"{'input': 'sampler', 'callbacks': {'on_train_result': None, 'on_sample_end': None, 'on_episode_step': None, 'on_episode_start': None, 'on_episode_end': None}, 'sample_batch_size': 200, 'clip_actions': False, 'clip_rewards': None, 'tf_session_args': {'inter_op_parallelism_threads': 2, 'intra_op_parallelism_threads': 2, 'device_count': {'CPU': 1}, 'log_device_placement': False, 'allow_soft_placement': True, 'gpu_options': {'allow_growth': True}}, 'kl_target': 0.01, 'horizon': 1500, 'lr': 0.0005, 'sample_async': False, 'simple_optimizer': False, 'compress_observations': False, 'num_envs_per_worker': 1, 'gamma': 0.99, 'sgd_minibatch_size': 128, 'observation_filter': 'NoFilter', 'entropy_coeff': 0.0, 'batch_mode': 'truncate_episodes', 'straggler_mitigation': False, 'vf_share_layers': False, 'num_gpus': 0, 'synchronize_filters': True, 'num_sgd_iter': 10, 'train_batch_size': 1500, 'optimizer': {}, 'num_gpus_per_worker': 0, 'preprocessor_pref': 'deepmind', 'num_cpus_for_driver': 1, 'lr_schedule': None, 'use_gae': True, 'lambda': 0.97, 'vf_loss_coeff': 1.0, 'vf_clip_param': 1000000.0, 'log_level': 'INFO', 'env_config': {'run': 'PPO', 'flow_params': '{\n    ""env"": {\n        ""additional_params"": {\n            ""max_accel"": 3,\n            ""max_decel"": 3,\n            ""sort_vehicles"": false,\n            ""target_velocity"": 20\n        },\n        ""evaluate"": false,\n        ""horizon"": 1500,\n        ""sims_per_step"": 1,\n        ""warmup_steps"": 0\n    },\n    ""env_name"": ""AccelEnv"",\n    ""exp_tag"": ""figure_eight_0"",\n    ""initial"": {\n        ""additional_params"": {},\n        ""bunching"": 0,\n        ""edges_distribution"": ""all"",\n        ""lanes_distribution"": Infinity,\n        ""min_gap"": 0,\n        ""perturbation"": 0.0,\n        ""shuffle"": false,\n        ""spacing"": ""uniform"",\n        ""x0"": 0\n    },\n    ""net"": {\n        ""additional_params"": {\n            ""lanes"": 1,\n            ""radius_ring"": 30,\n            ""resolution"": 40,\n            ""speed_limit"": 30\n        },\n        ""inflows"": {\n            ""_InFlows__flows"": [],\n            ""num_flows"": 0\n        },\n        ""netfile"": null,\n        ""no_internal_links"": false,\n        ""osm_path"": null\n    },\n    ""scenario"": ""Figure8Scenario"",\n    ""sim"": {\n        ""emission_path"": null,\n        ""lateral_resolution"": null,\n        ""no_step_log"": true,\n        ""num_clients"": 1,\n        ""overtake_right"": false,\n        ""port"": null,\n        ""print_warnings"": true,\n        ""pxpm"": 2,\n        ""render"": false,\n        ""restart_instance"": false,\n        ""save_render"": false,\n        ""seed"": null,\n        ""show_radius"": false,\n        ""sight_radius"": 25,\n        ""sim_step"": 0.1,\n        ""teleport_time"": -1\n    },\n    ""simulator"": ""traci"",\n    ""veh"": [\n        {\n            ""acceleration_controller"": [\n                ""IDMController"",\n                {\n                    ""noise"": 0.2\n                }\n            ],\n            ""car_following_params"": {\n                ""controller_params"": {\n                    ""accel"": 1.0,\n                    ""carFollowModel"": ""IDM"",\n                    ""decel"": 1.5,\n                    ""impatience"": 0.5,\n                    ""maxSpeed"": 30,\n                    ""minGap"": 2.5,\n                    ""sigma"": 0.5,\n                    ""speedDev"": 0.1,\n                    ""speedFactor"": 1.0,\n                    ""tau"": 1.0\n                },\n                ""speed_mode"": 1\n            },\n            ""initial_speed"": 0,\n            ""lane_change_controller"": [\n                ""SimLaneChangeController"",\n                {}\n            ],\n            ""lane_change_params"": {\n                ""controller_params"": {\n                    ""laneChangeModel"": ""LC2013"",\n                    ""lcCooperative"": ""1.0"",\n                    ""lcKeepRight"": ""1.0"",\n                    ""lcSpeedGain"": ""1.0"",\n                    ""lcStrategic"": ""1.0""\n                },\n                ""lane_change_mode"": 512\n            },\n            ""num_vehicles"": 13,\n            ""routing_controller"": [\n                ""ContinuousRouter"",\n                {}\n            ],\n            ""veh_id"": ""human""\n        },\n        {\n            ""acceleration_controller"": [\n                ""RLController"",\n                {}\n            ],\n            ""car_following_params"": {\n                ""controller_params"": {\n                    ""accel"": 1.0,\n                    ""carFollowModel"": ""IDM"",\n                    ""decel"": 1.5,\n                    ""impatience"": 0.5,\n                    ""maxSpeed"": 30,\n                    ""minGap"": 2.5,\n                    ""sigma"": 0.5,\n                    ""speedDev"": 0.1,\n                    ""speedFactor"": 1.0,\n                    ""tau"": 1.0\n                },\n                ""speed_mode"": 1\n            },\n            ""initial_speed"": 0,\n            ""lane_change_controller"": [\n                ""SimLaneChangeController"",\n                {}\n            ],\n            ""lane_change_params"": {\n                ""controller_params"": {\n                    ""laneChangeModel"": ""LC2013"",\n                    ""lcCooperative"": ""1.0"",\n                    ""lcKeepRight"": ""1.0"",\n                    ""lcSpeedGain"": ""1.0"",\n                    ""lcStrategic"": ""1.0""\n                },\n                ""lane_change_mode"": 512\n            },\n            ""num_vehicles"": 1,\n            ""routing_controller"": [\n                ""ContinuousRouter"",\n                {}\n            ],\n            ""veh_id"": ""rl""\n        }\n    ]\n}'}, 'env': 'AccelEnv-v0', 'local_evaluator_tf_session_args': {'inter_op_parallelism_threads': 8, 'intra_op_parallelism_threads': 8}, 'model': {'free_log_std': False, 'custom_options': {}, 'framestack': True, 'channel_major': False, 'max_seq_len': 20, 'lstm_use_prev_action_reward': False, 'squash_to_range': False, 'dim': 84, 'grayscale': False, 'fcnet_hiddens': [100, 50, 25], 'use_lstm': False, 'custom_model': None, 'fcnet_activation': 'tanh', 'conv_filters': None, 'conv_activation': 'relu', 'lstm_cell_size': 256, 'zero_mean': True, 'custom_preprocessor': None}, 'output_compress_columns': ['obs', 'new_obs'], 'monitor': False, 'custom_resources_per_worker': {}, 'output_max_file_size': 67108864, 'num_workers': 1, 'clip_param': 0.3, 'kl_coeff': 0.2, 'multiagent': {'policy_graphs': {}, 'policy_mapping_fn': None, 'policies_to_train': None}, 'input_evaluation': None, 'output': None, 'collect_metrics_timeout': 180, 'num_cpus_per_worker': 1}",169.237.32.118,1,1358.79,9.872030019760132,"{'num_steps_sampled': 502400, 'load_time_ms': 1.228, 'default': {'kl': 0.01713811419904232, 'cur_lr': 0.0005000000237487257, 'total_loss': 0.5602604746818542, 'policy_loss': -0.04134991765022278, 'vf_explained_var': 0.9686896800994873, 'entropy': 1.736310362815857, 'cur_kl_coeff': 0.43888333439826965, 'vf_loss': 0.5940887928009033}, 'sample_time_ms': 9628.971, 'grad_time_ms': 283.258, 'update_time_ms': 4.628, 'num_steps_trained': 502400}",380.6099990680346,2019-04-02_08-28-40,kronos,71,502400,0,3109.1047909259796,{},502400,314,314,3109.1047909259796,489.6167363388842,1600,1554193720,{},0b32d2eec3344b1fbde4822793b2e447,67.70276554331174
False,392,"{'input': 'sampler', 'callbacks': {'on_train_result': None, 'on_sample_end': None, 'on_episode_step': None, 'on_episode_start': None, 'on_episode_end': None}, 'sample_batch_size': 200, 'clip_actions': False, 'clip_rewards': None, 'tf_session_args': {'inter_op_parallelism_threads': 2, 'intra_op_parallelism_threads': 2, 'device_count': {'CPU': 1}, 'log_device_placement': False, 'allow_soft_placement': True, 'gpu_options': {'allow_growth': True}}, 'kl_target': 0.01, 'horizon': 1500, 'lr': 0.0005, 'sample_async': False, 'simple_optimizer': False, 'compress_observations': False, 'num_envs_per_worker': 1, 'gamma': 0.99, 'sgd_minibatch_size': 128, 'observation_filter': 'NoFilter', 'entropy_coeff': 0.0, 'batch_mode': 'truncate_episodes', 'straggler_mitigation': False, 'vf_share_layers': False, 'num_gpus': 0, 'synchronize_filters': True, 'num_sgd_iter': 10, 'train_batch_size': 1500, 'optimizer': {}, 'num_gpus_per_worker': 0, 'preprocessor_pref': 'deepmind', 'num_cpus_for_driver': 1, 'lr_schedule': None, 'use_gae': True, 'lambda': 0.97, 'vf_loss_coeff': 1.0, 'vf_clip_param': 1000000.0, 'log_level': 'INFO', 'env_config': {'run': 'PPO', 'flow_params': '{\n    ""env"": {\n        ""additional_params"": {\n            ""max_accel"": 3,\n            ""max_decel"": 3,\n            ""sort_vehicles"": false,\n            ""target_velocity"": 20\n        },\n        ""evaluate"": false,\n        ""horizon"": 1500,\n        ""sims_per_step"": 1,\n        ""warmup_steps"": 0\n    },\n    ""env_name"": ""AccelEnv"",\n    ""exp_tag"": ""figure_eight_0"",\n    ""initial"": {\n        ""additional_params"": {},\n        ""bunching"": 0,\n        ""edges_distribution"": ""all"",\n        ""lanes_distribution"": Infinity,\n        ""min_gap"": 0,\n        ""perturbation"": 0.0,\n        ""shuffle"": false,\n        ""spacing"": ""uniform"",\n        ""x0"": 0\n    },\n    ""net"": {\n        ""additional_params"": {\n            ""lanes"": 1,\n            ""radius_ring"": 30,\n            ""resolution"": 40,\n            ""speed_limit"": 30\n        },\n        ""inflows"": {\n            ""_InFlows__flows"": [],\n            ""num_flows"": 0\n        },\n        ""netfile"": null,\n        ""no_internal_links"": false,\n        ""osm_path"": null\n    },\n    ""scenario"": ""Figure8Scenario"",\n    ""sim"": {\n        ""emission_path"": null,\n        ""lateral_resolution"": null,\n        ""no_step_log"": true,\n        ""num_clients"": 1,\n        ""overtake_right"": false,\n        ""port"": null,\n        ""print_warnings"": true,\n        ""pxpm"": 2,\n        ""render"": false,\n        ""restart_instance"": false,\n        ""save_render"": false,\n        ""seed"": null,\n        ""show_radius"": false,\n        ""sight_radius"": 25,\n        ""sim_step"": 0.1,\n        ""teleport_time"": -1\n    },\n    ""simulator"": ""traci"",\n    ""veh"": [\n        {\n            ""acceleration_controller"": [\n                ""IDMController"",\n                {\n                    ""noise"": 0.2\n                }\n            ],\n            ""car_following_params"": {\n                ""controller_params"": {\n                    ""accel"": 1.0,\n                    ""carFollowModel"": ""IDM"",\n                    ""decel"": 1.5,\n                    ""impatience"": 0.5,\n                    ""maxSpeed"": 30,\n                    ""minGap"": 2.5,\n                    ""sigma"": 0.5,\n                    ""speedDev"": 0.1,\n                    ""speedFactor"": 1.0,\n                    ""tau"": 1.0\n                },\n                ""speed_mode"": 1\n            },\n            ""initial_speed"": 0,\n            ""lane_change_controller"": [\n                ""SimLaneChangeController"",\n                {}\n            ],\n            ""lane_change_params"": {\n                ""controller_params"": {\n                    ""laneChangeModel"": ""LC2013"",\n                    ""lcCooperative"": ""1.0"",\n                    ""lcKeepRight"": ""1.0"",\n                    ""lcSpeedGain"": ""1.0"",\n                    ""lcStrategic"": ""1.0""\n                },\n                ""lane_change_mode"": 512\n            },\n            ""num_vehicles"": 13,\n            ""routing_controller"": [\n                ""ContinuousRouter"",\n                {}\n            ],\n            ""veh_id"": ""human""\n        },\n        {\n            ""acceleration_controller"": [\n                ""RLController"",\n                {}\n            ],\n            ""car_following_params"": {\n                ""controller_params"": {\n                    ""accel"": 1.0,\n                    ""carFollowModel"": ""IDM"",\n                    ""decel"": 1.5,\n                    ""impatience"": 0.5,\n                    ""maxSpeed"": 30,\n                    ""minGap"": 2.5,\n                    ""sigma"": 0.5,\n                    ""speedDev"": 0.1,\n                    ""speedFactor"": 1.0,\n                    ""tau"": 1.0\n                },\n                ""speed_mode"": 1\n            },\n            ""initial_speed"": 0,\n            ""lane_change_controller"": [\n                ""SimLaneChangeController"",\n                {}\n            ],\n            ""lane_change_params"": {\n                ""controller_params"": {\n                    ""laneChangeModel"": ""LC2013"",\n                    ""lcCooperative"": ""1.0"",\n                    ""lcKeepRight"": ""1.0"",\n                    ""lcSpeedGain"": ""1.0"",\n                    ""lcStrategic"": ""1.0""\n                },\n                ""lane_change_mode"": 512\n            },\n            ""num_vehicles"": 1,\n            ""routing_controller"": [\n                ""ContinuousRouter"",\n                {}\n            ],\n            ""veh_id"": ""rl""\n        }\n    ]\n}'}, 'env': 'AccelEnv-v0', 'local_evaluator_tf_session_args': {'inter_op_parallelism_threads': 8, 'intra_op_parallelism_threads': 8}, 'model': {'free_log_std': False, 'custom_options': {}, 'framestack': True, 'channel_major': False, 'max_seq_len': 20, 'lstm_use_prev_action_reward': False, 'squash_to_range': False, 'dim': 84, 'grayscale': False, 'fcnet_hiddens': [100, 50, 25], 'use_lstm': False, 'custom_model': None, 'fcnet_activation': 'tanh', 'conv_filters': None, 'conv_activation': 'relu', 'lstm_cell_size': 256, 'zero_mean': True, 'custom_preprocessor': None}, 'output_compress_columns': ['obs', 'new_obs'], 'monitor': False, 'custom_resources_per_worker': {}, 'output_max_file_size': 67108864, 'num_workers': 1, 'clip_param': 0.3, 'kl_coeff': 0.2, 'multiagent': {'policy_graphs': {}, 'policy_mapping_fn': None, 'policies_to_train': None}, 'input_evaluation': None, 'output': None, 'collect_metrics_timeout': 180, 'num_cpus_per_worker': 1}",169.237.32.118,1,1358.79,9.929662466049194,"{'num_steps_sampled': 504000, 'load_time_ms': 1.251, 'default': {'kl': 0.0017240848392248154, 'cur_lr': 0.0005000000237487257, 'total_loss': 3.0236241817474365, 'policy_loss': 0.0026476450730115175, 'vf_explained_var': 0.7983031272888184, 'entropy': 1.8298782110214233, 'cur_kl_coeff': 0.43888333439826965, 'vf_loss': 3.0202198028564453}, 'sample_time_ms': 9635.578, 'grad_time_ms': 283.392, 'update_time_ms': 4.634, 'num_steps_trained': 504000}",380.82475262858236,2019-04-02_08-28-50,kronos,71,504000,0,3119.034453392029,{},504000,315,315,3119.034453392029,489.6167363388842,1600,1554193730,{},0b32d2eec3344b1fbde4822793b2e447,67.70276554331174
False,393,"{'input': 'sampler', 'callbacks': {'on_train_result': None, 'on_sample_end': None, 'on_episode_step': None, 'on_episode_start': None, 'on_episode_end': None}, 'sample_batch_size': 200, 'clip_actions': False, 'clip_rewards': None, 'tf_session_args': {'inter_op_parallelism_threads': 2, 'intra_op_parallelism_threads': 2, 'device_count': {'CPU': 1}, 'log_device_placement': False, 'allow_soft_placement': True, 'gpu_options': {'allow_growth': True}}, 'kl_target': 0.01, 'horizon': 1500, 'lr': 0.0005, 'sample_async': False, 'simple_optimizer': False, 'compress_observations': False, 'num_envs_per_worker': 1, 'gamma': 0.99, 'sgd_minibatch_size': 128, 'observation_filter': 'NoFilter', 'entropy_coeff': 0.0, 'batch_mode': 'truncate_episodes', 'straggler_mitigation': False, 'vf_share_layers': False, 'num_gpus': 0, 'synchronize_filters': True, 'num_sgd_iter': 10, 'train_batch_size': 1500, 'optimizer': {}, 'num_gpus_per_worker': 0, 'preprocessor_pref': 'deepmind', 'num_cpus_for_driver': 1, 'lr_schedule': None, 'use_gae': True, 'lambda': 0.97, 'vf_loss_coeff': 1.0, 'vf_clip_param': 1000000.0, 'log_level': 'INFO', 'env_config': {'run': 'PPO', 'flow_params': '{\n    ""env"": {\n        ""additional_params"": {\n            ""max_accel"": 3,\n            ""max_decel"": 3,\n            ""sort_vehicles"": false,\n            ""target_velocity"": 20\n        },\n        ""evaluate"": false,\n        ""horizon"": 1500,\n        ""sims_per_step"": 1,\n        ""warmup_steps"": 0\n    },\n    ""env_name"": ""AccelEnv"",\n    ""exp_tag"": ""figure_eight_0"",\n    ""initial"": {\n        ""additional_params"": {},\n        ""bunching"": 0,\n        ""edges_distribution"": ""all"",\n        ""lanes_distribution"": Infinity,\n        ""min_gap"": 0,\n        ""perturbation"": 0.0,\n        ""shuffle"": false,\n        ""spacing"": ""uniform"",\n        ""x0"": 0\n    },\n    ""net"": {\n        ""additional_params"": {\n            ""lanes"": 1,\n            ""radius_ring"": 30,\n            ""resolution"": 40,\n            ""speed_limit"": 30\n        },\n        ""inflows"": {\n            ""_InFlows__flows"": [],\n            ""num_flows"": 0\n        },\n        ""netfile"": null,\n        ""no_internal_links"": false,\n        ""osm_path"": null\n    },\n    ""scenario"": ""Figure8Scenario"",\n    ""sim"": {\n        ""emission_path"": null,\n        ""lateral_resolution"": null,\n        ""no_step_log"": true,\n        ""num_clients"": 1,\n        ""overtake_right"": false,\n        ""port"": null,\n        ""print_warnings"": true,\n        ""pxpm"": 2,\n        ""render"": false,\n        ""restart_instance"": false,\n        ""save_render"": false,\n        ""seed"": null,\n        ""show_radius"": false,\n        ""sight_radius"": 25,\n        ""sim_step"": 0.1,\n        ""teleport_time"": -1\n    },\n    ""simulator"": ""traci"",\n    ""veh"": [\n        {\n            ""acceleration_controller"": [\n                ""IDMController"",\n                {\n                    ""noise"": 0.2\n                }\n            ],\n            ""car_following_params"": {\n                ""controller_params"": {\n                    ""accel"": 1.0,\n                    ""carFollowModel"": ""IDM"",\n                    ""decel"": 1.5,\n                    ""impatience"": 0.5,\n                    ""maxSpeed"": 30,\n                    ""minGap"": 2.5,\n                    ""sigma"": 0.5,\n                    ""speedDev"": 0.1,\n                    ""speedFactor"": 1.0,\n                    ""tau"": 1.0\n                },\n                ""speed_mode"": 1\n            },\n            ""initial_speed"": 0,\n            ""lane_change_controller"": [\n                ""SimLaneChangeController"",\n                {}\n            ],\n            ""lane_change_params"": {\n                ""controller_params"": {\n                    ""laneChangeModel"": ""LC2013"",\n                    ""lcCooperative"": ""1.0"",\n                    ""lcKeepRight"": ""1.0"",\n                    ""lcSpeedGain"": ""1.0"",\n                    ""lcStrategic"": ""1.0""\n                },\n                ""lane_change_mode"": 512\n            },\n            ""num_vehicles"": 13,\n            ""routing_controller"": [\n                ""ContinuousRouter"",\n                {}\n            ],\n            ""veh_id"": ""human""\n        },\n        {\n            ""acceleration_controller"": [\n                ""RLController"",\n                {}\n            ],\n            ""car_following_params"": {\n                ""controller_params"": {\n                    ""accel"": 1.0,\n                    ""carFollowModel"": ""IDM"",\n                    ""decel"": 1.5,\n                    ""impatience"": 0.5,\n                    ""maxSpeed"": 30,\n                    ""minGap"": 2.5,\n                    ""sigma"": 0.5,\n                    ""speedDev"": 0.1,\n                    ""speedFactor"": 1.0,\n                    ""tau"": 1.0\n                },\n                ""speed_mode"": 1\n            },\n            ""initial_speed"": 0,\n            ""lane_change_controller"": [\n                ""SimLaneChangeController"",\n                {}\n            ],\n            ""lane_change_params"": {\n                ""controller_params"": {\n                    ""laneChangeModel"": ""LC2013"",\n                    ""lcCooperative"": ""1.0"",\n                    ""lcKeepRight"": ""1.0"",\n                    ""lcSpeedGain"": ""1.0"",\n                    ""lcStrategic"": ""1.0""\n                },\n                ""lane_change_mode"": 512\n            },\n            ""num_vehicles"": 1,\n            ""routing_controller"": [\n                ""ContinuousRouter"",\n                {}\n            ],\n            ""veh_id"": ""rl""\n        }\n    ]\n}'}, 'env': 'AccelEnv-v0', 'local_evaluator_tf_session_args': {'inter_op_parallelism_threads': 8, 'intra_op_parallelism_threads': 8}, 'model': {'free_log_std': False, 'custom_options': {}, 'framestack': True, 'channel_major': False, 'max_seq_len': 20, 'lstm_use_prev_action_reward': False, 'squash_to_range': False, 'dim': 84, 'grayscale': False, 'fcnet_hiddens': [100, 50, 25], 'use_lstm': False, 'custom_model': None, 'fcnet_activation': 'tanh', 'conv_filters': None, 'conv_activation': 'relu', 'lstm_cell_size': 256, 'zero_mean': True, 'custom_preprocessor': None}, 'output_compress_columns': ['obs', 'new_obs'], 'monitor': False, 'custom_resources_per_worker': {}, 'output_max_file_size': 67108864, 'num_workers': 1, 'clip_param': 0.3, 'kl_coeff': 0.2, 'multiagent': {'policy_graphs': {}, 'policy_mapping_fn': None, 'policies_to_train': None}, 'input_evaluation': None, 'output': None, 'collect_metrics_timeout': 180, 'num_cpus_per_worker': 1}",169.237.32.118,1,1371.11,9.846152305603027,"{'num_steps_sampled': 505600, 'load_time_ms': 1.265, 'default': {'kl': 0.0073392014019191265, 'cur_lr': 0.0005000000237487257, 'total_loss': 0.6187090277671814, 'policy_loss': -0.010715962387621403, 'vf_explained_var': 0.958702802658081, 'entropy': 1.8440598249435425, 'cur_kl_coeff': 0.21944166719913483, 'vf_loss': 0.6278144121170044}, 'sample_time_ms': 9636.493, 'grad_time_ms': 280.074, 'update_time_ms': 4.551, 'num_steps_trained': 505600}",384.33725173787354,2019-04-02_08-29-00,kronos,71,505600,0,3128.880605697632,{},505600,316,316,3128.880605697632,489.6167363388842,1600,1554193740,{},0b32d2eec3344b1fbde4822793b2e447,67.70276554331174
False,394,"{'input': 'sampler', 'callbacks': {'on_train_result': None, 'on_sample_end': None, 'on_episode_step': None, 'on_episode_start': None, 'on_episode_end': None}, 'sample_batch_size': 200, 'clip_actions': False, 'clip_rewards': None, 'tf_session_args': {'inter_op_parallelism_threads': 2, 'intra_op_parallelism_threads': 2, 'device_count': {'CPU': 1}, 'log_device_placement': False, 'allow_soft_placement': True, 'gpu_options': {'allow_growth': True}}, 'kl_target': 0.01, 'horizon': 1500, 'lr': 0.0005, 'sample_async': False, 'simple_optimizer': False, 'compress_observations': False, 'num_envs_per_worker': 1, 'gamma': 0.99, 'sgd_minibatch_size': 128, 'observation_filter': 'NoFilter', 'entropy_coeff': 0.0, 'batch_mode': 'truncate_episodes', 'straggler_mitigation': False, 'vf_share_layers': False, 'num_gpus': 0, 'synchronize_filters': True, 'num_sgd_iter': 10, 'train_batch_size': 1500, 'optimizer': {}, 'num_gpus_per_worker': 0, 'preprocessor_pref': 'deepmind', 'num_cpus_for_driver': 1, 'lr_schedule': None, 'use_gae': True, 'lambda': 0.97, 'vf_loss_coeff': 1.0, 'vf_clip_param': 1000000.0, 'log_level': 'INFO', 'env_config': {'run': 'PPO', 'flow_params': '{\n    ""env"": {\n        ""additional_params"": {\n            ""max_accel"": 3,\n            ""max_decel"": 3,\n            ""sort_vehicles"": false,\n            ""target_velocity"": 20\n        },\n        ""evaluate"": false,\n        ""horizon"": 1500,\n        ""sims_per_step"": 1,\n        ""warmup_steps"": 0\n    },\n    ""env_name"": ""AccelEnv"",\n    ""exp_tag"": ""figure_eight_0"",\n    ""initial"": {\n        ""additional_params"": {},\n        ""bunching"": 0,\n        ""edges_distribution"": ""all"",\n        ""lanes_distribution"": Infinity,\n        ""min_gap"": 0,\n        ""perturbation"": 0.0,\n        ""shuffle"": false,\n        ""spacing"": ""uniform"",\n        ""x0"": 0\n    },\n    ""net"": {\n        ""additional_params"": {\n            ""lanes"": 1,\n            ""radius_ring"": 30,\n            ""resolution"": 40,\n            ""speed_limit"": 30\n        },\n        ""inflows"": {\n            ""_InFlows__flows"": [],\n            ""num_flows"": 0\n        },\n        ""netfile"": null,\n        ""no_internal_links"": false,\n        ""osm_path"": null\n    },\n    ""scenario"": ""Figure8Scenario"",\n    ""sim"": {\n        ""emission_path"": null,\n        ""lateral_resolution"": null,\n        ""no_step_log"": true,\n        ""num_clients"": 1,\n        ""overtake_right"": false,\n        ""port"": null,\n        ""print_warnings"": true,\n        ""pxpm"": 2,\n        ""render"": false,\n        ""restart_instance"": false,\n        ""save_render"": false,\n        ""seed"": null,\n        ""show_radius"": false,\n        ""sight_radius"": 25,\n        ""sim_step"": 0.1,\n        ""teleport_time"": -1\n    },\n    ""simulator"": ""traci"",\n    ""veh"": [\n        {\n            ""acceleration_controller"": [\n                ""IDMController"",\n                {\n                    ""noise"": 0.2\n                }\n            ],\n            ""car_following_params"": {\n                ""controller_params"": {\n                    ""accel"": 1.0,\n                    ""carFollowModel"": ""IDM"",\n                    ""decel"": 1.5,\n                    ""impatience"": 0.5,\n                    ""maxSpeed"": 30,\n                    ""minGap"": 2.5,\n                    ""sigma"": 0.5,\n                    ""speedDev"": 0.1,\n                    ""speedFactor"": 1.0,\n                    ""tau"": 1.0\n                },\n                ""speed_mode"": 1\n            },\n            ""initial_speed"": 0,\n            ""lane_change_controller"": [\n                ""SimLaneChangeController"",\n                {}\n            ],\n            ""lane_change_params"": {\n                ""controller_params"": {\n                    ""laneChangeModel"": ""LC2013"",\n                    ""lcCooperative"": ""1.0"",\n                    ""lcKeepRight"": ""1.0"",\n                    ""lcSpeedGain"": ""1.0"",\n                    ""lcStrategic"": ""1.0""\n                },\n                ""lane_change_mode"": 512\n            },\n            ""num_vehicles"": 13,\n            ""routing_controller"": [\n                ""ContinuousRouter"",\n                {}\n            ],\n            ""veh_id"": ""human""\n        },\n        {\n            ""acceleration_controller"": [\n                ""RLController"",\n                {}\n            ],\n            ""car_following_params"": {\n                ""controller_params"": {\n                    ""accel"": 1.0,\n                    ""carFollowModel"": ""IDM"",\n                    ""decel"": 1.5,\n                    ""impatience"": 0.5,\n                    ""maxSpeed"": 30,\n                    ""minGap"": 2.5,\n                    ""sigma"": 0.5,\n                    ""speedDev"": 0.1,\n                    ""speedFactor"": 1.0,\n                    ""tau"": 1.0\n                },\n                ""speed_mode"": 1\n            },\n            ""initial_speed"": 0,\n            ""lane_change_controller"": [\n                ""SimLaneChangeController"",\n                {}\n            ],\n            ""lane_change_params"": {\n                ""controller_params"": {\n                    ""laneChangeModel"": ""LC2013"",\n                    ""lcCooperative"": ""1.0"",\n                    ""lcKeepRight"": ""1.0"",\n                    ""lcSpeedGain"": ""1.0"",\n                    ""lcStrategic"": ""1.0""\n                },\n                ""lane_change_mode"": 512\n            },\n            ""num_vehicles"": 1,\n            ""routing_controller"": [\n                ""ContinuousRouter"",\n                {}\n            ],\n            ""veh_id"": ""rl""\n        }\n    ]\n}'}, 'env': 'AccelEnv-v0', 'local_evaluator_tf_session_args': {'inter_op_parallelism_threads': 8, 'intra_op_parallelism_threads': 8}, 'model': {'free_log_std': False, 'custom_options': {}, 'framestack': True, 'channel_major': False, 'max_seq_len': 20, 'lstm_use_prev_action_reward': False, 'squash_to_range': False, 'dim': 84, 'grayscale': False, 'fcnet_hiddens': [100, 50, 25], 'use_lstm': False, 'custom_model': None, 'fcnet_activation': 'tanh', 'conv_filters': None, 'conv_activation': 'relu', 'lstm_cell_size': 256, 'zero_mean': True, 'custom_preprocessor': None}, 'output_compress_columns': ['obs', 'new_obs'], 'monitor': False, 'custom_resources_per_worker': {}, 'output_max_file_size': 67108864, 'num_workers': 1, 'clip_param': 0.3, 'kl_coeff': 0.2, 'multiagent': {'policy_graphs': {}, 'policy_mapping_fn': None, 'policies_to_train': None}, 'input_evaluation': None, 'output': None, 'collect_metrics_timeout': 180, 'num_cpus_per_worker': 1}",169.237.32.118,1,1371.11,9.783931016921997,"{'num_steps_sampled': 507200, 'load_time_ms': 1.249, 'default': {'kl': 0.03393968567252159, 'cur_lr': 0.0005000000237487257, 'total_loss': 1.18534517288208, 'policy_loss': -0.031032515689730644, 'vf_explained_var': 0.9365825653076172, 'entropy': 1.9374394416809082, 'cur_kl_coeff': 0.21944166719913483, 'vf_loss': 1.2089300155639648}, 'sample_time_ms': 9633.774, 'grad_time_ms': 277.106, 'update_time_ms': 4.462, 'num_steps_trained': 507200}",384.18473497052406,2019-04-02_08-29-10,kronos,71,507200,0,3138.664536714554,{},507200,317,317,3138.664536714554,489.6167363388842,1600,1554193750,{},0b32d2eec3344b1fbde4822793b2e447,67.70276554331174
False,395,"{'input': 'sampler', 'callbacks': {'on_train_result': None, 'on_sample_end': None, 'on_episode_step': None, 'on_episode_start': None, 'on_episode_end': None}, 'sample_batch_size': 200, 'clip_actions': False, 'clip_rewards': None, 'tf_session_args': {'inter_op_parallelism_threads': 2, 'intra_op_parallelism_threads': 2, 'device_count': {'CPU': 1}, 'log_device_placement': False, 'allow_soft_placement': True, 'gpu_options': {'allow_growth': True}}, 'kl_target': 0.01, 'horizon': 1500, 'lr': 0.0005, 'sample_async': False, 'simple_optimizer': False, 'compress_observations': False, 'num_envs_per_worker': 1, 'gamma': 0.99, 'sgd_minibatch_size': 128, 'observation_filter': 'NoFilter', 'entropy_coeff': 0.0, 'batch_mode': 'truncate_episodes', 'straggler_mitigation': False, 'vf_share_layers': False, 'num_gpus': 0, 'synchronize_filters': True, 'num_sgd_iter': 10, 'train_batch_size': 1500, 'optimizer': {}, 'num_gpus_per_worker': 0, 'preprocessor_pref': 'deepmind', 'num_cpus_for_driver': 1, 'lr_schedule': None, 'use_gae': True, 'lambda': 0.97, 'vf_loss_coeff': 1.0, 'vf_clip_param': 1000000.0, 'log_level': 'INFO', 'env_config': {'run': 'PPO', 'flow_params': '{\n    ""env"": {\n        ""additional_params"": {\n            ""max_accel"": 3,\n            ""max_decel"": 3,\n            ""sort_vehicles"": false,\n            ""target_velocity"": 20\n        },\n        ""evaluate"": false,\n        ""horizon"": 1500,\n        ""sims_per_step"": 1,\n        ""warmup_steps"": 0\n    },\n    ""env_name"": ""AccelEnv"",\n    ""exp_tag"": ""figure_eight_0"",\n    ""initial"": {\n        ""additional_params"": {},\n        ""bunching"": 0,\n        ""edges_distribution"": ""all"",\n        ""lanes_distribution"": Infinity,\n        ""min_gap"": 0,\n        ""perturbation"": 0.0,\n        ""shuffle"": false,\n        ""spacing"": ""uniform"",\n        ""x0"": 0\n    },\n    ""net"": {\n        ""additional_params"": {\n            ""lanes"": 1,\n            ""radius_ring"": 30,\n            ""resolution"": 40,\n            ""speed_limit"": 30\n        },\n        ""inflows"": {\n            ""_InFlows__flows"": [],\n            ""num_flows"": 0\n        },\n        ""netfile"": null,\n        ""no_internal_links"": false,\n        ""osm_path"": null\n    },\n    ""scenario"": ""Figure8Scenario"",\n    ""sim"": {\n        ""emission_path"": null,\n        ""lateral_resolution"": null,\n        ""no_step_log"": true,\n        ""num_clients"": 1,\n        ""overtake_right"": false,\n        ""port"": null,\n        ""print_warnings"": true,\n        ""pxpm"": 2,\n        ""render"": false,\n        ""restart_instance"": false,\n        ""save_render"": false,\n        ""seed"": null,\n        ""show_radius"": false,\n        ""sight_radius"": 25,\n        ""sim_step"": 0.1,\n        ""teleport_time"": -1\n    },\n    ""simulator"": ""traci"",\n    ""veh"": [\n        {\n            ""acceleration_controller"": [\n                ""IDMController"",\n                {\n                    ""noise"": 0.2\n                }\n            ],\n            ""car_following_params"": {\n                ""controller_params"": {\n                    ""accel"": 1.0,\n                    ""carFollowModel"": ""IDM"",\n                    ""decel"": 1.5,\n                    ""impatience"": 0.5,\n                    ""maxSpeed"": 30,\n                    ""minGap"": 2.5,\n                    ""sigma"": 0.5,\n                    ""speedDev"": 0.1,\n                    ""speedFactor"": 1.0,\n                    ""tau"": 1.0\n                },\n                ""speed_mode"": 1\n            },\n            ""initial_speed"": 0,\n            ""lane_change_controller"": [\n                ""SimLaneChangeController"",\n                {}\n            ],\n            ""lane_change_params"": {\n                ""controller_params"": {\n                    ""laneChangeModel"": ""LC2013"",\n                    ""lcCooperative"": ""1.0"",\n                    ""lcKeepRight"": ""1.0"",\n                    ""lcSpeedGain"": ""1.0"",\n                    ""lcStrategic"": ""1.0""\n                },\n                ""lane_change_mode"": 512\n            },\n            ""num_vehicles"": 13,\n            ""routing_controller"": [\n                ""ContinuousRouter"",\n                {}\n            ],\n            ""veh_id"": ""human""\n        },\n        {\n            ""acceleration_controller"": [\n                ""RLController"",\n                {}\n            ],\n            ""car_following_params"": {\n                ""controller_params"": {\n                    ""accel"": 1.0,\n                    ""carFollowModel"": ""IDM"",\n                    ""decel"": 1.5,\n                    ""impatience"": 0.5,\n                    ""maxSpeed"": 30,\n                    ""minGap"": 2.5,\n                    ""sigma"": 0.5,\n                    ""speedDev"": 0.1,\n                    ""speedFactor"": 1.0,\n                    ""tau"": 1.0\n                },\n                ""speed_mode"": 1\n            },\n            ""initial_speed"": 0,\n            ""lane_change_controller"": [\n                ""SimLaneChangeController"",\n                {}\n            ],\n            ""lane_change_params"": {\n                ""controller_params"": {\n                    ""laneChangeModel"": ""LC2013"",\n                    ""lcCooperative"": ""1.0"",\n                    ""lcKeepRight"": ""1.0"",\n                    ""lcSpeedGain"": ""1.0"",\n                    ""lcStrategic"": ""1.0""\n                },\n                ""lane_change_mode"": 512\n            },\n            ""num_vehicles"": 1,\n            ""routing_controller"": [\n                ""ContinuousRouter"",\n                {}\n            ],\n            ""veh_id"": ""rl""\n        }\n    ]\n}'}, 'env': 'AccelEnv-v0', 'local_evaluator_tf_session_args': {'inter_op_parallelism_threads': 8, 'intra_op_parallelism_threads': 8}, 'model': {'free_log_std': False, 'custom_options': {}, 'framestack': True, 'channel_major': False, 'max_seq_len': 20, 'lstm_use_prev_action_reward': False, 'squash_to_range': False, 'dim': 84, 'grayscale': False, 'fcnet_hiddens': [100, 50, 25], 'use_lstm': False, 'custom_model': None, 'fcnet_activation': 'tanh', 'conv_filters': None, 'conv_activation': 'relu', 'lstm_cell_size': 256, 'zero_mean': True, 'custom_preprocessor': None}, 'output_compress_columns': ['obs', 'new_obs'], 'monitor': False, 'custom_resources_per_worker': {}, 'output_max_file_size': 67108864, 'num_workers': 1, 'clip_param': 0.3, 'kl_coeff': 0.2, 'multiagent': {'policy_graphs': {}, 'policy_mapping_fn': None, 'policies_to_train': None}, 'input_evaluation': None, 'output': None, 'collect_metrics_timeout': 180, 'num_cpus_per_worker': 1}",169.237.32.118,1,1371.11,9.899190902709961,"{'num_steps_sampled': 508800, 'load_time_ms': 1.267, 'default': {'kl': 0.011656906455755234, 'cur_lr': 0.0005000000237487257, 'total_loss': 0.3644920885562897, 'policy_loss': -0.01765844225883484, 'vf_explained_var': 0.9896356463432312, 'entropy': 1.8482638597488403, 'cur_kl_coeff': 0.3291625380516052, 'vf_loss': 0.3783135414123535}, 'sample_time_ms': 9642.669, 'grad_time_ms': 277.141, 'update_time_ms': 4.515, 'num_steps_trained': 508800}",384.23412802946535,2019-04-02_08-29-20,kronos,71,508800,0,3148.563727617264,{},508800,318,318,3148.563727617264,489.6167363388842,1600,1554193760,{},0b32d2eec3344b1fbde4822793b2e447,67.70276554331174
False,396,"{'input': 'sampler', 'callbacks': {'on_train_result': None, 'on_sample_end': None, 'on_episode_step': None, 'on_episode_start': None, 'on_episode_end': None}, 'sample_batch_size': 200, 'clip_actions': False, 'clip_rewards': None, 'tf_session_args': {'inter_op_parallelism_threads': 2, 'intra_op_parallelism_threads': 2, 'device_count': {'CPU': 1}, 'log_device_placement': False, 'allow_soft_placement': True, 'gpu_options': {'allow_growth': True}}, 'kl_target': 0.01, 'horizon': 1500, 'lr': 0.0005, 'sample_async': False, 'simple_optimizer': False, 'compress_observations': False, 'num_envs_per_worker': 1, 'gamma': 0.99, 'sgd_minibatch_size': 128, 'observation_filter': 'NoFilter', 'entropy_coeff': 0.0, 'batch_mode': 'truncate_episodes', 'straggler_mitigation': False, 'vf_share_layers': False, 'num_gpus': 0, 'synchronize_filters': True, 'num_sgd_iter': 10, 'train_batch_size': 1500, 'optimizer': {}, 'num_gpus_per_worker': 0, 'preprocessor_pref': 'deepmind', 'num_cpus_for_driver': 1, 'lr_schedule': None, 'use_gae': True, 'lambda': 0.97, 'vf_loss_coeff': 1.0, 'vf_clip_param': 1000000.0, 'log_level': 'INFO', 'env_config': {'run': 'PPO', 'flow_params': '{\n    ""env"": {\n        ""additional_params"": {\n            ""max_accel"": 3,\n            ""max_decel"": 3,\n            ""sort_vehicles"": false,\n            ""target_velocity"": 20\n        },\n        ""evaluate"": false,\n        ""horizon"": 1500,\n        ""sims_per_step"": 1,\n        ""warmup_steps"": 0\n    },\n    ""env_name"": ""AccelEnv"",\n    ""exp_tag"": ""figure_eight_0"",\n    ""initial"": {\n        ""additional_params"": {},\n        ""bunching"": 0,\n        ""edges_distribution"": ""all"",\n        ""lanes_distribution"": Infinity,\n        ""min_gap"": 0,\n        ""perturbation"": 0.0,\n        ""shuffle"": false,\n        ""spacing"": ""uniform"",\n        ""x0"": 0\n    },\n    ""net"": {\n        ""additional_params"": {\n            ""lanes"": 1,\n            ""radius_ring"": 30,\n            ""resolution"": 40,\n            ""speed_limit"": 30\n        },\n        ""inflows"": {\n            ""_InFlows__flows"": [],\n            ""num_flows"": 0\n        },\n        ""netfile"": null,\n        ""no_internal_links"": false,\n        ""osm_path"": null\n    },\n    ""scenario"": ""Figure8Scenario"",\n    ""sim"": {\n        ""emission_path"": null,\n        ""lateral_resolution"": null,\n        ""no_step_log"": true,\n        ""num_clients"": 1,\n        ""overtake_right"": false,\n        ""port"": null,\n        ""print_warnings"": true,\n        ""pxpm"": 2,\n        ""render"": false,\n        ""restart_instance"": false,\n        ""save_render"": false,\n        ""seed"": null,\n        ""show_radius"": false,\n        ""sight_radius"": 25,\n        ""sim_step"": 0.1,\n        ""teleport_time"": -1\n    },\n    ""simulator"": ""traci"",\n    ""veh"": [\n        {\n            ""acceleration_controller"": [\n                ""IDMController"",\n                {\n                    ""noise"": 0.2\n                }\n            ],\n            ""car_following_params"": {\n                ""controller_params"": {\n                    ""accel"": 1.0,\n                    ""carFollowModel"": ""IDM"",\n                    ""decel"": 1.5,\n                    ""impatience"": 0.5,\n                    ""maxSpeed"": 30,\n                    ""minGap"": 2.5,\n                    ""sigma"": 0.5,\n                    ""speedDev"": 0.1,\n                    ""speedFactor"": 1.0,\n                    ""tau"": 1.0\n                },\n                ""speed_mode"": 1\n            },\n            ""initial_speed"": 0,\n            ""lane_change_controller"": [\n                ""SimLaneChangeController"",\n                {}\n            ],\n            ""lane_change_params"": {\n                ""controller_params"": {\n                    ""laneChangeModel"": ""LC2013"",\n                    ""lcCooperative"": ""1.0"",\n                    ""lcKeepRight"": ""1.0"",\n                    ""lcSpeedGain"": ""1.0"",\n                    ""lcStrategic"": ""1.0""\n                },\n                ""lane_change_mode"": 512\n            },\n            ""num_vehicles"": 13,\n            ""routing_controller"": [\n                ""ContinuousRouter"",\n                {}\n            ],\n            ""veh_id"": ""human""\n        },\n        {\n            ""acceleration_controller"": [\n                ""RLController"",\n                {}\n            ],\n            ""car_following_params"": {\n                ""controller_params"": {\n                    ""accel"": 1.0,\n                    ""carFollowModel"": ""IDM"",\n                    ""decel"": 1.5,\n                    ""impatience"": 0.5,\n                    ""maxSpeed"": 30,\n                    ""minGap"": 2.5,\n                    ""sigma"": 0.5,\n                    ""speedDev"": 0.1,\n                    ""speedFactor"": 1.0,\n                    ""tau"": 1.0\n                },\n                ""speed_mode"": 1\n            },\n            ""initial_speed"": 0,\n            ""lane_change_controller"": [\n                ""SimLaneChangeController"",\n                {}\n            ],\n            ""lane_change_params"": {\n                ""controller_params"": {\n                    ""laneChangeModel"": ""LC2013"",\n                    ""lcCooperative"": ""1.0"",\n                    ""lcKeepRight"": ""1.0"",\n                    ""lcSpeedGain"": ""1.0"",\n                    ""lcStrategic"": ""1.0""\n                },\n                ""lane_change_mode"": 512\n            },\n            ""num_vehicles"": 1,\n            ""routing_controller"": [\n                ""ContinuousRouter"",\n                {}\n            ],\n            ""veh_id"": ""rl""\n        }\n    ]\n}'}, 'env': 'AccelEnv-v0', 'local_evaluator_tf_session_args': {'inter_op_parallelism_threads': 8, 'intra_op_parallelism_threads': 8}, 'model': {'free_log_std': False, 'custom_options': {}, 'framestack': True, 'channel_major': False, 'max_seq_len': 20, 'lstm_use_prev_action_reward': False, 'squash_to_range': False, 'dim': 84, 'grayscale': False, 'fcnet_hiddens': [100, 50, 25], 'use_lstm': False, 'custom_model': None, 'fcnet_activation': 'tanh', 'conv_filters': None, 'conv_activation': 'relu', 'lstm_cell_size': 256, 'zero_mean': True, 'custom_preprocessor': None}, 'output_compress_columns': ['obs', 'new_obs'], 'monitor': False, 'custom_resources_per_worker': {}, 'output_max_file_size': 67108864, 'num_workers': 1, 'clip_param': 0.3, 'kl_coeff': 0.2, 'multiagent': {'policy_graphs': {}, 'policy_mapping_fn': None, 'policies_to_train': None}, 'input_evaluation': None, 'output': None, 'collect_metrics_timeout': 180, 'num_cpus_per_worker': 1}",169.237.32.118,1,1371.11,9.839845418930054,"{'num_steps_sampled': 510400, 'load_time_ms': 1.255, 'default': {'kl': 0.013036231510341167, 'cur_lr': 0.0005000000237487257, 'total_loss': 2.349212169647217, 'policy_loss': -0.009108769707381725, 'vf_explained_var': 0.9556576609611511, 'entropy': 1.9181604385375977, 'cur_kl_coeff': 0.3291625380516052, 'vf_loss': 2.354029893875122}, 'sample_time_ms': 9635.563, 'grad_time_ms': 276.508, 'update_time_ms': 4.572, 'num_steps_trained': 510400}",383.55778050953637,2019-04-02_08-29-30,kronos,71,510400,0,3158.403573036194,{},510400,319,319,3158.403573036194,489.6167363388842,1600,1554193770,{},0b32d2eec3344b1fbde4822793b2e447,67.70276554331174
False,397,"{'input': 'sampler', 'callbacks': {'on_train_result': None, 'on_sample_end': None, 'on_episode_step': None, 'on_episode_start': None, 'on_episode_end': None}, 'sample_batch_size': 200, 'clip_actions': False, 'clip_rewards': None, 'tf_session_args': {'inter_op_parallelism_threads': 2, 'intra_op_parallelism_threads': 2, 'device_count': {'CPU': 1}, 'log_device_placement': False, 'allow_soft_placement': True, 'gpu_options': {'allow_growth': True}}, 'kl_target': 0.01, 'horizon': 1500, 'lr': 0.0005, 'sample_async': False, 'simple_optimizer': False, 'compress_observations': False, 'num_envs_per_worker': 1, 'gamma': 0.99, 'sgd_minibatch_size': 128, 'observation_filter': 'NoFilter', 'entropy_coeff': 0.0, 'batch_mode': 'truncate_episodes', 'straggler_mitigation': False, 'vf_share_layers': False, 'num_gpus': 0, 'synchronize_filters': True, 'num_sgd_iter': 10, 'train_batch_size': 1500, 'optimizer': {}, 'num_gpus_per_worker': 0, 'preprocessor_pref': 'deepmind', 'num_cpus_for_driver': 1, 'lr_schedule': None, 'use_gae': True, 'lambda': 0.97, 'vf_loss_coeff': 1.0, 'vf_clip_param': 1000000.0, 'log_level': 'INFO', 'env_config': {'run': 'PPO', 'flow_params': '{\n    ""env"": {\n        ""additional_params"": {\n            ""max_accel"": 3,\n            ""max_decel"": 3,\n            ""sort_vehicles"": false,\n            ""target_velocity"": 20\n        },\n        ""evaluate"": false,\n        ""horizon"": 1500,\n        ""sims_per_step"": 1,\n        ""warmup_steps"": 0\n    },\n    ""env_name"": ""AccelEnv"",\n    ""exp_tag"": ""figure_eight_0"",\n    ""initial"": {\n        ""additional_params"": {},\n        ""bunching"": 0,\n        ""edges_distribution"": ""all"",\n        ""lanes_distribution"": Infinity,\n        ""min_gap"": 0,\n        ""perturbation"": 0.0,\n        ""shuffle"": false,\n        ""spacing"": ""uniform"",\n        ""x0"": 0\n    },\n    ""net"": {\n        ""additional_params"": {\n            ""lanes"": 1,\n            ""radius_ring"": 30,\n            ""resolution"": 40,\n            ""speed_limit"": 30\n        },\n        ""inflows"": {\n            ""_InFlows__flows"": [],\n            ""num_flows"": 0\n        },\n        ""netfile"": null,\n        ""no_internal_links"": false,\n        ""osm_path"": null\n    },\n    ""scenario"": ""Figure8Scenario"",\n    ""sim"": {\n        ""emission_path"": null,\n        ""lateral_resolution"": null,\n        ""no_step_log"": true,\n        ""num_clients"": 1,\n        ""overtake_right"": false,\n        ""port"": null,\n        ""print_warnings"": true,\n        ""pxpm"": 2,\n        ""render"": false,\n        ""restart_instance"": false,\n        ""save_render"": false,\n        ""seed"": null,\n        ""show_radius"": false,\n        ""sight_radius"": 25,\n        ""sim_step"": 0.1,\n        ""teleport_time"": -1\n    },\n    ""simulator"": ""traci"",\n    ""veh"": [\n        {\n            ""acceleration_controller"": [\n                ""IDMController"",\n                {\n                    ""noise"": 0.2\n                }\n            ],\n            ""car_following_params"": {\n                ""controller_params"": {\n                    ""accel"": 1.0,\n                    ""carFollowModel"": ""IDM"",\n                    ""decel"": 1.5,\n                    ""impatience"": 0.5,\n                    ""maxSpeed"": 30,\n                    ""minGap"": 2.5,\n                    ""sigma"": 0.5,\n                    ""speedDev"": 0.1,\n                    ""speedFactor"": 1.0,\n                    ""tau"": 1.0\n                },\n                ""speed_mode"": 1\n            },\n            ""initial_speed"": 0,\n            ""lane_change_controller"": [\n                ""SimLaneChangeController"",\n                {}\n            ],\n            ""lane_change_params"": {\n                ""controller_params"": {\n                    ""laneChangeModel"": ""LC2013"",\n                    ""lcCooperative"": ""1.0"",\n                    ""lcKeepRight"": ""1.0"",\n                    ""lcSpeedGain"": ""1.0"",\n                    ""lcStrategic"": ""1.0""\n                },\n                ""lane_change_mode"": 512\n            },\n            ""num_vehicles"": 13,\n            ""routing_controller"": [\n                ""ContinuousRouter"",\n                {}\n            ],\n            ""veh_id"": ""human""\n        },\n        {\n            ""acceleration_controller"": [\n                ""RLController"",\n                {}\n            ],\n            ""car_following_params"": {\n                ""controller_params"": {\n                    ""accel"": 1.0,\n                    ""carFollowModel"": ""IDM"",\n                    ""decel"": 1.5,\n                    ""impatience"": 0.5,\n                    ""maxSpeed"": 30,\n                    ""minGap"": 2.5,\n                    ""sigma"": 0.5,\n                    ""speedDev"": 0.1,\n                    ""speedFactor"": 1.0,\n                    ""tau"": 1.0\n                },\n                ""speed_mode"": 1\n            },\n            ""initial_speed"": 0,\n            ""lane_change_controller"": [\n                ""SimLaneChangeController"",\n                {}\n            ],\n            ""lane_change_params"": {\n                ""controller_params"": {\n                    ""laneChangeModel"": ""LC2013"",\n                    ""lcCooperative"": ""1.0"",\n                    ""lcKeepRight"": ""1.0"",\n                    ""lcSpeedGain"": ""1.0"",\n                    ""lcStrategic"": ""1.0""\n                },\n                ""lane_change_mode"": 512\n            },\n            ""num_vehicles"": 1,\n            ""routing_controller"": [\n                ""ContinuousRouter"",\n                {}\n            ],\n            ""veh_id"": ""rl""\n        }\n    ]\n}'}, 'env': 'AccelEnv-v0', 'local_evaluator_tf_session_args': {'inter_op_parallelism_threads': 8, 'intra_op_parallelism_threads': 8}, 'model': {'free_log_std': False, 'custom_options': {}, 'framestack': True, 'channel_major': False, 'max_seq_len': 20, 'lstm_use_prev_action_reward': False, 'squash_to_range': False, 'dim': 84, 'grayscale': False, 'fcnet_hiddens': [100, 50, 25], 'use_lstm': False, 'custom_model': None, 'fcnet_activation': 'tanh', 'conv_filters': None, 'conv_activation': 'relu', 'lstm_cell_size': 256, 'zero_mean': True, 'custom_preprocessor': None}, 'output_compress_columns': ['obs', 'new_obs'], 'monitor': False, 'custom_resources_per_worker': {}, 'output_max_file_size': 67108864, 'num_workers': 1, 'clip_param': 0.3, 'kl_coeff': 0.2, 'multiagent': {'policy_graphs': {}, 'policy_mapping_fn': None, 'policies_to_train': None}, 'input_evaluation': None, 'output': None, 'collect_metrics_timeout': 180, 'num_cpus_per_worker': 1}",169.237.32.118,1,1374.66,9.884033203125,"{'num_steps_sampled': 512000, 'load_time_ms': 1.257, 'default': {'kl': 0.010170109570026398, 'cur_lr': 0.0005000000237487257, 'total_loss': 0.5753005743026733, 'policy_loss': -0.01785867102444172, 'vf_explained_var': 0.9800084233283997, 'entropy': 1.9647809267044067, 'cur_kl_coeff': 0.3291625380516052, 'vf_loss': 0.5898116230964661}, 'sample_time_ms': 9612.171, 'grad_time_ms': 276.986, 'update_time_ms': 4.479, 'num_steps_trained': 512000}",384.5101975458932,2019-04-02_08-29-39,kronos,71,512000,0,3168.287606239319,{},512000,320,320,3168.287606239319,489.6167363388842,1600,1554193779,{},0b32d2eec3344b1fbde4822793b2e447,67.70276554331174
False,398,"{'input': 'sampler', 'callbacks': {'on_train_result': None, 'on_sample_end': None, 'on_episode_step': None, 'on_episode_start': None, 'on_episode_end': None}, 'sample_batch_size': 200, 'clip_actions': False, 'clip_rewards': None, 'tf_session_args': {'inter_op_parallelism_threads': 2, 'intra_op_parallelism_threads': 2, 'device_count': {'CPU': 1}, 'log_device_placement': False, 'allow_soft_placement': True, 'gpu_options': {'allow_growth': True}}, 'kl_target': 0.01, 'horizon': 1500, 'lr': 0.0005, 'sample_async': False, 'simple_optimizer': False, 'compress_observations': False, 'num_envs_per_worker': 1, 'gamma': 0.99, 'sgd_minibatch_size': 128, 'observation_filter': 'NoFilter', 'entropy_coeff': 0.0, 'batch_mode': 'truncate_episodes', 'straggler_mitigation': False, 'vf_share_layers': False, 'num_gpus': 0, 'synchronize_filters': True, 'num_sgd_iter': 10, 'train_batch_size': 1500, 'optimizer': {}, 'num_gpus_per_worker': 0, 'preprocessor_pref': 'deepmind', 'num_cpus_for_driver': 1, 'lr_schedule': None, 'use_gae': True, 'lambda': 0.97, 'vf_loss_coeff': 1.0, 'vf_clip_param': 1000000.0, 'log_level': 'INFO', 'env_config': {'run': 'PPO', 'flow_params': '{\n    ""env"": {\n        ""additional_params"": {\n            ""max_accel"": 3,\n            ""max_decel"": 3,\n            ""sort_vehicles"": false,\n            ""target_velocity"": 20\n        },\n        ""evaluate"": false,\n        ""horizon"": 1500,\n        ""sims_per_step"": 1,\n        ""warmup_steps"": 0\n    },\n    ""env_name"": ""AccelEnv"",\n    ""exp_tag"": ""figure_eight_0"",\n    ""initial"": {\n        ""additional_params"": {},\n        ""bunching"": 0,\n        ""edges_distribution"": ""all"",\n        ""lanes_distribution"": Infinity,\n        ""min_gap"": 0,\n        ""perturbation"": 0.0,\n        ""shuffle"": false,\n        ""spacing"": ""uniform"",\n        ""x0"": 0\n    },\n    ""net"": {\n        ""additional_params"": {\n            ""lanes"": 1,\n            ""radius_ring"": 30,\n            ""resolution"": 40,\n            ""speed_limit"": 30\n        },\n        ""inflows"": {\n            ""_InFlows__flows"": [],\n            ""num_flows"": 0\n        },\n        ""netfile"": null,\n        ""no_internal_links"": false,\n        ""osm_path"": null\n    },\n    ""scenario"": ""Figure8Scenario"",\n    ""sim"": {\n        ""emission_path"": null,\n        ""lateral_resolution"": null,\n        ""no_step_log"": true,\n        ""num_clients"": 1,\n        ""overtake_right"": false,\n        ""port"": null,\n        ""print_warnings"": true,\n        ""pxpm"": 2,\n        ""render"": false,\n        ""restart_instance"": false,\n        ""save_render"": false,\n        ""seed"": null,\n        ""show_radius"": false,\n        ""sight_radius"": 25,\n        ""sim_step"": 0.1,\n        ""teleport_time"": -1\n    },\n    ""simulator"": ""traci"",\n    ""veh"": [\n        {\n            ""acceleration_controller"": [\n                ""IDMController"",\n                {\n                    ""noise"": 0.2\n                }\n            ],\n            ""car_following_params"": {\n                ""controller_params"": {\n                    ""accel"": 1.0,\n                    ""carFollowModel"": ""IDM"",\n                    ""decel"": 1.5,\n                    ""impatience"": 0.5,\n                    ""maxSpeed"": 30,\n                    ""minGap"": 2.5,\n                    ""sigma"": 0.5,\n                    ""speedDev"": 0.1,\n                    ""speedFactor"": 1.0,\n                    ""tau"": 1.0\n                },\n                ""speed_mode"": 1\n            },\n            ""initial_speed"": 0,\n            ""lane_change_controller"": [\n                ""SimLaneChangeController"",\n                {}\n            ],\n            ""lane_change_params"": {\n                ""controller_params"": {\n                    ""laneChangeModel"": ""LC2013"",\n                    ""lcCooperative"": ""1.0"",\n                    ""lcKeepRight"": ""1.0"",\n                    ""lcSpeedGain"": ""1.0"",\n                    ""lcStrategic"": ""1.0""\n                },\n                ""lane_change_mode"": 512\n            },\n            ""num_vehicles"": 13,\n            ""routing_controller"": [\n                ""ContinuousRouter"",\n                {}\n            ],\n            ""veh_id"": ""human""\n        },\n        {\n            ""acceleration_controller"": [\n                ""RLController"",\n                {}\n            ],\n            ""car_following_params"": {\n                ""controller_params"": {\n                    ""accel"": 1.0,\n                    ""carFollowModel"": ""IDM"",\n                    ""decel"": 1.5,\n                    ""impatience"": 0.5,\n                    ""maxSpeed"": 30,\n                    ""minGap"": 2.5,\n                    ""sigma"": 0.5,\n                    ""speedDev"": 0.1,\n                    ""speedFactor"": 1.0,\n                    ""tau"": 1.0\n                },\n                ""speed_mode"": 1\n            },\n            ""initial_speed"": 0,\n            ""lane_change_controller"": [\n                ""SimLaneChangeController"",\n                {}\n            ],\n            ""lane_change_params"": {\n                ""controller_params"": {\n                    ""laneChangeModel"": ""LC2013"",\n                    ""lcCooperative"": ""1.0"",\n                    ""lcKeepRight"": ""1.0"",\n                    ""lcSpeedGain"": ""1.0"",\n                    ""lcStrategic"": ""1.0""\n                },\n                ""lane_change_mode"": 512\n            },\n            ""num_vehicles"": 1,\n            ""routing_controller"": [\n                ""ContinuousRouter"",\n                {}\n            ],\n            ""veh_id"": ""rl""\n        }\n    ]\n}'}, 'env': 'AccelEnv-v0', 'local_evaluator_tf_session_args': {'inter_op_parallelism_threads': 8, 'intra_op_parallelism_threads': 8}, 'model': {'free_log_std': False, 'custom_options': {}, 'framestack': True, 'channel_major': False, 'max_seq_len': 20, 'lstm_use_prev_action_reward': False, 'squash_to_range': False, 'dim': 84, 'grayscale': False, 'fcnet_hiddens': [100, 50, 25], 'use_lstm': False, 'custom_model': None, 'fcnet_activation': 'tanh', 'conv_filters': None, 'conv_activation': 'relu', 'lstm_cell_size': 256, 'zero_mean': True, 'custom_preprocessor': None}, 'output_compress_columns': ['obs', 'new_obs'], 'monitor': False, 'custom_resources_per_worker': {}, 'output_max_file_size': 67108864, 'num_workers': 1, 'clip_param': 0.3, 'kl_coeff': 0.2, 'multiagent': {'policy_graphs': {}, 'policy_mapping_fn': None, 'policies_to_train': None}, 'input_evaluation': None, 'output': None, 'collect_metrics_timeout': 180, 'num_cpus_per_worker': 1}",169.237.32.118,1,1374.66,10.026441812515259,"{'num_steps_sampled': 513600, 'load_time_ms': 1.254, 'default': {'kl': 0.010278168134391308, 'cur_lr': 0.0005000000237487257, 'total_loss': 0.44542717933654785, 'policy_loss': -0.013632046990096569, 'vf_explained_var': 0.9777330756187439, 'entropy': 1.8484245538711548, 'cur_kl_coeff': 0.3291625380516052, 'vf_loss': 0.45567604899406433}, 'sample_time_ms': 9610.983, 'grad_time_ms': 274.751, 'update_time_ms': 4.498, 'num_steps_trained': 513600}",384.45553551584834,2019-04-02_08-29-50,kronos,71,513600,0,3178.314048051834,{},513600,321,321,3178.314048051834,489.6167363388842,1600,1554193790,{},0b32d2eec3344b1fbde4822793b2e447,67.70276554331174
False,399,"{'input': 'sampler', 'callbacks': {'on_train_result': None, 'on_sample_end': None, 'on_episode_step': None, 'on_episode_start': None, 'on_episode_end': None}, 'sample_batch_size': 200, 'clip_actions': False, 'clip_rewards': None, 'tf_session_args': {'inter_op_parallelism_threads': 2, 'intra_op_parallelism_threads': 2, 'device_count': {'CPU': 1}, 'log_device_placement': False, 'allow_soft_placement': True, 'gpu_options': {'allow_growth': True}}, 'kl_target': 0.01, 'horizon': 1500, 'lr': 0.0005, 'sample_async': False, 'simple_optimizer': False, 'compress_observations': False, 'num_envs_per_worker': 1, 'gamma': 0.99, 'sgd_minibatch_size': 128, 'observation_filter': 'NoFilter', 'entropy_coeff': 0.0, 'batch_mode': 'truncate_episodes', 'straggler_mitigation': False, 'vf_share_layers': False, 'num_gpus': 0, 'synchronize_filters': True, 'num_sgd_iter': 10, 'train_batch_size': 1500, 'optimizer': {}, 'num_gpus_per_worker': 0, 'preprocessor_pref': 'deepmind', 'num_cpus_for_driver': 1, 'lr_schedule': None, 'use_gae': True, 'lambda': 0.97, 'vf_loss_coeff': 1.0, 'vf_clip_param': 1000000.0, 'log_level': 'INFO', 'env_config': {'run': 'PPO', 'flow_params': '{\n    ""env"": {\n        ""additional_params"": {\n            ""max_accel"": 3,\n            ""max_decel"": 3,\n            ""sort_vehicles"": false,\n            ""target_velocity"": 20\n        },\n        ""evaluate"": false,\n        ""horizon"": 1500,\n        ""sims_per_step"": 1,\n        ""warmup_steps"": 0\n    },\n    ""env_name"": ""AccelEnv"",\n    ""exp_tag"": ""figure_eight_0"",\n    ""initial"": {\n        ""additional_params"": {},\n        ""bunching"": 0,\n        ""edges_distribution"": ""all"",\n        ""lanes_distribution"": Infinity,\n        ""min_gap"": 0,\n        ""perturbation"": 0.0,\n        ""shuffle"": false,\n        ""spacing"": ""uniform"",\n        ""x0"": 0\n    },\n    ""net"": {\n        ""additional_params"": {\n            ""lanes"": 1,\n            ""radius_ring"": 30,\n            ""resolution"": 40,\n            ""speed_limit"": 30\n        },\n        ""inflows"": {\n            ""_InFlows__flows"": [],\n            ""num_flows"": 0\n        },\n        ""netfile"": null,\n        ""no_internal_links"": false,\n        ""osm_path"": null\n    },\n    ""scenario"": ""Figure8Scenario"",\n    ""sim"": {\n        ""emission_path"": null,\n        ""lateral_resolution"": null,\n        ""no_step_log"": true,\n        ""num_clients"": 1,\n        ""overtake_right"": false,\n        ""port"": null,\n        ""print_warnings"": true,\n        ""pxpm"": 2,\n        ""render"": false,\n        ""restart_instance"": false,\n        ""save_render"": false,\n        ""seed"": null,\n        ""show_radius"": false,\n        ""sight_radius"": 25,\n        ""sim_step"": 0.1,\n        ""teleport_time"": -1\n    },\n    ""simulator"": ""traci"",\n    ""veh"": [\n        {\n            ""acceleration_controller"": [\n                ""IDMController"",\n                {\n                    ""noise"": 0.2\n                }\n            ],\n            ""car_following_params"": {\n                ""controller_params"": {\n                    ""accel"": 1.0,\n                    ""carFollowModel"": ""IDM"",\n                    ""decel"": 1.5,\n                    ""impatience"": 0.5,\n                    ""maxSpeed"": 30,\n                    ""minGap"": 2.5,\n                    ""sigma"": 0.5,\n                    ""speedDev"": 0.1,\n                    ""speedFactor"": 1.0,\n                    ""tau"": 1.0\n                },\n                ""speed_mode"": 1\n            },\n            ""initial_speed"": 0,\n            ""lane_change_controller"": [\n                ""SimLaneChangeController"",\n                {}\n            ],\n            ""lane_change_params"": {\n                ""controller_params"": {\n                    ""laneChangeModel"": ""LC2013"",\n                    ""lcCooperative"": ""1.0"",\n                    ""lcKeepRight"": ""1.0"",\n                    ""lcSpeedGain"": ""1.0"",\n                    ""lcStrategic"": ""1.0""\n                },\n                ""lane_change_mode"": 512\n            },\n            ""num_vehicles"": 13,\n            ""routing_controller"": [\n                ""ContinuousRouter"",\n                {}\n            ],\n            ""veh_id"": ""human""\n        },\n        {\n            ""acceleration_controller"": [\n                ""RLController"",\n                {}\n            ],\n            ""car_following_params"": {\n                ""controller_params"": {\n                    ""accel"": 1.0,\n                    ""carFollowModel"": ""IDM"",\n                    ""decel"": 1.5,\n                    ""impatience"": 0.5,\n                    ""maxSpeed"": 30,\n                    ""minGap"": 2.5,\n                    ""sigma"": 0.5,\n                    ""speedDev"": 0.1,\n                    ""speedFactor"": 1.0,\n                    ""tau"": 1.0\n                },\n                ""speed_mode"": 1\n            },\n            ""initial_speed"": 0,\n            ""lane_change_controller"": [\n                ""SimLaneChangeController"",\n                {}\n            ],\n            ""lane_change_params"": {\n                ""controller_params"": {\n                    ""laneChangeModel"": ""LC2013"",\n                    ""lcCooperative"": ""1.0"",\n                    ""lcKeepRight"": ""1.0"",\n                    ""lcSpeedGain"": ""1.0"",\n                    ""lcStrategic"": ""1.0""\n                },\n                ""lane_change_mode"": 512\n            },\n            ""num_vehicles"": 1,\n            ""routing_controller"": [\n                ""ContinuousRouter"",\n                {}\n            ],\n            ""veh_id"": ""rl""\n        }\n    ]\n}'}, 'env': 'AccelEnv-v0', 'local_evaluator_tf_session_args': {'inter_op_parallelism_threads': 8, 'intra_op_parallelism_threads': 8}, 'model': {'free_log_std': False, 'custom_options': {}, 'framestack': True, 'channel_major': False, 'max_seq_len': 20, 'lstm_use_prev_action_reward': False, 'squash_to_range': False, 'dim': 84, 'grayscale': False, 'fcnet_hiddens': [100, 50, 25], 'use_lstm': False, 'custom_model': None, 'fcnet_activation': 'tanh', 'conv_filters': None, 'conv_activation': 'relu', 'lstm_cell_size': 256, 'zero_mean': True, 'custom_preprocessor': None}, 'output_compress_columns': ['obs', 'new_obs'], 'monitor': False, 'custom_resources_per_worker': {}, 'output_max_file_size': 67108864, 'num_workers': 1, 'clip_param': 0.3, 'kl_coeff': 0.2, 'multiagent': {'policy_graphs': {}, 'policy_mapping_fn': None, 'policies_to_train': None}, 'input_evaluation': None, 'output': None, 'collect_metrics_timeout': 180, 'num_cpus_per_worker': 1}",169.237.32.118,1,1374.66,9.920037746429443,"{'num_steps_sampled': 515200, 'load_time_ms': 1.248, 'default': {'kl': 0.01755792833864689, 'cur_lr': 0.0005000000237487257, 'total_loss': 3.446195363998413, 'policy_loss': -0.01883574016392231, 'vf_explained_var': 0.8491824269294739, 'entropy': 1.953864574432373, 'cur_kl_coeff': 0.3291625380516052, 'vf_loss': 3.459251642227173}, 'sample_time_ms': 9606.804, 'grad_time_ms': 274.091, 'update_time_ms': 4.441, 'num_steps_trained': 515200}",384.66040455024614,2019-04-02_08-29-59,kronos,71,515200,0,3188.2340857982635,{},515200,322,322,3188.2340857982635,489.6167363388842,1600,1554193799,{},0b32d2eec3344b1fbde4822793b2e447,67.70276554331174
False,400,"{'input': 'sampler', 'callbacks': {'on_train_result': None, 'on_sample_end': None, 'on_episode_step': None, 'on_episode_start': None, 'on_episode_end': None}, 'sample_batch_size': 200, 'clip_actions': False, 'clip_rewards': None, 'tf_session_args': {'inter_op_parallelism_threads': 2, 'intra_op_parallelism_threads': 2, 'device_count': {'CPU': 1}, 'log_device_placement': False, 'allow_soft_placement': True, 'gpu_options': {'allow_growth': True}}, 'kl_target': 0.01, 'horizon': 1500, 'lr': 0.0005, 'sample_async': False, 'simple_optimizer': False, 'compress_observations': False, 'num_envs_per_worker': 1, 'gamma': 0.99, 'sgd_minibatch_size': 128, 'observation_filter': 'NoFilter', 'entropy_coeff': 0.0, 'batch_mode': 'truncate_episodes', 'straggler_mitigation': False, 'vf_share_layers': False, 'num_gpus': 0, 'synchronize_filters': True, 'num_sgd_iter': 10, 'train_batch_size': 1500, 'optimizer': {}, 'num_gpus_per_worker': 0, 'preprocessor_pref': 'deepmind', 'num_cpus_for_driver': 1, 'lr_schedule': None, 'use_gae': True, 'lambda': 0.97, 'vf_loss_coeff': 1.0, 'vf_clip_param': 1000000.0, 'log_level': 'INFO', 'env_config': {'run': 'PPO', 'flow_params': '{\n    ""env"": {\n        ""additional_params"": {\n            ""max_accel"": 3,\n            ""max_decel"": 3,\n            ""sort_vehicles"": false,\n            ""target_velocity"": 20\n        },\n        ""evaluate"": false,\n        ""horizon"": 1500,\n        ""sims_per_step"": 1,\n        ""warmup_steps"": 0\n    },\n    ""env_name"": ""AccelEnv"",\n    ""exp_tag"": ""figure_eight_0"",\n    ""initial"": {\n        ""additional_params"": {},\n        ""bunching"": 0,\n        ""edges_distribution"": ""all"",\n        ""lanes_distribution"": Infinity,\n        ""min_gap"": 0,\n        ""perturbation"": 0.0,\n        ""shuffle"": false,\n        ""spacing"": ""uniform"",\n        ""x0"": 0\n    },\n    ""net"": {\n        ""additional_params"": {\n            ""lanes"": 1,\n            ""radius_ring"": 30,\n            ""resolution"": 40,\n            ""speed_limit"": 30\n        },\n        ""inflows"": {\n            ""_InFlows__flows"": [],\n            ""num_flows"": 0\n        },\n        ""netfile"": null,\n        ""no_internal_links"": false,\n        ""osm_path"": null\n    },\n    ""scenario"": ""Figure8Scenario"",\n    ""sim"": {\n        ""emission_path"": null,\n        ""lateral_resolution"": null,\n        ""no_step_log"": true,\n        ""num_clients"": 1,\n        ""overtake_right"": false,\n        ""port"": null,\n        ""print_warnings"": true,\n        ""pxpm"": 2,\n        ""render"": false,\n        ""restart_instance"": false,\n        ""save_render"": false,\n        ""seed"": null,\n        ""show_radius"": false,\n        ""sight_radius"": 25,\n        ""sim_step"": 0.1,\n        ""teleport_time"": -1\n    },\n    ""simulator"": ""traci"",\n    ""veh"": [\n        {\n            ""acceleration_controller"": [\n                ""IDMController"",\n                {\n                    ""noise"": 0.2\n                }\n            ],\n            ""car_following_params"": {\n                ""controller_params"": {\n                    ""accel"": 1.0,\n                    ""carFollowModel"": ""IDM"",\n                    ""decel"": 1.5,\n                    ""impatience"": 0.5,\n                    ""maxSpeed"": 30,\n                    ""minGap"": 2.5,\n                    ""sigma"": 0.5,\n                    ""speedDev"": 0.1,\n                    ""speedFactor"": 1.0,\n                    ""tau"": 1.0\n                },\n                ""speed_mode"": 1\n            },\n            ""initial_speed"": 0,\n            ""lane_change_controller"": [\n                ""SimLaneChangeController"",\n                {}\n            ],\n            ""lane_change_params"": {\n                ""controller_params"": {\n                    ""laneChangeModel"": ""LC2013"",\n                    ""lcCooperative"": ""1.0"",\n                    ""lcKeepRight"": ""1.0"",\n                    ""lcSpeedGain"": ""1.0"",\n                    ""lcStrategic"": ""1.0""\n                },\n                ""lane_change_mode"": 512\n            },\n            ""num_vehicles"": 13,\n            ""routing_controller"": [\n                ""ContinuousRouter"",\n                {}\n            ],\n            ""veh_id"": ""human""\n        },\n        {\n            ""acceleration_controller"": [\n                ""RLController"",\n                {}\n            ],\n            ""car_following_params"": {\n                ""controller_params"": {\n                    ""accel"": 1.0,\n                    ""carFollowModel"": ""IDM"",\n                    ""decel"": 1.5,\n                    ""impatience"": 0.5,\n                    ""maxSpeed"": 30,\n                    ""minGap"": 2.5,\n                    ""sigma"": 0.5,\n                    ""speedDev"": 0.1,\n                    ""speedFactor"": 1.0,\n                    ""tau"": 1.0\n                },\n                ""speed_mode"": 1\n            },\n            ""initial_speed"": 0,\n            ""lane_change_controller"": [\n                ""SimLaneChangeController"",\n                {}\n            ],\n            ""lane_change_params"": {\n                ""controller_params"": {\n                    ""laneChangeModel"": ""LC2013"",\n                    ""lcCooperative"": ""1.0"",\n                    ""lcKeepRight"": ""1.0"",\n                    ""lcSpeedGain"": ""1.0"",\n                    ""lcStrategic"": ""1.0""\n                },\n                ""lane_change_mode"": 512\n            },\n            ""num_vehicles"": 1,\n            ""routing_controller"": [\n                ""ContinuousRouter"",\n                {}\n            ],\n            ""veh_id"": ""rl""\n        }\n    ]\n}'}, 'env': 'AccelEnv-v0', 'local_evaluator_tf_session_args': {'inter_op_parallelism_threads': 8, 'intra_op_parallelism_threads': 8}, 'model': {'free_log_std': False, 'custom_options': {}, 'framestack': True, 'channel_major': False, 'max_seq_len': 20, 'lstm_use_prev_action_reward': False, 'squash_to_range': False, 'dim': 84, 'grayscale': False, 'fcnet_hiddens': [100, 50, 25], 'use_lstm': False, 'custom_model': None, 'fcnet_activation': 'tanh', 'conv_filters': None, 'conv_activation': 'relu', 'lstm_cell_size': 256, 'zero_mean': True, 'custom_preprocessor': None}, 'output_compress_columns': ['obs', 'new_obs'], 'monitor': False, 'custom_resources_per_worker': {}, 'output_max_file_size': 67108864, 'num_workers': 1, 'clip_param': 0.3, 'kl_coeff': 0.2, 'multiagent': {'policy_graphs': {}, 'policy_mapping_fn': None, 'policies_to_train': None}, 'input_evaluation': None, 'output': None, 'collect_metrics_timeout': 180, 'num_cpus_per_worker': 1}",169.237.32.118,1,1386.84,9.959906578063965,"{'num_steps_sampled': 516800, 'load_time_ms': 1.238, 'default': {'kl': 0.024377241730690002, 'cur_lr': 0.0005000000237487257, 'total_loss': 0.4798775613307953, 'policy_loss': -0.031115641817450523, 'vf_explained_var': 0.9762541651725769, 'entropy': 1.8167263269424438, 'cur_kl_coeff': 0.3291625380516052, 'vf_loss': 0.5029690861701965}, 'sample_time_ms': 9612.043, 'grad_time_ms': 273.103, 'update_time_ms': 4.38, 'num_steps_trained': 516800}",387.6893251870521,2019-04-02_08-30-09,kronos,71,516800,0,3198.1939923763275,{},516800,323,323,3198.1939923763275,489.6167363388842,1600,1554193809,{},0b32d2eec3344b1fbde4822793b2e447,67.70276554331174
False,401,"{'input': 'sampler', 'callbacks': {'on_train_result': None, 'on_sample_end': None, 'on_episode_step': None, 'on_episode_start': None, 'on_episode_end': None}, 'sample_batch_size': 200, 'clip_actions': False, 'clip_rewards': None, 'tf_session_args': {'inter_op_parallelism_threads': 2, 'intra_op_parallelism_threads': 2, 'device_count': {'CPU': 1}, 'log_device_placement': False, 'allow_soft_placement': True, 'gpu_options': {'allow_growth': True}}, 'kl_target': 0.01, 'horizon': 1500, 'lr': 0.0005, 'sample_async': False, 'simple_optimizer': False, 'compress_observations': False, 'num_envs_per_worker': 1, 'gamma': 0.99, 'sgd_minibatch_size': 128, 'observation_filter': 'NoFilter', 'entropy_coeff': 0.0, 'batch_mode': 'truncate_episodes', 'straggler_mitigation': False, 'vf_share_layers': False, 'num_gpus': 0, 'synchronize_filters': True, 'num_sgd_iter': 10, 'train_batch_size': 1500, 'optimizer': {}, 'num_gpus_per_worker': 0, 'preprocessor_pref': 'deepmind', 'num_cpus_for_driver': 1, 'lr_schedule': None, 'use_gae': True, 'lambda': 0.97, 'vf_loss_coeff': 1.0, 'vf_clip_param': 1000000.0, 'log_level': 'INFO', 'env_config': {'run': 'PPO', 'flow_params': '{\n    ""env"": {\n        ""additional_params"": {\n            ""max_accel"": 3,\n            ""max_decel"": 3,\n            ""sort_vehicles"": false,\n            ""target_velocity"": 20\n        },\n        ""evaluate"": false,\n        ""horizon"": 1500,\n        ""sims_per_step"": 1,\n        ""warmup_steps"": 0\n    },\n    ""env_name"": ""AccelEnv"",\n    ""exp_tag"": ""figure_eight_0"",\n    ""initial"": {\n        ""additional_params"": {},\n        ""bunching"": 0,\n        ""edges_distribution"": ""all"",\n        ""lanes_distribution"": Infinity,\n        ""min_gap"": 0,\n        ""perturbation"": 0.0,\n        ""shuffle"": false,\n        ""spacing"": ""uniform"",\n        ""x0"": 0\n    },\n    ""net"": {\n        ""additional_params"": {\n            ""lanes"": 1,\n            ""radius_ring"": 30,\n            ""resolution"": 40,\n            ""speed_limit"": 30\n        },\n        ""inflows"": {\n            ""_InFlows__flows"": [],\n            ""num_flows"": 0\n        },\n        ""netfile"": null,\n        ""no_internal_links"": false,\n        ""osm_path"": null\n    },\n    ""scenario"": ""Figure8Scenario"",\n    ""sim"": {\n        ""emission_path"": null,\n        ""lateral_resolution"": null,\n        ""no_step_log"": true,\n        ""num_clients"": 1,\n        ""overtake_right"": false,\n        ""port"": null,\n        ""print_warnings"": true,\n        ""pxpm"": 2,\n        ""render"": false,\n        ""restart_instance"": false,\n        ""save_render"": false,\n        ""seed"": null,\n        ""show_radius"": false,\n        ""sight_radius"": 25,\n        ""sim_step"": 0.1,\n        ""teleport_time"": -1\n    },\n    ""simulator"": ""traci"",\n    ""veh"": [\n        {\n            ""acceleration_controller"": [\n                ""IDMController"",\n                {\n                    ""noise"": 0.2\n                }\n            ],\n            ""car_following_params"": {\n                ""controller_params"": {\n                    ""accel"": 1.0,\n                    ""carFollowModel"": ""IDM"",\n                    ""decel"": 1.5,\n                    ""impatience"": 0.5,\n                    ""maxSpeed"": 30,\n                    ""minGap"": 2.5,\n                    ""sigma"": 0.5,\n                    ""speedDev"": 0.1,\n                    ""speedFactor"": 1.0,\n                    ""tau"": 1.0\n                },\n                ""speed_mode"": 1\n            },\n            ""initial_speed"": 0,\n            ""lane_change_controller"": [\n                ""SimLaneChangeController"",\n                {}\n            ],\n            ""lane_change_params"": {\n                ""controller_params"": {\n                    ""laneChangeModel"": ""LC2013"",\n                    ""lcCooperative"": ""1.0"",\n                    ""lcKeepRight"": ""1.0"",\n                    ""lcSpeedGain"": ""1.0"",\n                    ""lcStrategic"": ""1.0""\n                },\n                ""lane_change_mode"": 512\n            },\n            ""num_vehicles"": 13,\n            ""routing_controller"": [\n                ""ContinuousRouter"",\n                {}\n            ],\n            ""veh_id"": ""human""\n        },\n        {\n            ""acceleration_controller"": [\n                ""RLController"",\n                {}\n            ],\n            ""car_following_params"": {\n                ""controller_params"": {\n                    ""accel"": 1.0,\n                    ""carFollowModel"": ""IDM"",\n                    ""decel"": 1.5,\n                    ""impatience"": 0.5,\n                    ""maxSpeed"": 30,\n                    ""minGap"": 2.5,\n                    ""sigma"": 0.5,\n                    ""speedDev"": 0.1,\n                    ""speedFactor"": 1.0,\n                    ""tau"": 1.0\n                },\n                ""speed_mode"": 1\n            },\n            ""initial_speed"": 0,\n            ""lane_change_controller"": [\n                ""SimLaneChangeController"",\n                {}\n            ],\n            ""lane_change_params"": {\n                ""controller_params"": {\n                    ""laneChangeModel"": ""LC2013"",\n                    ""lcCooperative"": ""1.0"",\n                    ""lcKeepRight"": ""1.0"",\n                    ""lcSpeedGain"": ""1.0"",\n                    ""lcStrategic"": ""1.0""\n                },\n                ""lane_change_mode"": 512\n            },\n            ""num_vehicles"": 1,\n            ""routing_controller"": [\n                ""ContinuousRouter"",\n                {}\n            ],\n            ""veh_id"": ""rl""\n        }\n    ]\n}'}, 'env': 'AccelEnv-v0', 'local_evaluator_tf_session_args': {'inter_op_parallelism_threads': 8, 'intra_op_parallelism_threads': 8}, 'model': {'free_log_std': False, 'custom_options': {}, 'framestack': True, 'channel_major': False, 'max_seq_len': 20, 'lstm_use_prev_action_reward': False, 'squash_to_range': False, 'dim': 84, 'grayscale': False, 'fcnet_hiddens': [100, 50, 25], 'use_lstm': False, 'custom_model': None, 'fcnet_activation': 'tanh', 'conv_filters': None, 'conv_activation': 'relu', 'lstm_cell_size': 256, 'zero_mean': True, 'custom_preprocessor': None}, 'output_compress_columns': ['obs', 'new_obs'], 'monitor': False, 'custom_resources_per_worker': {}, 'output_max_file_size': 67108864, 'num_workers': 1, 'clip_param': 0.3, 'kl_coeff': 0.2, 'multiagent': {'policy_graphs': {}, 'policy_mapping_fn': None, 'policies_to_train': None}, 'input_evaluation': None, 'output': None, 'collect_metrics_timeout': 180, 'num_cpus_per_worker': 1}",169.237.32.118,1,1386.84,10.086926937103271,"{'num_steps_sampled': 518400, 'load_time_ms': 1.24, 'default': {'kl': 0.011675606481730938, 'cur_lr': 0.0005000000237487257, 'total_loss': 1.1827659606933594, 'policy_loss': -0.03442864492535591, 'vf_explained_var': 0.9394106864929199, 'entropy': 2.0476138591766357, 'cur_kl_coeff': 0.49374380707740784, 'vf_loss': 1.2114299535751343}, 'sample_time_ms': 9633.38, 'grad_time_ms': 273.172, 'update_time_ms': 4.516, 'num_steps_trained': 518400}",387.8804457851652,2019-04-02_08-30-20,kronos,71,518400,0,3208.280919313431,{},518400,324,324,3208.280919313431,489.6167363388842,1600,1554193820,{},0b32d2eec3344b1fbde4822793b2e447,67.70276554331174
False,402,"{'input': 'sampler', 'callbacks': {'on_train_result': None, 'on_sample_end': None, 'on_episode_step': None, 'on_episode_start': None, 'on_episode_end': None}, 'sample_batch_size': 200, 'clip_actions': False, 'clip_rewards': None, 'tf_session_args': {'inter_op_parallelism_threads': 2, 'intra_op_parallelism_threads': 2, 'device_count': {'CPU': 1}, 'log_device_placement': False, 'allow_soft_placement': True, 'gpu_options': {'allow_growth': True}}, 'kl_target': 0.01, 'horizon': 1500, 'lr': 0.0005, 'sample_async': False, 'simple_optimizer': False, 'compress_observations': False, 'num_envs_per_worker': 1, 'gamma': 0.99, 'sgd_minibatch_size': 128, 'observation_filter': 'NoFilter', 'entropy_coeff': 0.0, 'batch_mode': 'truncate_episodes', 'straggler_mitigation': False, 'vf_share_layers': False, 'num_gpus': 0, 'synchronize_filters': True, 'num_sgd_iter': 10, 'train_batch_size': 1500, 'optimizer': {}, 'num_gpus_per_worker': 0, 'preprocessor_pref': 'deepmind', 'num_cpus_for_driver': 1, 'lr_schedule': None, 'use_gae': True, 'lambda': 0.97, 'vf_loss_coeff': 1.0, 'vf_clip_param': 1000000.0, 'log_level': 'INFO', 'env_config': {'run': 'PPO', 'flow_params': '{\n    ""env"": {\n        ""additional_params"": {\n            ""max_accel"": 3,\n            ""max_decel"": 3,\n            ""sort_vehicles"": false,\n            ""target_velocity"": 20\n        },\n        ""evaluate"": false,\n        ""horizon"": 1500,\n        ""sims_per_step"": 1,\n        ""warmup_steps"": 0\n    },\n    ""env_name"": ""AccelEnv"",\n    ""exp_tag"": ""figure_eight_0"",\n    ""initial"": {\n        ""additional_params"": {},\n        ""bunching"": 0,\n        ""edges_distribution"": ""all"",\n        ""lanes_distribution"": Infinity,\n        ""min_gap"": 0,\n        ""perturbation"": 0.0,\n        ""shuffle"": false,\n        ""spacing"": ""uniform"",\n        ""x0"": 0\n    },\n    ""net"": {\n        ""additional_params"": {\n            ""lanes"": 1,\n            ""radius_ring"": 30,\n            ""resolution"": 40,\n            ""speed_limit"": 30\n        },\n        ""inflows"": {\n            ""_InFlows__flows"": [],\n            ""num_flows"": 0\n        },\n        ""netfile"": null,\n        ""no_internal_links"": false,\n        ""osm_path"": null\n    },\n    ""scenario"": ""Figure8Scenario"",\n    ""sim"": {\n        ""emission_path"": null,\n        ""lateral_resolution"": null,\n        ""no_step_log"": true,\n        ""num_clients"": 1,\n        ""overtake_right"": false,\n        ""port"": null,\n        ""print_warnings"": true,\n        ""pxpm"": 2,\n        ""render"": false,\n        ""restart_instance"": false,\n        ""save_render"": false,\n        ""seed"": null,\n        ""show_radius"": false,\n        ""sight_radius"": 25,\n        ""sim_step"": 0.1,\n        ""teleport_time"": -1\n    },\n    ""simulator"": ""traci"",\n    ""veh"": [\n        {\n            ""acceleration_controller"": [\n                ""IDMController"",\n                {\n                    ""noise"": 0.2\n                }\n            ],\n            ""car_following_params"": {\n                ""controller_params"": {\n                    ""accel"": 1.0,\n                    ""carFollowModel"": ""IDM"",\n                    ""decel"": 1.5,\n                    ""impatience"": 0.5,\n                    ""maxSpeed"": 30,\n                    ""minGap"": 2.5,\n                    ""sigma"": 0.5,\n                    ""speedDev"": 0.1,\n                    ""speedFactor"": 1.0,\n                    ""tau"": 1.0\n                },\n                ""speed_mode"": 1\n            },\n            ""initial_speed"": 0,\n            ""lane_change_controller"": [\n                ""SimLaneChangeController"",\n                {}\n            ],\n            ""lane_change_params"": {\n                ""controller_params"": {\n                    ""laneChangeModel"": ""LC2013"",\n                    ""lcCooperative"": ""1.0"",\n                    ""lcKeepRight"": ""1.0"",\n                    ""lcSpeedGain"": ""1.0"",\n                    ""lcStrategic"": ""1.0""\n                },\n                ""lane_change_mode"": 512\n            },\n            ""num_vehicles"": 13,\n            ""routing_controller"": [\n                ""ContinuousRouter"",\n                {}\n            ],\n            ""veh_id"": ""human""\n        },\n        {\n            ""acceleration_controller"": [\n                ""RLController"",\n                {}\n            ],\n            ""car_following_params"": {\n                ""controller_params"": {\n                    ""accel"": 1.0,\n                    ""carFollowModel"": ""IDM"",\n                    ""decel"": 1.5,\n                    ""impatience"": 0.5,\n                    ""maxSpeed"": 30,\n                    ""minGap"": 2.5,\n                    ""sigma"": 0.5,\n                    ""speedDev"": 0.1,\n                    ""speedFactor"": 1.0,\n                    ""tau"": 1.0\n                },\n                ""speed_mode"": 1\n            },\n            ""initial_speed"": 0,\n            ""lane_change_controller"": [\n                ""SimLaneChangeController"",\n                {}\n            ],\n            ""lane_change_params"": {\n                ""controller_params"": {\n                    ""laneChangeModel"": ""LC2013"",\n                    ""lcCooperative"": ""1.0"",\n                    ""lcKeepRight"": ""1.0"",\n                    ""lcSpeedGain"": ""1.0"",\n                    ""lcStrategic"": ""1.0""\n                },\n                ""lane_change_mode"": 512\n            },\n            ""num_vehicles"": 1,\n            ""routing_controller"": [\n                ""ContinuousRouter"",\n                {}\n            ],\n            ""veh_id"": ""rl""\n        }\n    ]\n}'}, 'env': 'AccelEnv-v0', 'local_evaluator_tf_session_args': {'inter_op_parallelism_threads': 8, 'intra_op_parallelism_threads': 8}, 'model': {'free_log_std': False, 'custom_options': {}, 'framestack': True, 'channel_major': False, 'max_seq_len': 20, 'lstm_use_prev_action_reward': False, 'squash_to_range': False, 'dim': 84, 'grayscale': False, 'fcnet_hiddens': [100, 50, 25], 'use_lstm': False, 'custom_model': None, 'fcnet_activation': 'tanh', 'conv_filters': None, 'conv_activation': 'relu', 'lstm_cell_size': 256, 'zero_mean': True, 'custom_preprocessor': None}, 'output_compress_columns': ['obs', 'new_obs'], 'monitor': False, 'custom_resources_per_worker': {}, 'output_max_file_size': 67108864, 'num_workers': 1, 'clip_param': 0.3, 'kl_coeff': 0.2, 'multiagent': {'policy_graphs': {}, 'policy_mapping_fn': None, 'policies_to_train': None}, 'input_evaluation': None, 'output': None, 'collect_metrics_timeout': 180, 'num_cpus_per_worker': 1}",169.237.32.118,1,1386.84,9.976682662963867,"{'num_steps_sampled': 520000, 'load_time_ms': 1.213, 'default': {'kl': 0.013364304788410664, 'cur_lr': 0.0005000000237487257, 'total_loss': 0.3840956389904022, 'policy_loss': -0.026972725987434387, 'vf_explained_var': 0.9822669625282288, 'entropy': 2.000105381011963, 'cur_kl_coeff': 0.49374380707740784, 'vf_loss': 0.4044698178768158}, 'sample_time_ms': 9637.375, 'grad_time_ms': 273.845, 'update_time_ms': 4.564, 'num_steps_trained': 520000}",388.05423940890824,2019-04-02_08-30-30,kronos,71,520000,0,3218.2576019763947,{},520000,325,325,3218.2576019763947,489.6167363388842,1600,1554193830,{},0b32d2eec3344b1fbde4822793b2e447,67.70276554331174
False,404,"{'input': 'sampler', 'callbacks': {'on_train_result': None, 'on_sample_end': None, 'on_episode_step': None, 'on_episode_start': None, 'on_episode_end': None}, 'sample_batch_size': 200, 'clip_actions': False, 'clip_rewards': None, 'tf_session_args': {'inter_op_parallelism_threads': 2, 'intra_op_parallelism_threads': 2, 'device_count': {'CPU': 1}, 'log_device_placement': False, 'allow_soft_placement': True, 'gpu_options': {'allow_growth': True}}, 'kl_target': 0.01, 'horizon': 1500, 'lr': 0.0005, 'sample_async': False, 'simple_optimizer': False, 'compress_observations': False, 'num_envs_per_worker': 1, 'gamma': 0.99, 'sgd_minibatch_size': 128, 'observation_filter': 'NoFilter', 'entropy_coeff': 0.0, 'batch_mode': 'truncate_episodes', 'straggler_mitigation': False, 'vf_share_layers': False, 'num_gpus': 0, 'synchronize_filters': True, 'num_sgd_iter': 10, 'train_batch_size': 1500, 'optimizer': {}, 'num_gpus_per_worker': 0, 'preprocessor_pref': 'deepmind', 'num_cpus_for_driver': 1, 'lr_schedule': None, 'use_gae': True, 'lambda': 0.97, 'vf_loss_coeff': 1.0, 'vf_clip_param': 1000000.0, 'log_level': 'INFO', 'env_config': {'run': 'PPO', 'flow_params': '{\n    ""env"": {\n        ""additional_params"": {\n            ""max_accel"": 3,\n            ""max_decel"": 3,\n            ""sort_vehicles"": false,\n            ""target_velocity"": 20\n        },\n        ""evaluate"": false,\n        ""horizon"": 1500,\n        ""sims_per_step"": 1,\n        ""warmup_steps"": 0\n    },\n    ""env_name"": ""AccelEnv"",\n    ""exp_tag"": ""figure_eight_0"",\n    ""initial"": {\n        ""additional_params"": {},\n        ""bunching"": 0,\n        ""edges_distribution"": ""all"",\n        ""lanes_distribution"": Infinity,\n        ""min_gap"": 0,\n        ""perturbation"": 0.0,\n        ""shuffle"": false,\n        ""spacing"": ""uniform"",\n        ""x0"": 0\n    },\n    ""net"": {\n        ""additional_params"": {\n            ""lanes"": 1,\n            ""radius_ring"": 30,\n            ""resolution"": 40,\n            ""speed_limit"": 30\n        },\n        ""inflows"": {\n            ""_InFlows__flows"": [],\n            ""num_flows"": 0\n        },\n        ""netfile"": null,\n        ""no_internal_links"": false,\n        ""osm_path"": null\n    },\n    ""scenario"": ""Figure8Scenario"",\n    ""sim"": {\n        ""emission_path"": null,\n        ""lateral_resolution"": null,\n        ""no_step_log"": true,\n        ""num_clients"": 1,\n        ""overtake_right"": false,\n        ""port"": null,\n        ""print_warnings"": true,\n        ""pxpm"": 2,\n        ""render"": false,\n        ""restart_instance"": false,\n        ""save_render"": false,\n        ""seed"": null,\n        ""show_radius"": false,\n        ""sight_radius"": 25,\n        ""sim_step"": 0.1,\n        ""teleport_time"": -1\n    },\n    ""simulator"": ""traci"",\n    ""veh"": [\n        {\n            ""acceleration_controller"": [\n                ""IDMController"",\n                {\n                    ""noise"": 0.2\n                }\n            ],\n            ""car_following_params"": {\n                ""controller_params"": {\n                    ""accel"": 1.0,\n                    ""carFollowModel"": ""IDM"",\n                    ""decel"": 1.5,\n                    ""impatience"": 0.5,\n                    ""maxSpeed"": 30,\n                    ""minGap"": 2.5,\n                    ""sigma"": 0.5,\n                    ""speedDev"": 0.1,\n                    ""speedFactor"": 1.0,\n                    ""tau"": 1.0\n                },\n                ""speed_mode"": 1\n            },\n            ""initial_speed"": 0,\n            ""lane_change_controller"": [\n                ""SimLaneChangeController"",\n                {}\n            ],\n            ""lane_change_params"": {\n                ""controller_params"": {\n                    ""laneChangeModel"": ""LC2013"",\n                    ""lcCooperative"": ""1.0"",\n                    ""lcKeepRight"": ""1.0"",\n                    ""lcSpeedGain"": ""1.0"",\n                    ""lcStrategic"": ""1.0""\n                },\n                ""lane_change_mode"": 512\n            },\n            ""num_vehicles"": 13,\n            ""routing_controller"": [\n                ""ContinuousRouter"",\n                {}\n            ],\n            ""veh_id"": ""human""\n        },\n        {\n            ""acceleration_controller"": [\n                ""RLController"",\n                {}\n            ],\n            ""car_following_params"": {\n                ""controller_params"": {\n                    ""accel"": 1.0,\n                    ""carFollowModel"": ""IDM"",\n                    ""decel"": 1.5,\n                    ""impatience"": 0.5,\n                    ""maxSpeed"": 30,\n                    ""minGap"": 2.5,\n                    ""sigma"": 0.5,\n                    ""speedDev"": 0.1,\n                    ""speedFactor"": 1.0,\n                    ""tau"": 1.0\n                },\n                ""speed_mode"": 1\n            },\n            ""initial_speed"": 0,\n            ""lane_change_controller"": [\n                ""SimLaneChangeController"",\n                {}\n            ],\n            ""lane_change_params"": {\n                ""controller_params"": {\n                    ""laneChangeModel"": ""LC2013"",\n                    ""lcCooperative"": ""1.0"",\n                    ""lcKeepRight"": ""1.0"",\n                    ""lcSpeedGain"": ""1.0"",\n                    ""lcStrategic"": ""1.0""\n                },\n                ""lane_change_mode"": 512\n            },\n            ""num_vehicles"": 1,\n            ""routing_controller"": [\n                ""ContinuousRouter"",\n                {}\n            ],\n            ""veh_id"": ""rl""\n        }\n    ]\n}'}, 'env': 'AccelEnv-v0', 'local_evaluator_tf_session_args': {'inter_op_parallelism_threads': 8, 'intra_op_parallelism_threads': 8}, 'model': {'free_log_std': False, 'custom_options': {}, 'framestack': True, 'channel_major': False, 'max_seq_len': 20, 'lstm_use_prev_action_reward': False, 'squash_to_range': False, 'dim': 84, 'grayscale': False, 'fcnet_hiddens': [100, 50, 25], 'use_lstm': False, 'custom_model': None, 'fcnet_activation': 'tanh', 'conv_filters': None, 'conv_activation': 'relu', 'lstm_cell_size': 256, 'zero_mean': True, 'custom_preprocessor': None}, 'output_compress_columns': ['obs', 'new_obs'], 'monitor': False, 'custom_resources_per_worker': {}, 'output_max_file_size': 67108864, 'num_workers': 1, 'clip_param': 0.3, 'kl_coeff': 0.2, 'multiagent': {'policy_graphs': {}, 'policy_mapping_fn': None, 'policies_to_train': None}, 'input_evaluation': None, 'output': None, 'collect_metrics_timeout': 180, 'num_cpus_per_worker': 1}",169.237.32.118,2,1386.84,9.86573338508606,"{'num_steps_sampled': 521600, 'load_time_ms': 1.217, 'default': {'kl': 0.008060420863330364, 'cur_lr': 0.0005000000237487257, 'total_loss': 2.7329959869384766, 'policy_loss': -0.011930257081985474, 'vf_explained_var': 0.868966817855835, 'entropy': 2.005854845046997, 'cur_kl_coeff': 0.49374380707740784, 'vf_loss': 2.7409467697143555}, 'sample_time_ms': 9638.431, 'grad_time_ms': 274.693, 'update_time_ms': 4.583, 'num_steps_trained': 521600}",387.77721839817883,2019-04-02_08-30-39,kronos,71,521600,0,3228.1233353614807,{},521600,326,326,3228.1233353614807,489.6167363388842,1600,1554193839,{},0b32d2eec3344b1fbde4822793b2e447,67.70276554331174
False,405,"{'input': 'sampler', 'callbacks': {'on_train_result': None, 'on_sample_end': None, 'on_episode_step': None, 'on_episode_start': None, 'on_episode_end': None}, 'sample_batch_size': 200, 'clip_actions': False, 'clip_rewards': None, 'tf_session_args': {'inter_op_parallelism_threads': 2, 'intra_op_parallelism_threads': 2, 'device_count': {'CPU': 1}, 'log_device_placement': False, 'allow_soft_placement': True, 'gpu_options': {'allow_growth': True}}, 'kl_target': 0.01, 'horizon': 1500, 'lr': 0.0005, 'sample_async': False, 'simple_optimizer': False, 'compress_observations': False, 'num_envs_per_worker': 1, 'gamma': 0.99, 'sgd_minibatch_size': 128, 'observation_filter': 'NoFilter', 'entropy_coeff': 0.0, 'batch_mode': 'truncate_episodes', 'straggler_mitigation': False, 'vf_share_layers': False, 'num_gpus': 0, 'synchronize_filters': True, 'num_sgd_iter': 10, 'train_batch_size': 1500, 'optimizer': {}, 'num_gpus_per_worker': 0, 'preprocessor_pref': 'deepmind', 'num_cpus_for_driver': 1, 'lr_schedule': None, 'use_gae': True, 'lambda': 0.97, 'vf_loss_coeff': 1.0, 'vf_clip_param': 1000000.0, 'log_level': 'INFO', 'env_config': {'run': 'PPO', 'flow_params': '{\n    ""env"": {\n        ""additional_params"": {\n            ""max_accel"": 3,\n            ""max_decel"": 3,\n            ""sort_vehicles"": false,\n            ""target_velocity"": 20\n        },\n        ""evaluate"": false,\n        ""horizon"": 1500,\n        ""sims_per_step"": 1,\n        ""warmup_steps"": 0\n    },\n    ""env_name"": ""AccelEnv"",\n    ""exp_tag"": ""figure_eight_0"",\n    ""initial"": {\n        ""additional_params"": {},\n        ""bunching"": 0,\n        ""edges_distribution"": ""all"",\n        ""lanes_distribution"": Infinity,\n        ""min_gap"": 0,\n        ""perturbation"": 0.0,\n        ""shuffle"": false,\n        ""spacing"": ""uniform"",\n        ""x0"": 0\n    },\n    ""net"": {\n        ""additional_params"": {\n            ""lanes"": 1,\n            ""radius_ring"": 30,\n            ""resolution"": 40,\n            ""speed_limit"": 30\n        },\n        ""inflows"": {\n            ""_InFlows__flows"": [],\n            ""num_flows"": 0\n        },\n        ""netfile"": null,\n        ""no_internal_links"": false,\n        ""osm_path"": null\n    },\n    ""scenario"": ""Figure8Scenario"",\n    ""sim"": {\n        ""emission_path"": null,\n        ""lateral_resolution"": null,\n        ""no_step_log"": true,\n        ""num_clients"": 1,\n        ""overtake_right"": false,\n        ""port"": null,\n        ""print_warnings"": true,\n        ""pxpm"": 2,\n        ""render"": false,\n        ""restart_instance"": false,\n        ""save_render"": false,\n        ""seed"": null,\n        ""show_radius"": false,\n        ""sight_radius"": 25,\n        ""sim_step"": 0.1,\n        ""teleport_time"": -1\n    },\n    ""simulator"": ""traci"",\n    ""veh"": [\n        {\n            ""acceleration_controller"": [\n                ""IDMController"",\n                {\n                    ""noise"": 0.2\n                }\n            ],\n            ""car_following_params"": {\n                ""controller_params"": {\n                    ""accel"": 1.0,\n                    ""carFollowModel"": ""IDM"",\n                    ""decel"": 1.5,\n                    ""impatience"": 0.5,\n                    ""maxSpeed"": 30,\n                    ""minGap"": 2.5,\n                    ""sigma"": 0.5,\n                    ""speedDev"": 0.1,\n                    ""speedFactor"": 1.0,\n                    ""tau"": 1.0\n                },\n                ""speed_mode"": 1\n            },\n            ""initial_speed"": 0,\n            ""lane_change_controller"": [\n                ""SimLaneChangeController"",\n                {}\n            ],\n            ""lane_change_params"": {\n                ""controller_params"": {\n                    ""laneChangeModel"": ""LC2013"",\n                    ""lcCooperative"": ""1.0"",\n                    ""lcKeepRight"": ""1.0"",\n                    ""lcSpeedGain"": ""1.0"",\n                    ""lcStrategic"": ""1.0""\n                },\n                ""lane_change_mode"": 512\n            },\n            ""num_vehicles"": 13,\n            ""routing_controller"": [\n                ""ContinuousRouter"",\n                {}\n            ],\n            ""veh_id"": ""human""\n        },\n        {\n            ""acceleration_controller"": [\n                ""RLController"",\n                {}\n            ],\n            ""car_following_params"": {\n                ""controller_params"": {\n                    ""accel"": 1.0,\n                    ""carFollowModel"": ""IDM"",\n                    ""decel"": 1.5,\n                    ""impatience"": 0.5,\n                    ""maxSpeed"": 30,\n                    ""minGap"": 2.5,\n                    ""sigma"": 0.5,\n                    ""speedDev"": 0.1,\n                    ""speedFactor"": 1.0,\n                    ""tau"": 1.0\n                },\n                ""speed_mode"": 1\n            },\n            ""initial_speed"": 0,\n            ""lane_change_controller"": [\n                ""SimLaneChangeController"",\n                {}\n            ],\n            ""lane_change_params"": {\n                ""controller_params"": {\n                    ""laneChangeModel"": ""LC2013"",\n                    ""lcCooperative"": ""1.0"",\n                    ""lcKeepRight"": ""1.0"",\n                    ""lcSpeedGain"": ""1.0"",\n                    ""lcStrategic"": ""1.0""\n                },\n                ""lane_change_mode"": 512\n            },\n            ""num_vehicles"": 1,\n            ""routing_controller"": [\n                ""ContinuousRouter"",\n                {}\n            ],\n            ""veh_id"": ""rl""\n        }\n    ]\n}'}, 'env': 'AccelEnv-v0', 'local_evaluator_tf_session_args': {'inter_op_parallelism_threads': 8, 'intra_op_parallelism_threads': 8}, 'model': {'free_log_std': False, 'custom_options': {}, 'framestack': True, 'channel_major': False, 'max_seq_len': 20, 'lstm_use_prev_action_reward': False, 'squash_to_range': False, 'dim': 84, 'grayscale': False, 'fcnet_hiddens': [100, 50, 25], 'use_lstm': False, 'custom_model': None, 'fcnet_activation': 'tanh', 'conv_filters': None, 'conv_activation': 'relu', 'lstm_cell_size': 256, 'zero_mean': True, 'custom_preprocessor': None}, 'output_compress_columns': ['obs', 'new_obs'], 'monitor': False, 'custom_resources_per_worker': {}, 'output_max_file_size': 67108864, 'num_workers': 1, 'clip_param': 0.3, 'kl_coeff': 0.2, 'multiagent': {'policy_graphs': {}, 'policy_mapping_fn': None, 'policies_to_train': None}, 'input_evaluation': None, 'output': None, 'collect_metrics_timeout': 180, 'num_cpus_per_worker': 1}",169.237.32.118,1,1392.94,9.909771203994751,"{'num_steps_sampled': 523200, 'load_time_ms': 1.218, 'default': {'kl': 0.012878508307039738, 'cur_lr': 0.0005000000237487257, 'total_loss': 1.4739603996276855, 'policy_loss': -0.03290439769625664, 'vf_explained_var': 0.9554365277290344, 'entropy': 2.089834690093994, 'cur_kl_coeff': 0.49374380707740784, 'vf_loss': 1.5005062818527222}, 'sample_time_ms': 9649.629, 'grad_time_ms': 276.091, 'update_time_ms': 4.556, 'num_steps_trained': 523200}",390.1251315879419,2019-04-02_08-30-49,kronos,71,523200,0,3238.0331065654755,{},523200,327,327,3238.0331065654755,497.51931804559143,1600,1554193849,{},0b32d2eec3344b1fbde4822793b2e447,67.70276554331174
False,406,"{'input': 'sampler', 'callbacks': {'on_train_result': None, 'on_sample_end': None, 'on_episode_step': None, 'on_episode_start': None, 'on_episode_end': None}, 'sample_batch_size': 200, 'clip_actions': False, 'clip_rewards': None, 'tf_session_args': {'inter_op_parallelism_threads': 2, 'intra_op_parallelism_threads': 2, 'device_count': {'CPU': 1}, 'log_device_placement': False, 'allow_soft_placement': True, 'gpu_options': {'allow_growth': True}}, 'kl_target': 0.01, 'horizon': 1500, 'lr': 0.0005, 'sample_async': False, 'simple_optimizer': False, 'compress_observations': False, 'num_envs_per_worker': 1, 'gamma': 0.99, 'sgd_minibatch_size': 128, 'observation_filter': 'NoFilter', 'entropy_coeff': 0.0, 'batch_mode': 'truncate_episodes', 'straggler_mitigation': False, 'vf_share_layers': False, 'num_gpus': 0, 'synchronize_filters': True, 'num_sgd_iter': 10, 'train_batch_size': 1500, 'optimizer': {}, 'num_gpus_per_worker': 0, 'preprocessor_pref': 'deepmind', 'num_cpus_for_driver': 1, 'lr_schedule': None, 'use_gae': True, 'lambda': 0.97, 'vf_loss_coeff': 1.0, 'vf_clip_param': 1000000.0, 'log_level': 'INFO', 'env_config': {'run': 'PPO', 'flow_params': '{\n    ""env"": {\n        ""additional_params"": {\n            ""max_accel"": 3,\n            ""max_decel"": 3,\n            ""sort_vehicles"": false,\n            ""target_velocity"": 20\n        },\n        ""evaluate"": false,\n        ""horizon"": 1500,\n        ""sims_per_step"": 1,\n        ""warmup_steps"": 0\n    },\n    ""env_name"": ""AccelEnv"",\n    ""exp_tag"": ""figure_eight_0"",\n    ""initial"": {\n        ""additional_params"": {},\n        ""bunching"": 0,\n        ""edges_distribution"": ""all"",\n        ""lanes_distribution"": Infinity,\n        ""min_gap"": 0,\n        ""perturbation"": 0.0,\n        ""shuffle"": false,\n        ""spacing"": ""uniform"",\n        ""x0"": 0\n    },\n    ""net"": {\n        ""additional_params"": {\n            ""lanes"": 1,\n            ""radius_ring"": 30,\n            ""resolution"": 40,\n            ""speed_limit"": 30\n        },\n        ""inflows"": {\n            ""_InFlows__flows"": [],\n            ""num_flows"": 0\n        },\n        ""netfile"": null,\n        ""no_internal_links"": false,\n        ""osm_path"": null\n    },\n    ""scenario"": ""Figure8Scenario"",\n    ""sim"": {\n        ""emission_path"": null,\n        ""lateral_resolution"": null,\n        ""no_step_log"": true,\n        ""num_clients"": 1,\n        ""overtake_right"": false,\n        ""port"": null,\n        ""print_warnings"": true,\n        ""pxpm"": 2,\n        ""render"": false,\n        ""restart_instance"": false,\n        ""save_render"": false,\n        ""seed"": null,\n        ""show_radius"": false,\n        ""sight_radius"": 25,\n        ""sim_step"": 0.1,\n        ""teleport_time"": -1\n    },\n    ""simulator"": ""traci"",\n    ""veh"": [\n        {\n            ""acceleration_controller"": [\n                ""IDMController"",\n                {\n                    ""noise"": 0.2\n                }\n            ],\n            ""car_following_params"": {\n                ""controller_params"": {\n                    ""accel"": 1.0,\n                    ""carFollowModel"": ""IDM"",\n                    ""decel"": 1.5,\n                    ""impatience"": 0.5,\n                    ""maxSpeed"": 30,\n                    ""minGap"": 2.5,\n                    ""sigma"": 0.5,\n                    ""speedDev"": 0.1,\n                    ""speedFactor"": 1.0,\n                    ""tau"": 1.0\n                },\n                ""speed_mode"": 1\n            },\n            ""initial_speed"": 0,\n            ""lane_change_controller"": [\n                ""SimLaneChangeController"",\n                {}\n            ],\n            ""lane_change_params"": {\n                ""controller_params"": {\n                    ""laneChangeModel"": ""LC2013"",\n                    ""lcCooperative"": ""1.0"",\n                    ""lcKeepRight"": ""1.0"",\n                    ""lcSpeedGain"": ""1.0"",\n                    ""lcStrategic"": ""1.0""\n                },\n                ""lane_change_mode"": 512\n            },\n            ""num_vehicles"": 13,\n            ""routing_controller"": [\n                ""ContinuousRouter"",\n                {}\n            ],\n            ""veh_id"": ""human""\n        },\n        {\n            ""acceleration_controller"": [\n                ""RLController"",\n                {}\n            ],\n            ""car_following_params"": {\n                ""controller_params"": {\n                    ""accel"": 1.0,\n                    ""carFollowModel"": ""IDM"",\n                    ""decel"": 1.5,\n                    ""impatience"": 0.5,\n                    ""maxSpeed"": 30,\n                    ""minGap"": 2.5,\n                    ""sigma"": 0.5,\n                    ""speedDev"": 0.1,\n                    ""speedFactor"": 1.0,\n                    ""tau"": 1.0\n                },\n                ""speed_mode"": 1\n            },\n            ""initial_speed"": 0,\n            ""lane_change_controller"": [\n                ""SimLaneChangeController"",\n                {}\n            ],\n            ""lane_change_params"": {\n                ""controller_params"": {\n                    ""laneChangeModel"": ""LC2013"",\n                    ""lcCooperative"": ""1.0"",\n                    ""lcKeepRight"": ""1.0"",\n                    ""lcSpeedGain"": ""1.0"",\n                    ""lcStrategic"": ""1.0""\n                },\n                ""lane_change_mode"": 512\n            },\n            ""num_vehicles"": 1,\n            ""routing_controller"": [\n                ""ContinuousRouter"",\n                {}\n            ],\n            ""veh_id"": ""rl""\n        }\n    ]\n}'}, 'env': 'AccelEnv-v0', 'local_evaluator_tf_session_args': {'inter_op_parallelism_threads': 8, 'intra_op_parallelism_threads': 8}, 'model': {'free_log_std': False, 'custom_options': {}, 'framestack': True, 'channel_major': False, 'max_seq_len': 20, 'lstm_use_prev_action_reward': False, 'squash_to_range': False, 'dim': 84, 'grayscale': False, 'fcnet_hiddens': [100, 50, 25], 'use_lstm': False, 'custom_model': None, 'fcnet_activation': 'tanh', 'conv_filters': None, 'conv_activation': 'relu', 'lstm_cell_size': 256, 'zero_mean': True, 'custom_preprocessor': None}, 'output_compress_columns': ['obs', 'new_obs'], 'monitor': False, 'custom_resources_per_worker': {}, 'output_max_file_size': 67108864, 'num_workers': 1, 'clip_param': 0.3, 'kl_coeff': 0.2, 'multiagent': {'policy_graphs': {}, 'policy_mapping_fn': None, 'policies_to_train': None}, 'input_evaluation': None, 'output': None, 'collect_metrics_timeout': 180, 'num_cpus_per_worker': 1}",169.237.32.118,1,1392.94,9.786362648010254,"{'num_steps_sampled': 524800, 'load_time_ms': 1.19, 'default': {'kl': 0.013618819415569305, 'cur_lr': 0.0005000000237487257, 'total_loss': 1.381685733795166, 'policy_loss': -0.017806950956583023, 'vf_explained_var': 0.9759672284126282, 'entropy': 1.9344693422317505, 'cur_kl_coeff': 0.49374380707740784, 'vf_loss': 1.392768383026123}, 'sample_time_ms': 9638.564, 'grad_time_ms': 275.867, 'update_time_ms': 4.56, 'num_steps_trained': 524800}",389.7802088164665,2019-04-02_08-30-59,kronos,71,524800,0,3247.8194692134857,{},524800,328,328,3247.8194692134857,497.51931804559143,1600,1554193859,{},0b32d2eec3344b1fbde4822793b2e447,67.70276554331174
False,408,"{'input': 'sampler', 'callbacks': {'on_train_result': None, 'on_sample_end': None, 'on_episode_step': None, 'on_episode_start': None, 'on_episode_end': None}, 'sample_batch_size': 200, 'clip_actions': False, 'clip_rewards': None, 'tf_session_args': {'inter_op_parallelism_threads': 2, 'intra_op_parallelism_threads': 2, 'device_count': {'CPU': 1}, 'log_device_placement': False, 'allow_soft_placement': True, 'gpu_options': {'allow_growth': True}}, 'kl_target': 0.01, 'horizon': 1500, 'lr': 0.0005, 'sample_async': False, 'simple_optimizer': False, 'compress_observations': False, 'num_envs_per_worker': 1, 'gamma': 0.99, 'sgd_minibatch_size': 128, 'observation_filter': 'NoFilter', 'entropy_coeff': 0.0, 'batch_mode': 'truncate_episodes', 'straggler_mitigation': False, 'vf_share_layers': False, 'num_gpus': 0, 'synchronize_filters': True, 'num_sgd_iter': 10, 'train_batch_size': 1500, 'optimizer': {}, 'num_gpus_per_worker': 0, 'preprocessor_pref': 'deepmind', 'num_cpus_for_driver': 1, 'lr_schedule': None, 'use_gae': True, 'lambda': 0.97, 'vf_loss_coeff': 1.0, 'vf_clip_param': 1000000.0, 'log_level': 'INFO', 'env_config': {'run': 'PPO', 'flow_params': '{\n    ""env"": {\n        ""additional_params"": {\n            ""max_accel"": 3,\n            ""max_decel"": 3,\n            ""sort_vehicles"": false,\n            ""target_velocity"": 20\n        },\n        ""evaluate"": false,\n        ""horizon"": 1500,\n        ""sims_per_step"": 1,\n        ""warmup_steps"": 0\n    },\n    ""env_name"": ""AccelEnv"",\n    ""exp_tag"": ""figure_eight_0"",\n    ""initial"": {\n        ""additional_params"": {},\n        ""bunching"": 0,\n        ""edges_distribution"": ""all"",\n        ""lanes_distribution"": Infinity,\n        ""min_gap"": 0,\n        ""perturbation"": 0.0,\n        ""shuffle"": false,\n        ""spacing"": ""uniform"",\n        ""x0"": 0\n    },\n    ""net"": {\n        ""additional_params"": {\n            ""lanes"": 1,\n            ""radius_ring"": 30,\n            ""resolution"": 40,\n            ""speed_limit"": 30\n        },\n        ""inflows"": {\n            ""_InFlows__flows"": [],\n            ""num_flows"": 0\n        },\n        ""netfile"": null,\n        ""no_internal_links"": false,\n        ""osm_path"": null\n    },\n    ""scenario"": ""Figure8Scenario"",\n    ""sim"": {\n        ""emission_path"": null,\n        ""lateral_resolution"": null,\n        ""no_step_log"": true,\n        ""num_clients"": 1,\n        ""overtake_right"": false,\n        ""port"": null,\n        ""print_warnings"": true,\n        ""pxpm"": 2,\n        ""render"": false,\n        ""restart_instance"": false,\n        ""save_render"": false,\n        ""seed"": null,\n        ""show_radius"": false,\n        ""sight_radius"": 25,\n        ""sim_step"": 0.1,\n        ""teleport_time"": -1\n    },\n    ""simulator"": ""traci"",\n    ""veh"": [\n        {\n            ""acceleration_controller"": [\n                ""IDMController"",\n                {\n                    ""noise"": 0.2\n                }\n            ],\n            ""car_following_params"": {\n                ""controller_params"": {\n                    ""accel"": 1.0,\n                    ""carFollowModel"": ""IDM"",\n                    ""decel"": 1.5,\n                    ""impatience"": 0.5,\n                    ""maxSpeed"": 30,\n                    ""minGap"": 2.5,\n                    ""sigma"": 0.5,\n                    ""speedDev"": 0.1,\n                    ""speedFactor"": 1.0,\n                    ""tau"": 1.0\n                },\n                ""speed_mode"": 1\n            },\n            ""initial_speed"": 0,\n            ""lane_change_controller"": [\n                ""SimLaneChangeController"",\n                {}\n            ],\n            ""lane_change_params"": {\n                ""controller_params"": {\n                    ""laneChangeModel"": ""LC2013"",\n                    ""lcCooperative"": ""1.0"",\n                    ""lcKeepRight"": ""1.0"",\n                    ""lcSpeedGain"": ""1.0"",\n                    ""lcStrategic"": ""1.0""\n                },\n                ""lane_change_mode"": 512\n            },\n            ""num_vehicles"": 13,\n            ""routing_controller"": [\n                ""ContinuousRouter"",\n                {}\n            ],\n            ""veh_id"": ""human""\n        },\n        {\n            ""acceleration_controller"": [\n                ""RLController"",\n                {}\n            ],\n            ""car_following_params"": {\n                ""controller_params"": {\n                    ""accel"": 1.0,\n                    ""carFollowModel"": ""IDM"",\n                    ""decel"": 1.5,\n                    ""impatience"": 0.5,\n                    ""maxSpeed"": 30,\n                    ""minGap"": 2.5,\n                    ""sigma"": 0.5,\n                    ""speedDev"": 0.1,\n                    ""speedFactor"": 1.0,\n                    ""tau"": 1.0\n                },\n                ""speed_mode"": 1\n            },\n            ""initial_speed"": 0,\n            ""lane_change_controller"": [\n                ""SimLaneChangeController"",\n                {}\n            ],\n            ""lane_change_params"": {\n                ""controller_params"": {\n                    ""laneChangeModel"": ""LC2013"",\n                    ""lcCooperative"": ""1.0"",\n                    ""lcKeepRight"": ""1.0"",\n                    ""lcSpeedGain"": ""1.0"",\n                    ""lcStrategic"": ""1.0""\n                },\n                ""lane_change_mode"": 512\n            },\n            ""num_vehicles"": 1,\n            ""routing_controller"": [\n                ""ContinuousRouter"",\n                {}\n            ],\n            ""veh_id"": ""rl""\n        }\n    ]\n}'}, 'env': 'AccelEnv-v0', 'local_evaluator_tf_session_args': {'inter_op_parallelism_threads': 8, 'intra_op_parallelism_threads': 8}, 'model': {'free_log_std': False, 'custom_options': {}, 'framestack': True, 'channel_major': False, 'max_seq_len': 20, 'lstm_use_prev_action_reward': False, 'squash_to_range': False, 'dim': 84, 'grayscale': False, 'fcnet_hiddens': [100, 50, 25], 'use_lstm': False, 'custom_model': None, 'fcnet_activation': 'tanh', 'conv_filters': None, 'conv_activation': 'relu', 'lstm_cell_size': 256, 'zero_mean': True, 'custom_preprocessor': None}, 'output_compress_columns': ['obs', 'new_obs'], 'monitor': False, 'custom_resources_per_worker': {}, 'output_max_file_size': 67108864, 'num_workers': 1, 'clip_param': 0.3, 'kl_coeff': 0.2, 'multiagent': {'policy_graphs': {}, 'policy_mapping_fn': None, 'policies_to_train': None}, 'input_evaluation': None, 'output': None, 'collect_metrics_timeout': 180, 'num_cpus_per_worker': 1}",169.237.32.118,2,1381.76,9.791407346725464,"{'num_steps_sampled': 526400, 'load_time_ms': 1.199, 'default': {'kl': 0.02219194918870926, 'cur_lr': 0.0005000000237487257, 'total_loss': 1.6012530326843262, 'policy_loss': -0.02716153860092163, 'vf_explained_var': 0.9716668128967285, 'entropy': 2.0516536235809326, 'cur_kl_coeff': 0.49374380707740784, 'vf_loss': 1.617457389831543}, 'sample_time_ms': 9633.646, 'grad_time_ms': 275.962, 'update_time_ms': 4.537, 'num_steps_trained': 526400}",387.00429385316676,2019-04-02_08-31-09,kronos,71,526400,0,3257.610876560211,{},526400,329,329,3257.610876560211,497.51931804559143,1600,1554193869,{},0b32d2eec3344b1fbde4822793b2e447,67.70276554331174
False,409,"{'input': 'sampler', 'callbacks': {'on_train_result': None, 'on_sample_end': None, 'on_episode_step': None, 'on_episode_start': None, 'on_episode_end': None}, 'sample_batch_size': 200, 'clip_actions': False, 'clip_rewards': None, 'tf_session_args': {'inter_op_parallelism_threads': 2, 'intra_op_parallelism_threads': 2, 'device_count': {'CPU': 1}, 'log_device_placement': False, 'allow_soft_placement': True, 'gpu_options': {'allow_growth': True}}, 'kl_target': 0.01, 'horizon': 1500, 'lr': 0.0005, 'sample_async': False, 'simple_optimizer': False, 'compress_observations': False, 'num_envs_per_worker': 1, 'gamma': 0.99, 'sgd_minibatch_size': 128, 'observation_filter': 'NoFilter', 'entropy_coeff': 0.0, 'batch_mode': 'truncate_episodes', 'straggler_mitigation': False, 'vf_share_layers': False, 'num_gpus': 0, 'synchronize_filters': True, 'num_sgd_iter': 10, 'train_batch_size': 1500, 'optimizer': {}, 'num_gpus_per_worker': 0, 'preprocessor_pref': 'deepmind', 'num_cpus_for_driver': 1, 'lr_schedule': None, 'use_gae': True, 'lambda': 0.97, 'vf_loss_coeff': 1.0, 'vf_clip_param': 1000000.0, 'log_level': 'INFO', 'env_config': {'run': 'PPO', 'flow_params': '{\n    ""env"": {\n        ""additional_params"": {\n            ""max_accel"": 3,\n            ""max_decel"": 3,\n            ""sort_vehicles"": false,\n            ""target_velocity"": 20\n        },\n        ""evaluate"": false,\n        ""horizon"": 1500,\n        ""sims_per_step"": 1,\n        ""warmup_steps"": 0\n    },\n    ""env_name"": ""AccelEnv"",\n    ""exp_tag"": ""figure_eight_0"",\n    ""initial"": {\n        ""additional_params"": {},\n        ""bunching"": 0,\n        ""edges_distribution"": ""all"",\n        ""lanes_distribution"": Infinity,\n        ""min_gap"": 0,\n        ""perturbation"": 0.0,\n        ""shuffle"": false,\n        ""spacing"": ""uniform"",\n        ""x0"": 0\n    },\n    ""net"": {\n        ""additional_params"": {\n            ""lanes"": 1,\n            ""radius_ring"": 30,\n            ""resolution"": 40,\n            ""speed_limit"": 30\n        },\n        ""inflows"": {\n            ""_InFlows__flows"": [],\n            ""num_flows"": 0\n        },\n        ""netfile"": null,\n        ""no_internal_links"": false,\n        ""osm_path"": null\n    },\n    ""scenario"": ""Figure8Scenario"",\n    ""sim"": {\n        ""emission_path"": null,\n        ""lateral_resolution"": null,\n        ""no_step_log"": true,\n        ""num_clients"": 1,\n        ""overtake_right"": false,\n        ""port"": null,\n        ""print_warnings"": true,\n        ""pxpm"": 2,\n        ""render"": false,\n        ""restart_instance"": false,\n        ""save_render"": false,\n        ""seed"": null,\n        ""show_radius"": false,\n        ""sight_radius"": 25,\n        ""sim_step"": 0.1,\n        ""teleport_time"": -1\n    },\n    ""simulator"": ""traci"",\n    ""veh"": [\n        {\n            ""acceleration_controller"": [\n                ""IDMController"",\n                {\n                    ""noise"": 0.2\n                }\n            ],\n            ""car_following_params"": {\n                ""controller_params"": {\n                    ""accel"": 1.0,\n                    ""carFollowModel"": ""IDM"",\n                    ""decel"": 1.5,\n                    ""impatience"": 0.5,\n                    ""maxSpeed"": 30,\n                    ""minGap"": 2.5,\n                    ""sigma"": 0.5,\n                    ""speedDev"": 0.1,\n                    ""speedFactor"": 1.0,\n                    ""tau"": 1.0\n                },\n                ""speed_mode"": 1\n            },\n            ""initial_speed"": 0,\n            ""lane_change_controller"": [\n                ""SimLaneChangeController"",\n                {}\n            ],\n            ""lane_change_params"": {\n                ""controller_params"": {\n                    ""laneChangeModel"": ""LC2013"",\n                    ""lcCooperative"": ""1.0"",\n                    ""lcKeepRight"": ""1.0"",\n                    ""lcSpeedGain"": ""1.0"",\n                    ""lcStrategic"": ""1.0""\n                },\n                ""lane_change_mode"": 512\n            },\n            ""num_vehicles"": 13,\n            ""routing_controller"": [\n                ""ContinuousRouter"",\n                {}\n            ],\n            ""veh_id"": ""human""\n        },\n        {\n            ""acceleration_controller"": [\n                ""RLController"",\n                {}\n            ],\n            ""car_following_params"": {\n                ""controller_params"": {\n                    ""accel"": 1.0,\n                    ""carFollowModel"": ""IDM"",\n                    ""decel"": 1.5,\n                    ""impatience"": 0.5,\n                    ""maxSpeed"": 30,\n                    ""minGap"": 2.5,\n                    ""sigma"": 0.5,\n                    ""speedDev"": 0.1,\n                    ""speedFactor"": 1.0,\n                    ""tau"": 1.0\n                },\n                ""speed_mode"": 1\n            },\n            ""initial_speed"": 0,\n            ""lane_change_controller"": [\n                ""SimLaneChangeController"",\n                {}\n            ],\n            ""lane_change_params"": {\n                ""controller_params"": {\n                    ""laneChangeModel"": ""LC2013"",\n                    ""lcCooperative"": ""1.0"",\n                    ""lcKeepRight"": ""1.0"",\n                    ""lcSpeedGain"": ""1.0"",\n                    ""lcStrategic"": ""1.0""\n                },\n                ""lane_change_mode"": 512\n            },\n            ""num_vehicles"": 1,\n            ""routing_controller"": [\n                ""ContinuousRouter"",\n                {}\n            ],\n            ""veh_id"": ""rl""\n        }\n    ]\n}'}, 'env': 'AccelEnv-v0', 'local_evaluator_tf_session_args': {'inter_op_parallelism_threads': 8, 'intra_op_parallelism_threads': 8}, 'model': {'free_log_std': False, 'custom_options': {}, 'framestack': True, 'channel_major': False, 'max_seq_len': 20, 'lstm_use_prev_action_reward': False, 'squash_to_range': False, 'dim': 84, 'grayscale': False, 'fcnet_hiddens': [100, 50, 25], 'use_lstm': False, 'custom_model': None, 'fcnet_activation': 'tanh', 'conv_filters': None, 'conv_activation': 'relu', 'lstm_cell_size': 256, 'zero_mean': True, 'custom_preprocessor': None}, 'output_compress_columns': ['obs', 'new_obs'], 'monitor': False, 'custom_resources_per_worker': {}, 'output_max_file_size': 67108864, 'num_workers': 1, 'clip_param': 0.3, 'kl_coeff': 0.2, 'multiagent': {'policy_graphs': {}, 'policy_mapping_fn': None, 'policies_to_train': None}, 'input_evaluation': None, 'output': None, 'collect_metrics_timeout': 180, 'num_cpus_per_worker': 1}",169.237.32.118,1,1381.76,9.832114219665527,"{'num_steps_sampled': 528000, 'load_time_ms': 1.228, 'default': {'kl': 0.008512062020599842, 'cur_lr': 0.0005000000237487257, 'total_loss': 0.5668911933898926, 'policy_loss': -0.0016735621029511094, 'vf_explained_var': 0.9835464954376221, 'entropy': 2.0378212928771973, 'cur_kl_coeff': 0.7406156659126282, 'vf_loss': 0.5622605681419373}, 'sample_time_ms': 9627.332, 'grad_time_ms': 277.035, 'update_time_ms': 4.568, 'num_steps_trained': 528000}",387.14817661329585,2019-04-02_08-31-19,kronos,71,528000,0,3267.4429907798767,{},528000,330,330,3267.4429907798767,497.51931804559143,1600,1554193879,{},0b32d2eec3344b1fbde4822793b2e447,67.70276554331174
False,410,"{'input': 'sampler', 'callbacks': {'on_train_result': None, 'on_sample_end': None, 'on_episode_step': None, 'on_episode_start': None, 'on_episode_end': None}, 'sample_batch_size': 200, 'clip_actions': False, 'clip_rewards': None, 'tf_session_args': {'inter_op_parallelism_threads': 2, 'intra_op_parallelism_threads': 2, 'device_count': {'CPU': 1}, 'log_device_placement': False, 'allow_soft_placement': True, 'gpu_options': {'allow_growth': True}}, 'kl_target': 0.01, 'horizon': 1500, 'lr': 0.0005, 'sample_async': False, 'simple_optimizer': False, 'compress_observations': False, 'num_envs_per_worker': 1, 'gamma': 0.99, 'sgd_minibatch_size': 128, 'observation_filter': 'NoFilter', 'entropy_coeff': 0.0, 'batch_mode': 'truncate_episodes', 'straggler_mitigation': False, 'vf_share_layers': False, 'num_gpus': 0, 'synchronize_filters': True, 'num_sgd_iter': 10, 'train_batch_size': 1500, 'optimizer': {}, 'num_gpus_per_worker': 0, 'preprocessor_pref': 'deepmind', 'num_cpus_for_driver': 1, 'lr_schedule': None, 'use_gae': True, 'lambda': 0.97, 'vf_loss_coeff': 1.0, 'vf_clip_param': 1000000.0, 'log_level': 'INFO', 'env_config': {'run': 'PPO', 'flow_params': '{\n    ""env"": {\n        ""additional_params"": {\n            ""max_accel"": 3,\n            ""max_decel"": 3,\n            ""sort_vehicles"": false,\n            ""target_velocity"": 20\n        },\n        ""evaluate"": false,\n        ""horizon"": 1500,\n        ""sims_per_step"": 1,\n        ""warmup_steps"": 0\n    },\n    ""env_name"": ""AccelEnv"",\n    ""exp_tag"": ""figure_eight_0"",\n    ""initial"": {\n        ""additional_params"": {},\n        ""bunching"": 0,\n        ""edges_distribution"": ""all"",\n        ""lanes_distribution"": Infinity,\n        ""min_gap"": 0,\n        ""perturbation"": 0.0,\n        ""shuffle"": false,\n        ""spacing"": ""uniform"",\n        ""x0"": 0\n    },\n    ""net"": {\n        ""additional_params"": {\n            ""lanes"": 1,\n            ""radius_ring"": 30,\n            ""resolution"": 40,\n            ""speed_limit"": 30\n        },\n        ""inflows"": {\n            ""_InFlows__flows"": [],\n            ""num_flows"": 0\n        },\n        ""netfile"": null,\n        ""no_internal_links"": false,\n        ""osm_path"": null\n    },\n    ""scenario"": ""Figure8Scenario"",\n    ""sim"": {\n        ""emission_path"": null,\n        ""lateral_resolution"": null,\n        ""no_step_log"": true,\n        ""num_clients"": 1,\n        ""overtake_right"": false,\n        ""port"": null,\n        ""print_warnings"": true,\n        ""pxpm"": 2,\n        ""render"": false,\n        ""restart_instance"": false,\n        ""save_render"": false,\n        ""seed"": null,\n        ""show_radius"": false,\n        ""sight_radius"": 25,\n        ""sim_step"": 0.1,\n        ""teleport_time"": -1\n    },\n    ""simulator"": ""traci"",\n    ""veh"": [\n        {\n            ""acceleration_controller"": [\n                ""IDMController"",\n                {\n                    ""noise"": 0.2\n                }\n            ],\n            ""car_following_params"": {\n                ""controller_params"": {\n                    ""accel"": 1.0,\n                    ""carFollowModel"": ""IDM"",\n                    ""decel"": 1.5,\n                    ""impatience"": 0.5,\n                    ""maxSpeed"": 30,\n                    ""minGap"": 2.5,\n                    ""sigma"": 0.5,\n                    ""speedDev"": 0.1,\n                    ""speedFactor"": 1.0,\n                    ""tau"": 1.0\n                },\n                ""speed_mode"": 1\n            },\n            ""initial_speed"": 0,\n            ""lane_change_controller"": [\n                ""SimLaneChangeController"",\n                {}\n            ],\n            ""lane_change_params"": {\n                ""controller_params"": {\n                    ""laneChangeModel"": ""LC2013"",\n                    ""lcCooperative"": ""1.0"",\n                    ""lcKeepRight"": ""1.0"",\n                    ""lcSpeedGain"": ""1.0"",\n                    ""lcStrategic"": ""1.0""\n                },\n                ""lane_change_mode"": 512\n            },\n            ""num_vehicles"": 13,\n            ""routing_controller"": [\n                ""ContinuousRouter"",\n                {}\n            ],\n            ""veh_id"": ""human""\n        },\n        {\n            ""acceleration_controller"": [\n                ""RLController"",\n                {}\n            ],\n            ""car_following_params"": {\n                ""controller_params"": {\n                    ""accel"": 1.0,\n                    ""carFollowModel"": ""IDM"",\n                    ""decel"": 1.5,\n                    ""impatience"": 0.5,\n                    ""maxSpeed"": 30,\n                    ""minGap"": 2.5,\n                    ""sigma"": 0.5,\n                    ""speedDev"": 0.1,\n                    ""speedFactor"": 1.0,\n                    ""tau"": 1.0\n                },\n                ""speed_mode"": 1\n            },\n            ""initial_speed"": 0,\n            ""lane_change_controller"": [\n                ""SimLaneChangeController"",\n                {}\n            ],\n            ""lane_change_params"": {\n                ""controller_params"": {\n                    ""laneChangeModel"": ""LC2013"",\n                    ""lcCooperative"": ""1.0"",\n                    ""lcKeepRight"": ""1.0"",\n                    ""lcSpeedGain"": ""1.0"",\n                    ""lcStrategic"": ""1.0""\n                },\n                ""lane_change_mode"": 512\n            },\n            ""num_vehicles"": 1,\n            ""routing_controller"": [\n                ""ContinuousRouter"",\n                {}\n            ],\n            ""veh_id"": ""rl""\n        }\n    ]\n}'}, 'env': 'AccelEnv-v0', 'local_evaluator_tf_session_args': {'inter_op_parallelism_threads': 8, 'intra_op_parallelism_threads': 8}, 'model': {'free_log_std': False, 'custom_options': {}, 'framestack': True, 'channel_major': False, 'max_seq_len': 20, 'lstm_use_prev_action_reward': False, 'squash_to_range': False, 'dim': 84, 'grayscale': False, 'fcnet_hiddens': [100, 50, 25], 'use_lstm': False, 'custom_model': None, 'fcnet_activation': 'tanh', 'conv_filters': None, 'conv_activation': 'relu', 'lstm_cell_size': 256, 'zero_mean': True, 'custom_preprocessor': None}, 'output_compress_columns': ['obs', 'new_obs'], 'monitor': False, 'custom_resources_per_worker': {}, 'output_max_file_size': 67108864, 'num_workers': 1, 'clip_param': 0.3, 'kl_coeff': 0.2, 'multiagent': {'policy_graphs': {}, 'policy_mapping_fn': None, 'policies_to_train': None}, 'input_evaluation': None, 'output': None, 'collect_metrics_timeout': 180, 'num_cpus_per_worker': 1}",169.237.32.118,1,1381.76,9.857956171035767,"{'num_steps_sampled': 529600, 'load_time_ms': 1.201, 'default': {'kl': 0.006594083737581968, 'cur_lr': 0.0005000000237487257, 'total_loss': 0.4534687101840973, 'policy_loss': -0.006486888974905014, 'vf_explained_var': 0.9807659983634949, 'entropy': 1.972429633140564, 'cur_kl_coeff': 0.7406156659126282, 'vf_loss': 0.45507192611694336}, 'sample_time_ms': 9606.502, 'grad_time_ms': 280.891, 'update_time_ms': 4.63, 'num_steps_trained': 529600}",386.88223868235315,2019-04-02_08-31-29,kronos,71,529600,0,3277.3009469509125,{},529600,331,331,3277.3009469509125,497.51931804559143,1600,1554193889,{},0b32d2eec3344b1fbde4822793b2e447,67.70276554331174
False,411,"{'input': 'sampler', 'callbacks': {'on_train_result': None, 'on_sample_end': None, 'on_episode_step': None, 'on_episode_start': None, 'on_episode_end': None}, 'sample_batch_size': 200, 'clip_actions': False, 'clip_rewards': None, 'tf_session_args': {'inter_op_parallelism_threads': 2, 'intra_op_parallelism_threads': 2, 'device_count': {'CPU': 1}, 'log_device_placement': False, 'allow_soft_placement': True, 'gpu_options': {'allow_growth': True}}, 'kl_target': 0.01, 'horizon': 1500, 'lr': 0.0005, 'sample_async': False, 'simple_optimizer': False, 'compress_observations': False, 'num_envs_per_worker': 1, 'gamma': 0.99, 'sgd_minibatch_size': 128, 'observation_filter': 'NoFilter', 'entropy_coeff': 0.0, 'batch_mode': 'truncate_episodes', 'straggler_mitigation': False, 'vf_share_layers': False, 'num_gpus': 0, 'synchronize_filters': True, 'num_sgd_iter': 10, 'train_batch_size': 1500, 'optimizer': {}, 'num_gpus_per_worker': 0, 'preprocessor_pref': 'deepmind', 'num_cpus_for_driver': 1, 'lr_schedule': None, 'use_gae': True, 'lambda': 0.97, 'vf_loss_coeff': 1.0, 'vf_clip_param': 1000000.0, 'log_level': 'INFO', 'env_config': {'run': 'PPO', 'flow_params': '{\n    ""env"": {\n        ""additional_params"": {\n            ""max_accel"": 3,\n            ""max_decel"": 3,\n            ""sort_vehicles"": false,\n            ""target_velocity"": 20\n        },\n        ""evaluate"": false,\n        ""horizon"": 1500,\n        ""sims_per_step"": 1,\n        ""warmup_steps"": 0\n    },\n    ""env_name"": ""AccelEnv"",\n    ""exp_tag"": ""figure_eight_0"",\n    ""initial"": {\n        ""additional_params"": {},\n        ""bunching"": 0,\n        ""edges_distribution"": ""all"",\n        ""lanes_distribution"": Infinity,\n        ""min_gap"": 0,\n        ""perturbation"": 0.0,\n        ""shuffle"": false,\n        ""spacing"": ""uniform"",\n        ""x0"": 0\n    },\n    ""net"": {\n        ""additional_params"": {\n            ""lanes"": 1,\n            ""radius_ring"": 30,\n            ""resolution"": 40,\n            ""speed_limit"": 30\n        },\n        ""inflows"": {\n            ""_InFlows__flows"": [],\n            ""num_flows"": 0\n        },\n        ""netfile"": null,\n        ""no_internal_links"": false,\n        ""osm_path"": null\n    },\n    ""scenario"": ""Figure8Scenario"",\n    ""sim"": {\n        ""emission_path"": null,\n        ""lateral_resolution"": null,\n        ""no_step_log"": true,\n        ""num_clients"": 1,\n        ""overtake_right"": false,\n        ""port"": null,\n        ""print_warnings"": true,\n        ""pxpm"": 2,\n        ""render"": false,\n        ""restart_instance"": false,\n        ""save_render"": false,\n        ""seed"": null,\n        ""show_radius"": false,\n        ""sight_radius"": 25,\n        ""sim_step"": 0.1,\n        ""teleport_time"": -1\n    },\n    ""simulator"": ""traci"",\n    ""veh"": [\n        {\n            ""acceleration_controller"": [\n                ""IDMController"",\n                {\n                    ""noise"": 0.2\n                }\n            ],\n            ""car_following_params"": {\n                ""controller_params"": {\n                    ""accel"": 1.0,\n                    ""carFollowModel"": ""IDM"",\n                    ""decel"": 1.5,\n                    ""impatience"": 0.5,\n                    ""maxSpeed"": 30,\n                    ""minGap"": 2.5,\n                    ""sigma"": 0.5,\n                    ""speedDev"": 0.1,\n                    ""speedFactor"": 1.0,\n                    ""tau"": 1.0\n                },\n                ""speed_mode"": 1\n            },\n            ""initial_speed"": 0,\n            ""lane_change_controller"": [\n                ""SimLaneChangeController"",\n                {}\n            ],\n            ""lane_change_params"": {\n                ""controller_params"": {\n                    ""laneChangeModel"": ""LC2013"",\n                    ""lcCooperative"": ""1.0"",\n                    ""lcKeepRight"": ""1.0"",\n                    ""lcSpeedGain"": ""1.0"",\n                    ""lcStrategic"": ""1.0""\n                },\n                ""lane_change_mode"": 512\n            },\n            ""num_vehicles"": 13,\n            ""routing_controller"": [\n                ""ContinuousRouter"",\n                {}\n            ],\n            ""veh_id"": ""human""\n        },\n        {\n            ""acceleration_controller"": [\n                ""RLController"",\n                {}\n            ],\n            ""car_following_params"": {\n                ""controller_params"": {\n                    ""accel"": 1.0,\n                    ""carFollowModel"": ""IDM"",\n                    ""decel"": 1.5,\n                    ""impatience"": 0.5,\n                    ""maxSpeed"": 30,\n                    ""minGap"": 2.5,\n                    ""sigma"": 0.5,\n                    ""speedDev"": 0.1,\n                    ""speedFactor"": 1.0,\n                    ""tau"": 1.0\n                },\n                ""speed_mode"": 1\n            },\n            ""initial_speed"": 0,\n            ""lane_change_controller"": [\n                ""SimLaneChangeController"",\n                {}\n            ],\n            ""lane_change_params"": {\n                ""controller_params"": {\n                    ""laneChangeModel"": ""LC2013"",\n                    ""lcCooperative"": ""1.0"",\n                    ""lcKeepRight"": ""1.0"",\n                    ""lcSpeedGain"": ""1.0"",\n                    ""lcStrategic"": ""1.0""\n                },\n                ""lane_change_mode"": 512\n            },\n            ""num_vehicles"": 1,\n            ""routing_controller"": [\n                ""ContinuousRouter"",\n                {}\n            ],\n            ""veh_id"": ""rl""\n        }\n    ]\n}'}, 'env': 'AccelEnv-v0', 'local_evaluator_tf_session_args': {'inter_op_parallelism_threads': 8, 'intra_op_parallelism_threads': 8}, 'model': {'free_log_std': False, 'custom_options': {}, 'framestack': True, 'channel_major': False, 'max_seq_len': 20, 'lstm_use_prev_action_reward': False, 'squash_to_range': False, 'dim': 84, 'grayscale': False, 'fcnet_hiddens': [100, 50, 25], 'use_lstm': False, 'custom_model': None, 'fcnet_activation': 'tanh', 'conv_filters': None, 'conv_activation': 'relu', 'lstm_cell_size': 256, 'zero_mean': True, 'custom_preprocessor': None}, 'output_compress_columns': ['obs', 'new_obs'], 'monitor': False, 'custom_resources_per_worker': {}, 'output_max_file_size': 67108864, 'num_workers': 1, 'clip_param': 0.3, 'kl_coeff': 0.2, 'multiagent': {'policy_graphs': {}, 'policy_mapping_fn': None, 'policies_to_train': None}, 'input_evaluation': None, 'output': None, 'collect_metrics_timeout': 180, 'num_cpus_per_worker': 1}",169.237.32.118,1,1373.76,9.749787330627441,"{'num_steps_sampled': 531200, 'load_time_ms': 1.216, 'default': {'kl': 0.009037529118359089, 'cur_lr': 0.0005000000237487257, 'total_loss': 0.5546762943267822, 'policy_loss': -0.019644588232040405, 'vf_explained_var': 0.9942834377288818, 'entropy': 2.154029607772827, 'cur_kl_coeff': 0.7406156659126282, 'vf_loss': 0.5676274299621582}, 'sample_time_ms': 9588.316, 'grad_time_ms': 281.931, 'update_time_ms': 4.755, 'num_steps_trained': 531200}",384.7464371730555,2019-04-02_08-31-38,kronos,71,531200,0,3287.05073428154,{},531200,332,332,3287.05073428154,497.51931804559143,1600,1554193898,{},0b32d2eec3344b1fbde4822793b2e447,67.70276554331174
False,412,"{'input': 'sampler', 'callbacks': {'on_train_result': None, 'on_sample_end': None, 'on_episode_step': None, 'on_episode_start': None, 'on_episode_end': None}, 'sample_batch_size': 200, 'clip_actions': False, 'clip_rewards': None, 'tf_session_args': {'inter_op_parallelism_threads': 2, 'intra_op_parallelism_threads': 2, 'device_count': {'CPU': 1}, 'log_device_placement': False, 'allow_soft_placement': True, 'gpu_options': {'allow_growth': True}}, 'kl_target': 0.01, 'horizon': 1500, 'lr': 0.0005, 'sample_async': False, 'simple_optimizer': False, 'compress_observations': False, 'num_envs_per_worker': 1, 'gamma': 0.99, 'sgd_minibatch_size': 128, 'observation_filter': 'NoFilter', 'entropy_coeff': 0.0, 'batch_mode': 'truncate_episodes', 'straggler_mitigation': False, 'vf_share_layers': False, 'num_gpus': 0, 'synchronize_filters': True, 'num_sgd_iter': 10, 'train_batch_size': 1500, 'optimizer': {}, 'num_gpus_per_worker': 0, 'preprocessor_pref': 'deepmind', 'num_cpus_for_driver': 1, 'lr_schedule': None, 'use_gae': True, 'lambda': 0.97, 'vf_loss_coeff': 1.0, 'vf_clip_param': 1000000.0, 'log_level': 'INFO', 'env_config': {'run': 'PPO', 'flow_params': '{\n    ""env"": {\n        ""additional_params"": {\n            ""max_accel"": 3,\n            ""max_decel"": 3,\n            ""sort_vehicles"": false,\n            ""target_velocity"": 20\n        },\n        ""evaluate"": false,\n        ""horizon"": 1500,\n        ""sims_per_step"": 1,\n        ""warmup_steps"": 0\n    },\n    ""env_name"": ""AccelEnv"",\n    ""exp_tag"": ""figure_eight_0"",\n    ""initial"": {\n        ""additional_params"": {},\n        ""bunching"": 0,\n        ""edges_distribution"": ""all"",\n        ""lanes_distribution"": Infinity,\n        ""min_gap"": 0,\n        ""perturbation"": 0.0,\n        ""shuffle"": false,\n        ""spacing"": ""uniform"",\n        ""x0"": 0\n    },\n    ""net"": {\n        ""additional_params"": {\n            ""lanes"": 1,\n            ""radius_ring"": 30,\n            ""resolution"": 40,\n            ""speed_limit"": 30\n        },\n        ""inflows"": {\n            ""_InFlows__flows"": [],\n            ""num_flows"": 0\n        },\n        ""netfile"": null,\n        ""no_internal_links"": false,\n        ""osm_path"": null\n    },\n    ""scenario"": ""Figure8Scenario"",\n    ""sim"": {\n        ""emission_path"": null,\n        ""lateral_resolution"": null,\n        ""no_step_log"": true,\n        ""num_clients"": 1,\n        ""overtake_right"": false,\n        ""port"": null,\n        ""print_warnings"": true,\n        ""pxpm"": 2,\n        ""render"": false,\n        ""restart_instance"": false,\n        ""save_render"": false,\n        ""seed"": null,\n        ""show_radius"": false,\n        ""sight_radius"": 25,\n        ""sim_step"": 0.1,\n        ""teleport_time"": -1\n    },\n    ""simulator"": ""traci"",\n    ""veh"": [\n        {\n            ""acceleration_controller"": [\n                ""IDMController"",\n                {\n                    ""noise"": 0.2\n                }\n            ],\n            ""car_following_params"": {\n                ""controller_params"": {\n                    ""accel"": 1.0,\n                    ""carFollowModel"": ""IDM"",\n                    ""decel"": 1.5,\n                    ""impatience"": 0.5,\n                    ""maxSpeed"": 30,\n                    ""minGap"": 2.5,\n                    ""sigma"": 0.5,\n                    ""speedDev"": 0.1,\n                    ""speedFactor"": 1.0,\n                    ""tau"": 1.0\n                },\n                ""speed_mode"": 1\n            },\n            ""initial_speed"": 0,\n            ""lane_change_controller"": [\n                ""SimLaneChangeController"",\n                {}\n            ],\n            ""lane_change_params"": {\n                ""controller_params"": {\n                    ""laneChangeModel"": ""LC2013"",\n                    ""lcCooperative"": ""1.0"",\n                    ""lcKeepRight"": ""1.0"",\n                    ""lcSpeedGain"": ""1.0"",\n                    ""lcStrategic"": ""1.0""\n                },\n                ""lane_change_mode"": 512\n            },\n            ""num_vehicles"": 13,\n            ""routing_controller"": [\n                ""ContinuousRouter"",\n                {}\n            ],\n            ""veh_id"": ""human""\n        },\n        {\n            ""acceleration_controller"": [\n                ""RLController"",\n                {}\n            ],\n            ""car_following_params"": {\n                ""controller_params"": {\n                    ""accel"": 1.0,\n                    ""carFollowModel"": ""IDM"",\n                    ""decel"": 1.5,\n                    ""impatience"": 0.5,\n                    ""maxSpeed"": 30,\n                    ""minGap"": 2.5,\n                    ""sigma"": 0.5,\n                    ""speedDev"": 0.1,\n                    ""speedFactor"": 1.0,\n                    ""tau"": 1.0\n                },\n                ""speed_mode"": 1\n            },\n            ""initial_speed"": 0,\n            ""lane_change_controller"": [\n                ""SimLaneChangeController"",\n                {}\n            ],\n            ""lane_change_params"": {\n                ""controller_params"": {\n                    ""laneChangeModel"": ""LC2013"",\n                    ""lcCooperative"": ""1.0"",\n                    ""lcKeepRight"": ""1.0"",\n                    ""lcSpeedGain"": ""1.0"",\n                    ""lcStrategic"": ""1.0""\n                },\n                ""lane_change_mode"": 512\n            },\n            ""num_vehicles"": 1,\n            ""routing_controller"": [\n                ""ContinuousRouter"",\n                {}\n            ],\n            ""veh_id"": ""rl""\n        }\n    ]\n}'}, 'env': 'AccelEnv-v0', 'local_evaluator_tf_session_args': {'inter_op_parallelism_threads': 8, 'intra_op_parallelism_threads': 8}, 'model': {'free_log_std': False, 'custom_options': {}, 'framestack': True, 'channel_major': False, 'max_seq_len': 20, 'lstm_use_prev_action_reward': False, 'squash_to_range': False, 'dim': 84, 'grayscale': False, 'fcnet_hiddens': [100, 50, 25], 'use_lstm': False, 'custom_model': None, 'fcnet_activation': 'tanh', 'conv_filters': None, 'conv_activation': 'relu', 'lstm_cell_size': 256, 'zero_mean': True, 'custom_preprocessor': None}, 'output_compress_columns': ['obs', 'new_obs'], 'monitor': False, 'custom_resources_per_worker': {}, 'output_max_file_size': 67108864, 'num_workers': 1, 'clip_param': 0.3, 'kl_coeff': 0.2, 'multiagent': {'policy_graphs': {}, 'policy_mapping_fn': None, 'policies_to_train': None}, 'input_evaluation': None, 'output': None, 'collect_metrics_timeout': 180, 'num_cpus_per_worker': 1}",169.237.32.118,1,1381.89,9.991554737091064,"{'num_steps_sampled': 532800, 'load_time_ms': 1.239, 'default': {'kl': 0.004727167543023825, 'cur_lr': 0.0005000000237487257, 'total_loss': 0.7126151919364929, 'policy_loss': -0.011605974286794662, 'vf_explained_var': 0.985469400882721, 'entropy': 1.9904907941818237, 'cur_kl_coeff': 0.7406156659126282, 'vf_loss': 0.7207200527191162}, 'sample_time_ms': 9590.106, 'grad_time_ms': 283.1, 'update_time_ms': 5.007, 'num_steps_trained': 532800}",386.74738408487667,2019-04-02_08-31-48,kronos,71,532800,0,3297.042289018631,{},532800,333,333,3297.042289018631,497.51931804559143,1600,1554193908,{},0b32d2eec3344b1fbde4822793b2e447,67.70276554331174
False,413,"{'input': 'sampler', 'callbacks': {'on_train_result': None, 'on_sample_end': None, 'on_episode_step': None, 'on_episode_start': None, 'on_episode_end': None}, 'sample_batch_size': 200, 'clip_actions': False, 'clip_rewards': None, 'tf_session_args': {'inter_op_parallelism_threads': 2, 'intra_op_parallelism_threads': 2, 'device_count': {'CPU': 1}, 'log_device_placement': False, 'allow_soft_placement': True, 'gpu_options': {'allow_growth': True}}, 'kl_target': 0.01, 'horizon': 1500, 'lr': 0.0005, 'sample_async': False, 'simple_optimizer': False, 'compress_observations': False, 'num_envs_per_worker': 1, 'gamma': 0.99, 'sgd_minibatch_size': 128, 'observation_filter': 'NoFilter', 'entropy_coeff': 0.0, 'batch_mode': 'truncate_episodes', 'straggler_mitigation': False, 'vf_share_layers': False, 'num_gpus': 0, 'synchronize_filters': True, 'num_sgd_iter': 10, 'train_batch_size': 1500, 'optimizer': {}, 'num_gpus_per_worker': 0, 'preprocessor_pref': 'deepmind', 'num_cpus_for_driver': 1, 'lr_schedule': None, 'use_gae': True, 'lambda': 0.97, 'vf_loss_coeff': 1.0, 'vf_clip_param': 1000000.0, 'log_level': 'INFO', 'env_config': {'run': 'PPO', 'flow_params': '{\n    ""env"": {\n        ""additional_params"": {\n            ""max_accel"": 3,\n            ""max_decel"": 3,\n            ""sort_vehicles"": false,\n            ""target_velocity"": 20\n        },\n        ""evaluate"": false,\n        ""horizon"": 1500,\n        ""sims_per_step"": 1,\n        ""warmup_steps"": 0\n    },\n    ""env_name"": ""AccelEnv"",\n    ""exp_tag"": ""figure_eight_0"",\n    ""initial"": {\n        ""additional_params"": {},\n        ""bunching"": 0,\n        ""edges_distribution"": ""all"",\n        ""lanes_distribution"": Infinity,\n        ""min_gap"": 0,\n        ""perturbation"": 0.0,\n        ""shuffle"": false,\n        ""spacing"": ""uniform"",\n        ""x0"": 0\n    },\n    ""net"": {\n        ""additional_params"": {\n            ""lanes"": 1,\n            ""radius_ring"": 30,\n            ""resolution"": 40,\n            ""speed_limit"": 30\n        },\n        ""inflows"": {\n            ""_InFlows__flows"": [],\n            ""num_flows"": 0\n        },\n        ""netfile"": null,\n        ""no_internal_links"": false,\n        ""osm_path"": null\n    },\n    ""scenario"": ""Figure8Scenario"",\n    ""sim"": {\n        ""emission_path"": null,\n        ""lateral_resolution"": null,\n        ""no_step_log"": true,\n        ""num_clients"": 1,\n        ""overtake_right"": false,\n        ""port"": null,\n        ""print_warnings"": true,\n        ""pxpm"": 2,\n        ""render"": false,\n        ""restart_instance"": false,\n        ""save_render"": false,\n        ""seed"": null,\n        ""show_radius"": false,\n        ""sight_radius"": 25,\n        ""sim_step"": 0.1,\n        ""teleport_time"": -1\n    },\n    ""simulator"": ""traci"",\n    ""veh"": [\n        {\n            ""acceleration_controller"": [\n                ""IDMController"",\n                {\n                    ""noise"": 0.2\n                }\n            ],\n            ""car_following_params"": {\n                ""controller_params"": {\n                    ""accel"": 1.0,\n                    ""carFollowModel"": ""IDM"",\n                    ""decel"": 1.5,\n                    ""impatience"": 0.5,\n                    ""maxSpeed"": 30,\n                    ""minGap"": 2.5,\n                    ""sigma"": 0.5,\n                    ""speedDev"": 0.1,\n                    ""speedFactor"": 1.0,\n                    ""tau"": 1.0\n                },\n                ""speed_mode"": 1\n            },\n            ""initial_speed"": 0,\n            ""lane_change_controller"": [\n                ""SimLaneChangeController"",\n                {}\n            ],\n            ""lane_change_params"": {\n                ""controller_params"": {\n                    ""laneChangeModel"": ""LC2013"",\n                    ""lcCooperative"": ""1.0"",\n                    ""lcKeepRight"": ""1.0"",\n                    ""lcSpeedGain"": ""1.0"",\n                    ""lcStrategic"": ""1.0""\n                },\n                ""lane_change_mode"": 512\n            },\n            ""num_vehicles"": 13,\n            ""routing_controller"": [\n                ""ContinuousRouter"",\n                {}\n            ],\n            ""veh_id"": ""human""\n        },\n        {\n            ""acceleration_controller"": [\n                ""RLController"",\n                {}\n            ],\n            ""car_following_params"": {\n                ""controller_params"": {\n                    ""accel"": 1.0,\n                    ""carFollowModel"": ""IDM"",\n                    ""decel"": 1.5,\n                    ""impatience"": 0.5,\n                    ""maxSpeed"": 30,\n                    ""minGap"": 2.5,\n                    ""sigma"": 0.5,\n                    ""speedDev"": 0.1,\n                    ""speedFactor"": 1.0,\n                    ""tau"": 1.0\n                },\n                ""speed_mode"": 1\n            },\n            ""initial_speed"": 0,\n            ""lane_change_controller"": [\n                ""SimLaneChangeController"",\n                {}\n            ],\n            ""lane_change_params"": {\n                ""controller_params"": {\n                    ""laneChangeModel"": ""LC2013"",\n                    ""lcCooperative"": ""1.0"",\n                    ""lcKeepRight"": ""1.0"",\n                    ""lcSpeedGain"": ""1.0"",\n                    ""lcStrategic"": ""1.0""\n                },\n                ""lane_change_mode"": 512\n            },\n            ""num_vehicles"": 1,\n            ""routing_controller"": [\n                ""ContinuousRouter"",\n                {}\n            ],\n            ""veh_id"": ""rl""\n        }\n    ]\n}'}, 'env': 'AccelEnv-v0', 'local_evaluator_tf_session_args': {'inter_op_parallelism_threads': 8, 'intra_op_parallelism_threads': 8}, 'model': {'free_log_std': False, 'custom_options': {}, 'framestack': True, 'channel_major': False, 'max_seq_len': 20, 'lstm_use_prev_action_reward': False, 'squash_to_range': False, 'dim': 84, 'grayscale': False, 'fcnet_hiddens': [100, 50, 25], 'use_lstm': False, 'custom_model': None, 'fcnet_activation': 'tanh', 'conv_filters': None, 'conv_activation': 'relu', 'lstm_cell_size': 256, 'zero_mean': True, 'custom_preprocessor': None}, 'output_compress_columns': ['obs', 'new_obs'], 'monitor': False, 'custom_resources_per_worker': {}, 'output_max_file_size': 67108864, 'num_workers': 1, 'clip_param': 0.3, 'kl_coeff': 0.2, 'multiagent': {'policy_graphs': {}, 'policy_mapping_fn': None, 'policies_to_train': None}, 'input_evaluation': None, 'output': None, 'collect_metrics_timeout': 180, 'num_cpus_per_worker': 1}",169.237.32.118,1,1381.89,9.916693687438965,"{'num_steps_sampled': 534400, 'load_time_ms': 1.237, 'default': {'kl': 0.015321736223995686, 'cur_lr': 0.0005000000237487257, 'total_loss': 0.46626022458076477, 'policy_loss': -0.031013071537017822, 'vf_explained_var': 0.978675365447998, 'entropy': 2.067460060119629, 'cur_kl_coeff': 0.3703078329563141, 'vf_loss': 0.49159955978393555}, 'sample_time_ms': 9572.906, 'grad_time_ms': 283.281, 'update_time_ms': 4.99, 'num_steps_trained': 534400}",387.15532763634917,2019-04-02_08-31-58,kronos,71,534400,0,3306.95898270607,{},534400,334,334,3306.95898270607,497.51931804559143,1600,1554193918,{},0b32d2eec3344b1fbde4822793b2e447,67.70276554331174
False,415,"{'input': 'sampler', 'callbacks': {'on_train_result': None, 'on_sample_end': None, 'on_episode_step': None, 'on_episode_start': None, 'on_episode_end': None}, 'sample_batch_size': 200, 'clip_actions': False, 'clip_rewards': None, 'tf_session_args': {'inter_op_parallelism_threads': 2, 'intra_op_parallelism_threads': 2, 'device_count': {'CPU': 1}, 'log_device_placement': False, 'allow_soft_placement': True, 'gpu_options': {'allow_growth': True}}, 'kl_target': 0.01, 'horizon': 1500, 'lr': 0.0005, 'sample_async': False, 'simple_optimizer': False, 'compress_observations': False, 'num_envs_per_worker': 1, 'gamma': 0.99, 'sgd_minibatch_size': 128, 'observation_filter': 'NoFilter', 'entropy_coeff': 0.0, 'batch_mode': 'truncate_episodes', 'straggler_mitigation': False, 'vf_share_layers': False, 'num_gpus': 0, 'synchronize_filters': True, 'num_sgd_iter': 10, 'train_batch_size': 1500, 'optimizer': {}, 'num_gpus_per_worker': 0, 'preprocessor_pref': 'deepmind', 'num_cpus_for_driver': 1, 'lr_schedule': None, 'use_gae': True, 'lambda': 0.97, 'vf_loss_coeff': 1.0, 'vf_clip_param': 1000000.0, 'log_level': 'INFO', 'env_config': {'run': 'PPO', 'flow_params': '{\n    ""env"": {\n        ""additional_params"": {\n            ""max_accel"": 3,\n            ""max_decel"": 3,\n            ""sort_vehicles"": false,\n            ""target_velocity"": 20\n        },\n        ""evaluate"": false,\n        ""horizon"": 1500,\n        ""sims_per_step"": 1,\n        ""warmup_steps"": 0\n    },\n    ""env_name"": ""AccelEnv"",\n    ""exp_tag"": ""figure_eight_0"",\n    ""initial"": {\n        ""additional_params"": {},\n        ""bunching"": 0,\n        ""edges_distribution"": ""all"",\n        ""lanes_distribution"": Infinity,\n        ""min_gap"": 0,\n        ""perturbation"": 0.0,\n        ""shuffle"": false,\n        ""spacing"": ""uniform"",\n        ""x0"": 0\n    },\n    ""net"": {\n        ""additional_params"": {\n            ""lanes"": 1,\n            ""radius_ring"": 30,\n            ""resolution"": 40,\n            ""speed_limit"": 30\n        },\n        ""inflows"": {\n            ""_InFlows__flows"": [],\n            ""num_flows"": 0\n        },\n        ""netfile"": null,\n        ""no_internal_links"": false,\n        ""osm_path"": null\n    },\n    ""scenario"": ""Figure8Scenario"",\n    ""sim"": {\n        ""emission_path"": null,\n        ""lateral_resolution"": null,\n        ""no_step_log"": true,\n        ""num_clients"": 1,\n        ""overtake_right"": false,\n        ""port"": null,\n        ""print_warnings"": true,\n        ""pxpm"": 2,\n        ""render"": false,\n        ""restart_instance"": false,\n        ""save_render"": false,\n        ""seed"": null,\n        ""show_radius"": false,\n        ""sight_radius"": 25,\n        ""sim_step"": 0.1,\n        ""teleport_time"": -1\n    },\n    ""simulator"": ""traci"",\n    ""veh"": [\n        {\n            ""acceleration_controller"": [\n                ""IDMController"",\n                {\n                    ""noise"": 0.2\n                }\n            ],\n            ""car_following_params"": {\n                ""controller_params"": {\n                    ""accel"": 1.0,\n                    ""carFollowModel"": ""IDM"",\n                    ""decel"": 1.5,\n                    ""impatience"": 0.5,\n                    ""maxSpeed"": 30,\n                    ""minGap"": 2.5,\n                    ""sigma"": 0.5,\n                    ""speedDev"": 0.1,\n                    ""speedFactor"": 1.0,\n                    ""tau"": 1.0\n                },\n                ""speed_mode"": 1\n            },\n            ""initial_speed"": 0,\n            ""lane_change_controller"": [\n                ""SimLaneChangeController"",\n                {}\n            ],\n            ""lane_change_params"": {\n                ""controller_params"": {\n                    ""laneChangeModel"": ""LC2013"",\n                    ""lcCooperative"": ""1.0"",\n                    ""lcKeepRight"": ""1.0"",\n                    ""lcSpeedGain"": ""1.0"",\n                    ""lcStrategic"": ""1.0""\n                },\n                ""lane_change_mode"": 512\n            },\n            ""num_vehicles"": 13,\n            ""routing_controller"": [\n                ""ContinuousRouter"",\n                {}\n            ],\n            ""veh_id"": ""human""\n        },\n        {\n            ""acceleration_controller"": [\n                ""RLController"",\n                {}\n            ],\n            ""car_following_params"": {\n                ""controller_params"": {\n                    ""accel"": 1.0,\n                    ""carFollowModel"": ""IDM"",\n                    ""decel"": 1.5,\n                    ""impatience"": 0.5,\n                    ""maxSpeed"": 30,\n                    ""minGap"": 2.5,\n                    ""sigma"": 0.5,\n                    ""speedDev"": 0.1,\n                    ""speedFactor"": 1.0,\n                    ""tau"": 1.0\n                },\n                ""speed_mode"": 1\n            },\n            ""initial_speed"": 0,\n            ""lane_change_controller"": [\n                ""SimLaneChangeController"",\n                {}\n            ],\n            ""lane_change_params"": {\n                ""controller_params"": {\n                    ""laneChangeModel"": ""LC2013"",\n                    ""lcCooperative"": ""1.0"",\n                    ""lcKeepRight"": ""1.0"",\n                    ""lcSpeedGain"": ""1.0"",\n                    ""lcStrategic"": ""1.0""\n                },\n                ""lane_change_mode"": 512\n            },\n            ""num_vehicles"": 1,\n            ""routing_controller"": [\n                ""ContinuousRouter"",\n                {}\n            ],\n            ""veh_id"": ""rl""\n        }\n    ]\n}'}, 'env': 'AccelEnv-v0', 'local_evaluator_tf_session_args': {'inter_op_parallelism_threads': 8, 'intra_op_parallelism_threads': 8}, 'model': {'free_log_std': False, 'custom_options': {}, 'framestack': True, 'channel_major': False, 'max_seq_len': 20, 'lstm_use_prev_action_reward': False, 'squash_to_range': False, 'dim': 84, 'grayscale': False, 'fcnet_hiddens': [100, 50, 25], 'use_lstm': False, 'custom_model': None, 'fcnet_activation': 'tanh', 'conv_filters': None, 'conv_activation': 'relu', 'lstm_cell_size': 256, 'zero_mean': True, 'custom_preprocessor': None}, 'output_compress_columns': ['obs', 'new_obs'], 'monitor': False, 'custom_resources_per_worker': {}, 'output_max_file_size': 67108864, 'num_workers': 1, 'clip_param': 0.3, 'kl_coeff': 0.2, 'multiagent': {'policy_graphs': {}, 'policy_mapping_fn': None, 'policies_to_train': None}, 'input_evaluation': None, 'output': None, 'collect_metrics_timeout': 180, 'num_cpus_per_worker': 1}",169.237.32.118,2,1373.92,9.729239463806152,"{'num_steps_sampled': 536000, 'load_time_ms': 1.235, 'default': {'kl': 0.00887513067573309, 'cur_lr': 0.0005000000237487257, 'total_loss': 0.4525090754032135, 'policy_loss': -0.004602248314768076, 'vf_explained_var': 0.9958725571632385, 'entropy': 2.184372901916504, 'cur_kl_coeff': 0.3703078329563141, 'vf_loss': 0.4538247883319855}, 'sample_time_ms': 9548.888, 'grad_time_ms': 282.745, 'update_time_ms': 4.841, 'num_steps_trained': 536000}",385.5274532811972,2019-04-02_08-32-08,kronos,71,536000,0,3316.688222169876,{},536000,335,335,3316.688222169876,497.51931804559143,1600,1554193928,{},0b32d2eec3344b1fbde4822793b2e447,67.70276554331174
False,416,"{'input': 'sampler', 'callbacks': {'on_train_result': None, 'on_sample_end': None, 'on_episode_step': None, 'on_episode_start': None, 'on_episode_end': None}, 'sample_batch_size': 200, 'clip_actions': False, 'clip_rewards': None, 'tf_session_args': {'inter_op_parallelism_threads': 2, 'intra_op_parallelism_threads': 2, 'device_count': {'CPU': 1}, 'log_device_placement': False, 'allow_soft_placement': True, 'gpu_options': {'allow_growth': True}}, 'kl_target': 0.01, 'horizon': 1500, 'lr': 0.0005, 'sample_async': False, 'simple_optimizer': False, 'compress_observations': False, 'num_envs_per_worker': 1, 'gamma': 0.99, 'sgd_minibatch_size': 128, 'observation_filter': 'NoFilter', 'entropy_coeff': 0.0, 'batch_mode': 'truncate_episodes', 'straggler_mitigation': False, 'vf_share_layers': False, 'num_gpus': 0, 'synchronize_filters': True, 'num_sgd_iter': 10, 'train_batch_size': 1500, 'optimizer': {}, 'num_gpus_per_worker': 0, 'preprocessor_pref': 'deepmind', 'num_cpus_for_driver': 1, 'lr_schedule': None, 'use_gae': True, 'lambda': 0.97, 'vf_loss_coeff': 1.0, 'vf_clip_param': 1000000.0, 'log_level': 'INFO', 'env_config': {'run': 'PPO', 'flow_params': '{\n    ""env"": {\n        ""additional_params"": {\n            ""max_accel"": 3,\n            ""max_decel"": 3,\n            ""sort_vehicles"": false,\n            ""target_velocity"": 20\n        },\n        ""evaluate"": false,\n        ""horizon"": 1500,\n        ""sims_per_step"": 1,\n        ""warmup_steps"": 0\n    },\n    ""env_name"": ""AccelEnv"",\n    ""exp_tag"": ""figure_eight_0"",\n    ""initial"": {\n        ""additional_params"": {},\n        ""bunching"": 0,\n        ""edges_distribution"": ""all"",\n        ""lanes_distribution"": Infinity,\n        ""min_gap"": 0,\n        ""perturbation"": 0.0,\n        ""shuffle"": false,\n        ""spacing"": ""uniform"",\n        ""x0"": 0\n    },\n    ""net"": {\n        ""additional_params"": {\n            ""lanes"": 1,\n            ""radius_ring"": 30,\n            ""resolution"": 40,\n            ""speed_limit"": 30\n        },\n        ""inflows"": {\n            ""_InFlows__flows"": [],\n            ""num_flows"": 0\n        },\n        ""netfile"": null,\n        ""no_internal_links"": false,\n        ""osm_path"": null\n    },\n    ""scenario"": ""Figure8Scenario"",\n    ""sim"": {\n        ""emission_path"": null,\n        ""lateral_resolution"": null,\n        ""no_step_log"": true,\n        ""num_clients"": 1,\n        ""overtake_right"": false,\n        ""port"": null,\n        ""print_warnings"": true,\n        ""pxpm"": 2,\n        ""render"": false,\n        ""restart_instance"": false,\n        ""save_render"": false,\n        ""seed"": null,\n        ""show_radius"": false,\n        ""sight_radius"": 25,\n        ""sim_step"": 0.1,\n        ""teleport_time"": -1\n    },\n    ""simulator"": ""traci"",\n    ""veh"": [\n        {\n            ""acceleration_controller"": [\n                ""IDMController"",\n                {\n                    ""noise"": 0.2\n                }\n            ],\n            ""car_following_params"": {\n                ""controller_params"": {\n                    ""accel"": 1.0,\n                    ""carFollowModel"": ""IDM"",\n                    ""decel"": 1.5,\n                    ""impatience"": 0.5,\n                    ""maxSpeed"": 30,\n                    ""minGap"": 2.5,\n                    ""sigma"": 0.5,\n                    ""speedDev"": 0.1,\n                    ""speedFactor"": 1.0,\n                    ""tau"": 1.0\n                },\n                ""speed_mode"": 1\n            },\n            ""initial_speed"": 0,\n            ""lane_change_controller"": [\n                ""SimLaneChangeController"",\n                {}\n            ],\n            ""lane_change_params"": {\n                ""controller_params"": {\n                    ""laneChangeModel"": ""LC2013"",\n                    ""lcCooperative"": ""1.0"",\n                    ""lcKeepRight"": ""1.0"",\n                    ""lcSpeedGain"": ""1.0"",\n                    ""lcStrategic"": ""1.0""\n                },\n                ""lane_change_mode"": 512\n            },\n            ""num_vehicles"": 13,\n            ""routing_controller"": [\n                ""ContinuousRouter"",\n                {}\n            ],\n            ""veh_id"": ""human""\n        },\n        {\n            ""acceleration_controller"": [\n                ""RLController"",\n                {}\n            ],\n            ""car_following_params"": {\n                ""controller_params"": {\n                    ""accel"": 1.0,\n                    ""carFollowModel"": ""IDM"",\n                    ""decel"": 1.5,\n                    ""impatience"": 0.5,\n                    ""maxSpeed"": 30,\n                    ""minGap"": 2.5,\n                    ""sigma"": 0.5,\n                    ""speedDev"": 0.1,\n                    ""speedFactor"": 1.0,\n                    ""tau"": 1.0\n                },\n                ""speed_mode"": 1\n            },\n            ""initial_speed"": 0,\n            ""lane_change_controller"": [\n                ""SimLaneChangeController"",\n                {}\n            ],\n            ""lane_change_params"": {\n                ""controller_params"": {\n                    ""laneChangeModel"": ""LC2013"",\n                    ""lcCooperative"": ""1.0"",\n                    ""lcKeepRight"": ""1.0"",\n                    ""lcSpeedGain"": ""1.0"",\n                    ""lcStrategic"": ""1.0""\n                },\n                ""lane_change_mode"": 512\n            },\n            ""num_vehicles"": 1,\n            ""routing_controller"": [\n                ""ContinuousRouter"",\n                {}\n            ],\n            ""veh_id"": ""rl""\n        }\n    ]\n}'}, 'env': 'AccelEnv-v0', 'local_evaluator_tf_session_args': {'inter_op_parallelism_threads': 8, 'intra_op_parallelism_threads': 8}, 'model': {'free_log_std': False, 'custom_options': {}, 'framestack': True, 'channel_major': False, 'max_seq_len': 20, 'lstm_use_prev_action_reward': False, 'squash_to_range': False, 'dim': 84, 'grayscale': False, 'fcnet_hiddens': [100, 50, 25], 'use_lstm': False, 'custom_model': None, 'fcnet_activation': 'tanh', 'conv_filters': None, 'conv_activation': 'relu', 'lstm_cell_size': 256, 'zero_mean': True, 'custom_preprocessor': None}, 'output_compress_columns': ['obs', 'new_obs'], 'monitor': False, 'custom_resources_per_worker': {}, 'output_max_file_size': 67108864, 'num_workers': 1, 'clip_param': 0.3, 'kl_coeff': 0.2, 'multiagent': {'policy_graphs': {}, 'policy_mapping_fn': None, 'policies_to_train': None}, 'input_evaluation': None, 'output': None, 'collect_metrics_timeout': 180, 'num_cpus_per_worker': 1}",169.237.32.118,1,1373.92,9.97344970703125,"{'num_steps_sampled': 537600, 'load_time_ms': 1.247, 'default': {'kl': 0.01393384113907814, 'cur_lr': 0.0005000000237487257, 'total_loss': 0.6581276059150696, 'policy_loss': -0.022695915773510933, 'vf_explained_var': 0.9894662499427795, 'entropy': 2.1601791381835938, 'cur_kl_coeff': 0.3703078329563141, 'vf_loss': 0.6756637096405029}, 'sample_time_ms': 9558.785, 'grad_time_ms': 283.698, 'update_time_ms': 4.788, 'num_steps_trained': 537600}",385.3438056399922,2019-04-02_08-32-18,kronos,71,537600,0,3326.6616718769073,{},537600,336,336,3326.6616718769073,497.51931804559143,1600,1554193938,{},0b32d2eec3344b1fbde4822793b2e447,67.70276554331174
False,417,"{'input': 'sampler', 'callbacks': {'on_train_result': None, 'on_sample_end': None, 'on_episode_step': None, 'on_episode_start': None, 'on_episode_end': None}, 'sample_batch_size': 200, 'clip_actions': False, 'clip_rewards': None, 'tf_session_args': {'inter_op_parallelism_threads': 2, 'intra_op_parallelism_threads': 2, 'device_count': {'CPU': 1}, 'log_device_placement': False, 'allow_soft_placement': True, 'gpu_options': {'allow_growth': True}}, 'kl_target': 0.01, 'horizon': 1500, 'lr': 0.0005, 'sample_async': False, 'simple_optimizer': False, 'compress_observations': False, 'num_envs_per_worker': 1, 'gamma': 0.99, 'sgd_minibatch_size': 128, 'observation_filter': 'NoFilter', 'entropy_coeff': 0.0, 'batch_mode': 'truncate_episodes', 'straggler_mitigation': False, 'vf_share_layers': False, 'num_gpus': 0, 'synchronize_filters': True, 'num_sgd_iter': 10, 'train_batch_size': 1500, 'optimizer': {}, 'num_gpus_per_worker': 0, 'preprocessor_pref': 'deepmind', 'num_cpus_for_driver': 1, 'lr_schedule': None, 'use_gae': True, 'lambda': 0.97, 'vf_loss_coeff': 1.0, 'vf_clip_param': 1000000.0, 'log_level': 'INFO', 'env_config': {'run': 'PPO', 'flow_params': '{\n    ""env"": {\n        ""additional_params"": {\n            ""max_accel"": 3,\n            ""max_decel"": 3,\n            ""sort_vehicles"": false,\n            ""target_velocity"": 20\n        },\n        ""evaluate"": false,\n        ""horizon"": 1500,\n        ""sims_per_step"": 1,\n        ""warmup_steps"": 0\n    },\n    ""env_name"": ""AccelEnv"",\n    ""exp_tag"": ""figure_eight_0"",\n    ""initial"": {\n        ""additional_params"": {},\n        ""bunching"": 0,\n        ""edges_distribution"": ""all"",\n        ""lanes_distribution"": Infinity,\n        ""min_gap"": 0,\n        ""perturbation"": 0.0,\n        ""shuffle"": false,\n        ""spacing"": ""uniform"",\n        ""x0"": 0\n    },\n    ""net"": {\n        ""additional_params"": {\n            ""lanes"": 1,\n            ""radius_ring"": 30,\n            ""resolution"": 40,\n            ""speed_limit"": 30\n        },\n        ""inflows"": {\n            ""_InFlows__flows"": [],\n            ""num_flows"": 0\n        },\n        ""netfile"": null,\n        ""no_internal_links"": false,\n        ""osm_path"": null\n    },\n    ""scenario"": ""Figure8Scenario"",\n    ""sim"": {\n        ""emission_path"": null,\n        ""lateral_resolution"": null,\n        ""no_step_log"": true,\n        ""num_clients"": 1,\n        ""overtake_right"": false,\n        ""port"": null,\n        ""print_warnings"": true,\n        ""pxpm"": 2,\n        ""render"": false,\n        ""restart_instance"": false,\n        ""save_render"": false,\n        ""seed"": null,\n        ""show_radius"": false,\n        ""sight_radius"": 25,\n        ""sim_step"": 0.1,\n        ""teleport_time"": -1\n    },\n    ""simulator"": ""traci"",\n    ""veh"": [\n        {\n            ""acceleration_controller"": [\n                ""IDMController"",\n                {\n                    ""noise"": 0.2\n                }\n            ],\n            ""car_following_params"": {\n                ""controller_params"": {\n                    ""accel"": 1.0,\n                    ""carFollowModel"": ""IDM"",\n                    ""decel"": 1.5,\n                    ""impatience"": 0.5,\n                    ""maxSpeed"": 30,\n                    ""minGap"": 2.5,\n                    ""sigma"": 0.5,\n                    ""speedDev"": 0.1,\n                    ""speedFactor"": 1.0,\n                    ""tau"": 1.0\n                },\n                ""speed_mode"": 1\n            },\n            ""initial_speed"": 0,\n            ""lane_change_controller"": [\n                ""SimLaneChangeController"",\n                {}\n            ],\n            ""lane_change_params"": {\n                ""controller_params"": {\n                    ""laneChangeModel"": ""LC2013"",\n                    ""lcCooperative"": ""1.0"",\n                    ""lcKeepRight"": ""1.0"",\n                    ""lcSpeedGain"": ""1.0"",\n                    ""lcStrategic"": ""1.0""\n                },\n                ""lane_change_mode"": 512\n            },\n            ""num_vehicles"": 13,\n            ""routing_controller"": [\n                ""ContinuousRouter"",\n                {}\n            ],\n            ""veh_id"": ""human""\n        },\n        {\n            ""acceleration_controller"": [\n                ""RLController"",\n                {}\n            ],\n            ""car_following_params"": {\n                ""controller_params"": {\n                    ""accel"": 1.0,\n                    ""carFollowModel"": ""IDM"",\n                    ""decel"": 1.5,\n                    ""impatience"": 0.5,\n                    ""maxSpeed"": 30,\n                    ""minGap"": 2.5,\n                    ""sigma"": 0.5,\n                    ""speedDev"": 0.1,\n                    ""speedFactor"": 1.0,\n                    ""tau"": 1.0\n                },\n                ""speed_mode"": 1\n            },\n            ""initial_speed"": 0,\n            ""lane_change_controller"": [\n                ""SimLaneChangeController"",\n                {}\n            ],\n            ""lane_change_params"": {\n                ""controller_params"": {\n                    ""laneChangeModel"": ""LC2013"",\n                    ""lcCooperative"": ""1.0"",\n                    ""lcKeepRight"": ""1.0"",\n                    ""lcSpeedGain"": ""1.0"",\n                    ""lcStrategic"": ""1.0""\n                },\n                ""lane_change_mode"": 512\n            },\n            ""num_vehicles"": 1,\n            ""routing_controller"": [\n                ""ContinuousRouter"",\n                {}\n            ],\n            ""veh_id"": ""rl""\n        }\n    ]\n}'}, 'env': 'AccelEnv-v0', 'local_evaluator_tf_session_args': {'inter_op_parallelism_threads': 8, 'intra_op_parallelism_threads': 8}, 'model': {'free_log_std': False, 'custom_options': {}, 'framestack': True, 'channel_major': False, 'max_seq_len': 20, 'lstm_use_prev_action_reward': False, 'squash_to_range': False, 'dim': 84, 'grayscale': False, 'fcnet_hiddens': [100, 50, 25], 'use_lstm': False, 'custom_model': None, 'fcnet_activation': 'tanh', 'conv_filters': None, 'conv_activation': 'relu', 'lstm_cell_size': 256, 'zero_mean': True, 'custom_preprocessor': None}, 'output_compress_columns': ['obs', 'new_obs'], 'monitor': False, 'custom_resources_per_worker': {}, 'output_max_file_size': 67108864, 'num_workers': 1, 'clip_param': 0.3, 'kl_coeff': 0.2, 'multiagent': {'policy_graphs': {}, 'policy_mapping_fn': None, 'policies_to_train': None}, 'input_evaluation': None, 'output': None, 'collect_metrics_timeout': 180, 'num_cpus_per_worker': 1}",169.237.32.118,1,1373.92,9.868431568145752,"{'num_steps_sampled': 539200, 'load_time_ms': 1.248, 'default': {'kl': 0.00970806460827589, 'cur_lr': 0.0005000000237487257, 'total_loss': 0.6004993319511414, 'policy_loss': -0.012118197977542877, 'vf_explained_var': 0.9871225357055664, 'entropy': 2.076767683029175, 'cur_kl_coeff': 0.3703078329563141, 'vf_loss': 0.6090225577354431}, 'sample_time_ms': 9554.233, 'grad_time_ms': 284.087, 'update_time_ms': 4.815, 'num_steps_trained': 539200}",385.6058304674661,2019-04-02_08-32-28,kronos,71,539200,0,3336.530103445053,{},539200,337,337,3336.530103445053,497.51931804559143,1600,1554193948,{},0b32d2eec3344b1fbde4822793b2e447,67.70276554331174
False,418,"{'input': 'sampler', 'callbacks': {'on_train_result': None, 'on_sample_end': None, 'on_episode_step': None, 'on_episode_start': None, 'on_episode_end': None}, 'sample_batch_size': 200, 'clip_actions': False, 'clip_rewards': None, 'tf_session_args': {'inter_op_parallelism_threads': 2, 'intra_op_parallelism_threads': 2, 'device_count': {'CPU': 1}, 'log_device_placement': False, 'allow_soft_placement': True, 'gpu_options': {'allow_growth': True}}, 'kl_target': 0.01, 'horizon': 1500, 'lr': 0.0005, 'sample_async': False, 'simple_optimizer': False, 'compress_observations': False, 'num_envs_per_worker': 1, 'gamma': 0.99, 'sgd_minibatch_size': 128, 'observation_filter': 'NoFilter', 'entropy_coeff': 0.0, 'batch_mode': 'truncate_episodes', 'straggler_mitigation': False, 'vf_share_layers': False, 'num_gpus': 0, 'synchronize_filters': True, 'num_sgd_iter': 10, 'train_batch_size': 1500, 'optimizer': {}, 'num_gpus_per_worker': 0, 'preprocessor_pref': 'deepmind', 'num_cpus_for_driver': 1, 'lr_schedule': None, 'use_gae': True, 'lambda': 0.97, 'vf_loss_coeff': 1.0, 'vf_clip_param': 1000000.0, 'log_level': 'INFO', 'env_config': {'run': 'PPO', 'flow_params': '{\n    ""env"": {\n        ""additional_params"": {\n            ""max_accel"": 3,\n            ""max_decel"": 3,\n            ""sort_vehicles"": false,\n            ""target_velocity"": 20\n        },\n        ""evaluate"": false,\n        ""horizon"": 1500,\n        ""sims_per_step"": 1,\n        ""warmup_steps"": 0\n    },\n    ""env_name"": ""AccelEnv"",\n    ""exp_tag"": ""figure_eight_0"",\n    ""initial"": {\n        ""additional_params"": {},\n        ""bunching"": 0,\n        ""edges_distribution"": ""all"",\n        ""lanes_distribution"": Infinity,\n        ""min_gap"": 0,\n        ""perturbation"": 0.0,\n        ""shuffle"": false,\n        ""spacing"": ""uniform"",\n        ""x0"": 0\n    },\n    ""net"": {\n        ""additional_params"": {\n            ""lanes"": 1,\n            ""radius_ring"": 30,\n            ""resolution"": 40,\n            ""speed_limit"": 30\n        },\n        ""inflows"": {\n            ""_InFlows__flows"": [],\n            ""num_flows"": 0\n        },\n        ""netfile"": null,\n        ""no_internal_links"": false,\n        ""osm_path"": null\n    },\n    ""scenario"": ""Figure8Scenario"",\n    ""sim"": {\n        ""emission_path"": null,\n        ""lateral_resolution"": null,\n        ""no_step_log"": true,\n        ""num_clients"": 1,\n        ""overtake_right"": false,\n        ""port"": null,\n        ""print_warnings"": true,\n        ""pxpm"": 2,\n        ""render"": false,\n        ""restart_instance"": false,\n        ""save_render"": false,\n        ""seed"": null,\n        ""show_radius"": false,\n        ""sight_radius"": 25,\n        ""sim_step"": 0.1,\n        ""teleport_time"": -1\n    },\n    ""simulator"": ""traci"",\n    ""veh"": [\n        {\n            ""acceleration_controller"": [\n                ""IDMController"",\n                {\n                    ""noise"": 0.2\n                }\n            ],\n            ""car_following_params"": {\n                ""controller_params"": {\n                    ""accel"": 1.0,\n                    ""carFollowModel"": ""IDM"",\n                    ""decel"": 1.5,\n                    ""impatience"": 0.5,\n                    ""maxSpeed"": 30,\n                    ""minGap"": 2.5,\n                    ""sigma"": 0.5,\n                    ""speedDev"": 0.1,\n                    ""speedFactor"": 1.0,\n                    ""tau"": 1.0\n                },\n                ""speed_mode"": 1\n            },\n            ""initial_speed"": 0,\n            ""lane_change_controller"": [\n                ""SimLaneChangeController"",\n                {}\n            ],\n            ""lane_change_params"": {\n                ""controller_params"": {\n                    ""laneChangeModel"": ""LC2013"",\n                    ""lcCooperative"": ""1.0"",\n                    ""lcKeepRight"": ""1.0"",\n                    ""lcSpeedGain"": ""1.0"",\n                    ""lcStrategic"": ""1.0""\n                },\n                ""lane_change_mode"": 512\n            },\n            ""num_vehicles"": 13,\n            ""routing_controller"": [\n                ""ContinuousRouter"",\n                {}\n            ],\n            ""veh_id"": ""human""\n        },\n        {\n            ""acceleration_controller"": [\n                ""RLController"",\n                {}\n            ],\n            ""car_following_params"": {\n                ""controller_params"": {\n                    ""accel"": 1.0,\n                    ""carFollowModel"": ""IDM"",\n                    ""decel"": 1.5,\n                    ""impatience"": 0.5,\n                    ""maxSpeed"": 30,\n                    ""minGap"": 2.5,\n                    ""sigma"": 0.5,\n                    ""speedDev"": 0.1,\n                    ""speedFactor"": 1.0,\n                    ""tau"": 1.0\n                },\n                ""speed_mode"": 1\n            },\n            ""initial_speed"": 0,\n            ""lane_change_controller"": [\n                ""SimLaneChangeController"",\n                {}\n            ],\n            ""lane_change_params"": {\n                ""controller_params"": {\n                    ""laneChangeModel"": ""LC2013"",\n                    ""lcCooperative"": ""1.0"",\n                    ""lcKeepRight"": ""1.0"",\n                    ""lcSpeedGain"": ""1.0"",\n                    ""lcStrategic"": ""1.0""\n                },\n                ""lane_change_mode"": 512\n            },\n            ""num_vehicles"": 1,\n            ""routing_controller"": [\n                ""ContinuousRouter"",\n                {}\n            ],\n            ""veh_id"": ""rl""\n        }\n    ]\n}'}, 'env': 'AccelEnv-v0', 'local_evaluator_tf_session_args': {'inter_op_parallelism_threads': 8, 'intra_op_parallelism_threads': 8}, 'model': {'free_log_std': False, 'custom_options': {}, 'framestack': True, 'channel_major': False, 'max_seq_len': 20, 'lstm_use_prev_action_reward': False, 'squash_to_range': False, 'dim': 84, 'grayscale': False, 'fcnet_hiddens': [100, 50, 25], 'use_lstm': False, 'custom_model': None, 'fcnet_activation': 'tanh', 'conv_filters': None, 'conv_activation': 'relu', 'lstm_cell_size': 256, 'zero_mean': True, 'custom_preprocessor': None}, 'output_compress_columns': ['obs', 'new_obs'], 'monitor': False, 'custom_resources_per_worker': {}, 'output_max_file_size': 67108864, 'num_workers': 1, 'clip_param': 0.3, 'kl_coeff': 0.2, 'multiagent': {'policy_graphs': {}, 'policy_mapping_fn': None, 'policies_to_train': None}, 'input_evaluation': None, 'output': None, 'collect_metrics_timeout': 180, 'num_cpus_per_worker': 1}",169.237.32.118,1,1373.92,9.950083255767822,"{'num_steps_sampled': 540800, 'load_time_ms': 1.248, 'default': {'kl': 0.014189117588102818, 'cur_lr': 0.0005000000237487257, 'total_loss': 0.511314868927002, 'policy_loss': -0.013029958121478558, 'vf_explained_var': 0.9874051213264465, 'entropy': 2.0127811431884766, 'cur_kl_coeff': 0.3703078329563141, 'vf_loss': 0.5190905332565308}, 'sample_time_ms': 9571.212, 'grad_time_ms': 283.524, 'update_time_ms': 4.815, 'num_steps_trained': 540800}",386.02626874473276,2019-04-02_08-32-38,kronos,71,540800,0,3346.480186700821,{},540800,338,338,3346.480186700821,497.51931804559143,1600,1554193958,{},0b32d2eec3344b1fbde4822793b2e447,67.70276554331174
False,419,"{'input': 'sampler', 'callbacks': {'on_train_result': None, 'on_sample_end': None, 'on_episode_step': None, 'on_episode_start': None, 'on_episode_end': None}, 'sample_batch_size': 200, 'clip_actions': False, 'clip_rewards': None, 'tf_session_args': {'inter_op_parallelism_threads': 2, 'intra_op_parallelism_threads': 2, 'device_count': {'CPU': 1}, 'log_device_placement': False, 'allow_soft_placement': True, 'gpu_options': {'allow_growth': True}}, 'kl_target': 0.01, 'horizon': 1500, 'lr': 0.0005, 'sample_async': False, 'simple_optimizer': False, 'compress_observations': False, 'num_envs_per_worker': 1, 'gamma': 0.99, 'sgd_minibatch_size': 128, 'observation_filter': 'NoFilter', 'entropy_coeff': 0.0, 'batch_mode': 'truncate_episodes', 'straggler_mitigation': False, 'vf_share_layers': False, 'num_gpus': 0, 'synchronize_filters': True, 'num_sgd_iter': 10, 'train_batch_size': 1500, 'optimizer': {}, 'num_gpus_per_worker': 0, 'preprocessor_pref': 'deepmind', 'num_cpus_for_driver': 1, 'lr_schedule': None, 'use_gae': True, 'lambda': 0.97, 'vf_loss_coeff': 1.0, 'vf_clip_param': 1000000.0, 'log_level': 'INFO', 'env_config': {'run': 'PPO', 'flow_params': '{\n    ""env"": {\n        ""additional_params"": {\n            ""max_accel"": 3,\n            ""max_decel"": 3,\n            ""sort_vehicles"": false,\n            ""target_velocity"": 20\n        },\n        ""evaluate"": false,\n        ""horizon"": 1500,\n        ""sims_per_step"": 1,\n        ""warmup_steps"": 0\n    },\n    ""env_name"": ""AccelEnv"",\n    ""exp_tag"": ""figure_eight_0"",\n    ""initial"": {\n        ""additional_params"": {},\n        ""bunching"": 0,\n        ""edges_distribution"": ""all"",\n        ""lanes_distribution"": Infinity,\n        ""min_gap"": 0,\n        ""perturbation"": 0.0,\n        ""shuffle"": false,\n        ""spacing"": ""uniform"",\n        ""x0"": 0\n    },\n    ""net"": {\n        ""additional_params"": {\n            ""lanes"": 1,\n            ""radius_ring"": 30,\n            ""resolution"": 40,\n            ""speed_limit"": 30\n        },\n        ""inflows"": {\n            ""_InFlows__flows"": [],\n            ""num_flows"": 0\n        },\n        ""netfile"": null,\n        ""no_internal_links"": false,\n        ""osm_path"": null\n    },\n    ""scenario"": ""Figure8Scenario"",\n    ""sim"": {\n        ""emission_path"": null,\n        ""lateral_resolution"": null,\n        ""no_step_log"": true,\n        ""num_clients"": 1,\n        ""overtake_right"": false,\n        ""port"": null,\n        ""print_warnings"": true,\n        ""pxpm"": 2,\n        ""render"": false,\n        ""restart_instance"": false,\n        ""save_render"": false,\n        ""seed"": null,\n        ""show_radius"": false,\n        ""sight_radius"": 25,\n        ""sim_step"": 0.1,\n        ""teleport_time"": -1\n    },\n    ""simulator"": ""traci"",\n    ""veh"": [\n        {\n            ""acceleration_controller"": [\n                ""IDMController"",\n                {\n                    ""noise"": 0.2\n                }\n            ],\n            ""car_following_params"": {\n                ""controller_params"": {\n                    ""accel"": 1.0,\n                    ""carFollowModel"": ""IDM"",\n                    ""decel"": 1.5,\n                    ""impatience"": 0.5,\n                    ""maxSpeed"": 30,\n                    ""minGap"": 2.5,\n                    ""sigma"": 0.5,\n                    ""speedDev"": 0.1,\n                    ""speedFactor"": 1.0,\n                    ""tau"": 1.0\n                },\n                ""speed_mode"": 1\n            },\n            ""initial_speed"": 0,\n            ""lane_change_controller"": [\n                ""SimLaneChangeController"",\n                {}\n            ],\n            ""lane_change_params"": {\n                ""controller_params"": {\n                    ""laneChangeModel"": ""LC2013"",\n                    ""lcCooperative"": ""1.0"",\n                    ""lcKeepRight"": ""1.0"",\n                    ""lcSpeedGain"": ""1.0"",\n                    ""lcStrategic"": ""1.0""\n                },\n                ""lane_change_mode"": 512\n            },\n            ""num_vehicles"": 13,\n            ""routing_controller"": [\n                ""ContinuousRouter"",\n                {}\n            ],\n            ""veh_id"": ""human""\n        },\n        {\n            ""acceleration_controller"": [\n                ""RLController"",\n                {}\n            ],\n            ""car_following_params"": {\n                ""controller_params"": {\n                    ""accel"": 1.0,\n                    ""carFollowModel"": ""IDM"",\n                    ""decel"": 1.5,\n                    ""impatience"": 0.5,\n                    ""maxSpeed"": 30,\n                    ""minGap"": 2.5,\n                    ""sigma"": 0.5,\n                    ""speedDev"": 0.1,\n                    ""speedFactor"": 1.0,\n                    ""tau"": 1.0\n                },\n                ""speed_mode"": 1\n            },\n            ""initial_speed"": 0,\n            ""lane_change_controller"": [\n                ""SimLaneChangeController"",\n                {}\n            ],\n            ""lane_change_params"": {\n                ""controller_params"": {\n                    ""laneChangeModel"": ""LC2013"",\n                    ""lcCooperative"": ""1.0"",\n                    ""lcKeepRight"": ""1.0"",\n                    ""lcSpeedGain"": ""1.0"",\n                    ""lcStrategic"": ""1.0""\n                },\n                ""lane_change_mode"": 512\n            },\n            ""num_vehicles"": 1,\n            ""routing_controller"": [\n                ""ContinuousRouter"",\n                {}\n            ],\n            ""veh_id"": ""rl""\n        }\n    ]\n}'}, 'env': 'AccelEnv-v0', 'local_evaluator_tf_session_args': {'inter_op_parallelism_threads': 8, 'intra_op_parallelism_threads': 8}, 'model': {'free_log_std': False, 'custom_options': {}, 'framestack': True, 'channel_major': False, 'max_seq_len': 20, 'lstm_use_prev_action_reward': False, 'squash_to_range': False, 'dim': 84, 'grayscale': False, 'fcnet_hiddens': [100, 50, 25], 'use_lstm': False, 'custom_model': None, 'fcnet_activation': 'tanh', 'conv_filters': None, 'conv_activation': 'relu', 'lstm_cell_size': 256, 'zero_mean': True, 'custom_preprocessor': None}, 'output_compress_columns': ['obs', 'new_obs'], 'monitor': False, 'custom_resources_per_worker': {}, 'output_max_file_size': 67108864, 'num_workers': 1, 'clip_param': 0.3, 'kl_coeff': 0.2, 'multiagent': {'policy_graphs': {}, 'policy_mapping_fn': None, 'policies_to_train': None}, 'input_evaluation': None, 'output': None, 'collect_metrics_timeout': 180, 'num_cpus_per_worker': 1}",169.237.32.118,1,1379.37,9.860692024230957,"{'num_steps_sampled': 542400, 'load_time_ms': 1.274, 'default': {'kl': 0.008961064741015434, 'cur_lr': 0.0005000000237487257, 'total_loss': 0.6669263243675232, 'policy_loss': -0.016444966197013855, 'vf_explained_var': 0.9759947657585144, 'entropy': 2.0388410091400146, 'cur_kl_coeff': 0.3703078329563141, 'vf_loss': 0.6800529360771179}, 'sample_time_ms': 9578.754, 'grad_time_ms': 282.913, 'update_time_ms': 4.758, 'num_steps_trained': 542400}",387.5666088312995,2019-04-02_08-32-48,kronos,71,542400,0,3356.340878725052,{},542400,339,339,3356.340878725052,497.51931804559143,1600,1554193968,{},0b32d2eec3344b1fbde4822793b2e447,67.70276554331174
False,420,"{'input': 'sampler', 'callbacks': {'on_train_result': None, 'on_sample_end': None, 'on_episode_step': None, 'on_episode_start': None, 'on_episode_end': None}, 'sample_batch_size': 200, 'clip_actions': False, 'clip_rewards': None, 'tf_session_args': {'inter_op_parallelism_threads': 2, 'intra_op_parallelism_threads': 2, 'device_count': {'CPU': 1}, 'log_device_placement': False, 'allow_soft_placement': True, 'gpu_options': {'allow_growth': True}}, 'kl_target': 0.01, 'horizon': 1500, 'lr': 0.0005, 'sample_async': False, 'simple_optimizer': False, 'compress_observations': False, 'num_envs_per_worker': 1, 'gamma': 0.99, 'sgd_minibatch_size': 128, 'observation_filter': 'NoFilter', 'entropy_coeff': 0.0, 'batch_mode': 'truncate_episodes', 'straggler_mitigation': False, 'vf_share_layers': False, 'num_gpus': 0, 'synchronize_filters': True, 'num_sgd_iter': 10, 'train_batch_size': 1500, 'optimizer': {}, 'num_gpus_per_worker': 0, 'preprocessor_pref': 'deepmind', 'num_cpus_for_driver': 1, 'lr_schedule': None, 'use_gae': True, 'lambda': 0.97, 'vf_loss_coeff': 1.0, 'vf_clip_param': 1000000.0, 'log_level': 'INFO', 'env_config': {'run': 'PPO', 'flow_params': '{\n    ""env"": {\n        ""additional_params"": {\n            ""max_accel"": 3,\n            ""max_decel"": 3,\n            ""sort_vehicles"": false,\n            ""target_velocity"": 20\n        },\n        ""evaluate"": false,\n        ""horizon"": 1500,\n        ""sims_per_step"": 1,\n        ""warmup_steps"": 0\n    },\n    ""env_name"": ""AccelEnv"",\n    ""exp_tag"": ""figure_eight_0"",\n    ""initial"": {\n        ""additional_params"": {},\n        ""bunching"": 0,\n        ""edges_distribution"": ""all"",\n        ""lanes_distribution"": Infinity,\n        ""min_gap"": 0,\n        ""perturbation"": 0.0,\n        ""shuffle"": false,\n        ""spacing"": ""uniform"",\n        ""x0"": 0\n    },\n    ""net"": {\n        ""additional_params"": {\n            ""lanes"": 1,\n            ""radius_ring"": 30,\n            ""resolution"": 40,\n            ""speed_limit"": 30\n        },\n        ""inflows"": {\n            ""_InFlows__flows"": [],\n            ""num_flows"": 0\n        },\n        ""netfile"": null,\n        ""no_internal_links"": false,\n        ""osm_path"": null\n    },\n    ""scenario"": ""Figure8Scenario"",\n    ""sim"": {\n        ""emission_path"": null,\n        ""lateral_resolution"": null,\n        ""no_step_log"": true,\n        ""num_clients"": 1,\n        ""overtake_right"": false,\n        ""port"": null,\n        ""print_warnings"": true,\n        ""pxpm"": 2,\n        ""render"": false,\n        ""restart_instance"": false,\n        ""save_render"": false,\n        ""seed"": null,\n        ""show_radius"": false,\n        ""sight_radius"": 25,\n        ""sim_step"": 0.1,\n        ""teleport_time"": -1\n    },\n    ""simulator"": ""traci"",\n    ""veh"": [\n        {\n            ""acceleration_controller"": [\n                ""IDMController"",\n                {\n                    ""noise"": 0.2\n                }\n            ],\n            ""car_following_params"": {\n                ""controller_params"": {\n                    ""accel"": 1.0,\n                    ""carFollowModel"": ""IDM"",\n                    ""decel"": 1.5,\n                    ""impatience"": 0.5,\n                    ""maxSpeed"": 30,\n                    ""minGap"": 2.5,\n                    ""sigma"": 0.5,\n                    ""speedDev"": 0.1,\n                    ""speedFactor"": 1.0,\n                    ""tau"": 1.0\n                },\n                ""speed_mode"": 1\n            },\n            ""initial_speed"": 0,\n            ""lane_change_controller"": [\n                ""SimLaneChangeController"",\n                {}\n            ],\n            ""lane_change_params"": {\n                ""controller_params"": {\n                    ""laneChangeModel"": ""LC2013"",\n                    ""lcCooperative"": ""1.0"",\n                    ""lcKeepRight"": ""1.0"",\n                    ""lcSpeedGain"": ""1.0"",\n                    ""lcStrategic"": ""1.0""\n                },\n                ""lane_change_mode"": 512\n            },\n            ""num_vehicles"": 13,\n            ""routing_controller"": [\n                ""ContinuousRouter"",\n                {}\n            ],\n            ""veh_id"": ""human""\n        },\n        {\n            ""acceleration_controller"": [\n                ""RLController"",\n                {}\n            ],\n            ""car_following_params"": {\n                ""controller_params"": {\n                    ""accel"": 1.0,\n                    ""carFollowModel"": ""IDM"",\n                    ""decel"": 1.5,\n                    ""impatience"": 0.5,\n                    ""maxSpeed"": 30,\n                    ""minGap"": 2.5,\n                    ""sigma"": 0.5,\n                    ""speedDev"": 0.1,\n                    ""speedFactor"": 1.0,\n                    ""tau"": 1.0\n                },\n                ""speed_mode"": 1\n            },\n            ""initial_speed"": 0,\n            ""lane_change_controller"": [\n                ""SimLaneChangeController"",\n                {}\n            ],\n            ""lane_change_params"": {\n                ""controller_params"": {\n                    ""laneChangeModel"": ""LC2013"",\n                    ""lcCooperative"": ""1.0"",\n                    ""lcKeepRight"": ""1.0"",\n                    ""lcSpeedGain"": ""1.0"",\n                    ""lcStrategic"": ""1.0""\n                },\n                ""lane_change_mode"": 512\n            },\n            ""num_vehicles"": 1,\n            ""routing_controller"": [\n                ""ContinuousRouter"",\n                {}\n            ],\n            ""veh_id"": ""rl""\n        }\n    ]\n}'}, 'env': 'AccelEnv-v0', 'local_evaluator_tf_session_args': {'inter_op_parallelism_threads': 8, 'intra_op_parallelism_threads': 8}, 'model': {'free_log_std': False, 'custom_options': {}, 'framestack': True, 'channel_major': False, 'max_seq_len': 20, 'lstm_use_prev_action_reward': False, 'squash_to_range': False, 'dim': 84, 'grayscale': False, 'fcnet_hiddens': [100, 50, 25], 'use_lstm': False, 'custom_model': None, 'fcnet_activation': 'tanh', 'conv_filters': None, 'conv_activation': 'relu', 'lstm_cell_size': 256, 'zero_mean': True, 'custom_preprocessor': None}, 'output_compress_columns': ['obs', 'new_obs'], 'monitor': False, 'custom_resources_per_worker': {}, 'output_max_file_size': 67108864, 'num_workers': 1, 'clip_param': 0.3, 'kl_coeff': 0.2, 'multiagent': {'policy_graphs': {}, 'policy_mapping_fn': None, 'policies_to_train': None}, 'input_evaluation': None, 'output': None, 'collect_metrics_timeout': 180, 'num_cpus_per_worker': 1}",169.237.32.118,1,1379.37,9.906008958816528,"{'num_steps_sampled': 544000, 'load_time_ms': 1.271, 'default': {'kl': 0.029230520129203796, 'cur_lr': 0.0005000000237487257, 'total_loss': 0.33511433005332947, 'policy_loss': -0.027442073449492455, 'vf_explained_var': 0.986773669719696, 'entropy': 1.984754204750061, 'cur_kl_coeff': 0.3703078329563141, 'vf_loss': 0.3517321050167084}, 'sample_time_ms': 9587.251, 'grad_time_ms': 281.853, 'update_time_ms': 4.713, 'num_steps_trained': 544000}",387.52385826528496,2019-04-02_08-32-58,kronos,71,544000,0,3366.2468876838684,{},544000,340,340,3366.2468876838684,497.51931804559143,1600,1554193978,{},0b32d2eec3344b1fbde4822793b2e447,67.70276554331174
False,422,"{'input': 'sampler', 'callbacks': {'on_train_result': None, 'on_sample_end': None, 'on_episode_step': None, 'on_episode_start': None, 'on_episode_end': None}, 'sample_batch_size': 200, 'clip_actions': False, 'clip_rewards': None, 'tf_session_args': {'inter_op_parallelism_threads': 2, 'intra_op_parallelism_threads': 2, 'device_count': {'CPU': 1}, 'log_device_placement': False, 'allow_soft_placement': True, 'gpu_options': {'allow_growth': True}}, 'kl_target': 0.01, 'horizon': 1500, 'lr': 0.0005, 'sample_async': False, 'simple_optimizer': False, 'compress_observations': False, 'num_envs_per_worker': 1, 'gamma': 0.99, 'sgd_minibatch_size': 128, 'observation_filter': 'NoFilter', 'entropy_coeff': 0.0, 'batch_mode': 'truncate_episodes', 'straggler_mitigation': False, 'vf_share_layers': False, 'num_gpus': 0, 'synchronize_filters': True, 'num_sgd_iter': 10, 'train_batch_size': 1500, 'optimizer': {}, 'num_gpus_per_worker': 0, 'preprocessor_pref': 'deepmind', 'num_cpus_for_driver': 1, 'lr_schedule': None, 'use_gae': True, 'lambda': 0.97, 'vf_loss_coeff': 1.0, 'vf_clip_param': 1000000.0, 'log_level': 'INFO', 'env_config': {'run': 'PPO', 'flow_params': '{\n    ""env"": {\n        ""additional_params"": {\n            ""max_accel"": 3,\n            ""max_decel"": 3,\n            ""sort_vehicles"": false,\n            ""target_velocity"": 20\n        },\n        ""evaluate"": false,\n        ""horizon"": 1500,\n        ""sims_per_step"": 1,\n        ""warmup_steps"": 0\n    },\n    ""env_name"": ""AccelEnv"",\n    ""exp_tag"": ""figure_eight_0"",\n    ""initial"": {\n        ""additional_params"": {},\n        ""bunching"": 0,\n        ""edges_distribution"": ""all"",\n        ""lanes_distribution"": Infinity,\n        ""min_gap"": 0,\n        ""perturbation"": 0.0,\n        ""shuffle"": false,\n        ""spacing"": ""uniform"",\n        ""x0"": 0\n    },\n    ""net"": {\n        ""additional_params"": {\n            ""lanes"": 1,\n            ""radius_ring"": 30,\n            ""resolution"": 40,\n            ""speed_limit"": 30\n        },\n        ""inflows"": {\n            ""_InFlows__flows"": [],\n            ""num_flows"": 0\n        },\n        ""netfile"": null,\n        ""no_internal_links"": false,\n        ""osm_path"": null\n    },\n    ""scenario"": ""Figure8Scenario"",\n    ""sim"": {\n        ""emission_path"": null,\n        ""lateral_resolution"": null,\n        ""no_step_log"": true,\n        ""num_clients"": 1,\n        ""overtake_right"": false,\n        ""port"": null,\n        ""print_warnings"": true,\n        ""pxpm"": 2,\n        ""render"": false,\n        ""restart_instance"": false,\n        ""save_render"": false,\n        ""seed"": null,\n        ""show_radius"": false,\n        ""sight_radius"": 25,\n        ""sim_step"": 0.1,\n        ""teleport_time"": -1\n    },\n    ""simulator"": ""traci"",\n    ""veh"": [\n        {\n            ""acceleration_controller"": [\n                ""IDMController"",\n                {\n                    ""noise"": 0.2\n                }\n            ],\n            ""car_following_params"": {\n                ""controller_params"": {\n                    ""accel"": 1.0,\n                    ""carFollowModel"": ""IDM"",\n                    ""decel"": 1.5,\n                    ""impatience"": 0.5,\n                    ""maxSpeed"": 30,\n                    ""minGap"": 2.5,\n                    ""sigma"": 0.5,\n                    ""speedDev"": 0.1,\n                    ""speedFactor"": 1.0,\n                    ""tau"": 1.0\n                },\n                ""speed_mode"": 1\n            },\n            ""initial_speed"": 0,\n            ""lane_change_controller"": [\n                ""SimLaneChangeController"",\n                {}\n            ],\n            ""lane_change_params"": {\n                ""controller_params"": {\n                    ""laneChangeModel"": ""LC2013"",\n                    ""lcCooperative"": ""1.0"",\n                    ""lcKeepRight"": ""1.0"",\n                    ""lcSpeedGain"": ""1.0"",\n                    ""lcStrategic"": ""1.0""\n                },\n                ""lane_change_mode"": 512\n            },\n            ""num_vehicles"": 13,\n            ""routing_controller"": [\n                ""ContinuousRouter"",\n                {}\n            ],\n            ""veh_id"": ""human""\n        },\n        {\n            ""acceleration_controller"": [\n                ""RLController"",\n                {}\n            ],\n            ""car_following_params"": {\n                ""controller_params"": {\n                    ""accel"": 1.0,\n                    ""carFollowModel"": ""IDM"",\n                    ""decel"": 1.5,\n                    ""impatience"": 0.5,\n                    ""maxSpeed"": 30,\n                    ""minGap"": 2.5,\n                    ""sigma"": 0.5,\n                    ""speedDev"": 0.1,\n                    ""speedFactor"": 1.0,\n                    ""tau"": 1.0\n                },\n                ""speed_mode"": 1\n            },\n            ""initial_speed"": 0,\n            ""lane_change_controller"": [\n                ""SimLaneChangeController"",\n                {}\n            ],\n            ""lane_change_params"": {\n                ""controller_params"": {\n                    ""laneChangeModel"": ""LC2013"",\n                    ""lcCooperative"": ""1.0"",\n                    ""lcKeepRight"": ""1.0"",\n                    ""lcSpeedGain"": ""1.0"",\n                    ""lcStrategic"": ""1.0""\n                },\n                ""lane_change_mode"": 512\n            },\n            ""num_vehicles"": 1,\n            ""routing_controller"": [\n                ""ContinuousRouter"",\n                {}\n            ],\n            ""veh_id"": ""rl""\n        }\n    ]\n}'}, 'env': 'AccelEnv-v0', 'local_evaluator_tf_session_args': {'inter_op_parallelism_threads': 8, 'intra_op_parallelism_threads': 8}, 'model': {'free_log_std': False, 'custom_options': {}, 'framestack': True, 'channel_major': False, 'max_seq_len': 20, 'lstm_use_prev_action_reward': False, 'squash_to_range': False, 'dim': 84, 'grayscale': False, 'fcnet_hiddens': [100, 50, 25], 'use_lstm': False, 'custom_model': None, 'fcnet_activation': 'tanh', 'conv_filters': None, 'conv_activation': 'relu', 'lstm_cell_size': 256, 'zero_mean': True, 'custom_preprocessor': None}, 'output_compress_columns': ['obs', 'new_obs'], 'monitor': False, 'custom_resources_per_worker': {}, 'output_max_file_size': 67108864, 'num_workers': 1, 'clip_param': 0.3, 'kl_coeff': 0.2, 'multiagent': {'policy_graphs': {}, 'policy_mapping_fn': None, 'policies_to_train': None}, 'input_evaluation': None, 'output': None, 'collect_metrics_timeout': 180, 'num_cpus_per_worker': 1}",169.237.32.118,2,1384.03,9.932029962539673,"{'num_steps_sampled': 545600, 'load_time_ms': 1.27, 'default': {'kl': 0.013680356554687023, 'cur_lr': 0.0005000000237487257, 'total_loss': 0.3400626480579376, 'policy_loss': -0.01934862695634365, 'vf_explained_var': 0.9906319975852966, 'entropy': 2.114414930343628, 'cur_kl_coeff': 0.5554617643356323, 'vf_loss': 0.35181236267089844}, 'sample_time_ms': 9598.249, 'grad_time_ms': 278.442, 'update_time_ms': 4.636, 'num_steps_trained': 545600}",389.4395967548057,2019-04-02_08-33-08,kronos,71,545600,0,3376.178917646408,{},545600,341,341,3376.178917646408,497.51931804559143,1600,1554193988,{},0b32d2eec3344b1fbde4822793b2e447,67.70276554331174
False,423,"{'input': 'sampler', 'callbacks': {'on_train_result': None, 'on_sample_end': None, 'on_episode_step': None, 'on_episode_start': None, 'on_episode_end': None}, 'sample_batch_size': 200, 'clip_actions': False, 'clip_rewards': None, 'tf_session_args': {'inter_op_parallelism_threads': 2, 'intra_op_parallelism_threads': 2, 'device_count': {'CPU': 1}, 'log_device_placement': False, 'allow_soft_placement': True, 'gpu_options': {'allow_growth': True}}, 'kl_target': 0.01, 'horizon': 1500, 'lr': 0.0005, 'sample_async': False, 'simple_optimizer': False, 'compress_observations': False, 'num_envs_per_worker': 1, 'gamma': 0.99, 'sgd_minibatch_size': 128, 'observation_filter': 'NoFilter', 'entropy_coeff': 0.0, 'batch_mode': 'truncate_episodes', 'straggler_mitigation': False, 'vf_share_layers': False, 'num_gpus': 0, 'synchronize_filters': True, 'num_sgd_iter': 10, 'train_batch_size': 1500, 'optimizer': {}, 'num_gpus_per_worker': 0, 'preprocessor_pref': 'deepmind', 'num_cpus_for_driver': 1, 'lr_schedule': None, 'use_gae': True, 'lambda': 0.97, 'vf_loss_coeff': 1.0, 'vf_clip_param': 1000000.0, 'log_level': 'INFO', 'env_config': {'run': 'PPO', 'flow_params': '{\n    ""env"": {\n        ""additional_params"": {\n            ""max_accel"": 3,\n            ""max_decel"": 3,\n            ""sort_vehicles"": false,\n            ""target_velocity"": 20\n        },\n        ""evaluate"": false,\n        ""horizon"": 1500,\n        ""sims_per_step"": 1,\n        ""warmup_steps"": 0\n    },\n    ""env_name"": ""AccelEnv"",\n    ""exp_tag"": ""figure_eight_0"",\n    ""initial"": {\n        ""additional_params"": {},\n        ""bunching"": 0,\n        ""edges_distribution"": ""all"",\n        ""lanes_distribution"": Infinity,\n        ""min_gap"": 0,\n        ""perturbation"": 0.0,\n        ""shuffle"": false,\n        ""spacing"": ""uniform"",\n        ""x0"": 0\n    },\n    ""net"": {\n        ""additional_params"": {\n            ""lanes"": 1,\n            ""radius_ring"": 30,\n            ""resolution"": 40,\n            ""speed_limit"": 30\n        },\n        ""inflows"": {\n            ""_InFlows__flows"": [],\n            ""num_flows"": 0\n        },\n        ""netfile"": null,\n        ""no_internal_links"": false,\n        ""osm_path"": null\n    },\n    ""scenario"": ""Figure8Scenario"",\n    ""sim"": {\n        ""emission_path"": null,\n        ""lateral_resolution"": null,\n        ""no_step_log"": true,\n        ""num_clients"": 1,\n        ""overtake_right"": false,\n        ""port"": null,\n        ""print_warnings"": true,\n        ""pxpm"": 2,\n        ""render"": false,\n        ""restart_instance"": false,\n        ""save_render"": false,\n        ""seed"": null,\n        ""show_radius"": false,\n        ""sight_radius"": 25,\n        ""sim_step"": 0.1,\n        ""teleport_time"": -1\n    },\n    ""simulator"": ""traci"",\n    ""veh"": [\n        {\n            ""acceleration_controller"": [\n                ""IDMController"",\n                {\n                    ""noise"": 0.2\n                }\n            ],\n            ""car_following_params"": {\n                ""controller_params"": {\n                    ""accel"": 1.0,\n                    ""carFollowModel"": ""IDM"",\n                    ""decel"": 1.5,\n                    ""impatience"": 0.5,\n                    ""maxSpeed"": 30,\n                    ""minGap"": 2.5,\n                    ""sigma"": 0.5,\n                    ""speedDev"": 0.1,\n                    ""speedFactor"": 1.0,\n                    ""tau"": 1.0\n                },\n                ""speed_mode"": 1\n            },\n            ""initial_speed"": 0,\n            ""lane_change_controller"": [\n                ""SimLaneChangeController"",\n                {}\n            ],\n            ""lane_change_params"": {\n                ""controller_params"": {\n                    ""laneChangeModel"": ""LC2013"",\n                    ""lcCooperative"": ""1.0"",\n                    ""lcKeepRight"": ""1.0"",\n                    ""lcSpeedGain"": ""1.0"",\n                    ""lcStrategic"": ""1.0""\n                },\n                ""lane_change_mode"": 512\n            },\n            ""num_vehicles"": 13,\n            ""routing_controller"": [\n                ""ContinuousRouter"",\n                {}\n            ],\n            ""veh_id"": ""human""\n        },\n        {\n            ""acceleration_controller"": [\n                ""RLController"",\n                {}\n            ],\n            ""car_following_params"": {\n                ""controller_params"": {\n                    ""accel"": 1.0,\n                    ""carFollowModel"": ""IDM"",\n                    ""decel"": 1.5,\n                    ""impatience"": 0.5,\n                    ""maxSpeed"": 30,\n                    ""minGap"": 2.5,\n                    ""sigma"": 0.5,\n                    ""speedDev"": 0.1,\n                    ""speedFactor"": 1.0,\n                    ""tau"": 1.0\n                },\n                ""speed_mode"": 1\n            },\n            ""initial_speed"": 0,\n            ""lane_change_controller"": [\n                ""SimLaneChangeController"",\n                {}\n            ],\n            ""lane_change_params"": {\n                ""controller_params"": {\n                    ""laneChangeModel"": ""LC2013"",\n                    ""lcCooperative"": ""1.0"",\n                    ""lcKeepRight"": ""1.0"",\n                    ""lcSpeedGain"": ""1.0"",\n                    ""lcStrategic"": ""1.0""\n                },\n                ""lane_change_mode"": 512\n            },\n            ""num_vehicles"": 1,\n            ""routing_controller"": [\n                ""ContinuousRouter"",\n                {}\n            ],\n            ""veh_id"": ""rl""\n        }\n    ]\n}'}, 'env': 'AccelEnv-v0', 'local_evaluator_tf_session_args': {'inter_op_parallelism_threads': 8, 'intra_op_parallelism_threads': 8}, 'model': {'free_log_std': False, 'custom_options': {}, 'framestack': True, 'channel_major': False, 'max_seq_len': 20, 'lstm_use_prev_action_reward': False, 'squash_to_range': False, 'dim': 84, 'grayscale': False, 'fcnet_hiddens': [100, 50, 25], 'use_lstm': False, 'custom_model': None, 'fcnet_activation': 'tanh', 'conv_filters': None, 'conv_activation': 'relu', 'lstm_cell_size': 256, 'zero_mean': True, 'custom_preprocessor': None}, 'output_compress_columns': ['obs', 'new_obs'], 'monitor': False, 'custom_resources_per_worker': {}, 'output_max_file_size': 67108864, 'num_workers': 1, 'clip_param': 0.3, 'kl_coeff': 0.2, 'multiagent': {'policy_graphs': {}, 'policy_mapping_fn': None, 'policies_to_train': None}, 'input_evaluation': None, 'output': None, 'collect_metrics_timeout': 180, 'num_cpus_per_worker': 1}",169.237.32.118,1,1372.28,9.615502834320068,"{'num_steps_sampled': 547200, 'load_time_ms': 1.27, 'default': {'kl': 0.012608278542757034, 'cur_lr': 0.0005000000237487257, 'total_loss': 2.388002395629883, 'policy_loss': -0.03408306837081909, 'vf_explained_var': 0.8804334998130798, 'entropy': 2.012547731399536, 'cur_kl_coeff': 0.5554617643356323, 'vf_loss': 2.4150822162628174}, 'sample_time_ms': 9585.994, 'grad_time_ms': 277.298, 'update_time_ms': 4.551, 'num_steps_trained': 547200}",386.4222465672799,2019-04-02_08-33-17,kronos,71,547200,0,3385.794420480728,{},547200,342,342,3385.794420480728,497.51931804559143,1600,1554193997,{},0b32d2eec3344b1fbde4822793b2e447,67.70276554331174
False,424,"{'input': 'sampler', 'callbacks': {'on_train_result': None, 'on_sample_end': None, 'on_episode_step': None, 'on_episode_start': None, 'on_episode_end': None}, 'sample_batch_size': 200, 'clip_actions': False, 'clip_rewards': None, 'tf_session_args': {'inter_op_parallelism_threads': 2, 'intra_op_parallelism_threads': 2, 'device_count': {'CPU': 1}, 'log_device_placement': False, 'allow_soft_placement': True, 'gpu_options': {'allow_growth': True}}, 'kl_target': 0.01, 'horizon': 1500, 'lr': 0.0005, 'sample_async': False, 'simple_optimizer': False, 'compress_observations': False, 'num_envs_per_worker': 1, 'gamma': 0.99, 'sgd_minibatch_size': 128, 'observation_filter': 'NoFilter', 'entropy_coeff': 0.0, 'batch_mode': 'truncate_episodes', 'straggler_mitigation': False, 'vf_share_layers': False, 'num_gpus': 0, 'synchronize_filters': True, 'num_sgd_iter': 10, 'train_batch_size': 1500, 'optimizer': {}, 'num_gpus_per_worker': 0, 'preprocessor_pref': 'deepmind', 'num_cpus_for_driver': 1, 'lr_schedule': None, 'use_gae': True, 'lambda': 0.97, 'vf_loss_coeff': 1.0, 'vf_clip_param': 1000000.0, 'log_level': 'INFO', 'env_config': {'run': 'PPO', 'flow_params': '{\n    ""env"": {\n        ""additional_params"": {\n            ""max_accel"": 3,\n            ""max_decel"": 3,\n            ""sort_vehicles"": false,\n            ""target_velocity"": 20\n        },\n        ""evaluate"": false,\n        ""horizon"": 1500,\n        ""sims_per_step"": 1,\n        ""warmup_steps"": 0\n    },\n    ""env_name"": ""AccelEnv"",\n    ""exp_tag"": ""figure_eight_0"",\n    ""initial"": {\n        ""additional_params"": {},\n        ""bunching"": 0,\n        ""edges_distribution"": ""all"",\n        ""lanes_distribution"": Infinity,\n        ""min_gap"": 0,\n        ""perturbation"": 0.0,\n        ""shuffle"": false,\n        ""spacing"": ""uniform"",\n        ""x0"": 0\n    },\n    ""net"": {\n        ""additional_params"": {\n            ""lanes"": 1,\n            ""radius_ring"": 30,\n            ""resolution"": 40,\n            ""speed_limit"": 30\n        },\n        ""inflows"": {\n            ""_InFlows__flows"": [],\n            ""num_flows"": 0\n        },\n        ""netfile"": null,\n        ""no_internal_links"": false,\n        ""osm_path"": null\n    },\n    ""scenario"": ""Figure8Scenario"",\n    ""sim"": {\n        ""emission_path"": null,\n        ""lateral_resolution"": null,\n        ""no_step_log"": true,\n        ""num_clients"": 1,\n        ""overtake_right"": false,\n        ""port"": null,\n        ""print_warnings"": true,\n        ""pxpm"": 2,\n        ""render"": false,\n        ""restart_instance"": false,\n        ""save_render"": false,\n        ""seed"": null,\n        ""show_radius"": false,\n        ""sight_radius"": 25,\n        ""sim_step"": 0.1,\n        ""teleport_time"": -1\n    },\n    ""simulator"": ""traci"",\n    ""veh"": [\n        {\n            ""acceleration_controller"": [\n                ""IDMController"",\n                {\n                    ""noise"": 0.2\n                }\n            ],\n            ""car_following_params"": {\n                ""controller_params"": {\n                    ""accel"": 1.0,\n                    ""carFollowModel"": ""IDM"",\n                    ""decel"": 1.5,\n                    ""impatience"": 0.5,\n                    ""maxSpeed"": 30,\n                    ""minGap"": 2.5,\n                    ""sigma"": 0.5,\n                    ""speedDev"": 0.1,\n                    ""speedFactor"": 1.0,\n                    ""tau"": 1.0\n                },\n                ""speed_mode"": 1\n            },\n            ""initial_speed"": 0,\n            ""lane_change_controller"": [\n                ""SimLaneChangeController"",\n                {}\n            ],\n            ""lane_change_params"": {\n                ""controller_params"": {\n                    ""laneChangeModel"": ""LC2013"",\n                    ""lcCooperative"": ""1.0"",\n                    ""lcKeepRight"": ""1.0"",\n                    ""lcSpeedGain"": ""1.0"",\n                    ""lcStrategic"": ""1.0""\n                },\n                ""lane_change_mode"": 512\n            },\n            ""num_vehicles"": 13,\n            ""routing_controller"": [\n                ""ContinuousRouter"",\n                {}\n            ],\n            ""veh_id"": ""human""\n        },\n        {\n            ""acceleration_controller"": [\n                ""RLController"",\n                {}\n            ],\n            ""car_following_params"": {\n                ""controller_params"": {\n                    ""accel"": 1.0,\n                    ""carFollowModel"": ""IDM"",\n                    ""decel"": 1.5,\n                    ""impatience"": 0.5,\n                    ""maxSpeed"": 30,\n                    ""minGap"": 2.5,\n                    ""sigma"": 0.5,\n                    ""speedDev"": 0.1,\n                    ""speedFactor"": 1.0,\n                    ""tau"": 1.0\n                },\n                ""speed_mode"": 1\n            },\n            ""initial_speed"": 0,\n            ""lane_change_controller"": [\n                ""SimLaneChangeController"",\n                {}\n            ],\n            ""lane_change_params"": {\n                ""controller_params"": {\n                    ""laneChangeModel"": ""LC2013"",\n                    ""lcCooperative"": ""1.0"",\n                    ""lcKeepRight"": ""1.0"",\n                    ""lcSpeedGain"": ""1.0"",\n                    ""lcStrategic"": ""1.0""\n                },\n                ""lane_change_mode"": 512\n            },\n            ""num_vehicles"": 1,\n            ""routing_controller"": [\n                ""ContinuousRouter"",\n                {}\n            ],\n            ""veh_id"": ""rl""\n        }\n    ]\n}'}, 'env': 'AccelEnv-v0', 'local_evaluator_tf_session_args': {'inter_op_parallelism_threads': 8, 'intra_op_parallelism_threads': 8}, 'model': {'free_log_std': False, 'custom_options': {}, 'framestack': True, 'channel_major': False, 'max_seq_len': 20, 'lstm_use_prev_action_reward': False, 'squash_to_range': False, 'dim': 84, 'grayscale': False, 'fcnet_hiddens': [100, 50, 25], 'use_lstm': False, 'custom_model': None, 'fcnet_activation': 'tanh', 'conv_filters': None, 'conv_activation': 'relu', 'lstm_cell_size': 256, 'zero_mean': True, 'custom_preprocessor': None}, 'output_compress_columns': ['obs', 'new_obs'], 'monitor': False, 'custom_resources_per_worker': {}, 'output_max_file_size': 67108864, 'num_workers': 1, 'clip_param': 0.3, 'kl_coeff': 0.2, 'multiagent': {'policy_graphs': {}, 'policy_mapping_fn': None, 'policies_to_train': None}, 'input_evaluation': None, 'output': None, 'collect_metrics_timeout': 180, 'num_cpus_per_worker': 1}",169.237.32.118,1,1378.41,9.92683482170105,"{'num_steps_sampled': 548800, 'load_time_ms': 1.215, 'default': {'kl': 0.014124691486358643, 'cur_lr': 0.0005000000237487257, 'total_loss': 0.2859860956668854, 'policy_loss': -0.019078746438026428, 'vf_explained_var': 0.9896288514137268, 'entropy': 2.111098051071167, 'cur_kl_coeff': 0.5554617643356323, 'vf_loss': 0.29721909761428833}, 'sample_time_ms': 9581.033, 'grad_time_ms': 276.12, 'update_time_ms': 4.279, 'num_steps_trained': 548800}",388.0277899417339,2019-04-02_08-33-27,kronos,71,548800,0,3395.721255302429,{},548800,343,343,3395.721255302429,497.51931804559143,1600,1554194007,{},0b32d2eec3344b1fbde4822793b2e447,67.70276554331174
False,426,"{'input': 'sampler', 'callbacks': {'on_train_result': None, 'on_sample_end': None, 'on_episode_step': None, 'on_episode_start': None, 'on_episode_end': None}, 'sample_batch_size': 200, 'clip_actions': False, 'clip_rewards': None, 'tf_session_args': {'inter_op_parallelism_threads': 2, 'intra_op_parallelism_threads': 2, 'device_count': {'CPU': 1}, 'log_device_placement': False, 'allow_soft_placement': True, 'gpu_options': {'allow_growth': True}}, 'kl_target': 0.01, 'horizon': 1500, 'lr': 0.0005, 'sample_async': False, 'simple_optimizer': False, 'compress_observations': False, 'num_envs_per_worker': 1, 'gamma': 0.99, 'sgd_minibatch_size': 128, 'observation_filter': 'NoFilter', 'entropy_coeff': 0.0, 'batch_mode': 'truncate_episodes', 'straggler_mitigation': False, 'vf_share_layers': False, 'num_gpus': 0, 'synchronize_filters': True, 'num_sgd_iter': 10, 'train_batch_size': 1500, 'optimizer': {}, 'num_gpus_per_worker': 0, 'preprocessor_pref': 'deepmind', 'num_cpus_for_driver': 1, 'lr_schedule': None, 'use_gae': True, 'lambda': 0.97, 'vf_loss_coeff': 1.0, 'vf_clip_param': 1000000.0, 'log_level': 'INFO', 'env_config': {'run': 'PPO', 'flow_params': '{\n    ""env"": {\n        ""additional_params"": {\n            ""max_accel"": 3,\n            ""max_decel"": 3,\n            ""sort_vehicles"": false,\n            ""target_velocity"": 20\n        },\n        ""evaluate"": false,\n        ""horizon"": 1500,\n        ""sims_per_step"": 1,\n        ""warmup_steps"": 0\n    },\n    ""env_name"": ""AccelEnv"",\n    ""exp_tag"": ""figure_eight_0"",\n    ""initial"": {\n        ""additional_params"": {},\n        ""bunching"": 0,\n        ""edges_distribution"": ""all"",\n        ""lanes_distribution"": Infinity,\n        ""min_gap"": 0,\n        ""perturbation"": 0.0,\n        ""shuffle"": false,\n        ""spacing"": ""uniform"",\n        ""x0"": 0\n    },\n    ""net"": {\n        ""additional_params"": {\n            ""lanes"": 1,\n            ""radius_ring"": 30,\n            ""resolution"": 40,\n            ""speed_limit"": 30\n        },\n        ""inflows"": {\n            ""_InFlows__flows"": [],\n            ""num_flows"": 0\n        },\n        ""netfile"": null,\n        ""no_internal_links"": false,\n        ""osm_path"": null\n    },\n    ""scenario"": ""Figure8Scenario"",\n    ""sim"": {\n        ""emission_path"": null,\n        ""lateral_resolution"": null,\n        ""no_step_log"": true,\n        ""num_clients"": 1,\n        ""overtake_right"": false,\n        ""port"": null,\n        ""print_warnings"": true,\n        ""pxpm"": 2,\n        ""render"": false,\n        ""restart_instance"": false,\n        ""save_render"": false,\n        ""seed"": null,\n        ""show_radius"": false,\n        ""sight_radius"": 25,\n        ""sim_step"": 0.1,\n        ""teleport_time"": -1\n    },\n    ""simulator"": ""traci"",\n    ""veh"": [\n        {\n            ""acceleration_controller"": [\n                ""IDMController"",\n                {\n                    ""noise"": 0.2\n                }\n            ],\n            ""car_following_params"": {\n                ""controller_params"": {\n                    ""accel"": 1.0,\n                    ""carFollowModel"": ""IDM"",\n                    ""decel"": 1.5,\n                    ""impatience"": 0.5,\n                    ""maxSpeed"": 30,\n                    ""minGap"": 2.5,\n                    ""sigma"": 0.5,\n                    ""speedDev"": 0.1,\n                    ""speedFactor"": 1.0,\n                    ""tau"": 1.0\n                },\n                ""speed_mode"": 1\n            },\n            ""initial_speed"": 0,\n            ""lane_change_controller"": [\n                ""SimLaneChangeController"",\n                {}\n            ],\n            ""lane_change_params"": {\n                ""controller_params"": {\n                    ""laneChangeModel"": ""LC2013"",\n                    ""lcCooperative"": ""1.0"",\n                    ""lcKeepRight"": ""1.0"",\n                    ""lcSpeedGain"": ""1.0"",\n                    ""lcStrategic"": ""1.0""\n                },\n                ""lane_change_mode"": 512\n            },\n            ""num_vehicles"": 13,\n            ""routing_controller"": [\n                ""ContinuousRouter"",\n                {}\n            ],\n            ""veh_id"": ""human""\n        },\n        {\n            ""acceleration_controller"": [\n                ""RLController"",\n                {}\n            ],\n            ""car_following_params"": {\n                ""controller_params"": {\n                    ""accel"": 1.0,\n                    ""carFollowModel"": ""IDM"",\n                    ""decel"": 1.5,\n                    ""impatience"": 0.5,\n                    ""maxSpeed"": 30,\n                    ""minGap"": 2.5,\n                    ""sigma"": 0.5,\n                    ""speedDev"": 0.1,\n                    ""speedFactor"": 1.0,\n                    ""tau"": 1.0\n                },\n                ""speed_mode"": 1\n            },\n            ""initial_speed"": 0,\n            ""lane_change_controller"": [\n                ""SimLaneChangeController"",\n                {}\n            ],\n            ""lane_change_params"": {\n                ""controller_params"": {\n                    ""laneChangeModel"": ""LC2013"",\n                    ""lcCooperative"": ""1.0"",\n                    ""lcKeepRight"": ""1.0"",\n                    ""lcSpeedGain"": ""1.0"",\n                    ""lcStrategic"": ""1.0""\n                },\n                ""lane_change_mode"": 512\n            },\n            ""num_vehicles"": 1,\n            ""routing_controller"": [\n                ""ContinuousRouter"",\n                {}\n            ],\n            ""veh_id"": ""rl""\n        }\n    ]\n}'}, 'env': 'AccelEnv-v0', 'local_evaluator_tf_session_args': {'inter_op_parallelism_threads': 8, 'intra_op_parallelism_threads': 8}, 'model': {'free_log_std': False, 'custom_options': {}, 'framestack': True, 'channel_major': False, 'max_seq_len': 20, 'lstm_use_prev_action_reward': False, 'squash_to_range': False, 'dim': 84, 'grayscale': False, 'fcnet_hiddens': [100, 50, 25], 'use_lstm': False, 'custom_model': None, 'fcnet_activation': 'tanh', 'conv_filters': None, 'conv_activation': 'relu', 'lstm_cell_size': 256, 'zero_mean': True, 'custom_preprocessor': None}, 'output_compress_columns': ['obs', 'new_obs'], 'monitor': False, 'custom_resources_per_worker': {}, 'output_max_file_size': 67108864, 'num_workers': 1, 'clip_param': 0.3, 'kl_coeff': 0.2, 'multiagent': {'policy_graphs': {}, 'policy_mapping_fn': None, 'policies_to_train': None}, 'input_evaluation': None, 'output': None, 'collect_metrics_timeout': 180, 'num_cpus_per_worker': 1}",169.237.32.118,2,1378.41,9.89491057395935,"{'num_steps_sampled': 550400, 'load_time_ms': 1.232, 'default': {'kl': 0.007753771264106035, 'cur_lr': 0.0005000000237487257, 'total_loss': 3.337789535522461, 'policy_loss': -0.026468494907021523, 'vf_explained_var': 0.9276939034461975, 'entropy': 2.1518056392669678, 'cur_kl_coeff': 0.5554617643356323, 'vf_loss': 3.3599510192871094}, 'sample_time_ms': 9578.902, 'grad_time_ms': 275.953, 'update_time_ms': 4.39, 'num_steps_trained': 550400}",388.8860552397803,2019-04-02_08-33-37,kronos,71,550400,0,3405.6161658763885,{},550400,344,344,3405.6161658763885,497.51931804559143,1600,1554194017,{},0b32d2eec3344b1fbde4822793b2e447,67.70276554331174
False,427,"{'input': 'sampler', 'callbacks': {'on_train_result': None, 'on_sample_end': None, 'on_episode_step': None, 'on_episode_start': None, 'on_episode_end': None}, 'sample_batch_size': 200, 'clip_actions': False, 'clip_rewards': None, 'tf_session_args': {'inter_op_parallelism_threads': 2, 'intra_op_parallelism_threads': 2, 'device_count': {'CPU': 1}, 'log_device_placement': False, 'allow_soft_placement': True, 'gpu_options': {'allow_growth': True}}, 'kl_target': 0.01, 'horizon': 1500, 'lr': 0.0005, 'sample_async': False, 'simple_optimizer': False, 'compress_observations': False, 'num_envs_per_worker': 1, 'gamma': 0.99, 'sgd_minibatch_size': 128, 'observation_filter': 'NoFilter', 'entropy_coeff': 0.0, 'batch_mode': 'truncate_episodes', 'straggler_mitigation': False, 'vf_share_layers': False, 'num_gpus': 0, 'synchronize_filters': True, 'num_sgd_iter': 10, 'train_batch_size': 1500, 'optimizer': {}, 'num_gpus_per_worker': 0, 'preprocessor_pref': 'deepmind', 'num_cpus_for_driver': 1, 'lr_schedule': None, 'use_gae': True, 'lambda': 0.97, 'vf_loss_coeff': 1.0, 'vf_clip_param': 1000000.0, 'log_level': 'INFO', 'env_config': {'run': 'PPO', 'flow_params': '{\n    ""env"": {\n        ""additional_params"": {\n            ""max_accel"": 3,\n            ""max_decel"": 3,\n            ""sort_vehicles"": false,\n            ""target_velocity"": 20\n        },\n        ""evaluate"": false,\n        ""horizon"": 1500,\n        ""sims_per_step"": 1,\n        ""warmup_steps"": 0\n    },\n    ""env_name"": ""AccelEnv"",\n    ""exp_tag"": ""figure_eight_0"",\n    ""initial"": {\n        ""additional_params"": {},\n        ""bunching"": 0,\n        ""edges_distribution"": ""all"",\n        ""lanes_distribution"": Infinity,\n        ""min_gap"": 0,\n        ""perturbation"": 0.0,\n        ""shuffle"": false,\n        ""spacing"": ""uniform"",\n        ""x0"": 0\n    },\n    ""net"": {\n        ""additional_params"": {\n            ""lanes"": 1,\n            ""radius_ring"": 30,\n            ""resolution"": 40,\n            ""speed_limit"": 30\n        },\n        ""inflows"": {\n            ""_InFlows__flows"": [],\n            ""num_flows"": 0\n        },\n        ""netfile"": null,\n        ""no_internal_links"": false,\n        ""osm_path"": null\n    },\n    ""scenario"": ""Figure8Scenario"",\n    ""sim"": {\n        ""emission_path"": null,\n        ""lateral_resolution"": null,\n        ""no_step_log"": true,\n        ""num_clients"": 1,\n        ""overtake_right"": false,\n        ""port"": null,\n        ""print_warnings"": true,\n        ""pxpm"": 2,\n        ""render"": false,\n        ""restart_instance"": false,\n        ""save_render"": false,\n        ""seed"": null,\n        ""show_radius"": false,\n        ""sight_radius"": 25,\n        ""sim_step"": 0.1,\n        ""teleport_time"": -1\n    },\n    ""simulator"": ""traci"",\n    ""veh"": [\n        {\n            ""acceleration_controller"": [\n                ""IDMController"",\n                {\n                    ""noise"": 0.2\n                }\n            ],\n            ""car_following_params"": {\n                ""controller_params"": {\n                    ""accel"": 1.0,\n                    ""carFollowModel"": ""IDM"",\n                    ""decel"": 1.5,\n                    ""impatience"": 0.5,\n                    ""maxSpeed"": 30,\n                    ""minGap"": 2.5,\n                    ""sigma"": 0.5,\n                    ""speedDev"": 0.1,\n                    ""speedFactor"": 1.0,\n                    ""tau"": 1.0\n                },\n                ""speed_mode"": 1\n            },\n            ""initial_speed"": 0,\n            ""lane_change_controller"": [\n                ""SimLaneChangeController"",\n                {}\n            ],\n            ""lane_change_params"": {\n                ""controller_params"": {\n                    ""laneChangeModel"": ""LC2013"",\n                    ""lcCooperative"": ""1.0"",\n                    ""lcKeepRight"": ""1.0"",\n                    ""lcSpeedGain"": ""1.0"",\n                    ""lcStrategic"": ""1.0""\n                },\n                ""lane_change_mode"": 512\n            },\n            ""num_vehicles"": 13,\n            ""routing_controller"": [\n                ""ContinuousRouter"",\n                {}\n            ],\n            ""veh_id"": ""human""\n        },\n        {\n            ""acceleration_controller"": [\n                ""RLController"",\n                {}\n            ],\n            ""car_following_params"": {\n                ""controller_params"": {\n                    ""accel"": 1.0,\n                    ""carFollowModel"": ""IDM"",\n                    ""decel"": 1.5,\n                    ""impatience"": 0.5,\n                    ""maxSpeed"": 30,\n                    ""minGap"": 2.5,\n                    ""sigma"": 0.5,\n                    ""speedDev"": 0.1,\n                    ""speedFactor"": 1.0,\n                    ""tau"": 1.0\n                },\n                ""speed_mode"": 1\n            },\n            ""initial_speed"": 0,\n            ""lane_change_controller"": [\n                ""SimLaneChangeController"",\n                {}\n            ],\n            ""lane_change_params"": {\n                ""controller_params"": {\n                    ""laneChangeModel"": ""LC2013"",\n                    ""lcCooperative"": ""1.0"",\n                    ""lcKeepRight"": ""1.0"",\n                    ""lcSpeedGain"": ""1.0"",\n                    ""lcStrategic"": ""1.0""\n                },\n                ""lane_change_mode"": 512\n            },\n            ""num_vehicles"": 1,\n            ""routing_controller"": [\n                ""ContinuousRouter"",\n                {}\n            ],\n            ""veh_id"": ""rl""\n        }\n    ]\n}'}, 'env': 'AccelEnv-v0', 'local_evaluator_tf_session_args': {'inter_op_parallelism_threads': 8, 'intra_op_parallelism_threads': 8}, 'model': {'free_log_std': False, 'custom_options': {}, 'framestack': True, 'channel_major': False, 'max_seq_len': 20, 'lstm_use_prev_action_reward': False, 'squash_to_range': False, 'dim': 84, 'grayscale': False, 'fcnet_hiddens': [100, 50, 25], 'use_lstm': False, 'custom_model': None, 'fcnet_activation': 'tanh', 'conv_filters': None, 'conv_activation': 'relu', 'lstm_cell_size': 256, 'zero_mean': True, 'custom_preprocessor': None}, 'output_compress_columns': ['obs', 'new_obs'], 'monitor': False, 'custom_resources_per_worker': {}, 'output_max_file_size': 67108864, 'num_workers': 1, 'clip_param': 0.3, 'kl_coeff': 0.2, 'multiagent': {'policy_graphs': {}, 'policy_mapping_fn': None, 'policies_to_train': None}, 'input_evaluation': None, 'output': None, 'collect_metrics_timeout': 180, 'num_cpus_per_worker': 1}",169.237.32.118,1,1379.17,9.83384895324707,"{'num_steps_sampled': 552000, 'load_time_ms': 1.24, 'default': {'kl': 0.006574122700840235, 'cur_lr': 0.0005000000237487257, 'total_loss': 3.2026116847991943, 'policy_loss': -0.009976811707019806, 'vf_explained_var': 0.9354698657989502, 'entropy': 2.2240066528320312, 'cur_kl_coeff': 0.5554617643356323, 'vf_loss': 3.2089366912841797}, 'sample_time_ms': 9590.618, 'grad_time_ms': 274.646, 'update_time_ms': 4.411, 'num_steps_trained': 552000}",389.5219722497639,2019-04-02_08-33-47,kronos,71,552000,0,3415.4500148296356,{},552000,345,345,3415.4500148296356,497.51931804559143,1600,1554194027,{},0b32d2eec3344b1fbde4822793b2e447,67.70276554331174
False,428,"{'input': 'sampler', 'callbacks': {'on_train_result': None, 'on_sample_end': None, 'on_episode_step': None, 'on_episode_start': None, 'on_episode_end': None}, 'sample_batch_size': 200, 'clip_actions': False, 'clip_rewards': None, 'tf_session_args': {'inter_op_parallelism_threads': 2, 'intra_op_parallelism_threads': 2, 'device_count': {'CPU': 1}, 'log_device_placement': False, 'allow_soft_placement': True, 'gpu_options': {'allow_growth': True}}, 'kl_target': 0.01, 'horizon': 1500, 'lr': 0.0005, 'sample_async': False, 'simple_optimizer': False, 'compress_observations': False, 'num_envs_per_worker': 1, 'gamma': 0.99, 'sgd_minibatch_size': 128, 'observation_filter': 'NoFilter', 'entropy_coeff': 0.0, 'batch_mode': 'truncate_episodes', 'straggler_mitigation': False, 'vf_share_layers': False, 'num_gpus': 0, 'synchronize_filters': True, 'num_sgd_iter': 10, 'train_batch_size': 1500, 'optimizer': {}, 'num_gpus_per_worker': 0, 'preprocessor_pref': 'deepmind', 'num_cpus_for_driver': 1, 'lr_schedule': None, 'use_gae': True, 'lambda': 0.97, 'vf_loss_coeff': 1.0, 'vf_clip_param': 1000000.0, 'log_level': 'INFO', 'env_config': {'run': 'PPO', 'flow_params': '{\n    ""env"": {\n        ""additional_params"": {\n            ""max_accel"": 3,\n            ""max_decel"": 3,\n            ""sort_vehicles"": false,\n            ""target_velocity"": 20\n        },\n        ""evaluate"": false,\n        ""horizon"": 1500,\n        ""sims_per_step"": 1,\n        ""warmup_steps"": 0\n    },\n    ""env_name"": ""AccelEnv"",\n    ""exp_tag"": ""figure_eight_0"",\n    ""initial"": {\n        ""additional_params"": {},\n        ""bunching"": 0,\n        ""edges_distribution"": ""all"",\n        ""lanes_distribution"": Infinity,\n        ""min_gap"": 0,\n        ""perturbation"": 0.0,\n        ""shuffle"": false,\n        ""spacing"": ""uniform"",\n        ""x0"": 0\n    },\n    ""net"": {\n        ""additional_params"": {\n            ""lanes"": 1,\n            ""radius_ring"": 30,\n            ""resolution"": 40,\n            ""speed_limit"": 30\n        },\n        ""inflows"": {\n            ""_InFlows__flows"": [],\n            ""num_flows"": 0\n        },\n        ""netfile"": null,\n        ""no_internal_links"": false,\n        ""osm_path"": null\n    },\n    ""scenario"": ""Figure8Scenario"",\n    ""sim"": {\n        ""emission_path"": null,\n        ""lateral_resolution"": null,\n        ""no_step_log"": true,\n        ""num_clients"": 1,\n        ""overtake_right"": false,\n        ""port"": null,\n        ""print_warnings"": true,\n        ""pxpm"": 2,\n        ""render"": false,\n        ""restart_instance"": false,\n        ""save_render"": false,\n        ""seed"": null,\n        ""show_radius"": false,\n        ""sight_radius"": 25,\n        ""sim_step"": 0.1,\n        ""teleport_time"": -1\n    },\n    ""simulator"": ""traci"",\n    ""veh"": [\n        {\n            ""acceleration_controller"": [\n                ""IDMController"",\n                {\n                    ""noise"": 0.2\n                }\n            ],\n            ""car_following_params"": {\n                ""controller_params"": {\n                    ""accel"": 1.0,\n                    ""carFollowModel"": ""IDM"",\n                    ""decel"": 1.5,\n                    ""impatience"": 0.5,\n                    ""maxSpeed"": 30,\n                    ""minGap"": 2.5,\n                    ""sigma"": 0.5,\n                    ""speedDev"": 0.1,\n                    ""speedFactor"": 1.0,\n                    ""tau"": 1.0\n                },\n                ""speed_mode"": 1\n            },\n            ""initial_speed"": 0,\n            ""lane_change_controller"": [\n                ""SimLaneChangeController"",\n                {}\n            ],\n            ""lane_change_params"": {\n                ""controller_params"": {\n                    ""laneChangeModel"": ""LC2013"",\n                    ""lcCooperative"": ""1.0"",\n                    ""lcKeepRight"": ""1.0"",\n                    ""lcSpeedGain"": ""1.0"",\n                    ""lcStrategic"": ""1.0""\n                },\n                ""lane_change_mode"": 512\n            },\n            ""num_vehicles"": 13,\n            ""routing_controller"": [\n                ""ContinuousRouter"",\n                {}\n            ],\n            ""veh_id"": ""human""\n        },\n        {\n            ""acceleration_controller"": [\n                ""RLController"",\n                {}\n            ],\n            ""car_following_params"": {\n                ""controller_params"": {\n                    ""accel"": 1.0,\n                    ""carFollowModel"": ""IDM"",\n                    ""decel"": 1.5,\n                    ""impatience"": 0.5,\n                    ""maxSpeed"": 30,\n                    ""minGap"": 2.5,\n                    ""sigma"": 0.5,\n                    ""speedDev"": 0.1,\n                    ""speedFactor"": 1.0,\n                    ""tau"": 1.0\n                },\n                ""speed_mode"": 1\n            },\n            ""initial_speed"": 0,\n            ""lane_change_controller"": [\n                ""SimLaneChangeController"",\n                {}\n            ],\n            ""lane_change_params"": {\n                ""controller_params"": {\n                    ""laneChangeModel"": ""LC2013"",\n                    ""lcCooperative"": ""1.0"",\n                    ""lcKeepRight"": ""1.0"",\n                    ""lcSpeedGain"": ""1.0"",\n                    ""lcStrategic"": ""1.0""\n                },\n                ""lane_change_mode"": 512\n            },\n            ""num_vehicles"": 1,\n            ""routing_controller"": [\n                ""ContinuousRouter"",\n                {}\n            ],\n            ""veh_id"": ""rl""\n        }\n    ]\n}'}, 'env': 'AccelEnv-v0', 'local_evaluator_tf_session_args': {'inter_op_parallelism_threads': 8, 'intra_op_parallelism_threads': 8}, 'model': {'free_log_std': False, 'custom_options': {}, 'framestack': True, 'channel_major': False, 'max_seq_len': 20, 'lstm_use_prev_action_reward': False, 'squash_to_range': False, 'dim': 84, 'grayscale': False, 'fcnet_hiddens': [100, 50, 25], 'use_lstm': False, 'custom_model': None, 'fcnet_activation': 'tanh', 'conv_filters': None, 'conv_activation': 'relu', 'lstm_cell_size': 256, 'zero_mean': True, 'custom_preprocessor': None}, 'output_compress_columns': ['obs', 'new_obs'], 'monitor': False, 'custom_resources_per_worker': {}, 'output_max_file_size': 67108864, 'num_workers': 1, 'clip_param': 0.3, 'kl_coeff': 0.2, 'multiagent': {'policy_graphs': {}, 'policy_mapping_fn': None, 'policies_to_train': None}, 'input_evaluation': None, 'output': None, 'collect_metrics_timeout': 180, 'num_cpus_per_worker': 1}",169.237.32.118,1,1379.17,9.772998809814453,"{'num_steps_sampled': 553600, 'load_time_ms': 1.197, 'default': {'kl': 0.012579190544784069, 'cur_lr': 0.0005000000237487257, 'total_loss': 0.8212943077087402, 'policy_loss': -0.02354568801820278, 'vf_explained_var': 0.9733415246009827, 'entropy': 2.039013624191284, 'cur_kl_coeff': 0.5554617643356323, 'vf_loss': 0.8378527760505676}, 'sample_time_ms': 9572.026, 'grad_time_ms': 273.222, 'update_time_ms': 4.464, 'num_steps_trained': 553600}",389.8113377836726,2019-04-02_08-33-57,kronos,71,553600,0,3425.22301363945,{},553600,346,346,3425.22301363945,497.51931804559143,1600,1554194037,{},0b32d2eec3344b1fbde4822793b2e447,67.70276554331174
False,429,"{'input': 'sampler', 'callbacks': {'on_train_result': None, 'on_sample_end': None, 'on_episode_step': None, 'on_episode_start': None, 'on_episode_end': None}, 'sample_batch_size': 200, 'clip_actions': False, 'clip_rewards': None, 'tf_session_args': {'inter_op_parallelism_threads': 2, 'intra_op_parallelism_threads': 2, 'device_count': {'CPU': 1}, 'log_device_placement': False, 'allow_soft_placement': True, 'gpu_options': {'allow_growth': True}}, 'kl_target': 0.01, 'horizon': 1500, 'lr': 0.0005, 'sample_async': False, 'simple_optimizer': False, 'compress_observations': False, 'num_envs_per_worker': 1, 'gamma': 0.99, 'sgd_minibatch_size': 128, 'observation_filter': 'NoFilter', 'entropy_coeff': 0.0, 'batch_mode': 'truncate_episodes', 'straggler_mitigation': False, 'vf_share_layers': False, 'num_gpus': 0, 'synchronize_filters': True, 'num_sgd_iter': 10, 'train_batch_size': 1500, 'optimizer': {}, 'num_gpus_per_worker': 0, 'preprocessor_pref': 'deepmind', 'num_cpus_for_driver': 1, 'lr_schedule': None, 'use_gae': True, 'lambda': 0.97, 'vf_loss_coeff': 1.0, 'vf_clip_param': 1000000.0, 'log_level': 'INFO', 'env_config': {'run': 'PPO', 'flow_params': '{\n    ""env"": {\n        ""additional_params"": {\n            ""max_accel"": 3,\n            ""max_decel"": 3,\n            ""sort_vehicles"": false,\n            ""target_velocity"": 20\n        },\n        ""evaluate"": false,\n        ""horizon"": 1500,\n        ""sims_per_step"": 1,\n        ""warmup_steps"": 0\n    },\n    ""env_name"": ""AccelEnv"",\n    ""exp_tag"": ""figure_eight_0"",\n    ""initial"": {\n        ""additional_params"": {},\n        ""bunching"": 0,\n        ""edges_distribution"": ""all"",\n        ""lanes_distribution"": Infinity,\n        ""min_gap"": 0,\n        ""perturbation"": 0.0,\n        ""shuffle"": false,\n        ""spacing"": ""uniform"",\n        ""x0"": 0\n    },\n    ""net"": {\n        ""additional_params"": {\n            ""lanes"": 1,\n            ""radius_ring"": 30,\n            ""resolution"": 40,\n            ""speed_limit"": 30\n        },\n        ""inflows"": {\n            ""_InFlows__flows"": [],\n            ""num_flows"": 0\n        },\n        ""netfile"": null,\n        ""no_internal_links"": false,\n        ""osm_path"": null\n    },\n    ""scenario"": ""Figure8Scenario"",\n    ""sim"": {\n        ""emission_path"": null,\n        ""lateral_resolution"": null,\n        ""no_step_log"": true,\n        ""num_clients"": 1,\n        ""overtake_right"": false,\n        ""port"": null,\n        ""print_warnings"": true,\n        ""pxpm"": 2,\n        ""render"": false,\n        ""restart_instance"": false,\n        ""save_render"": false,\n        ""seed"": null,\n        ""show_radius"": false,\n        ""sight_radius"": 25,\n        ""sim_step"": 0.1,\n        ""teleport_time"": -1\n    },\n    ""simulator"": ""traci"",\n    ""veh"": [\n        {\n            ""acceleration_controller"": [\n                ""IDMController"",\n                {\n                    ""noise"": 0.2\n                }\n            ],\n            ""car_following_params"": {\n                ""controller_params"": {\n                    ""accel"": 1.0,\n                    ""carFollowModel"": ""IDM"",\n                    ""decel"": 1.5,\n                    ""impatience"": 0.5,\n                    ""maxSpeed"": 30,\n                    ""minGap"": 2.5,\n                    ""sigma"": 0.5,\n                    ""speedDev"": 0.1,\n                    ""speedFactor"": 1.0,\n                    ""tau"": 1.0\n                },\n                ""speed_mode"": 1\n            },\n            ""initial_speed"": 0,\n            ""lane_change_controller"": [\n                ""SimLaneChangeController"",\n                {}\n            ],\n            ""lane_change_params"": {\n                ""controller_params"": {\n                    ""laneChangeModel"": ""LC2013"",\n                    ""lcCooperative"": ""1.0"",\n                    ""lcKeepRight"": ""1.0"",\n                    ""lcSpeedGain"": ""1.0"",\n                    ""lcStrategic"": ""1.0""\n                },\n                ""lane_change_mode"": 512\n            },\n            ""num_vehicles"": 13,\n            ""routing_controller"": [\n                ""ContinuousRouter"",\n                {}\n            ],\n            ""veh_id"": ""human""\n        },\n        {\n            ""acceleration_controller"": [\n                ""RLController"",\n                {}\n            ],\n            ""car_following_params"": {\n                ""controller_params"": {\n                    ""accel"": 1.0,\n                    ""carFollowModel"": ""IDM"",\n                    ""decel"": 1.5,\n                    ""impatience"": 0.5,\n                    ""maxSpeed"": 30,\n                    ""minGap"": 2.5,\n                    ""sigma"": 0.5,\n                    ""speedDev"": 0.1,\n                    ""speedFactor"": 1.0,\n                    ""tau"": 1.0\n                },\n                ""speed_mode"": 1\n            },\n            ""initial_speed"": 0,\n            ""lane_change_controller"": [\n                ""SimLaneChangeController"",\n                {}\n            ],\n            ""lane_change_params"": {\n                ""controller_params"": {\n                    ""laneChangeModel"": ""LC2013"",\n                    ""lcCooperative"": ""1.0"",\n                    ""lcKeepRight"": ""1.0"",\n                    ""lcSpeedGain"": ""1.0"",\n                    ""lcStrategic"": ""1.0""\n                },\n                ""lane_change_mode"": 512\n            },\n            ""num_vehicles"": 1,\n            ""routing_controller"": [\n                ""ContinuousRouter"",\n                {}\n            ],\n            ""veh_id"": ""rl""\n        }\n    ]\n}'}, 'env': 'AccelEnv-v0', 'local_evaluator_tf_session_args': {'inter_op_parallelism_threads': 8, 'intra_op_parallelism_threads': 8}, 'model': {'free_log_std': False, 'custom_options': {}, 'framestack': True, 'channel_major': False, 'max_seq_len': 20, 'lstm_use_prev_action_reward': False, 'squash_to_range': False, 'dim': 84, 'grayscale': False, 'fcnet_hiddens': [100, 50, 25], 'use_lstm': False, 'custom_model': None, 'fcnet_activation': 'tanh', 'conv_filters': None, 'conv_activation': 'relu', 'lstm_cell_size': 256, 'zero_mean': True, 'custom_preprocessor': None}, 'output_compress_columns': ['obs', 'new_obs'], 'monitor': False, 'custom_resources_per_worker': {}, 'output_max_file_size': 67108864, 'num_workers': 1, 'clip_param': 0.3, 'kl_coeff': 0.2, 'multiagent': {'policy_graphs': {}, 'policy_mapping_fn': None, 'policies_to_train': None}, 'input_evaluation': None, 'output': None, 'collect_metrics_timeout': 180, 'num_cpus_per_worker': 1}",169.237.32.118,1,1379.17,9.866854667663574,"{'num_steps_sampled': 555200, 'load_time_ms': 1.199, 'default': {'kl': 0.0075408946722745895, 'cur_lr': 0.0005000000237487257, 'total_loss': 0.5241500735282898, 'policy_loss': -0.011486726813018322, 'vf_explained_var': 0.9886540770530701, 'entropy': 2.1306676864624023, 'cur_kl_coeff': 0.5554617643356323, 'vf_loss': 0.5314481854438782}, 'sample_time_ms': 9571.382, 'grad_time_ms': 273.639, 'update_time_ms': 4.528, 'num_steps_trained': 555200}",389.17352893430007,2019-04-02_08-34-07,kronos,71,555200,0,3435.0898683071136,{},555200,347,347,3435.0898683071136,497.51931804559143,1600,1554194047,{},0b32d2eec3344b1fbde4822793b2e447,67.70276554331174
False,430,"{'input': 'sampler', 'callbacks': {'on_train_result': None, 'on_sample_end': None, 'on_episode_step': None, 'on_episode_start': None, 'on_episode_end': None}, 'sample_batch_size': 200, 'clip_actions': False, 'clip_rewards': None, 'tf_session_args': {'inter_op_parallelism_threads': 2, 'intra_op_parallelism_threads': 2, 'device_count': {'CPU': 1}, 'log_device_placement': False, 'allow_soft_placement': True, 'gpu_options': {'allow_growth': True}}, 'kl_target': 0.01, 'horizon': 1500, 'lr': 0.0005, 'sample_async': False, 'simple_optimizer': False, 'compress_observations': False, 'num_envs_per_worker': 1, 'gamma': 0.99, 'sgd_minibatch_size': 128, 'observation_filter': 'NoFilter', 'entropy_coeff': 0.0, 'batch_mode': 'truncate_episodes', 'straggler_mitigation': False, 'vf_share_layers': False, 'num_gpus': 0, 'synchronize_filters': True, 'num_sgd_iter': 10, 'train_batch_size': 1500, 'optimizer': {}, 'num_gpus_per_worker': 0, 'preprocessor_pref': 'deepmind', 'num_cpus_for_driver': 1, 'lr_schedule': None, 'use_gae': True, 'lambda': 0.97, 'vf_loss_coeff': 1.0, 'vf_clip_param': 1000000.0, 'log_level': 'INFO', 'env_config': {'run': 'PPO', 'flow_params': '{\n    ""env"": {\n        ""additional_params"": {\n            ""max_accel"": 3,\n            ""max_decel"": 3,\n            ""sort_vehicles"": false,\n            ""target_velocity"": 20\n        },\n        ""evaluate"": false,\n        ""horizon"": 1500,\n        ""sims_per_step"": 1,\n        ""warmup_steps"": 0\n    },\n    ""env_name"": ""AccelEnv"",\n    ""exp_tag"": ""figure_eight_0"",\n    ""initial"": {\n        ""additional_params"": {},\n        ""bunching"": 0,\n        ""edges_distribution"": ""all"",\n        ""lanes_distribution"": Infinity,\n        ""min_gap"": 0,\n        ""perturbation"": 0.0,\n        ""shuffle"": false,\n        ""spacing"": ""uniform"",\n        ""x0"": 0\n    },\n    ""net"": {\n        ""additional_params"": {\n            ""lanes"": 1,\n            ""radius_ring"": 30,\n            ""resolution"": 40,\n            ""speed_limit"": 30\n        },\n        ""inflows"": {\n            ""_InFlows__flows"": [],\n            ""num_flows"": 0\n        },\n        ""netfile"": null,\n        ""no_internal_links"": false,\n        ""osm_path"": null\n    },\n    ""scenario"": ""Figure8Scenario"",\n    ""sim"": {\n        ""emission_path"": null,\n        ""lateral_resolution"": null,\n        ""no_step_log"": true,\n        ""num_clients"": 1,\n        ""overtake_right"": false,\n        ""port"": null,\n        ""print_warnings"": true,\n        ""pxpm"": 2,\n        ""render"": false,\n        ""restart_instance"": false,\n        ""save_render"": false,\n        ""seed"": null,\n        ""show_radius"": false,\n        ""sight_radius"": 25,\n        ""sim_step"": 0.1,\n        ""teleport_time"": -1\n    },\n    ""simulator"": ""traci"",\n    ""veh"": [\n        {\n            ""acceleration_controller"": [\n                ""IDMController"",\n                {\n                    ""noise"": 0.2\n                }\n            ],\n            ""car_following_params"": {\n                ""controller_params"": {\n                    ""accel"": 1.0,\n                    ""carFollowModel"": ""IDM"",\n                    ""decel"": 1.5,\n                    ""impatience"": 0.5,\n                    ""maxSpeed"": 30,\n                    ""minGap"": 2.5,\n                    ""sigma"": 0.5,\n                    ""speedDev"": 0.1,\n                    ""speedFactor"": 1.0,\n                    ""tau"": 1.0\n                },\n                ""speed_mode"": 1\n            },\n            ""initial_speed"": 0,\n            ""lane_change_controller"": [\n                ""SimLaneChangeController"",\n                {}\n            ],\n            ""lane_change_params"": {\n                ""controller_params"": {\n                    ""laneChangeModel"": ""LC2013"",\n                    ""lcCooperative"": ""1.0"",\n                    ""lcKeepRight"": ""1.0"",\n                    ""lcSpeedGain"": ""1.0"",\n                    ""lcStrategic"": ""1.0""\n                },\n                ""lane_change_mode"": 512\n            },\n            ""num_vehicles"": 13,\n            ""routing_controller"": [\n                ""ContinuousRouter"",\n                {}\n            ],\n            ""veh_id"": ""human""\n        },\n        {\n            ""acceleration_controller"": [\n                ""RLController"",\n                {}\n            ],\n            ""car_following_params"": {\n                ""controller_params"": {\n                    ""accel"": 1.0,\n                    ""carFollowModel"": ""IDM"",\n                    ""decel"": 1.5,\n                    ""impatience"": 0.5,\n                    ""maxSpeed"": 30,\n                    ""minGap"": 2.5,\n                    ""sigma"": 0.5,\n                    ""speedDev"": 0.1,\n                    ""speedFactor"": 1.0,\n                    ""tau"": 1.0\n                },\n                ""speed_mode"": 1\n            },\n            ""initial_speed"": 0,\n            ""lane_change_controller"": [\n                ""SimLaneChangeController"",\n                {}\n            ],\n            ""lane_change_params"": {\n                ""controller_params"": {\n                    ""laneChangeModel"": ""LC2013"",\n                    ""lcCooperative"": ""1.0"",\n                    ""lcKeepRight"": ""1.0"",\n                    ""lcSpeedGain"": ""1.0"",\n                    ""lcStrategic"": ""1.0""\n                },\n                ""lane_change_mode"": 512\n            },\n            ""num_vehicles"": 1,\n            ""routing_controller"": [\n                ""ContinuousRouter"",\n                {}\n            ],\n            ""veh_id"": ""rl""\n        }\n    ]\n}'}, 'env': 'AccelEnv-v0', 'local_evaluator_tf_session_args': {'inter_op_parallelism_threads': 8, 'intra_op_parallelism_threads': 8}, 'model': {'free_log_std': False, 'custom_options': {}, 'framestack': True, 'channel_major': False, 'max_seq_len': 20, 'lstm_use_prev_action_reward': False, 'squash_to_range': False, 'dim': 84, 'grayscale': False, 'fcnet_hiddens': [100, 50, 25], 'use_lstm': False, 'custom_model': None, 'fcnet_activation': 'tanh', 'conv_filters': None, 'conv_activation': 'relu', 'lstm_cell_size': 256, 'zero_mean': True, 'custom_preprocessor': None}, 'output_compress_columns': ['obs', 'new_obs'], 'monitor': False, 'custom_resources_per_worker': {}, 'output_max_file_size': 67108864, 'num_workers': 1, 'clip_param': 0.3, 'kl_coeff': 0.2, 'multiagent': {'policy_graphs': {}, 'policy_mapping_fn': None, 'policies_to_train': None}, 'input_evaluation': None, 'output': None, 'collect_metrics_timeout': 180, 'num_cpus_per_worker': 1}",169.237.32.118,1,1379.17,9.943419933319092,"{'num_steps_sampled': 556800, 'load_time_ms': 1.188, 'default': {'kl': 0.010310274548828602, 'cur_lr': 0.0005000000237487257, 'total_loss': 0.27874502539634705, 'policy_loss': -0.015907684341073036, 'vf_explained_var': 0.9898598194122314, 'entropy': 2.0029478073120117, 'cur_kl_coeff': 0.5554617643356323, 'vf_loss': 0.28892576694488525}, 'sample_time_ms': 9572.553, 'grad_time_ms': 271.883, 'update_time_ms': 4.502, 'num_steps_trained': 556800}",388.7480474707643,2019-04-02_08-34-17,kronos,71,556800,0,3445.0332882404327,{},556800,348,348,3445.0332882404327,497.51931804559143,1600,1554194057,{},0b32d2eec3344b1fbde4822793b2e447,67.70276554331174
False,431,"{'input': 'sampler', 'callbacks': {'on_train_result': None, 'on_sample_end': None, 'on_episode_step': None, 'on_episode_start': None, 'on_episode_end': None}, 'sample_batch_size': 200, 'clip_actions': False, 'clip_rewards': None, 'tf_session_args': {'inter_op_parallelism_threads': 2, 'intra_op_parallelism_threads': 2, 'device_count': {'CPU': 1}, 'log_device_placement': False, 'allow_soft_placement': True, 'gpu_options': {'allow_growth': True}}, 'kl_target': 0.01, 'horizon': 1500, 'lr': 0.0005, 'sample_async': False, 'simple_optimizer': False, 'compress_observations': False, 'num_envs_per_worker': 1, 'gamma': 0.99, 'sgd_minibatch_size': 128, 'observation_filter': 'NoFilter', 'entropy_coeff': 0.0, 'batch_mode': 'truncate_episodes', 'straggler_mitigation': False, 'vf_share_layers': False, 'num_gpus': 0, 'synchronize_filters': True, 'num_sgd_iter': 10, 'train_batch_size': 1500, 'optimizer': {}, 'num_gpus_per_worker': 0, 'preprocessor_pref': 'deepmind', 'num_cpus_for_driver': 1, 'lr_schedule': None, 'use_gae': True, 'lambda': 0.97, 'vf_loss_coeff': 1.0, 'vf_clip_param': 1000000.0, 'log_level': 'INFO', 'env_config': {'run': 'PPO', 'flow_params': '{\n    ""env"": {\n        ""additional_params"": {\n            ""max_accel"": 3,\n            ""max_decel"": 3,\n            ""sort_vehicles"": false,\n            ""target_velocity"": 20\n        },\n        ""evaluate"": false,\n        ""horizon"": 1500,\n        ""sims_per_step"": 1,\n        ""warmup_steps"": 0\n    },\n    ""env_name"": ""AccelEnv"",\n    ""exp_tag"": ""figure_eight_0"",\n    ""initial"": {\n        ""additional_params"": {},\n        ""bunching"": 0,\n        ""edges_distribution"": ""all"",\n        ""lanes_distribution"": Infinity,\n        ""min_gap"": 0,\n        ""perturbation"": 0.0,\n        ""shuffle"": false,\n        ""spacing"": ""uniform"",\n        ""x0"": 0\n    },\n    ""net"": {\n        ""additional_params"": {\n            ""lanes"": 1,\n            ""radius_ring"": 30,\n            ""resolution"": 40,\n            ""speed_limit"": 30\n        },\n        ""inflows"": {\n            ""_InFlows__flows"": [],\n            ""num_flows"": 0\n        },\n        ""netfile"": null,\n        ""no_internal_links"": false,\n        ""osm_path"": null\n    },\n    ""scenario"": ""Figure8Scenario"",\n    ""sim"": {\n        ""emission_path"": null,\n        ""lateral_resolution"": null,\n        ""no_step_log"": true,\n        ""num_clients"": 1,\n        ""overtake_right"": false,\n        ""port"": null,\n        ""print_warnings"": true,\n        ""pxpm"": 2,\n        ""render"": false,\n        ""restart_instance"": false,\n        ""save_render"": false,\n        ""seed"": null,\n        ""show_radius"": false,\n        ""sight_radius"": 25,\n        ""sim_step"": 0.1,\n        ""teleport_time"": -1\n    },\n    ""simulator"": ""traci"",\n    ""veh"": [\n        {\n            ""acceleration_controller"": [\n                ""IDMController"",\n                {\n                    ""noise"": 0.2\n                }\n            ],\n            ""car_following_params"": {\n                ""controller_params"": {\n                    ""accel"": 1.0,\n                    ""carFollowModel"": ""IDM"",\n                    ""decel"": 1.5,\n                    ""impatience"": 0.5,\n                    ""maxSpeed"": 30,\n                    ""minGap"": 2.5,\n                    ""sigma"": 0.5,\n                    ""speedDev"": 0.1,\n                    ""speedFactor"": 1.0,\n                    ""tau"": 1.0\n                },\n                ""speed_mode"": 1\n            },\n            ""initial_speed"": 0,\n            ""lane_change_controller"": [\n                ""SimLaneChangeController"",\n                {}\n            ],\n            ""lane_change_params"": {\n                ""controller_params"": {\n                    ""laneChangeModel"": ""LC2013"",\n                    ""lcCooperative"": ""1.0"",\n                    ""lcKeepRight"": ""1.0"",\n                    ""lcSpeedGain"": ""1.0"",\n                    ""lcStrategic"": ""1.0""\n                },\n                ""lane_change_mode"": 512\n            },\n            ""num_vehicles"": 13,\n            ""routing_controller"": [\n                ""ContinuousRouter"",\n                {}\n            ],\n            ""veh_id"": ""human""\n        },\n        {\n            ""acceleration_controller"": [\n                ""RLController"",\n                {}\n            ],\n            ""car_following_params"": {\n                ""controller_params"": {\n                    ""accel"": 1.0,\n                    ""carFollowModel"": ""IDM"",\n                    ""decel"": 1.5,\n                    ""impatience"": 0.5,\n                    ""maxSpeed"": 30,\n                    ""minGap"": 2.5,\n                    ""sigma"": 0.5,\n                    ""speedDev"": 0.1,\n                    ""speedFactor"": 1.0,\n                    ""tau"": 1.0\n                },\n                ""speed_mode"": 1\n            },\n            ""initial_speed"": 0,\n            ""lane_change_controller"": [\n                ""SimLaneChangeController"",\n                {}\n            ],\n            ""lane_change_params"": {\n                ""controller_params"": {\n                    ""laneChangeModel"": ""LC2013"",\n                    ""lcCooperative"": ""1.0"",\n                    ""lcKeepRight"": ""1.0"",\n                    ""lcSpeedGain"": ""1.0"",\n                    ""lcStrategic"": ""1.0""\n                },\n                ""lane_change_mode"": 512\n            },\n            ""num_vehicles"": 1,\n            ""routing_controller"": [\n                ""ContinuousRouter"",\n                {}\n            ],\n            ""veh_id"": ""rl""\n        }\n    ]\n}'}, 'env': 'AccelEnv-v0', 'local_evaluator_tf_session_args': {'inter_op_parallelism_threads': 8, 'intra_op_parallelism_threads': 8}, 'model': {'free_log_std': False, 'custom_options': {}, 'framestack': True, 'channel_major': False, 'max_seq_len': 20, 'lstm_use_prev_action_reward': False, 'squash_to_range': False, 'dim': 84, 'grayscale': False, 'fcnet_hiddens': [100, 50, 25], 'use_lstm': False, 'custom_model': None, 'fcnet_activation': 'tanh', 'conv_filters': None, 'conv_activation': 'relu', 'lstm_cell_size': 256, 'zero_mean': True, 'custom_preprocessor': None}, 'output_compress_columns': ['obs', 'new_obs'], 'monitor': False, 'custom_resources_per_worker': {}, 'output_max_file_size': 67108864, 'num_workers': 1, 'clip_param': 0.3, 'kl_coeff': 0.2, 'multiagent': {'policy_graphs': {}, 'policy_mapping_fn': None, 'policies_to_train': None}, 'input_evaluation': None, 'output': None, 'collect_metrics_timeout': 180, 'num_cpus_per_worker': 1}",169.237.32.118,1,1387.58,9.939313888549805,"{'num_steps_sampled': 558400, 'load_time_ms': 1.166, 'default': {'kl': 0.012140744365751743, 'cur_lr': 0.0005000000237487257, 'total_loss': 0.3206636607646942, 'policy_loss': -0.012766416184604168, 'vf_explained_var': 0.9950692653656006, 'entropy': 2.0993003845214844, 'cur_kl_coeff': 0.5554617643356323, 'vf_loss': 0.3266863524913788}, 'sample_time_ms': 9579.894, 'grad_time_ms': 272.317, 'update_time_ms': 4.626, 'num_steps_trained': 558400}",390.80606893489494,2019-04-02_08-34-27,kronos,71,558400,0,3454.9726021289825,{},558400,349,349,3454.9726021289825,497.51931804559143,1600,1554194067,{},0b32d2eec3344b1fbde4822793b2e447,67.70276554331174
False,432,"{'input': 'sampler', 'callbacks': {'on_train_result': None, 'on_sample_end': None, 'on_episode_step': None, 'on_episode_start': None, 'on_episode_end': None}, 'sample_batch_size': 200, 'clip_actions': False, 'clip_rewards': None, 'tf_session_args': {'inter_op_parallelism_threads': 2, 'intra_op_parallelism_threads': 2, 'device_count': {'CPU': 1}, 'log_device_placement': False, 'allow_soft_placement': True, 'gpu_options': {'allow_growth': True}}, 'kl_target': 0.01, 'horizon': 1500, 'lr': 0.0005, 'sample_async': False, 'simple_optimizer': False, 'compress_observations': False, 'num_envs_per_worker': 1, 'gamma': 0.99, 'sgd_minibatch_size': 128, 'observation_filter': 'NoFilter', 'entropy_coeff': 0.0, 'batch_mode': 'truncate_episodes', 'straggler_mitigation': False, 'vf_share_layers': False, 'num_gpus': 0, 'synchronize_filters': True, 'num_sgd_iter': 10, 'train_batch_size': 1500, 'optimizer': {}, 'num_gpus_per_worker': 0, 'preprocessor_pref': 'deepmind', 'num_cpus_for_driver': 1, 'lr_schedule': None, 'use_gae': True, 'lambda': 0.97, 'vf_loss_coeff': 1.0, 'vf_clip_param': 1000000.0, 'log_level': 'INFO', 'env_config': {'run': 'PPO', 'flow_params': '{\n    ""env"": {\n        ""additional_params"": {\n            ""max_accel"": 3,\n            ""max_decel"": 3,\n            ""sort_vehicles"": false,\n            ""target_velocity"": 20\n        },\n        ""evaluate"": false,\n        ""horizon"": 1500,\n        ""sims_per_step"": 1,\n        ""warmup_steps"": 0\n    },\n    ""env_name"": ""AccelEnv"",\n    ""exp_tag"": ""figure_eight_0"",\n    ""initial"": {\n        ""additional_params"": {},\n        ""bunching"": 0,\n        ""edges_distribution"": ""all"",\n        ""lanes_distribution"": Infinity,\n        ""min_gap"": 0,\n        ""perturbation"": 0.0,\n        ""shuffle"": false,\n        ""spacing"": ""uniform"",\n        ""x0"": 0\n    },\n    ""net"": {\n        ""additional_params"": {\n            ""lanes"": 1,\n            ""radius_ring"": 30,\n            ""resolution"": 40,\n            ""speed_limit"": 30\n        },\n        ""inflows"": {\n            ""_InFlows__flows"": [],\n            ""num_flows"": 0\n        },\n        ""netfile"": null,\n        ""no_internal_links"": false,\n        ""osm_path"": null\n    },\n    ""scenario"": ""Figure8Scenario"",\n    ""sim"": {\n        ""emission_path"": null,\n        ""lateral_resolution"": null,\n        ""no_step_log"": true,\n        ""num_clients"": 1,\n        ""overtake_right"": false,\n        ""port"": null,\n        ""print_warnings"": true,\n        ""pxpm"": 2,\n        ""render"": false,\n        ""restart_instance"": false,\n        ""save_render"": false,\n        ""seed"": null,\n        ""show_radius"": false,\n        ""sight_radius"": 25,\n        ""sim_step"": 0.1,\n        ""teleport_time"": -1\n    },\n    ""simulator"": ""traci"",\n    ""veh"": [\n        {\n            ""acceleration_controller"": [\n                ""IDMController"",\n                {\n                    ""noise"": 0.2\n                }\n            ],\n            ""car_following_params"": {\n                ""controller_params"": {\n                    ""accel"": 1.0,\n                    ""carFollowModel"": ""IDM"",\n                    ""decel"": 1.5,\n                    ""impatience"": 0.5,\n                    ""maxSpeed"": 30,\n                    ""minGap"": 2.5,\n                    ""sigma"": 0.5,\n                    ""speedDev"": 0.1,\n                    ""speedFactor"": 1.0,\n                    ""tau"": 1.0\n                },\n                ""speed_mode"": 1\n            },\n            ""initial_speed"": 0,\n            ""lane_change_controller"": [\n                ""SimLaneChangeController"",\n                {}\n            ],\n            ""lane_change_params"": {\n                ""controller_params"": {\n                    ""laneChangeModel"": ""LC2013"",\n                    ""lcCooperative"": ""1.0"",\n                    ""lcKeepRight"": ""1.0"",\n                    ""lcSpeedGain"": ""1.0"",\n                    ""lcStrategic"": ""1.0""\n                },\n                ""lane_change_mode"": 512\n            },\n            ""num_vehicles"": 13,\n            ""routing_controller"": [\n                ""ContinuousRouter"",\n                {}\n            ],\n            ""veh_id"": ""human""\n        },\n        {\n            ""acceleration_controller"": [\n                ""RLController"",\n                {}\n            ],\n            ""car_following_params"": {\n                ""controller_params"": {\n                    ""accel"": 1.0,\n                    ""carFollowModel"": ""IDM"",\n                    ""decel"": 1.5,\n                    ""impatience"": 0.5,\n                    ""maxSpeed"": 30,\n                    ""minGap"": 2.5,\n                    ""sigma"": 0.5,\n                    ""speedDev"": 0.1,\n                    ""speedFactor"": 1.0,\n                    ""tau"": 1.0\n                },\n                ""speed_mode"": 1\n            },\n            ""initial_speed"": 0,\n            ""lane_change_controller"": [\n                ""SimLaneChangeController"",\n                {}\n            ],\n            ""lane_change_params"": {\n                ""controller_params"": {\n                    ""laneChangeModel"": ""LC2013"",\n                    ""lcCooperative"": ""1.0"",\n                    ""lcKeepRight"": ""1.0"",\n                    ""lcSpeedGain"": ""1.0"",\n                    ""lcStrategic"": ""1.0""\n                },\n                ""lane_change_mode"": 512\n            },\n            ""num_vehicles"": 1,\n            ""routing_controller"": [\n                ""ContinuousRouter"",\n                {}\n            ],\n            ""veh_id"": ""rl""\n        }\n    ]\n}'}, 'env': 'AccelEnv-v0', 'local_evaluator_tf_session_args': {'inter_op_parallelism_threads': 8, 'intra_op_parallelism_threads': 8}, 'model': {'free_log_std': False, 'custom_options': {}, 'framestack': True, 'channel_major': False, 'max_seq_len': 20, 'lstm_use_prev_action_reward': False, 'squash_to_range': False, 'dim': 84, 'grayscale': False, 'fcnet_hiddens': [100, 50, 25], 'use_lstm': False, 'custom_model': None, 'fcnet_activation': 'tanh', 'conv_filters': None, 'conv_activation': 'relu', 'lstm_cell_size': 256, 'zero_mean': True, 'custom_preprocessor': None}, 'output_compress_columns': ['obs', 'new_obs'], 'monitor': False, 'custom_resources_per_worker': {}, 'output_max_file_size': 67108864, 'num_workers': 1, 'clip_param': 0.3, 'kl_coeff': 0.2, 'multiagent': {'policy_graphs': {}, 'policy_mapping_fn': None, 'policies_to_train': None}, 'input_evaluation': None, 'output': None, 'collect_metrics_timeout': 180, 'num_cpus_per_worker': 1}",169.237.32.118,1,1387.58,9.895771980285645,"{'num_steps_sampled': 560000, 'load_time_ms': 1.176, 'default': {'kl': 0.00571330264210701, 'cur_lr': 0.0005000000237487257, 'total_loss': 0.8797425627708435, 'policy_loss': -0.003624760778620839, 'vf_explained_var': 0.9713497161865234, 'entropy': 2.0518815517425537, 'cur_kl_coeff': 0.5554617643356323, 'vf_loss': 0.8801938891410828}, 'sample_time_ms': 9578.765, 'grad_time_ms': 272.266, 'update_time_ms': 4.695, 'num_steps_trained': 560000}",390.8361990131983,2019-04-02_08-34-36,kronos,71,560000,0,3464.868374109268,{},560000,350,350,3464.868374109268,497.51931804559143,1600,1554194076,{},0b32d2eec3344b1fbde4822793b2e447,67.70276554331174
False,433,"{'input': 'sampler', 'callbacks': {'on_train_result': None, 'on_sample_end': None, 'on_episode_step': None, 'on_episode_start': None, 'on_episode_end': None}, 'sample_batch_size': 200, 'clip_actions': False, 'clip_rewards': None, 'tf_session_args': {'inter_op_parallelism_threads': 2, 'intra_op_parallelism_threads': 2, 'device_count': {'CPU': 1}, 'log_device_placement': False, 'allow_soft_placement': True, 'gpu_options': {'allow_growth': True}}, 'kl_target': 0.01, 'horizon': 1500, 'lr': 0.0005, 'sample_async': False, 'simple_optimizer': False, 'compress_observations': False, 'num_envs_per_worker': 1, 'gamma': 0.99, 'sgd_minibatch_size': 128, 'observation_filter': 'NoFilter', 'entropy_coeff': 0.0, 'batch_mode': 'truncate_episodes', 'straggler_mitigation': False, 'vf_share_layers': False, 'num_gpus': 0, 'synchronize_filters': True, 'num_sgd_iter': 10, 'train_batch_size': 1500, 'optimizer': {}, 'num_gpus_per_worker': 0, 'preprocessor_pref': 'deepmind', 'num_cpus_for_driver': 1, 'lr_schedule': None, 'use_gae': True, 'lambda': 0.97, 'vf_loss_coeff': 1.0, 'vf_clip_param': 1000000.0, 'log_level': 'INFO', 'env_config': {'run': 'PPO', 'flow_params': '{\n    ""env"": {\n        ""additional_params"": {\n            ""max_accel"": 3,\n            ""max_decel"": 3,\n            ""sort_vehicles"": false,\n            ""target_velocity"": 20\n        },\n        ""evaluate"": false,\n        ""horizon"": 1500,\n        ""sims_per_step"": 1,\n        ""warmup_steps"": 0\n    },\n    ""env_name"": ""AccelEnv"",\n    ""exp_tag"": ""figure_eight_0"",\n    ""initial"": {\n        ""additional_params"": {},\n        ""bunching"": 0,\n        ""edges_distribution"": ""all"",\n        ""lanes_distribution"": Infinity,\n        ""min_gap"": 0,\n        ""perturbation"": 0.0,\n        ""shuffle"": false,\n        ""spacing"": ""uniform"",\n        ""x0"": 0\n    },\n    ""net"": {\n        ""additional_params"": {\n            ""lanes"": 1,\n            ""radius_ring"": 30,\n            ""resolution"": 40,\n            ""speed_limit"": 30\n        },\n        ""inflows"": {\n            ""_InFlows__flows"": [],\n            ""num_flows"": 0\n        },\n        ""netfile"": null,\n        ""no_internal_links"": false,\n        ""osm_path"": null\n    },\n    ""scenario"": ""Figure8Scenario"",\n    ""sim"": {\n        ""emission_path"": null,\n        ""lateral_resolution"": null,\n        ""no_step_log"": true,\n        ""num_clients"": 1,\n        ""overtake_right"": false,\n        ""port"": null,\n        ""print_warnings"": true,\n        ""pxpm"": 2,\n        ""render"": false,\n        ""restart_instance"": false,\n        ""save_render"": false,\n        ""seed"": null,\n        ""show_radius"": false,\n        ""sight_radius"": 25,\n        ""sim_step"": 0.1,\n        ""teleport_time"": -1\n    },\n    ""simulator"": ""traci"",\n    ""veh"": [\n        {\n            ""acceleration_controller"": [\n                ""IDMController"",\n                {\n                    ""noise"": 0.2\n                }\n            ],\n            ""car_following_params"": {\n                ""controller_params"": {\n                    ""accel"": 1.0,\n                    ""carFollowModel"": ""IDM"",\n                    ""decel"": 1.5,\n                    ""impatience"": 0.5,\n                    ""maxSpeed"": 30,\n                    ""minGap"": 2.5,\n                    ""sigma"": 0.5,\n                    ""speedDev"": 0.1,\n                    ""speedFactor"": 1.0,\n                    ""tau"": 1.0\n                },\n                ""speed_mode"": 1\n            },\n            ""initial_speed"": 0,\n            ""lane_change_controller"": [\n                ""SimLaneChangeController"",\n                {}\n            ],\n            ""lane_change_params"": {\n                ""controller_params"": {\n                    ""laneChangeModel"": ""LC2013"",\n                    ""lcCooperative"": ""1.0"",\n                    ""lcKeepRight"": ""1.0"",\n                    ""lcSpeedGain"": ""1.0"",\n                    ""lcStrategic"": ""1.0""\n                },\n                ""lane_change_mode"": 512\n            },\n            ""num_vehicles"": 13,\n            ""routing_controller"": [\n                ""ContinuousRouter"",\n                {}\n            ],\n            ""veh_id"": ""human""\n        },\n        {\n            ""acceleration_controller"": [\n                ""RLController"",\n                {}\n            ],\n            ""car_following_params"": {\n                ""controller_params"": {\n                    ""accel"": 1.0,\n                    ""carFollowModel"": ""IDM"",\n                    ""decel"": 1.5,\n                    ""impatience"": 0.5,\n                    ""maxSpeed"": 30,\n                    ""minGap"": 2.5,\n                    ""sigma"": 0.5,\n                    ""speedDev"": 0.1,\n                    ""speedFactor"": 1.0,\n                    ""tau"": 1.0\n                },\n                ""speed_mode"": 1\n            },\n            ""initial_speed"": 0,\n            ""lane_change_controller"": [\n                ""SimLaneChangeController"",\n                {}\n            ],\n            ""lane_change_params"": {\n                ""controller_params"": {\n                    ""laneChangeModel"": ""LC2013"",\n                    ""lcCooperative"": ""1.0"",\n                    ""lcKeepRight"": ""1.0"",\n                    ""lcSpeedGain"": ""1.0"",\n                    ""lcStrategic"": ""1.0""\n                },\n                ""lane_change_mode"": 512\n            },\n            ""num_vehicles"": 1,\n            ""routing_controller"": [\n                ""ContinuousRouter"",\n                {}\n            ],\n            ""veh_id"": ""rl""\n        }\n    ]\n}'}, 'env': 'AccelEnv-v0', 'local_evaluator_tf_session_args': {'inter_op_parallelism_threads': 8, 'intra_op_parallelism_threads': 8}, 'model': {'free_log_std': False, 'custom_options': {}, 'framestack': True, 'channel_major': False, 'max_seq_len': 20, 'lstm_use_prev_action_reward': False, 'squash_to_range': False, 'dim': 84, 'grayscale': False, 'fcnet_hiddens': [100, 50, 25], 'use_lstm': False, 'custom_model': None, 'fcnet_activation': 'tanh', 'conv_filters': None, 'conv_activation': 'relu', 'lstm_cell_size': 256, 'zero_mean': True, 'custom_preprocessor': None}, 'output_compress_columns': ['obs', 'new_obs'], 'monitor': False, 'custom_resources_per_worker': {}, 'output_max_file_size': 67108864, 'num_workers': 1, 'clip_param': 0.3, 'kl_coeff': 0.2, 'multiagent': {'policy_graphs': {}, 'policy_mapping_fn': None, 'policies_to_train': None}, 'input_evaluation': None, 'output': None, 'collect_metrics_timeout': 180, 'num_cpus_per_worker': 1}",169.237.32.118,1,1387.58,9.948055267333984,"{'num_steps_sampled': 561600, 'load_time_ms': 1.209, 'default': {'kl': 0.006169335916638374, 'cur_lr': 0.0005000000237487257, 'total_loss': 0.4567855894565582, 'policy_loss': -0.014527027495205402, 'vf_explained_var': 0.9876617789268494, 'entropy': 2.1233065128326416, 'cur_kl_coeff': 0.5554617643356323, 'vf_loss': 0.4678858518600464}, 'sample_time_ms': 9579.822, 'grad_time_ms': 272.693, 'update_time_ms': 4.724, 'num_steps_trained': 561600}",390.58236105775063,2019-04-02_08-34-46,kronos,71,561600,0,3474.816429376602,{},561600,351,351,3474.816429376602,497.51931804559143,1600,1554194086,{},0b32d2eec3344b1fbde4822793b2e447,67.70276554331174
False,434,"{'input': 'sampler', 'callbacks': {'on_train_result': None, 'on_sample_end': None, 'on_episode_step': None, 'on_episode_start': None, 'on_episode_end': None}, 'sample_batch_size': 200, 'clip_actions': False, 'clip_rewards': None, 'tf_session_args': {'inter_op_parallelism_threads': 2, 'intra_op_parallelism_threads': 2, 'device_count': {'CPU': 1}, 'log_device_placement': False, 'allow_soft_placement': True, 'gpu_options': {'allow_growth': True}}, 'kl_target': 0.01, 'horizon': 1500, 'lr': 0.0005, 'sample_async': False, 'simple_optimizer': False, 'compress_observations': False, 'num_envs_per_worker': 1, 'gamma': 0.99, 'sgd_minibatch_size': 128, 'observation_filter': 'NoFilter', 'entropy_coeff': 0.0, 'batch_mode': 'truncate_episodes', 'straggler_mitigation': False, 'vf_share_layers': False, 'num_gpus': 0, 'synchronize_filters': True, 'num_sgd_iter': 10, 'train_batch_size': 1500, 'optimizer': {}, 'num_gpus_per_worker': 0, 'preprocessor_pref': 'deepmind', 'num_cpus_for_driver': 1, 'lr_schedule': None, 'use_gae': True, 'lambda': 0.97, 'vf_loss_coeff': 1.0, 'vf_clip_param': 1000000.0, 'log_level': 'INFO', 'env_config': {'run': 'PPO', 'flow_params': '{\n    ""env"": {\n        ""additional_params"": {\n            ""max_accel"": 3,\n            ""max_decel"": 3,\n            ""sort_vehicles"": false,\n            ""target_velocity"": 20\n        },\n        ""evaluate"": false,\n        ""horizon"": 1500,\n        ""sims_per_step"": 1,\n        ""warmup_steps"": 0\n    },\n    ""env_name"": ""AccelEnv"",\n    ""exp_tag"": ""figure_eight_0"",\n    ""initial"": {\n        ""additional_params"": {},\n        ""bunching"": 0,\n        ""edges_distribution"": ""all"",\n        ""lanes_distribution"": Infinity,\n        ""min_gap"": 0,\n        ""perturbation"": 0.0,\n        ""shuffle"": false,\n        ""spacing"": ""uniform"",\n        ""x0"": 0\n    },\n    ""net"": {\n        ""additional_params"": {\n            ""lanes"": 1,\n            ""radius_ring"": 30,\n            ""resolution"": 40,\n            ""speed_limit"": 30\n        },\n        ""inflows"": {\n            ""_InFlows__flows"": [],\n            ""num_flows"": 0\n        },\n        ""netfile"": null,\n        ""no_internal_links"": false,\n        ""osm_path"": null\n    },\n    ""scenario"": ""Figure8Scenario"",\n    ""sim"": {\n        ""emission_path"": null,\n        ""lateral_resolution"": null,\n        ""no_step_log"": true,\n        ""num_clients"": 1,\n        ""overtake_right"": false,\n        ""port"": null,\n        ""print_warnings"": true,\n        ""pxpm"": 2,\n        ""render"": false,\n        ""restart_instance"": false,\n        ""save_render"": false,\n        ""seed"": null,\n        ""show_radius"": false,\n        ""sight_radius"": 25,\n        ""sim_step"": 0.1,\n        ""teleport_time"": -1\n    },\n    ""simulator"": ""traci"",\n    ""veh"": [\n        {\n            ""acceleration_controller"": [\n                ""IDMController"",\n                {\n                    ""noise"": 0.2\n                }\n            ],\n            ""car_following_params"": {\n                ""controller_params"": {\n                    ""accel"": 1.0,\n                    ""carFollowModel"": ""IDM"",\n                    ""decel"": 1.5,\n                    ""impatience"": 0.5,\n                    ""maxSpeed"": 30,\n                    ""minGap"": 2.5,\n                    ""sigma"": 0.5,\n                    ""speedDev"": 0.1,\n                    ""speedFactor"": 1.0,\n                    ""tau"": 1.0\n                },\n                ""speed_mode"": 1\n            },\n            ""initial_speed"": 0,\n            ""lane_change_controller"": [\n                ""SimLaneChangeController"",\n                {}\n            ],\n            ""lane_change_params"": {\n                ""controller_params"": {\n                    ""laneChangeModel"": ""LC2013"",\n                    ""lcCooperative"": ""1.0"",\n                    ""lcKeepRight"": ""1.0"",\n                    ""lcSpeedGain"": ""1.0"",\n                    ""lcStrategic"": ""1.0""\n                },\n                ""lane_change_mode"": 512\n            },\n            ""num_vehicles"": 13,\n            ""routing_controller"": [\n                ""ContinuousRouter"",\n                {}\n            ],\n            ""veh_id"": ""human""\n        },\n        {\n            ""acceleration_controller"": [\n                ""RLController"",\n                {}\n            ],\n            ""car_following_params"": {\n                ""controller_params"": {\n                    ""accel"": 1.0,\n                    ""carFollowModel"": ""IDM"",\n                    ""decel"": 1.5,\n                    ""impatience"": 0.5,\n                    ""maxSpeed"": 30,\n                    ""minGap"": 2.5,\n                    ""sigma"": 0.5,\n                    ""speedDev"": 0.1,\n                    ""speedFactor"": 1.0,\n                    ""tau"": 1.0\n                },\n                ""speed_mode"": 1\n            },\n            ""initial_speed"": 0,\n            ""lane_change_controller"": [\n                ""SimLaneChangeController"",\n                {}\n            ],\n            ""lane_change_params"": {\n                ""controller_params"": {\n                    ""laneChangeModel"": ""LC2013"",\n                    ""lcCooperative"": ""1.0"",\n                    ""lcKeepRight"": ""1.0"",\n                    ""lcSpeedGain"": ""1.0"",\n                    ""lcStrategic"": ""1.0""\n                },\n                ""lane_change_mode"": 512\n            },\n            ""num_vehicles"": 1,\n            ""routing_controller"": [\n                ""ContinuousRouter"",\n                {}\n            ],\n            ""veh_id"": ""rl""\n        }\n    ]\n}'}, 'env': 'AccelEnv-v0', 'local_evaluator_tf_session_args': {'inter_op_parallelism_threads': 8, 'intra_op_parallelism_threads': 8}, 'model': {'free_log_std': False, 'custom_options': {}, 'framestack': True, 'channel_major': False, 'max_seq_len': 20, 'lstm_use_prev_action_reward': False, 'squash_to_range': False, 'dim': 84, 'grayscale': False, 'fcnet_hiddens': [100, 50, 25], 'use_lstm': False, 'custom_model': None, 'fcnet_activation': 'tanh', 'conv_filters': None, 'conv_activation': 'relu', 'lstm_cell_size': 256, 'zero_mean': True, 'custom_preprocessor': None}, 'output_compress_columns': ['obs', 'new_obs'], 'monitor': False, 'custom_resources_per_worker': {}, 'output_max_file_size': 67108864, 'num_workers': 1, 'clip_param': 0.3, 'kl_coeff': 0.2, 'multiagent': {'policy_graphs': {}, 'policy_mapping_fn': None, 'policies_to_train': None}, 'input_evaluation': None, 'output': None, 'collect_metrics_timeout': 180, 'num_cpus_per_worker': 1}",169.237.32.118,1,1387.58,10.002972841262817,"{'num_steps_sampled': 563200, 'load_time_ms': 1.222, 'default': {'kl': 0.012391996569931507, 'cur_lr': 0.0005000000237487257, 'total_loss': 0.5615891218185425, 'policy_loss': -0.029286086559295654, 'vf_explained_var': 0.9827935099601746, 'entropy': 2.2152950763702393, 'cur_kl_coeff': 0.5554617643356323, 'vf_loss': 0.5839919447898865}, 'sample_time_ms': 9617.0, 'grad_time_ms': 274.233, 'update_time_ms': 4.745, 'num_steps_trained': 563200}",390.1165565264322,2019-04-02_08-34-56,kronos,71,563200,0,3484.819402217865,{},563200,352,352,3484.819402217865,497.51931804559143,1600,1554194096,{},0b32d2eec3344b1fbde4822793b2e447,67.70276554331174
False,435,"{'input': 'sampler', 'callbacks': {'on_train_result': None, 'on_sample_end': None, 'on_episode_step': None, 'on_episode_start': None, 'on_episode_end': None}, 'sample_batch_size': 200, 'clip_actions': False, 'clip_rewards': None, 'tf_session_args': {'inter_op_parallelism_threads': 2, 'intra_op_parallelism_threads': 2, 'device_count': {'CPU': 1}, 'log_device_placement': False, 'allow_soft_placement': True, 'gpu_options': {'allow_growth': True}}, 'kl_target': 0.01, 'horizon': 1500, 'lr': 0.0005, 'sample_async': False, 'simple_optimizer': False, 'compress_observations': False, 'num_envs_per_worker': 1, 'gamma': 0.99, 'sgd_minibatch_size': 128, 'observation_filter': 'NoFilter', 'entropy_coeff': 0.0, 'batch_mode': 'truncate_episodes', 'straggler_mitigation': False, 'vf_share_layers': False, 'num_gpus': 0, 'synchronize_filters': True, 'num_sgd_iter': 10, 'train_batch_size': 1500, 'optimizer': {}, 'num_gpus_per_worker': 0, 'preprocessor_pref': 'deepmind', 'num_cpus_for_driver': 1, 'lr_schedule': None, 'use_gae': True, 'lambda': 0.97, 'vf_loss_coeff': 1.0, 'vf_clip_param': 1000000.0, 'log_level': 'INFO', 'env_config': {'run': 'PPO', 'flow_params': '{\n    ""env"": {\n        ""additional_params"": {\n            ""max_accel"": 3,\n            ""max_decel"": 3,\n            ""sort_vehicles"": false,\n            ""target_velocity"": 20\n        },\n        ""evaluate"": false,\n        ""horizon"": 1500,\n        ""sims_per_step"": 1,\n        ""warmup_steps"": 0\n    },\n    ""env_name"": ""AccelEnv"",\n    ""exp_tag"": ""figure_eight_0"",\n    ""initial"": {\n        ""additional_params"": {},\n        ""bunching"": 0,\n        ""edges_distribution"": ""all"",\n        ""lanes_distribution"": Infinity,\n        ""min_gap"": 0,\n        ""perturbation"": 0.0,\n        ""shuffle"": false,\n        ""spacing"": ""uniform"",\n        ""x0"": 0\n    },\n    ""net"": {\n        ""additional_params"": {\n            ""lanes"": 1,\n            ""radius_ring"": 30,\n            ""resolution"": 40,\n            ""speed_limit"": 30\n        },\n        ""inflows"": {\n            ""_InFlows__flows"": [],\n            ""num_flows"": 0\n        },\n        ""netfile"": null,\n        ""no_internal_links"": false,\n        ""osm_path"": null\n    },\n    ""scenario"": ""Figure8Scenario"",\n    ""sim"": {\n        ""emission_path"": null,\n        ""lateral_resolution"": null,\n        ""no_step_log"": true,\n        ""num_clients"": 1,\n        ""overtake_right"": false,\n        ""port"": null,\n        ""print_warnings"": true,\n        ""pxpm"": 2,\n        ""render"": false,\n        ""restart_instance"": false,\n        ""save_render"": false,\n        ""seed"": null,\n        ""show_radius"": false,\n        ""sight_radius"": 25,\n        ""sim_step"": 0.1,\n        ""teleport_time"": -1\n    },\n    ""simulator"": ""traci"",\n    ""veh"": [\n        {\n            ""acceleration_controller"": [\n                ""IDMController"",\n                {\n                    ""noise"": 0.2\n                }\n            ],\n            ""car_following_params"": {\n                ""controller_params"": {\n                    ""accel"": 1.0,\n                    ""carFollowModel"": ""IDM"",\n                    ""decel"": 1.5,\n                    ""impatience"": 0.5,\n                    ""maxSpeed"": 30,\n                    ""minGap"": 2.5,\n                    ""sigma"": 0.5,\n                    ""speedDev"": 0.1,\n                    ""speedFactor"": 1.0,\n                    ""tau"": 1.0\n                },\n                ""speed_mode"": 1\n            },\n            ""initial_speed"": 0,\n            ""lane_change_controller"": [\n                ""SimLaneChangeController"",\n                {}\n            ],\n            ""lane_change_params"": {\n                ""controller_params"": {\n                    ""laneChangeModel"": ""LC2013"",\n                    ""lcCooperative"": ""1.0"",\n                    ""lcKeepRight"": ""1.0"",\n                    ""lcSpeedGain"": ""1.0"",\n                    ""lcStrategic"": ""1.0""\n                },\n                ""lane_change_mode"": 512\n            },\n            ""num_vehicles"": 13,\n            ""routing_controller"": [\n                ""ContinuousRouter"",\n                {}\n            ],\n            ""veh_id"": ""human""\n        },\n        {\n            ""acceleration_controller"": [\n                ""RLController"",\n                {}\n            ],\n            ""car_following_params"": {\n                ""controller_params"": {\n                    ""accel"": 1.0,\n                    ""carFollowModel"": ""IDM"",\n                    ""decel"": 1.5,\n                    ""impatience"": 0.5,\n                    ""maxSpeed"": 30,\n                    ""minGap"": 2.5,\n                    ""sigma"": 0.5,\n                    ""speedDev"": 0.1,\n                    ""speedFactor"": 1.0,\n                    ""tau"": 1.0\n                },\n                ""speed_mode"": 1\n            },\n            ""initial_speed"": 0,\n            ""lane_change_controller"": [\n                ""SimLaneChangeController"",\n                {}\n            ],\n            ""lane_change_params"": {\n                ""controller_params"": {\n                    ""laneChangeModel"": ""LC2013"",\n                    ""lcCooperative"": ""1.0"",\n                    ""lcKeepRight"": ""1.0"",\n                    ""lcSpeedGain"": ""1.0"",\n                    ""lcStrategic"": ""1.0""\n                },\n                ""lane_change_mode"": 512\n            },\n            ""num_vehicles"": 1,\n            ""routing_controller"": [\n                ""ContinuousRouter"",\n                {}\n            ],\n            ""veh_id"": ""rl""\n        }\n    ]\n}'}, 'env': 'AccelEnv-v0', 'local_evaluator_tf_session_args': {'inter_op_parallelism_threads': 8, 'intra_op_parallelism_threads': 8}, 'model': {'free_log_std': False, 'custom_options': {}, 'framestack': True, 'channel_major': False, 'max_seq_len': 20, 'lstm_use_prev_action_reward': False, 'squash_to_range': False, 'dim': 84, 'grayscale': False, 'fcnet_hiddens': [100, 50, 25], 'use_lstm': False, 'custom_model': None, 'fcnet_activation': 'tanh', 'conv_filters': None, 'conv_activation': 'relu', 'lstm_cell_size': 256, 'zero_mean': True, 'custom_preprocessor': None}, 'output_compress_columns': ['obs', 'new_obs'], 'monitor': False, 'custom_resources_per_worker': {}, 'output_max_file_size': 67108864, 'num_workers': 1, 'clip_param': 0.3, 'kl_coeff': 0.2, 'multiagent': {'policy_graphs': {}, 'policy_mapping_fn': None, 'policies_to_train': None}, 'input_evaluation': None, 'output': None, 'collect_metrics_timeout': 180, 'num_cpus_per_worker': 1}",169.237.32.118,1,1387.58,9.93937349319458,"{'num_steps_sampled': 564800, 'load_time_ms': 1.259, 'default': {'kl': 0.010338404215872288, 'cur_lr': 0.0005000000237487257, 'total_loss': 0.4209221303462982, 'policy_loss': -0.017612917348742485, 'vf_explained_var': 0.9787387847900391, 'entropy': 2.0469305515289307, 'cur_kl_coeff': 0.5554617643356323, 'vf_loss': 0.43279245495796204}, 'sample_time_ms': 9618.421, 'grad_time_ms': 273.972, 'update_time_ms': 4.761, 'num_steps_trained': 564800}",390.57846367026997,2019-04-02_08-35-06,kronos,71,564800,0,3494.7587757110596,{},564800,353,353,3494.7587757110596,497.51931804559143,1600,1554194106,{},0b32d2eec3344b1fbde4822793b2e447,67.70276554331174
False,436,"{'input': 'sampler', 'callbacks': {'on_train_result': None, 'on_sample_end': None, 'on_episode_step': None, 'on_episode_start': None, 'on_episode_end': None}, 'sample_batch_size': 200, 'clip_actions': False, 'clip_rewards': None, 'tf_session_args': {'inter_op_parallelism_threads': 2, 'intra_op_parallelism_threads': 2, 'device_count': {'CPU': 1}, 'log_device_placement': False, 'allow_soft_placement': True, 'gpu_options': {'allow_growth': True}}, 'kl_target': 0.01, 'horizon': 1500, 'lr': 0.0005, 'sample_async': False, 'simple_optimizer': False, 'compress_observations': False, 'num_envs_per_worker': 1, 'gamma': 0.99, 'sgd_minibatch_size': 128, 'observation_filter': 'NoFilter', 'entropy_coeff': 0.0, 'batch_mode': 'truncate_episodes', 'straggler_mitigation': False, 'vf_share_layers': False, 'num_gpus': 0, 'synchronize_filters': True, 'num_sgd_iter': 10, 'train_batch_size': 1500, 'optimizer': {}, 'num_gpus_per_worker': 0, 'preprocessor_pref': 'deepmind', 'num_cpus_for_driver': 1, 'lr_schedule': None, 'use_gae': True, 'lambda': 0.97, 'vf_loss_coeff': 1.0, 'vf_clip_param': 1000000.0, 'log_level': 'INFO', 'env_config': {'run': 'PPO', 'flow_params': '{\n    ""env"": {\n        ""additional_params"": {\n            ""max_accel"": 3,\n            ""max_decel"": 3,\n            ""sort_vehicles"": false,\n            ""target_velocity"": 20\n        },\n        ""evaluate"": false,\n        ""horizon"": 1500,\n        ""sims_per_step"": 1,\n        ""warmup_steps"": 0\n    },\n    ""env_name"": ""AccelEnv"",\n    ""exp_tag"": ""figure_eight_0"",\n    ""initial"": {\n        ""additional_params"": {},\n        ""bunching"": 0,\n        ""edges_distribution"": ""all"",\n        ""lanes_distribution"": Infinity,\n        ""min_gap"": 0,\n        ""perturbation"": 0.0,\n        ""shuffle"": false,\n        ""spacing"": ""uniform"",\n        ""x0"": 0\n    },\n    ""net"": {\n        ""additional_params"": {\n            ""lanes"": 1,\n            ""radius_ring"": 30,\n            ""resolution"": 40,\n            ""speed_limit"": 30\n        },\n        ""inflows"": {\n            ""_InFlows__flows"": [],\n            ""num_flows"": 0\n        },\n        ""netfile"": null,\n        ""no_internal_links"": false,\n        ""osm_path"": null\n    },\n    ""scenario"": ""Figure8Scenario"",\n    ""sim"": {\n        ""emission_path"": null,\n        ""lateral_resolution"": null,\n        ""no_step_log"": true,\n        ""num_clients"": 1,\n        ""overtake_right"": false,\n        ""port"": null,\n        ""print_warnings"": true,\n        ""pxpm"": 2,\n        ""render"": false,\n        ""restart_instance"": false,\n        ""save_render"": false,\n        ""seed"": null,\n        ""show_radius"": false,\n        ""sight_radius"": 25,\n        ""sim_step"": 0.1,\n        ""teleport_time"": -1\n    },\n    ""simulator"": ""traci"",\n    ""veh"": [\n        {\n            ""acceleration_controller"": [\n                ""IDMController"",\n                {\n                    ""noise"": 0.2\n                }\n            ],\n            ""car_following_params"": {\n                ""controller_params"": {\n                    ""accel"": 1.0,\n                    ""carFollowModel"": ""IDM"",\n                    ""decel"": 1.5,\n                    ""impatience"": 0.5,\n                    ""maxSpeed"": 30,\n                    ""minGap"": 2.5,\n                    ""sigma"": 0.5,\n                    ""speedDev"": 0.1,\n                    ""speedFactor"": 1.0,\n                    ""tau"": 1.0\n                },\n                ""speed_mode"": 1\n            },\n            ""initial_speed"": 0,\n            ""lane_change_controller"": [\n                ""SimLaneChangeController"",\n                {}\n            ],\n            ""lane_change_params"": {\n                ""controller_params"": {\n                    ""laneChangeModel"": ""LC2013"",\n                    ""lcCooperative"": ""1.0"",\n                    ""lcKeepRight"": ""1.0"",\n                    ""lcSpeedGain"": ""1.0"",\n                    ""lcStrategic"": ""1.0""\n                },\n                ""lane_change_mode"": 512\n            },\n            ""num_vehicles"": 13,\n            ""routing_controller"": [\n                ""ContinuousRouter"",\n                {}\n            ],\n            ""veh_id"": ""human""\n        },\n        {\n            ""acceleration_controller"": [\n                ""RLController"",\n                {}\n            ],\n            ""car_following_params"": {\n                ""controller_params"": {\n                    ""accel"": 1.0,\n                    ""carFollowModel"": ""IDM"",\n                    ""decel"": 1.5,\n                    ""impatience"": 0.5,\n                    ""maxSpeed"": 30,\n                    ""minGap"": 2.5,\n                    ""sigma"": 0.5,\n                    ""speedDev"": 0.1,\n                    ""speedFactor"": 1.0,\n                    ""tau"": 1.0\n                },\n                ""speed_mode"": 1\n            },\n            ""initial_speed"": 0,\n            ""lane_change_controller"": [\n                ""SimLaneChangeController"",\n                {}\n            ],\n            ""lane_change_params"": {\n                ""controller_params"": {\n                    ""laneChangeModel"": ""LC2013"",\n                    ""lcCooperative"": ""1.0"",\n                    ""lcKeepRight"": ""1.0"",\n                    ""lcSpeedGain"": ""1.0"",\n                    ""lcStrategic"": ""1.0""\n                },\n                ""lane_change_mode"": 512\n            },\n            ""num_vehicles"": 1,\n            ""routing_controller"": [\n                ""ContinuousRouter"",\n                {}\n            ],\n            ""veh_id"": ""rl""\n        }\n    ]\n}'}, 'env': 'AccelEnv-v0', 'local_evaluator_tf_session_args': {'inter_op_parallelism_threads': 8, 'intra_op_parallelism_threads': 8}, 'model': {'free_log_std': False, 'custom_options': {}, 'framestack': True, 'channel_major': False, 'max_seq_len': 20, 'lstm_use_prev_action_reward': False, 'squash_to_range': False, 'dim': 84, 'grayscale': False, 'fcnet_hiddens': [100, 50, 25], 'use_lstm': False, 'custom_model': None, 'fcnet_activation': 'tanh', 'conv_filters': None, 'conv_activation': 'relu', 'lstm_cell_size': 256, 'zero_mean': True, 'custom_preprocessor': None}, 'output_compress_columns': ['obs', 'new_obs'], 'monitor': False, 'custom_resources_per_worker': {}, 'output_max_file_size': 67108864, 'num_workers': 1, 'clip_param': 0.3, 'kl_coeff': 0.2, 'multiagent': {'policy_graphs': {}, 'policy_mapping_fn': None, 'policies_to_train': None}, 'input_evaluation': None, 'output': None, 'collect_metrics_timeout': 180, 'num_cpus_per_worker': 1}",169.237.32.118,1,1387.58,9.985848665237427,"{'num_steps_sampled': 566400, 'load_time_ms': 1.215, 'default': {'kl': 0.007672953885048628, 'cur_lr': 0.0005000000237487257, 'total_loss': 0.6935990452766418, 'policy_loss': -0.016163822263479233, 'vf_explained_var': 0.9756672382354736, 'entropy': 2.1592929363250732, 'cur_kl_coeff': 0.5554617643356323, 'vf_loss': 0.7055008411407471}, 'sample_time_ms': 9627.678, 'grad_time_ms': 273.965, 'update_time_ms': 4.633, 'num_steps_trained': 566400}",390.1195713713044,2019-04-02_08-35-16,kronos,71,566400,0,3504.744624376297,{},566400,354,354,3504.744624376297,497.51931804559143,1600,1554194116,{},0b32d2eec3344b1fbde4822793b2e447,67.70276554331174
False,437,"{'input': 'sampler', 'callbacks': {'on_train_result': None, 'on_sample_end': None, 'on_episode_step': None, 'on_episode_start': None, 'on_episode_end': None}, 'sample_batch_size': 200, 'clip_actions': False, 'clip_rewards': None, 'tf_session_args': {'inter_op_parallelism_threads': 2, 'intra_op_parallelism_threads': 2, 'device_count': {'CPU': 1}, 'log_device_placement': False, 'allow_soft_placement': True, 'gpu_options': {'allow_growth': True}}, 'kl_target': 0.01, 'horizon': 1500, 'lr': 0.0005, 'sample_async': False, 'simple_optimizer': False, 'compress_observations': False, 'num_envs_per_worker': 1, 'gamma': 0.99, 'sgd_minibatch_size': 128, 'observation_filter': 'NoFilter', 'entropy_coeff': 0.0, 'batch_mode': 'truncate_episodes', 'straggler_mitigation': False, 'vf_share_layers': False, 'num_gpus': 0, 'synchronize_filters': True, 'num_sgd_iter': 10, 'train_batch_size': 1500, 'optimizer': {}, 'num_gpus_per_worker': 0, 'preprocessor_pref': 'deepmind', 'num_cpus_for_driver': 1, 'lr_schedule': None, 'use_gae': True, 'lambda': 0.97, 'vf_loss_coeff': 1.0, 'vf_clip_param': 1000000.0, 'log_level': 'INFO', 'env_config': {'run': 'PPO', 'flow_params': '{\n    ""env"": {\n        ""additional_params"": {\n            ""max_accel"": 3,\n            ""max_decel"": 3,\n            ""sort_vehicles"": false,\n            ""target_velocity"": 20\n        },\n        ""evaluate"": false,\n        ""horizon"": 1500,\n        ""sims_per_step"": 1,\n        ""warmup_steps"": 0\n    },\n    ""env_name"": ""AccelEnv"",\n    ""exp_tag"": ""figure_eight_0"",\n    ""initial"": {\n        ""additional_params"": {},\n        ""bunching"": 0,\n        ""edges_distribution"": ""all"",\n        ""lanes_distribution"": Infinity,\n        ""min_gap"": 0,\n        ""perturbation"": 0.0,\n        ""shuffle"": false,\n        ""spacing"": ""uniform"",\n        ""x0"": 0\n    },\n    ""net"": {\n        ""additional_params"": {\n            ""lanes"": 1,\n            ""radius_ring"": 30,\n            ""resolution"": 40,\n            ""speed_limit"": 30\n        },\n        ""inflows"": {\n            ""_InFlows__flows"": [],\n            ""num_flows"": 0\n        },\n        ""netfile"": null,\n        ""no_internal_links"": false,\n        ""osm_path"": null\n    },\n    ""scenario"": ""Figure8Scenario"",\n    ""sim"": {\n        ""emission_path"": null,\n        ""lateral_resolution"": null,\n        ""no_step_log"": true,\n        ""num_clients"": 1,\n        ""overtake_right"": false,\n        ""port"": null,\n        ""print_warnings"": true,\n        ""pxpm"": 2,\n        ""render"": false,\n        ""restart_instance"": false,\n        ""save_render"": false,\n        ""seed"": null,\n        ""show_radius"": false,\n        ""sight_radius"": 25,\n        ""sim_step"": 0.1,\n        ""teleport_time"": -1\n    },\n    ""simulator"": ""traci"",\n    ""veh"": [\n        {\n            ""acceleration_controller"": [\n                ""IDMController"",\n                {\n                    ""noise"": 0.2\n                }\n            ],\n            ""car_following_params"": {\n                ""controller_params"": {\n                    ""accel"": 1.0,\n                    ""carFollowModel"": ""IDM"",\n                    ""decel"": 1.5,\n                    ""impatience"": 0.5,\n                    ""maxSpeed"": 30,\n                    ""minGap"": 2.5,\n                    ""sigma"": 0.5,\n                    ""speedDev"": 0.1,\n                    ""speedFactor"": 1.0,\n                    ""tau"": 1.0\n                },\n                ""speed_mode"": 1\n            },\n            ""initial_speed"": 0,\n            ""lane_change_controller"": [\n                ""SimLaneChangeController"",\n                {}\n            ],\n            ""lane_change_params"": {\n                ""controller_params"": {\n                    ""laneChangeModel"": ""LC2013"",\n                    ""lcCooperative"": ""1.0"",\n                    ""lcKeepRight"": ""1.0"",\n                    ""lcSpeedGain"": ""1.0"",\n                    ""lcStrategic"": ""1.0""\n                },\n                ""lane_change_mode"": 512\n            },\n            ""num_vehicles"": 13,\n            ""routing_controller"": [\n                ""ContinuousRouter"",\n                {}\n            ],\n            ""veh_id"": ""human""\n        },\n        {\n            ""acceleration_controller"": [\n                ""RLController"",\n                {}\n            ],\n            ""car_following_params"": {\n                ""controller_params"": {\n                    ""accel"": 1.0,\n                    ""carFollowModel"": ""IDM"",\n                    ""decel"": 1.5,\n                    ""impatience"": 0.5,\n                    ""maxSpeed"": 30,\n                    ""minGap"": 2.5,\n                    ""sigma"": 0.5,\n                    ""speedDev"": 0.1,\n                    ""speedFactor"": 1.0,\n                    ""tau"": 1.0\n                },\n                ""speed_mode"": 1\n            },\n            ""initial_speed"": 0,\n            ""lane_change_controller"": [\n                ""SimLaneChangeController"",\n                {}\n            ],\n            ""lane_change_params"": {\n                ""controller_params"": {\n                    ""laneChangeModel"": ""LC2013"",\n                    ""lcCooperative"": ""1.0"",\n                    ""lcKeepRight"": ""1.0"",\n                    ""lcSpeedGain"": ""1.0"",\n                    ""lcStrategic"": ""1.0""\n                },\n                ""lane_change_mode"": 512\n            },\n            ""num_vehicles"": 1,\n            ""routing_controller"": [\n                ""ContinuousRouter"",\n                {}\n            ],\n            ""veh_id"": ""rl""\n        }\n    ]\n}'}, 'env': 'AccelEnv-v0', 'local_evaluator_tf_session_args': {'inter_op_parallelism_threads': 8, 'intra_op_parallelism_threads': 8}, 'model': {'free_log_std': False, 'custom_options': {}, 'framestack': True, 'channel_major': False, 'max_seq_len': 20, 'lstm_use_prev_action_reward': False, 'squash_to_range': False, 'dim': 84, 'grayscale': False, 'fcnet_hiddens': [100, 50, 25], 'use_lstm': False, 'custom_model': None, 'fcnet_activation': 'tanh', 'conv_filters': None, 'conv_activation': 'relu', 'lstm_cell_size': 256, 'zero_mean': True, 'custom_preprocessor': None}, 'output_compress_columns': ['obs', 'new_obs'], 'monitor': False, 'custom_resources_per_worker': {}, 'output_max_file_size': 67108864, 'num_workers': 1, 'clip_param': 0.3, 'kl_coeff': 0.2, 'multiagent': {'policy_graphs': {}, 'policy_mapping_fn': None, 'policies_to_train': None}, 'input_evaluation': None, 'output': None, 'collect_metrics_timeout': 180, 'num_cpus_per_worker': 1}",169.237.32.118,1,1393.77,9.911133766174316,"{'num_steps_sampled': 568000, 'load_time_ms': 1.184, 'default': {'kl': 0.008535264991223812, 'cur_lr': 0.0005000000237487257, 'total_loss': 0.6024861931800842, 'policy_loss': -0.017038382589817047, 'vf_explained_var': 0.9877278208732605, 'entropy': 1.991721272468567, 'cur_kl_coeff': 0.5554617643356323, 'vf_loss': 0.6147837042808533}, 'sample_time_ms': 9634.587, 'grad_time_ms': 274.844, 'update_time_ms': 4.653, 'num_steps_trained': 568000}",391.48376841949437,2019-04-02_08-35-26,kronos,71,568000,0,3514.6557581424713,{},568000,355,355,3514.6557581424713,497.51931804559143,1600,1554194126,{},0b32d2eec3344b1fbde4822793b2e447,67.70276554331174
False,438,"{'input': 'sampler', 'callbacks': {'on_train_result': None, 'on_sample_end': None, 'on_episode_step': None, 'on_episode_start': None, 'on_episode_end': None}, 'sample_batch_size': 200, 'clip_actions': False, 'clip_rewards': None, 'tf_session_args': {'inter_op_parallelism_threads': 2, 'intra_op_parallelism_threads': 2, 'device_count': {'CPU': 1}, 'log_device_placement': False, 'allow_soft_placement': True, 'gpu_options': {'allow_growth': True}}, 'kl_target': 0.01, 'horizon': 1500, 'lr': 0.0005, 'sample_async': False, 'simple_optimizer': False, 'compress_observations': False, 'num_envs_per_worker': 1, 'gamma': 0.99, 'sgd_minibatch_size': 128, 'observation_filter': 'NoFilter', 'entropy_coeff': 0.0, 'batch_mode': 'truncate_episodes', 'straggler_mitigation': False, 'vf_share_layers': False, 'num_gpus': 0, 'synchronize_filters': True, 'num_sgd_iter': 10, 'train_batch_size': 1500, 'optimizer': {}, 'num_gpus_per_worker': 0, 'preprocessor_pref': 'deepmind', 'num_cpus_for_driver': 1, 'lr_schedule': None, 'use_gae': True, 'lambda': 0.97, 'vf_loss_coeff': 1.0, 'vf_clip_param': 1000000.0, 'log_level': 'INFO', 'env_config': {'run': 'PPO', 'flow_params': '{\n    ""env"": {\n        ""additional_params"": {\n            ""max_accel"": 3,\n            ""max_decel"": 3,\n            ""sort_vehicles"": false,\n            ""target_velocity"": 20\n        },\n        ""evaluate"": false,\n        ""horizon"": 1500,\n        ""sims_per_step"": 1,\n        ""warmup_steps"": 0\n    },\n    ""env_name"": ""AccelEnv"",\n    ""exp_tag"": ""figure_eight_0"",\n    ""initial"": {\n        ""additional_params"": {},\n        ""bunching"": 0,\n        ""edges_distribution"": ""all"",\n        ""lanes_distribution"": Infinity,\n        ""min_gap"": 0,\n        ""perturbation"": 0.0,\n        ""shuffle"": false,\n        ""spacing"": ""uniform"",\n        ""x0"": 0\n    },\n    ""net"": {\n        ""additional_params"": {\n            ""lanes"": 1,\n            ""radius_ring"": 30,\n            ""resolution"": 40,\n            ""speed_limit"": 30\n        },\n        ""inflows"": {\n            ""_InFlows__flows"": [],\n            ""num_flows"": 0\n        },\n        ""netfile"": null,\n        ""no_internal_links"": false,\n        ""osm_path"": null\n    },\n    ""scenario"": ""Figure8Scenario"",\n    ""sim"": {\n        ""emission_path"": null,\n        ""lateral_resolution"": null,\n        ""no_step_log"": true,\n        ""num_clients"": 1,\n        ""overtake_right"": false,\n        ""port"": null,\n        ""print_warnings"": true,\n        ""pxpm"": 2,\n        ""render"": false,\n        ""restart_instance"": false,\n        ""save_render"": false,\n        ""seed"": null,\n        ""show_radius"": false,\n        ""sight_radius"": 25,\n        ""sim_step"": 0.1,\n        ""teleport_time"": -1\n    },\n    ""simulator"": ""traci"",\n    ""veh"": [\n        {\n            ""acceleration_controller"": [\n                ""IDMController"",\n                {\n                    ""noise"": 0.2\n                }\n            ],\n            ""car_following_params"": {\n                ""controller_params"": {\n                    ""accel"": 1.0,\n                    ""carFollowModel"": ""IDM"",\n                    ""decel"": 1.5,\n                    ""impatience"": 0.5,\n                    ""maxSpeed"": 30,\n                    ""minGap"": 2.5,\n                    ""sigma"": 0.5,\n                    ""speedDev"": 0.1,\n                    ""speedFactor"": 1.0,\n                    ""tau"": 1.0\n                },\n                ""speed_mode"": 1\n            },\n            ""initial_speed"": 0,\n            ""lane_change_controller"": [\n                ""SimLaneChangeController"",\n                {}\n            ],\n            ""lane_change_params"": {\n                ""controller_params"": {\n                    ""laneChangeModel"": ""LC2013"",\n                    ""lcCooperative"": ""1.0"",\n                    ""lcKeepRight"": ""1.0"",\n                    ""lcSpeedGain"": ""1.0"",\n                    ""lcStrategic"": ""1.0""\n                },\n                ""lane_change_mode"": 512\n            },\n            ""num_vehicles"": 13,\n            ""routing_controller"": [\n                ""ContinuousRouter"",\n                {}\n            ],\n            ""veh_id"": ""human""\n        },\n        {\n            ""acceleration_controller"": [\n                ""RLController"",\n                {}\n            ],\n            ""car_following_params"": {\n                ""controller_params"": {\n                    ""accel"": 1.0,\n                    ""carFollowModel"": ""IDM"",\n                    ""decel"": 1.5,\n                    ""impatience"": 0.5,\n                    ""maxSpeed"": 30,\n                    ""minGap"": 2.5,\n                    ""sigma"": 0.5,\n                    ""speedDev"": 0.1,\n                    ""speedFactor"": 1.0,\n                    ""tau"": 1.0\n                },\n                ""speed_mode"": 1\n            },\n            ""initial_speed"": 0,\n            ""lane_change_controller"": [\n                ""SimLaneChangeController"",\n                {}\n            ],\n            ""lane_change_params"": {\n                ""controller_params"": {\n                    ""laneChangeModel"": ""LC2013"",\n                    ""lcCooperative"": ""1.0"",\n                    ""lcKeepRight"": ""1.0"",\n                    ""lcSpeedGain"": ""1.0"",\n                    ""lcStrategic"": ""1.0""\n                },\n                ""lane_change_mode"": 512\n            },\n            ""num_vehicles"": 1,\n            ""routing_controller"": [\n                ""ContinuousRouter"",\n                {}\n            ],\n            ""veh_id"": ""rl""\n        }\n    ]\n}'}, 'env': 'AccelEnv-v0', 'local_evaluator_tf_session_args': {'inter_op_parallelism_threads': 8, 'intra_op_parallelism_threads': 8}, 'model': {'free_log_std': False, 'custom_options': {}, 'framestack': True, 'channel_major': False, 'max_seq_len': 20, 'lstm_use_prev_action_reward': False, 'squash_to_range': False, 'dim': 84, 'grayscale': False, 'fcnet_hiddens': [100, 50, 25], 'use_lstm': False, 'custom_model': None, 'fcnet_activation': 'tanh', 'conv_filters': None, 'conv_activation': 'relu', 'lstm_cell_size': 256, 'zero_mean': True, 'custom_preprocessor': None}, 'output_compress_columns': ['obs', 'new_obs'], 'monitor': False, 'custom_resources_per_worker': {}, 'output_max_file_size': 67108864, 'num_workers': 1, 'clip_param': 0.3, 'kl_coeff': 0.2, 'multiagent': {'policy_graphs': {}, 'policy_mapping_fn': None, 'policies_to_train': None}, 'input_evaluation': None, 'output': None, 'collect_metrics_timeout': 180, 'num_cpus_per_worker': 1}",169.237.32.118,1,1393.77,9.999711036682129,"{'num_steps_sampled': 569600, 'load_time_ms': 1.186, 'default': {'kl': 0.008230241015553474, 'cur_lr': 0.0005000000237487257, 'total_loss': 1.9352421760559082, 'policy_loss': -0.005570075009018183, 'vf_explained_var': 0.9556607604026794, 'entropy': 2.1454150676727295, 'cur_kl_coeff': 0.5554617643356323, 'vf_loss': 1.9362406730651855}, 'sample_time_ms': 9657.34, 'grad_time_ms': 274.725, 'update_time_ms': 4.663, 'num_steps_trained': 569600}",391.843990106059,2019-04-02_08-35-36,kronos,71,569600,0,3524.6554691791534,{},569600,356,356,3524.6554691791534,497.51931804559143,1600,1554194136,{},0b32d2eec3344b1fbde4822793b2e447,67.70276554331174
False,439,"{'input': 'sampler', 'callbacks': {'on_train_result': None, 'on_sample_end': None, 'on_episode_step': None, 'on_episode_start': None, 'on_episode_end': None}, 'sample_batch_size': 200, 'clip_actions': False, 'clip_rewards': None, 'tf_session_args': {'inter_op_parallelism_threads': 2, 'intra_op_parallelism_threads': 2, 'device_count': {'CPU': 1}, 'log_device_placement': False, 'allow_soft_placement': True, 'gpu_options': {'allow_growth': True}}, 'kl_target': 0.01, 'horizon': 1500, 'lr': 0.0005, 'sample_async': False, 'simple_optimizer': False, 'compress_observations': False, 'num_envs_per_worker': 1, 'gamma': 0.99, 'sgd_minibatch_size': 128, 'observation_filter': 'NoFilter', 'entropy_coeff': 0.0, 'batch_mode': 'truncate_episodes', 'straggler_mitigation': False, 'vf_share_layers': False, 'num_gpus': 0, 'synchronize_filters': True, 'num_sgd_iter': 10, 'train_batch_size': 1500, 'optimizer': {}, 'num_gpus_per_worker': 0, 'preprocessor_pref': 'deepmind', 'num_cpus_for_driver': 1, 'lr_schedule': None, 'use_gae': True, 'lambda': 0.97, 'vf_loss_coeff': 1.0, 'vf_clip_param': 1000000.0, 'log_level': 'INFO', 'env_config': {'run': 'PPO', 'flow_params': '{\n    ""env"": {\n        ""additional_params"": {\n            ""max_accel"": 3,\n            ""max_decel"": 3,\n            ""sort_vehicles"": false,\n            ""target_velocity"": 20\n        },\n        ""evaluate"": false,\n        ""horizon"": 1500,\n        ""sims_per_step"": 1,\n        ""warmup_steps"": 0\n    },\n    ""env_name"": ""AccelEnv"",\n    ""exp_tag"": ""figure_eight_0"",\n    ""initial"": {\n        ""additional_params"": {},\n        ""bunching"": 0,\n        ""edges_distribution"": ""all"",\n        ""lanes_distribution"": Infinity,\n        ""min_gap"": 0,\n        ""perturbation"": 0.0,\n        ""shuffle"": false,\n        ""spacing"": ""uniform"",\n        ""x0"": 0\n    },\n    ""net"": {\n        ""additional_params"": {\n            ""lanes"": 1,\n            ""radius_ring"": 30,\n            ""resolution"": 40,\n            ""speed_limit"": 30\n        },\n        ""inflows"": {\n            ""_InFlows__flows"": [],\n            ""num_flows"": 0\n        },\n        ""netfile"": null,\n        ""no_internal_links"": false,\n        ""osm_path"": null\n    },\n    ""scenario"": ""Figure8Scenario"",\n    ""sim"": {\n        ""emission_path"": null,\n        ""lateral_resolution"": null,\n        ""no_step_log"": true,\n        ""num_clients"": 1,\n        ""overtake_right"": false,\n        ""port"": null,\n        ""print_warnings"": true,\n        ""pxpm"": 2,\n        ""render"": false,\n        ""restart_instance"": false,\n        ""save_render"": false,\n        ""seed"": null,\n        ""show_radius"": false,\n        ""sight_radius"": 25,\n        ""sim_step"": 0.1,\n        ""teleport_time"": -1\n    },\n    ""simulator"": ""traci"",\n    ""veh"": [\n        {\n            ""acceleration_controller"": [\n                ""IDMController"",\n                {\n                    ""noise"": 0.2\n                }\n            ],\n            ""car_following_params"": {\n                ""controller_params"": {\n                    ""accel"": 1.0,\n                    ""carFollowModel"": ""IDM"",\n                    ""decel"": 1.5,\n                    ""impatience"": 0.5,\n                    ""maxSpeed"": 30,\n                    ""minGap"": 2.5,\n                    ""sigma"": 0.5,\n                    ""speedDev"": 0.1,\n                    ""speedFactor"": 1.0,\n                    ""tau"": 1.0\n                },\n                ""speed_mode"": 1\n            },\n            ""initial_speed"": 0,\n            ""lane_change_controller"": [\n                ""SimLaneChangeController"",\n                {}\n            ],\n            ""lane_change_params"": {\n                ""controller_params"": {\n                    ""laneChangeModel"": ""LC2013"",\n                    ""lcCooperative"": ""1.0"",\n                    ""lcKeepRight"": ""1.0"",\n                    ""lcSpeedGain"": ""1.0"",\n                    ""lcStrategic"": ""1.0""\n                },\n                ""lane_change_mode"": 512\n            },\n            ""num_vehicles"": 13,\n            ""routing_controller"": [\n                ""ContinuousRouter"",\n                {}\n            ],\n            ""veh_id"": ""human""\n        },\n        {\n            ""acceleration_controller"": [\n                ""RLController"",\n                {}\n            ],\n            ""car_following_params"": {\n                ""controller_params"": {\n                    ""accel"": 1.0,\n                    ""carFollowModel"": ""IDM"",\n                    ""decel"": 1.5,\n                    ""impatience"": 0.5,\n                    ""maxSpeed"": 30,\n                    ""minGap"": 2.5,\n                    ""sigma"": 0.5,\n                    ""speedDev"": 0.1,\n                    ""speedFactor"": 1.0,\n                    ""tau"": 1.0\n                },\n                ""speed_mode"": 1\n            },\n            ""initial_speed"": 0,\n            ""lane_change_controller"": [\n                ""SimLaneChangeController"",\n                {}\n            ],\n            ""lane_change_params"": {\n                ""controller_params"": {\n                    ""laneChangeModel"": ""LC2013"",\n                    ""lcCooperative"": ""1.0"",\n                    ""lcKeepRight"": ""1.0"",\n                    ""lcSpeedGain"": ""1.0"",\n                    ""lcStrategic"": ""1.0""\n                },\n                ""lane_change_mode"": 512\n            },\n            ""num_vehicles"": 1,\n            ""routing_controller"": [\n                ""ContinuousRouter"",\n                {}\n            ],\n            ""veh_id"": ""rl""\n        }\n    ]\n}'}, 'env': 'AccelEnv-v0', 'local_evaluator_tf_session_args': {'inter_op_parallelism_threads': 8, 'intra_op_parallelism_threads': 8}, 'model': {'free_log_std': False, 'custom_options': {}, 'framestack': True, 'channel_major': False, 'max_seq_len': 20, 'lstm_use_prev_action_reward': False, 'squash_to_range': False, 'dim': 84, 'grayscale': False, 'fcnet_hiddens': [100, 50, 25], 'use_lstm': False, 'custom_model': None, 'fcnet_activation': 'tanh', 'conv_filters': None, 'conv_activation': 'relu', 'lstm_cell_size': 256, 'zero_mean': True, 'custom_preprocessor': None}, 'output_compress_columns': ['obs', 'new_obs'], 'monitor': False, 'custom_resources_per_worker': {}, 'output_max_file_size': 67108864, 'num_workers': 1, 'clip_param': 0.3, 'kl_coeff': 0.2, 'multiagent': {'policy_graphs': {}, 'policy_mapping_fn': None, 'policies_to_train': None}, 'input_evaluation': None, 'output': None, 'collect_metrics_timeout': 180, 'num_cpus_per_worker': 1}",169.237.32.118,1,1393.77,9.954293489456177,"{'num_steps_sampled': 571200, 'load_time_ms': 1.177, 'default': {'kl': 0.004852821584790945, 'cur_lr': 0.0005000000237487257, 'total_loss': 1.364882469177246, 'policy_loss': -0.015319372527301311, 'vf_explained_var': 0.958488404750824, 'entropy': 2.083387851715088, 'cur_kl_coeff': 0.5554617643356323, 'vf_loss': 1.3775062561035156}, 'sample_time_ms': 9665.672, 'grad_time_ms': 275.228, 'update_time_ms': 4.596, 'num_steps_trained': 571200}",391.7957525713503,2019-04-02_08-35-46,kronos,71,571200,0,3534.6097626686096,{},571200,357,357,3534.6097626686096,497.51931804559143,1600,1554194146,{},0b32d2eec3344b1fbde4822793b2e447,67.70276554331174
False,440,"{'input': 'sampler', 'callbacks': {'on_train_result': None, 'on_sample_end': None, 'on_episode_step': None, 'on_episode_start': None, 'on_episode_end': None}, 'sample_batch_size': 200, 'clip_actions': False, 'clip_rewards': None, 'tf_session_args': {'inter_op_parallelism_threads': 2, 'intra_op_parallelism_threads': 2, 'device_count': {'CPU': 1}, 'log_device_placement': False, 'allow_soft_placement': True, 'gpu_options': {'allow_growth': True}}, 'kl_target': 0.01, 'horizon': 1500, 'lr': 0.0005, 'sample_async': False, 'simple_optimizer': False, 'compress_observations': False, 'num_envs_per_worker': 1, 'gamma': 0.99, 'sgd_minibatch_size': 128, 'observation_filter': 'NoFilter', 'entropy_coeff': 0.0, 'batch_mode': 'truncate_episodes', 'straggler_mitigation': False, 'vf_share_layers': False, 'num_gpus': 0, 'synchronize_filters': True, 'num_sgd_iter': 10, 'train_batch_size': 1500, 'optimizer': {}, 'num_gpus_per_worker': 0, 'preprocessor_pref': 'deepmind', 'num_cpus_for_driver': 1, 'lr_schedule': None, 'use_gae': True, 'lambda': 0.97, 'vf_loss_coeff': 1.0, 'vf_clip_param': 1000000.0, 'log_level': 'INFO', 'env_config': {'run': 'PPO', 'flow_params': '{\n    ""env"": {\n        ""additional_params"": {\n            ""max_accel"": 3,\n            ""max_decel"": 3,\n            ""sort_vehicles"": false,\n            ""target_velocity"": 20\n        },\n        ""evaluate"": false,\n        ""horizon"": 1500,\n        ""sims_per_step"": 1,\n        ""warmup_steps"": 0\n    },\n    ""env_name"": ""AccelEnv"",\n    ""exp_tag"": ""figure_eight_0"",\n    ""initial"": {\n        ""additional_params"": {},\n        ""bunching"": 0,\n        ""edges_distribution"": ""all"",\n        ""lanes_distribution"": Infinity,\n        ""min_gap"": 0,\n        ""perturbation"": 0.0,\n        ""shuffle"": false,\n        ""spacing"": ""uniform"",\n        ""x0"": 0\n    },\n    ""net"": {\n        ""additional_params"": {\n            ""lanes"": 1,\n            ""radius_ring"": 30,\n            ""resolution"": 40,\n            ""speed_limit"": 30\n        },\n        ""inflows"": {\n            ""_InFlows__flows"": [],\n            ""num_flows"": 0\n        },\n        ""netfile"": null,\n        ""no_internal_links"": false,\n        ""osm_path"": null\n    },\n    ""scenario"": ""Figure8Scenario"",\n    ""sim"": {\n        ""emission_path"": null,\n        ""lateral_resolution"": null,\n        ""no_step_log"": true,\n        ""num_clients"": 1,\n        ""overtake_right"": false,\n        ""port"": null,\n        ""print_warnings"": true,\n        ""pxpm"": 2,\n        ""render"": false,\n        ""restart_instance"": false,\n        ""save_render"": false,\n        ""seed"": null,\n        ""show_radius"": false,\n        ""sight_radius"": 25,\n        ""sim_step"": 0.1,\n        ""teleport_time"": -1\n    },\n    ""simulator"": ""traci"",\n    ""veh"": [\n        {\n            ""acceleration_controller"": [\n                ""IDMController"",\n                {\n                    ""noise"": 0.2\n                }\n            ],\n            ""car_following_params"": {\n                ""controller_params"": {\n                    ""accel"": 1.0,\n                    ""carFollowModel"": ""IDM"",\n                    ""decel"": 1.5,\n                    ""impatience"": 0.5,\n                    ""maxSpeed"": 30,\n                    ""minGap"": 2.5,\n                    ""sigma"": 0.5,\n                    ""speedDev"": 0.1,\n                    ""speedFactor"": 1.0,\n                    ""tau"": 1.0\n                },\n                ""speed_mode"": 1\n            },\n            ""initial_speed"": 0,\n            ""lane_change_controller"": [\n                ""SimLaneChangeController"",\n                {}\n            ],\n            ""lane_change_params"": {\n                ""controller_params"": {\n                    ""laneChangeModel"": ""LC2013"",\n                    ""lcCooperative"": ""1.0"",\n                    ""lcKeepRight"": ""1.0"",\n                    ""lcSpeedGain"": ""1.0"",\n                    ""lcStrategic"": ""1.0""\n                },\n                ""lane_change_mode"": 512\n            },\n            ""num_vehicles"": 13,\n            ""routing_controller"": [\n                ""ContinuousRouter"",\n                {}\n            ],\n            ""veh_id"": ""human""\n        },\n        {\n            ""acceleration_controller"": [\n                ""RLController"",\n                {}\n            ],\n            ""car_following_params"": {\n                ""controller_params"": {\n                    ""accel"": 1.0,\n                    ""carFollowModel"": ""IDM"",\n                    ""decel"": 1.5,\n                    ""impatience"": 0.5,\n                    ""maxSpeed"": 30,\n                    ""minGap"": 2.5,\n                    ""sigma"": 0.5,\n                    ""speedDev"": 0.1,\n                    ""speedFactor"": 1.0,\n                    ""tau"": 1.0\n                },\n                ""speed_mode"": 1\n            },\n            ""initial_speed"": 0,\n            ""lane_change_controller"": [\n                ""SimLaneChangeController"",\n                {}\n            ],\n            ""lane_change_params"": {\n                ""controller_params"": {\n                    ""laneChangeModel"": ""LC2013"",\n                    ""lcCooperative"": ""1.0"",\n                    ""lcKeepRight"": ""1.0"",\n                    ""lcSpeedGain"": ""1.0"",\n                    ""lcStrategic"": ""1.0""\n                },\n                ""lane_change_mode"": 512\n            },\n            ""num_vehicles"": 1,\n            ""routing_controller"": [\n                ""ContinuousRouter"",\n                {}\n            ],\n            ""veh_id"": ""rl""\n        }\n    ]\n}'}, 'env': 'AccelEnv-v0', 'local_evaluator_tf_session_args': {'inter_op_parallelism_threads': 8, 'intra_op_parallelism_threads': 8}, 'model': {'free_log_std': False, 'custom_options': {}, 'framestack': True, 'channel_major': False, 'max_seq_len': 20, 'lstm_use_prev_action_reward': False, 'squash_to_range': False, 'dim': 84, 'grayscale': False, 'fcnet_hiddens': [100, 50, 25], 'use_lstm': False, 'custom_model': None, 'fcnet_activation': 'tanh', 'conv_filters': None, 'conv_activation': 'relu', 'lstm_cell_size': 256, 'zero_mean': True, 'custom_preprocessor': None}, 'output_compress_columns': ['obs', 'new_obs'], 'monitor': False, 'custom_resources_per_worker': {}, 'output_max_file_size': 67108864, 'num_workers': 1, 'clip_param': 0.3, 'kl_coeff': 0.2, 'multiagent': {'policy_graphs': {}, 'policy_mapping_fn': None, 'policies_to_train': None}, 'input_evaluation': None, 'output': None, 'collect_metrics_timeout': 180, 'num_cpus_per_worker': 1}",169.237.32.118,1,1393.77,9.940020561218262,"{'num_steps_sampled': 572800, 'load_time_ms': 1.164, 'default': {'kl': 0.010836646892130375, 'cur_lr': 0.0005000000237487257, 'total_loss': 2.251347541809082, 'policy_loss': -0.006813896354287863, 'vf_explained_var': 0.934339702129364, 'entropy': 2.180955171585083, 'cur_kl_coeff': 0.27773088216781616, 'vf_loss': 2.2551519870758057}, 'sample_time_ms': 9664.622, 'grad_time_ms': 275.76, 'update_time_ms': 4.675, 'num_steps_trained': 572800}",391.6443338235856,2019-04-02_08-35-56,kronos,71,572800,0,3544.549783229828,{},572800,358,358,3544.549783229828,497.51931804559143,1600,1554194156,{},0b32d2eec3344b1fbde4822793b2e447,67.70276554331174
False,442,"{'input': 'sampler', 'callbacks': {'on_train_result': None, 'on_sample_end': None, 'on_episode_step': None, 'on_episode_start': None, 'on_episode_end': None}, 'sample_batch_size': 200, 'clip_actions': False, 'clip_rewards': None, 'tf_session_args': {'inter_op_parallelism_threads': 2, 'intra_op_parallelism_threads': 2, 'device_count': {'CPU': 1}, 'log_device_placement': False, 'allow_soft_placement': True, 'gpu_options': {'allow_growth': True}}, 'kl_target': 0.01, 'horizon': 1500, 'lr': 0.0005, 'sample_async': False, 'simple_optimizer': False, 'compress_observations': False, 'num_envs_per_worker': 1, 'gamma': 0.99, 'sgd_minibatch_size': 128, 'observation_filter': 'NoFilter', 'entropy_coeff': 0.0, 'batch_mode': 'truncate_episodes', 'straggler_mitigation': False, 'vf_share_layers': False, 'num_gpus': 0, 'synchronize_filters': True, 'num_sgd_iter': 10, 'train_batch_size': 1500, 'optimizer': {}, 'num_gpus_per_worker': 0, 'preprocessor_pref': 'deepmind', 'num_cpus_for_driver': 1, 'lr_schedule': None, 'use_gae': True, 'lambda': 0.97, 'vf_loss_coeff': 1.0, 'vf_clip_param': 1000000.0, 'log_level': 'INFO', 'env_config': {'run': 'PPO', 'flow_params': '{\n    ""env"": {\n        ""additional_params"": {\n            ""max_accel"": 3,\n            ""max_decel"": 3,\n            ""sort_vehicles"": false,\n            ""target_velocity"": 20\n        },\n        ""evaluate"": false,\n        ""horizon"": 1500,\n        ""sims_per_step"": 1,\n        ""warmup_steps"": 0\n    },\n    ""env_name"": ""AccelEnv"",\n    ""exp_tag"": ""figure_eight_0"",\n    ""initial"": {\n        ""additional_params"": {},\n        ""bunching"": 0,\n        ""edges_distribution"": ""all"",\n        ""lanes_distribution"": Infinity,\n        ""min_gap"": 0,\n        ""perturbation"": 0.0,\n        ""shuffle"": false,\n        ""spacing"": ""uniform"",\n        ""x0"": 0\n    },\n    ""net"": {\n        ""additional_params"": {\n            ""lanes"": 1,\n            ""radius_ring"": 30,\n            ""resolution"": 40,\n            ""speed_limit"": 30\n        },\n        ""inflows"": {\n            ""_InFlows__flows"": [],\n            ""num_flows"": 0\n        },\n        ""netfile"": null,\n        ""no_internal_links"": false,\n        ""osm_path"": null\n    },\n    ""scenario"": ""Figure8Scenario"",\n    ""sim"": {\n        ""emission_path"": null,\n        ""lateral_resolution"": null,\n        ""no_step_log"": true,\n        ""num_clients"": 1,\n        ""overtake_right"": false,\n        ""port"": null,\n        ""print_warnings"": true,\n        ""pxpm"": 2,\n        ""render"": false,\n        ""restart_instance"": false,\n        ""save_render"": false,\n        ""seed"": null,\n        ""show_radius"": false,\n        ""sight_radius"": 25,\n        ""sim_step"": 0.1,\n        ""teleport_time"": -1\n    },\n    ""simulator"": ""traci"",\n    ""veh"": [\n        {\n            ""acceleration_controller"": [\n                ""IDMController"",\n                {\n                    ""noise"": 0.2\n                }\n            ],\n            ""car_following_params"": {\n                ""controller_params"": {\n                    ""accel"": 1.0,\n                    ""carFollowModel"": ""IDM"",\n                    ""decel"": 1.5,\n                    ""impatience"": 0.5,\n                    ""maxSpeed"": 30,\n                    ""minGap"": 2.5,\n                    ""sigma"": 0.5,\n                    ""speedDev"": 0.1,\n                    ""speedFactor"": 1.0,\n                    ""tau"": 1.0\n                },\n                ""speed_mode"": 1\n            },\n            ""initial_speed"": 0,\n            ""lane_change_controller"": [\n                ""SimLaneChangeController"",\n                {}\n            ],\n            ""lane_change_params"": {\n                ""controller_params"": {\n                    ""laneChangeModel"": ""LC2013"",\n                    ""lcCooperative"": ""1.0"",\n                    ""lcKeepRight"": ""1.0"",\n                    ""lcSpeedGain"": ""1.0"",\n                    ""lcStrategic"": ""1.0""\n                },\n                ""lane_change_mode"": 512\n            },\n            ""num_vehicles"": 13,\n            ""routing_controller"": [\n                ""ContinuousRouter"",\n                {}\n            ],\n            ""veh_id"": ""human""\n        },\n        {\n            ""acceleration_controller"": [\n                ""RLController"",\n                {}\n            ],\n            ""car_following_params"": {\n                ""controller_params"": {\n                    ""accel"": 1.0,\n                    ""carFollowModel"": ""IDM"",\n                    ""decel"": 1.5,\n                    ""impatience"": 0.5,\n                    ""maxSpeed"": 30,\n                    ""minGap"": 2.5,\n                    ""sigma"": 0.5,\n                    ""speedDev"": 0.1,\n                    ""speedFactor"": 1.0,\n                    ""tau"": 1.0\n                },\n                ""speed_mode"": 1\n            },\n            ""initial_speed"": 0,\n            ""lane_change_controller"": [\n                ""SimLaneChangeController"",\n                {}\n            ],\n            ""lane_change_params"": {\n                ""controller_params"": {\n                    ""laneChangeModel"": ""LC2013"",\n                    ""lcCooperative"": ""1.0"",\n                    ""lcKeepRight"": ""1.0"",\n                    ""lcSpeedGain"": ""1.0"",\n                    ""lcStrategic"": ""1.0""\n                },\n                ""lane_change_mode"": 512\n            },\n            ""num_vehicles"": 1,\n            ""routing_controller"": [\n                ""ContinuousRouter"",\n                {}\n            ],\n            ""veh_id"": ""rl""\n        }\n    ]\n}'}, 'env': 'AccelEnv-v0', 'local_evaluator_tf_session_args': {'inter_op_parallelism_threads': 8, 'intra_op_parallelism_threads': 8}, 'model': {'free_log_std': False, 'custom_options': {}, 'framestack': True, 'channel_major': False, 'max_seq_len': 20, 'lstm_use_prev_action_reward': False, 'squash_to_range': False, 'dim': 84, 'grayscale': False, 'fcnet_hiddens': [100, 50, 25], 'use_lstm': False, 'custom_model': None, 'fcnet_activation': 'tanh', 'conv_filters': None, 'conv_activation': 'relu', 'lstm_cell_size': 256, 'zero_mean': True, 'custom_preprocessor': None}, 'output_compress_columns': ['obs', 'new_obs'], 'monitor': False, 'custom_resources_per_worker': {}, 'output_max_file_size': 67108864, 'num_workers': 1, 'clip_param': 0.3, 'kl_coeff': 0.2, 'multiagent': {'policy_graphs': {}, 'policy_mapping_fn': None, 'policies_to_train': None}, 'input_evaluation': None, 'output': None, 'collect_metrics_timeout': 180, 'num_cpus_per_worker': 1}",169.237.32.118,2,1393.77,10.028987646102905,"{'num_steps_sampled': 574400, 'load_time_ms': 1.19, 'default': {'kl': 0.007729038130491972, 'cur_lr': 0.0005000000237487257, 'total_loss': 1.3984026908874512, 'policy_loss': -0.01984628476202488, 'vf_explained_var': 0.972931444644928, 'entropy': 2.2881975173950195, 'cur_kl_coeff': 0.27773088216781616, 'vf_loss': 1.416102409362793}, 'sample_time_ms': 9674.453, 'grad_time_ms': 274.977, 'update_time_ms': 4.544, 'num_steps_trained': 574400}",391.17913600998725,2019-04-02_08-36-06,kronos,71,574400,0,3554.578770875931,{},574400,359,359,3554.578770875931,497.51931804559143,1600,1554194166,{},0b32d2eec3344b1fbde4822793b2e447,67.70276554331174
False,443,"{'input': 'sampler', 'callbacks': {'on_train_result': None, 'on_sample_end': None, 'on_episode_step': None, 'on_episode_start': None, 'on_episode_end': None}, 'sample_batch_size': 200, 'clip_actions': False, 'clip_rewards': None, 'tf_session_args': {'inter_op_parallelism_threads': 2, 'intra_op_parallelism_threads': 2, 'device_count': {'CPU': 1}, 'log_device_placement': False, 'allow_soft_placement': True, 'gpu_options': {'allow_growth': True}}, 'kl_target': 0.01, 'horizon': 1500, 'lr': 0.0005, 'sample_async': False, 'simple_optimizer': False, 'compress_observations': False, 'num_envs_per_worker': 1, 'gamma': 0.99, 'sgd_minibatch_size': 128, 'observation_filter': 'NoFilter', 'entropy_coeff': 0.0, 'batch_mode': 'truncate_episodes', 'straggler_mitigation': False, 'vf_share_layers': False, 'num_gpus': 0, 'synchronize_filters': True, 'num_sgd_iter': 10, 'train_batch_size': 1500, 'optimizer': {}, 'num_gpus_per_worker': 0, 'preprocessor_pref': 'deepmind', 'num_cpus_for_driver': 1, 'lr_schedule': None, 'use_gae': True, 'lambda': 0.97, 'vf_loss_coeff': 1.0, 'vf_clip_param': 1000000.0, 'log_level': 'INFO', 'env_config': {'run': 'PPO', 'flow_params': '{\n    ""env"": {\n        ""additional_params"": {\n            ""max_accel"": 3,\n            ""max_decel"": 3,\n            ""sort_vehicles"": false,\n            ""target_velocity"": 20\n        },\n        ""evaluate"": false,\n        ""horizon"": 1500,\n        ""sims_per_step"": 1,\n        ""warmup_steps"": 0\n    },\n    ""env_name"": ""AccelEnv"",\n    ""exp_tag"": ""figure_eight_0"",\n    ""initial"": {\n        ""additional_params"": {},\n        ""bunching"": 0,\n        ""edges_distribution"": ""all"",\n        ""lanes_distribution"": Infinity,\n        ""min_gap"": 0,\n        ""perturbation"": 0.0,\n        ""shuffle"": false,\n        ""spacing"": ""uniform"",\n        ""x0"": 0\n    },\n    ""net"": {\n        ""additional_params"": {\n            ""lanes"": 1,\n            ""radius_ring"": 30,\n            ""resolution"": 40,\n            ""speed_limit"": 30\n        },\n        ""inflows"": {\n            ""_InFlows__flows"": [],\n            ""num_flows"": 0\n        },\n        ""netfile"": null,\n        ""no_internal_links"": false,\n        ""osm_path"": null\n    },\n    ""scenario"": ""Figure8Scenario"",\n    ""sim"": {\n        ""emission_path"": null,\n        ""lateral_resolution"": null,\n        ""no_step_log"": true,\n        ""num_clients"": 1,\n        ""overtake_right"": false,\n        ""port"": null,\n        ""print_warnings"": true,\n        ""pxpm"": 2,\n        ""render"": false,\n        ""restart_instance"": false,\n        ""save_render"": false,\n        ""seed"": null,\n        ""show_radius"": false,\n        ""sight_radius"": 25,\n        ""sim_step"": 0.1,\n        ""teleport_time"": -1\n    },\n    ""simulator"": ""traci"",\n    ""veh"": [\n        {\n            ""acceleration_controller"": [\n                ""IDMController"",\n                {\n                    ""noise"": 0.2\n                }\n            ],\n            ""car_following_params"": {\n                ""controller_params"": {\n                    ""accel"": 1.0,\n                    ""carFollowModel"": ""IDM"",\n                    ""decel"": 1.5,\n                    ""impatience"": 0.5,\n                    ""maxSpeed"": 30,\n                    ""minGap"": 2.5,\n                    ""sigma"": 0.5,\n                    ""speedDev"": 0.1,\n                    ""speedFactor"": 1.0,\n                    ""tau"": 1.0\n                },\n                ""speed_mode"": 1\n            },\n            ""initial_speed"": 0,\n            ""lane_change_controller"": [\n                ""SimLaneChangeController"",\n                {}\n            ],\n            ""lane_change_params"": {\n                ""controller_params"": {\n                    ""laneChangeModel"": ""LC2013"",\n                    ""lcCooperative"": ""1.0"",\n                    ""lcKeepRight"": ""1.0"",\n                    ""lcSpeedGain"": ""1.0"",\n                    ""lcStrategic"": ""1.0""\n                },\n                ""lane_change_mode"": 512\n            },\n            ""num_vehicles"": 13,\n            ""routing_controller"": [\n                ""ContinuousRouter"",\n                {}\n            ],\n            ""veh_id"": ""human""\n        },\n        {\n            ""acceleration_controller"": [\n                ""RLController"",\n                {}\n            ],\n            ""car_following_params"": {\n                ""controller_params"": {\n                    ""accel"": 1.0,\n                    ""carFollowModel"": ""IDM"",\n                    ""decel"": 1.5,\n                    ""impatience"": 0.5,\n                    ""maxSpeed"": 30,\n                    ""minGap"": 2.5,\n                    ""sigma"": 0.5,\n                    ""speedDev"": 0.1,\n                    ""speedFactor"": 1.0,\n                    ""tau"": 1.0\n                },\n                ""speed_mode"": 1\n            },\n            ""initial_speed"": 0,\n            ""lane_change_controller"": [\n                ""SimLaneChangeController"",\n                {}\n            ],\n            ""lane_change_params"": {\n                ""controller_params"": {\n                    ""laneChangeModel"": ""LC2013"",\n                    ""lcCooperative"": ""1.0"",\n                    ""lcKeepRight"": ""1.0"",\n                    ""lcSpeedGain"": ""1.0"",\n                    ""lcStrategic"": ""1.0""\n                },\n                ""lane_change_mode"": 512\n            },\n            ""num_vehicles"": 1,\n            ""routing_controller"": [\n                ""ContinuousRouter"",\n                {}\n            ],\n            ""veh_id"": ""rl""\n        }\n    ]\n}'}, 'env': 'AccelEnv-v0', 'local_evaluator_tf_session_args': {'inter_op_parallelism_threads': 8, 'intra_op_parallelism_threads': 8}, 'model': {'free_log_std': False, 'custom_options': {}, 'framestack': True, 'channel_major': False, 'max_seq_len': 20, 'lstm_use_prev_action_reward': False, 'squash_to_range': False, 'dim': 84, 'grayscale': False, 'fcnet_hiddens': [100, 50, 25], 'use_lstm': False, 'custom_model': None, 'fcnet_activation': 'tanh', 'conv_filters': None, 'conv_activation': 'relu', 'lstm_cell_size': 256, 'zero_mean': True, 'custom_preprocessor': None}, 'output_compress_columns': ['obs', 'new_obs'], 'monitor': False, 'custom_resources_per_worker': {}, 'output_max_file_size': 67108864, 'num_workers': 1, 'clip_param': 0.3, 'kl_coeff': 0.2, 'multiagent': {'policy_graphs': {}, 'policy_mapping_fn': None, 'policies_to_train': None}, 'input_evaluation': None, 'output': None, 'collect_metrics_timeout': 180, 'num_cpus_per_worker': 1}",169.237.32.118,1,1394.28,9.930463552474976,"{'num_steps_sampled': 576000, 'load_time_ms': 1.163, 'default': {'kl': 0.013453942723572254, 'cur_lr': 0.0005000000237487257, 'total_loss': 0.9480476975440979, 'policy_loss': -0.017856502905488014, 'vf_explained_var': 0.9783477783203125, 'entropy': 2.154853582382202, 'cur_kl_coeff': 0.27773088216781616, 'vf_loss': 0.9621675610542297}, 'sample_time_ms': 9677.527, 'grad_time_ms': 275.348, 'update_time_ms': 4.591, 'num_steps_trained': 576000}",391.4103768625871,2019-04-02_08-36-16,kronos,71,576000,0,3564.5092344284058,{},576000,360,360,3564.5092344284058,497.51931804559143,1600,1554194176,{},0b32d2eec3344b1fbde4822793b2e447,67.70276554331174
False,444,"{'input': 'sampler', 'callbacks': {'on_train_result': None, 'on_sample_end': None, 'on_episode_step': None, 'on_episode_start': None, 'on_episode_end': None}, 'sample_batch_size': 200, 'clip_actions': False, 'clip_rewards': None, 'tf_session_args': {'inter_op_parallelism_threads': 2, 'intra_op_parallelism_threads': 2, 'device_count': {'CPU': 1}, 'log_device_placement': False, 'allow_soft_placement': True, 'gpu_options': {'allow_growth': True}}, 'kl_target': 0.01, 'horizon': 1500, 'lr': 0.0005, 'sample_async': False, 'simple_optimizer': False, 'compress_observations': False, 'num_envs_per_worker': 1, 'gamma': 0.99, 'sgd_minibatch_size': 128, 'observation_filter': 'NoFilter', 'entropy_coeff': 0.0, 'batch_mode': 'truncate_episodes', 'straggler_mitigation': False, 'vf_share_layers': False, 'num_gpus': 0, 'synchronize_filters': True, 'num_sgd_iter': 10, 'train_batch_size': 1500, 'optimizer': {}, 'num_gpus_per_worker': 0, 'preprocessor_pref': 'deepmind', 'num_cpus_for_driver': 1, 'lr_schedule': None, 'use_gae': True, 'lambda': 0.97, 'vf_loss_coeff': 1.0, 'vf_clip_param': 1000000.0, 'log_level': 'INFO', 'env_config': {'run': 'PPO', 'flow_params': '{\n    ""env"": {\n        ""additional_params"": {\n            ""max_accel"": 3,\n            ""max_decel"": 3,\n            ""sort_vehicles"": false,\n            ""target_velocity"": 20\n        },\n        ""evaluate"": false,\n        ""horizon"": 1500,\n        ""sims_per_step"": 1,\n        ""warmup_steps"": 0\n    },\n    ""env_name"": ""AccelEnv"",\n    ""exp_tag"": ""figure_eight_0"",\n    ""initial"": {\n        ""additional_params"": {},\n        ""bunching"": 0,\n        ""edges_distribution"": ""all"",\n        ""lanes_distribution"": Infinity,\n        ""min_gap"": 0,\n        ""perturbation"": 0.0,\n        ""shuffle"": false,\n        ""spacing"": ""uniform"",\n        ""x0"": 0\n    },\n    ""net"": {\n        ""additional_params"": {\n            ""lanes"": 1,\n            ""radius_ring"": 30,\n            ""resolution"": 40,\n            ""speed_limit"": 30\n        },\n        ""inflows"": {\n            ""_InFlows__flows"": [],\n            ""num_flows"": 0\n        },\n        ""netfile"": null,\n        ""no_internal_links"": false,\n        ""osm_path"": null\n    },\n    ""scenario"": ""Figure8Scenario"",\n    ""sim"": {\n        ""emission_path"": null,\n        ""lateral_resolution"": null,\n        ""no_step_log"": true,\n        ""num_clients"": 1,\n        ""overtake_right"": false,\n        ""port"": null,\n        ""print_warnings"": true,\n        ""pxpm"": 2,\n        ""render"": false,\n        ""restart_instance"": false,\n        ""save_render"": false,\n        ""seed"": null,\n        ""show_radius"": false,\n        ""sight_radius"": 25,\n        ""sim_step"": 0.1,\n        ""teleport_time"": -1\n    },\n    ""simulator"": ""traci"",\n    ""veh"": [\n        {\n            ""acceleration_controller"": [\n                ""IDMController"",\n                {\n                    ""noise"": 0.2\n                }\n            ],\n            ""car_following_params"": {\n                ""controller_params"": {\n                    ""accel"": 1.0,\n                    ""carFollowModel"": ""IDM"",\n                    ""decel"": 1.5,\n                    ""impatience"": 0.5,\n                    ""maxSpeed"": 30,\n                    ""minGap"": 2.5,\n                    ""sigma"": 0.5,\n                    ""speedDev"": 0.1,\n                    ""speedFactor"": 1.0,\n                    ""tau"": 1.0\n                },\n                ""speed_mode"": 1\n            },\n            ""initial_speed"": 0,\n            ""lane_change_controller"": [\n                ""SimLaneChangeController"",\n                {}\n            ],\n            ""lane_change_params"": {\n                ""controller_params"": {\n                    ""laneChangeModel"": ""LC2013"",\n                    ""lcCooperative"": ""1.0"",\n                    ""lcKeepRight"": ""1.0"",\n                    ""lcSpeedGain"": ""1.0"",\n                    ""lcStrategic"": ""1.0""\n                },\n                ""lane_change_mode"": 512\n            },\n            ""num_vehicles"": 13,\n            ""routing_controller"": [\n                ""ContinuousRouter"",\n                {}\n            ],\n            ""veh_id"": ""human""\n        },\n        {\n            ""acceleration_controller"": [\n                ""RLController"",\n                {}\n            ],\n            ""car_following_params"": {\n                ""controller_params"": {\n                    ""accel"": 1.0,\n                    ""carFollowModel"": ""IDM"",\n                    ""decel"": 1.5,\n                    ""impatience"": 0.5,\n                    ""maxSpeed"": 30,\n                    ""minGap"": 2.5,\n                    ""sigma"": 0.5,\n                    ""speedDev"": 0.1,\n                    ""speedFactor"": 1.0,\n                    ""tau"": 1.0\n                },\n                ""speed_mode"": 1\n            },\n            ""initial_speed"": 0,\n            ""lane_change_controller"": [\n                ""SimLaneChangeController"",\n                {}\n            ],\n            ""lane_change_params"": {\n                ""controller_params"": {\n                    ""laneChangeModel"": ""LC2013"",\n                    ""lcCooperative"": ""1.0"",\n                    ""lcKeepRight"": ""1.0"",\n                    ""lcSpeedGain"": ""1.0"",\n                    ""lcStrategic"": ""1.0""\n                },\n                ""lane_change_mode"": 512\n            },\n            ""num_vehicles"": 1,\n            ""routing_controller"": [\n                ""ContinuousRouter"",\n                {}\n            ],\n            ""veh_id"": ""rl""\n        }\n    ]\n}'}, 'env': 'AccelEnv-v0', 'local_evaluator_tf_session_args': {'inter_op_parallelism_threads': 8, 'intra_op_parallelism_threads': 8}, 'model': {'free_log_std': False, 'custom_options': {}, 'framestack': True, 'channel_major': False, 'max_seq_len': 20, 'lstm_use_prev_action_reward': False, 'squash_to_range': False, 'dim': 84, 'grayscale': False, 'fcnet_hiddens': [100, 50, 25], 'use_lstm': False, 'custom_model': None, 'fcnet_activation': 'tanh', 'conv_filters': None, 'conv_activation': 'relu', 'lstm_cell_size': 256, 'zero_mean': True, 'custom_preprocessor': None}, 'output_compress_columns': ['obs', 'new_obs'], 'monitor': False, 'custom_resources_per_worker': {}, 'output_max_file_size': 67108864, 'num_workers': 1, 'clip_param': 0.3, 'kl_coeff': 0.2, 'multiagent': {'policy_graphs': {}, 'policy_mapping_fn': None, 'policies_to_train': None}, 'input_evaluation': None, 'output': None, 'collect_metrics_timeout': 180, 'num_cpus_per_worker': 1}",169.237.32.118,1,1394.28,9.852901458740234,"{'num_steps_sampled': 577600, 'load_time_ms': 1.156, 'default': {'kl': 0.010893153958022594, 'cur_lr': 0.0005000000237487257, 'total_loss': 0.39654743671417236, 'policy_loss': -0.012709115631878376, 'vf_explained_var': 0.9816088676452637, 'entropy': 2.0526692867279053, 'cur_kl_coeff': 0.27773088216781616, 'vf_loss': 0.406231164932251}, 'sample_time_ms': 9668.966, 'grad_time_ms': 274.368, 'update_time_ms': 4.664, 'num_steps_trained': 577600}",391.61090123279916,2019-04-02_08-36-26,kronos,71,577600,0,3574.362135887146,{},577600,361,361,3574.362135887146,497.51931804559143,1600,1554194186,{},0b32d2eec3344b1fbde4822793b2e447,67.70276554331174
False,445,"{'input': 'sampler', 'callbacks': {'on_train_result': None, 'on_sample_end': None, 'on_episode_step': None, 'on_episode_start': None, 'on_episode_end': None}, 'sample_batch_size': 200, 'clip_actions': False, 'clip_rewards': None, 'tf_session_args': {'inter_op_parallelism_threads': 2, 'intra_op_parallelism_threads': 2, 'device_count': {'CPU': 1}, 'log_device_placement': False, 'allow_soft_placement': True, 'gpu_options': {'allow_growth': True}}, 'kl_target': 0.01, 'horizon': 1500, 'lr': 0.0005, 'sample_async': False, 'simple_optimizer': False, 'compress_observations': False, 'num_envs_per_worker': 1, 'gamma': 0.99, 'sgd_minibatch_size': 128, 'observation_filter': 'NoFilter', 'entropy_coeff': 0.0, 'batch_mode': 'truncate_episodes', 'straggler_mitigation': False, 'vf_share_layers': False, 'num_gpus': 0, 'synchronize_filters': True, 'num_sgd_iter': 10, 'train_batch_size': 1500, 'optimizer': {}, 'num_gpus_per_worker': 0, 'preprocessor_pref': 'deepmind', 'num_cpus_for_driver': 1, 'lr_schedule': None, 'use_gae': True, 'lambda': 0.97, 'vf_loss_coeff': 1.0, 'vf_clip_param': 1000000.0, 'log_level': 'INFO', 'env_config': {'run': 'PPO', 'flow_params': '{\n    ""env"": {\n        ""additional_params"": {\n            ""max_accel"": 3,\n            ""max_decel"": 3,\n            ""sort_vehicles"": false,\n            ""target_velocity"": 20\n        },\n        ""evaluate"": false,\n        ""horizon"": 1500,\n        ""sims_per_step"": 1,\n        ""warmup_steps"": 0\n    },\n    ""env_name"": ""AccelEnv"",\n    ""exp_tag"": ""figure_eight_0"",\n    ""initial"": {\n        ""additional_params"": {},\n        ""bunching"": 0,\n        ""edges_distribution"": ""all"",\n        ""lanes_distribution"": Infinity,\n        ""min_gap"": 0,\n        ""perturbation"": 0.0,\n        ""shuffle"": false,\n        ""spacing"": ""uniform"",\n        ""x0"": 0\n    },\n    ""net"": {\n        ""additional_params"": {\n            ""lanes"": 1,\n            ""radius_ring"": 30,\n            ""resolution"": 40,\n            ""speed_limit"": 30\n        },\n        ""inflows"": {\n            ""_InFlows__flows"": [],\n            ""num_flows"": 0\n        },\n        ""netfile"": null,\n        ""no_internal_links"": false,\n        ""osm_path"": null\n    },\n    ""scenario"": ""Figure8Scenario"",\n    ""sim"": {\n        ""emission_path"": null,\n        ""lateral_resolution"": null,\n        ""no_step_log"": true,\n        ""num_clients"": 1,\n        ""overtake_right"": false,\n        ""port"": null,\n        ""print_warnings"": true,\n        ""pxpm"": 2,\n        ""render"": false,\n        ""restart_instance"": false,\n        ""save_render"": false,\n        ""seed"": null,\n        ""show_radius"": false,\n        ""sight_radius"": 25,\n        ""sim_step"": 0.1,\n        ""teleport_time"": -1\n    },\n    ""simulator"": ""traci"",\n    ""veh"": [\n        {\n            ""acceleration_controller"": [\n                ""IDMController"",\n                {\n                    ""noise"": 0.2\n                }\n            ],\n            ""car_following_params"": {\n                ""controller_params"": {\n                    ""accel"": 1.0,\n                    ""carFollowModel"": ""IDM"",\n                    ""decel"": 1.5,\n                    ""impatience"": 0.5,\n                    ""maxSpeed"": 30,\n                    ""minGap"": 2.5,\n                    ""sigma"": 0.5,\n                    ""speedDev"": 0.1,\n                    ""speedFactor"": 1.0,\n                    ""tau"": 1.0\n                },\n                ""speed_mode"": 1\n            },\n            ""initial_speed"": 0,\n            ""lane_change_controller"": [\n                ""SimLaneChangeController"",\n                {}\n            ],\n            ""lane_change_params"": {\n                ""controller_params"": {\n                    ""laneChangeModel"": ""LC2013"",\n                    ""lcCooperative"": ""1.0"",\n                    ""lcKeepRight"": ""1.0"",\n                    ""lcSpeedGain"": ""1.0"",\n                    ""lcStrategic"": ""1.0""\n                },\n                ""lane_change_mode"": 512\n            },\n            ""num_vehicles"": 13,\n            ""routing_controller"": [\n                ""ContinuousRouter"",\n                {}\n            ],\n            ""veh_id"": ""human""\n        },\n        {\n            ""acceleration_controller"": [\n                ""RLController"",\n                {}\n            ],\n            ""car_following_params"": {\n                ""controller_params"": {\n                    ""accel"": 1.0,\n                    ""carFollowModel"": ""IDM"",\n                    ""decel"": 1.5,\n                    ""impatience"": 0.5,\n                    ""maxSpeed"": 30,\n                    ""minGap"": 2.5,\n                    ""sigma"": 0.5,\n                    ""speedDev"": 0.1,\n                    ""speedFactor"": 1.0,\n                    ""tau"": 1.0\n                },\n                ""speed_mode"": 1\n            },\n            ""initial_speed"": 0,\n            ""lane_change_controller"": [\n                ""SimLaneChangeController"",\n                {}\n            ],\n            ""lane_change_params"": {\n                ""controller_params"": {\n                    ""laneChangeModel"": ""LC2013"",\n                    ""lcCooperative"": ""1.0"",\n                    ""lcKeepRight"": ""1.0"",\n                    ""lcSpeedGain"": ""1.0"",\n                    ""lcStrategic"": ""1.0""\n                },\n                ""lane_change_mode"": 512\n            },\n            ""num_vehicles"": 1,\n            ""routing_controller"": [\n                ""ContinuousRouter"",\n                {}\n            ],\n            ""veh_id"": ""rl""\n        }\n    ]\n}'}, 'env': 'AccelEnv-v0', 'local_evaluator_tf_session_args': {'inter_op_parallelism_threads': 8, 'intra_op_parallelism_threads': 8}, 'model': {'free_log_std': False, 'custom_options': {}, 'framestack': True, 'channel_major': False, 'max_seq_len': 20, 'lstm_use_prev_action_reward': False, 'squash_to_range': False, 'dim': 84, 'grayscale': False, 'fcnet_hiddens': [100, 50, 25], 'use_lstm': False, 'custom_model': None, 'fcnet_activation': 'tanh', 'conv_filters': None, 'conv_activation': 'relu', 'lstm_cell_size': 256, 'zero_mean': True, 'custom_preprocessor': None}, 'output_compress_columns': ['obs', 'new_obs'], 'monitor': False, 'custom_resources_per_worker': {}, 'output_max_file_size': 67108864, 'num_workers': 1, 'clip_param': 0.3, 'kl_coeff': 0.2, 'multiagent': {'policy_graphs': {}, 'policy_mapping_fn': None, 'policies_to_train': None}, 'input_evaluation': None, 'output': None, 'collect_metrics_timeout': 180, 'num_cpus_per_worker': 1}",169.237.32.118,1,1394.28,9.8202543258667,"{'num_steps_sampled': 579200, 'load_time_ms': 1.166, 'default': {'kl': 0.01824141852557659, 'cur_lr': 0.0005000000237487257, 'total_loss': 0.6236464381217957, 'policy_loss': -0.011693421751260757, 'vf_explained_var': 0.980079174041748, 'entropy': 2.022263526916504, 'cur_kl_coeff': 0.27773088216781616, 'vf_loss': 0.6302735209465027}, 'sample_time_ms': 9651.398, 'grad_time_ms': 273.72, 'update_time_ms': 4.631, 'num_steps_trained': 579200}",390.8414048031202,2019-04-02_08-36-36,kronos,71,579200,0,3584.1823902130127,{},579200,362,362,3584.1823902130127,497.51931804559143,1600,1554194196,{},0b32d2eec3344b1fbde4822793b2e447,67.70276554331174
False,446,"{'input': 'sampler', 'callbacks': {'on_train_result': None, 'on_sample_end': None, 'on_episode_step': None, 'on_episode_start': None, 'on_episode_end': None}, 'sample_batch_size': 200, 'clip_actions': False, 'clip_rewards': None, 'tf_session_args': {'inter_op_parallelism_threads': 2, 'intra_op_parallelism_threads': 2, 'device_count': {'CPU': 1}, 'log_device_placement': False, 'allow_soft_placement': True, 'gpu_options': {'allow_growth': True}}, 'kl_target': 0.01, 'horizon': 1500, 'lr': 0.0005, 'sample_async': False, 'simple_optimizer': False, 'compress_observations': False, 'num_envs_per_worker': 1, 'gamma': 0.99, 'sgd_minibatch_size': 128, 'observation_filter': 'NoFilter', 'entropy_coeff': 0.0, 'batch_mode': 'truncate_episodes', 'straggler_mitigation': False, 'vf_share_layers': False, 'num_gpus': 0, 'synchronize_filters': True, 'num_sgd_iter': 10, 'train_batch_size': 1500, 'optimizer': {}, 'num_gpus_per_worker': 0, 'preprocessor_pref': 'deepmind', 'num_cpus_for_driver': 1, 'lr_schedule': None, 'use_gae': True, 'lambda': 0.97, 'vf_loss_coeff': 1.0, 'vf_clip_param': 1000000.0, 'log_level': 'INFO', 'env_config': {'run': 'PPO', 'flow_params': '{\n    ""env"": {\n        ""additional_params"": {\n            ""max_accel"": 3,\n            ""max_decel"": 3,\n            ""sort_vehicles"": false,\n            ""target_velocity"": 20\n        },\n        ""evaluate"": false,\n        ""horizon"": 1500,\n        ""sims_per_step"": 1,\n        ""warmup_steps"": 0\n    },\n    ""env_name"": ""AccelEnv"",\n    ""exp_tag"": ""figure_eight_0"",\n    ""initial"": {\n        ""additional_params"": {},\n        ""bunching"": 0,\n        ""edges_distribution"": ""all"",\n        ""lanes_distribution"": Infinity,\n        ""min_gap"": 0,\n        ""perturbation"": 0.0,\n        ""shuffle"": false,\n        ""spacing"": ""uniform"",\n        ""x0"": 0\n    },\n    ""net"": {\n        ""additional_params"": {\n            ""lanes"": 1,\n            ""radius_ring"": 30,\n            ""resolution"": 40,\n            ""speed_limit"": 30\n        },\n        ""inflows"": {\n            ""_InFlows__flows"": [],\n            ""num_flows"": 0\n        },\n        ""netfile"": null,\n        ""no_internal_links"": false,\n        ""osm_path"": null\n    },\n    ""scenario"": ""Figure8Scenario"",\n    ""sim"": {\n        ""emission_path"": null,\n        ""lateral_resolution"": null,\n        ""no_step_log"": true,\n        ""num_clients"": 1,\n        ""overtake_right"": false,\n        ""port"": null,\n        ""print_warnings"": true,\n        ""pxpm"": 2,\n        ""render"": false,\n        ""restart_instance"": false,\n        ""save_render"": false,\n        ""seed"": null,\n        ""show_radius"": false,\n        ""sight_radius"": 25,\n        ""sim_step"": 0.1,\n        ""teleport_time"": -1\n    },\n    ""simulator"": ""traci"",\n    ""veh"": [\n        {\n            ""acceleration_controller"": [\n                ""IDMController"",\n                {\n                    ""noise"": 0.2\n                }\n            ],\n            ""car_following_params"": {\n                ""controller_params"": {\n                    ""accel"": 1.0,\n                    ""carFollowModel"": ""IDM"",\n                    ""decel"": 1.5,\n                    ""impatience"": 0.5,\n                    ""maxSpeed"": 30,\n                    ""minGap"": 2.5,\n                    ""sigma"": 0.5,\n                    ""speedDev"": 0.1,\n                    ""speedFactor"": 1.0,\n                    ""tau"": 1.0\n                },\n                ""speed_mode"": 1\n            },\n            ""initial_speed"": 0,\n            ""lane_change_controller"": [\n                ""SimLaneChangeController"",\n                {}\n            ],\n            ""lane_change_params"": {\n                ""controller_params"": {\n                    ""laneChangeModel"": ""LC2013"",\n                    ""lcCooperative"": ""1.0"",\n                    ""lcKeepRight"": ""1.0"",\n                    ""lcSpeedGain"": ""1.0"",\n                    ""lcStrategic"": ""1.0""\n                },\n                ""lane_change_mode"": 512\n            },\n            ""num_vehicles"": 13,\n            ""routing_controller"": [\n                ""ContinuousRouter"",\n                {}\n            ],\n            ""veh_id"": ""human""\n        },\n        {\n            ""acceleration_controller"": [\n                ""RLController"",\n                {}\n            ],\n            ""car_following_params"": {\n                ""controller_params"": {\n                    ""accel"": 1.0,\n                    ""carFollowModel"": ""IDM"",\n                    ""decel"": 1.5,\n                    ""impatience"": 0.5,\n                    ""maxSpeed"": 30,\n                    ""minGap"": 2.5,\n                    ""sigma"": 0.5,\n                    ""speedDev"": 0.1,\n                    ""speedFactor"": 1.0,\n                    ""tau"": 1.0\n                },\n                ""speed_mode"": 1\n            },\n            ""initial_speed"": 0,\n            ""lane_change_controller"": [\n                ""SimLaneChangeController"",\n                {}\n            ],\n            ""lane_change_params"": {\n                ""controller_params"": {\n                    ""laneChangeModel"": ""LC2013"",\n                    ""lcCooperative"": ""1.0"",\n                    ""lcKeepRight"": ""1.0"",\n                    ""lcSpeedGain"": ""1.0"",\n                    ""lcStrategic"": ""1.0""\n                },\n                ""lane_change_mode"": 512\n            },\n            ""num_vehicles"": 1,\n            ""routing_controller"": [\n                ""ContinuousRouter"",\n                {}\n            ],\n            ""veh_id"": ""rl""\n        }\n    ]\n}'}, 'env': 'AccelEnv-v0', 'local_evaluator_tf_session_args': {'inter_op_parallelism_threads': 8, 'intra_op_parallelism_threads': 8}, 'model': {'free_log_std': False, 'custom_options': {}, 'framestack': True, 'channel_major': False, 'max_seq_len': 20, 'lstm_use_prev_action_reward': False, 'squash_to_range': False, 'dim': 84, 'grayscale': False, 'fcnet_hiddens': [100, 50, 25], 'use_lstm': False, 'custom_model': None, 'fcnet_activation': 'tanh', 'conv_filters': None, 'conv_activation': 'relu', 'lstm_cell_size': 256, 'zero_mean': True, 'custom_preprocessor': None}, 'output_compress_columns': ['obs', 'new_obs'], 'monitor': False, 'custom_resources_per_worker': {}, 'output_max_file_size': 67108864, 'num_workers': 1, 'clip_param': 0.3, 'kl_coeff': 0.2, 'multiagent': {'policy_graphs': {}, 'policy_mapping_fn': None, 'policies_to_train': None}, 'input_evaluation': None, 'output': None, 'collect_metrics_timeout': 180, 'num_cpus_per_worker': 1}",169.237.32.118,1,1399.74,9.894642353057861,"{'num_steps_sampled': 580800, 'load_time_ms': 1.154, 'default': {'kl': 0.019770914688706398, 'cur_lr': 0.0005000000237487257, 'total_loss': 0.40401968359947205, 'policy_loss': -0.031966447830200195, 'vf_explained_var': 0.9835724830627441, 'entropy': 1.9238977432250977, 'cur_kl_coeff': 0.27773088216781616, 'vf_loss': 0.43049517273902893}, 'sample_time_ms': 9647.514, 'grad_time_ms': 273.17, 'update_time_ms': 4.676, 'num_steps_trained': 580800}",392.1356862279458,2019-04-02_08-36-46,kronos,71,580800,0,3594.0770325660706,{},580800,363,363,3594.0770325660706,497.51931804559143,1600,1554194206,{},0b32d2eec3344b1fbde4822793b2e447,67.70276554331174
False,447,"{'input': 'sampler', 'callbacks': {'on_train_result': None, 'on_sample_end': None, 'on_episode_step': None, 'on_episode_start': None, 'on_episode_end': None}, 'sample_batch_size': 200, 'clip_actions': False, 'clip_rewards': None, 'tf_session_args': {'inter_op_parallelism_threads': 2, 'intra_op_parallelism_threads': 2, 'device_count': {'CPU': 1}, 'log_device_placement': False, 'allow_soft_placement': True, 'gpu_options': {'allow_growth': True}}, 'kl_target': 0.01, 'horizon': 1500, 'lr': 0.0005, 'sample_async': False, 'simple_optimizer': False, 'compress_observations': False, 'num_envs_per_worker': 1, 'gamma': 0.99, 'sgd_minibatch_size': 128, 'observation_filter': 'NoFilter', 'entropy_coeff': 0.0, 'batch_mode': 'truncate_episodes', 'straggler_mitigation': False, 'vf_share_layers': False, 'num_gpus': 0, 'synchronize_filters': True, 'num_sgd_iter': 10, 'train_batch_size': 1500, 'optimizer': {}, 'num_gpus_per_worker': 0, 'preprocessor_pref': 'deepmind', 'num_cpus_for_driver': 1, 'lr_schedule': None, 'use_gae': True, 'lambda': 0.97, 'vf_loss_coeff': 1.0, 'vf_clip_param': 1000000.0, 'log_level': 'INFO', 'env_config': {'run': 'PPO', 'flow_params': '{\n    ""env"": {\n        ""additional_params"": {\n            ""max_accel"": 3,\n            ""max_decel"": 3,\n            ""sort_vehicles"": false,\n            ""target_velocity"": 20\n        },\n        ""evaluate"": false,\n        ""horizon"": 1500,\n        ""sims_per_step"": 1,\n        ""warmup_steps"": 0\n    },\n    ""env_name"": ""AccelEnv"",\n    ""exp_tag"": ""figure_eight_0"",\n    ""initial"": {\n        ""additional_params"": {},\n        ""bunching"": 0,\n        ""edges_distribution"": ""all"",\n        ""lanes_distribution"": Infinity,\n        ""min_gap"": 0,\n        ""perturbation"": 0.0,\n        ""shuffle"": false,\n        ""spacing"": ""uniform"",\n        ""x0"": 0\n    },\n    ""net"": {\n        ""additional_params"": {\n            ""lanes"": 1,\n            ""radius_ring"": 30,\n            ""resolution"": 40,\n            ""speed_limit"": 30\n        },\n        ""inflows"": {\n            ""_InFlows__flows"": [],\n            ""num_flows"": 0\n        },\n        ""netfile"": null,\n        ""no_internal_links"": false,\n        ""osm_path"": null\n    },\n    ""scenario"": ""Figure8Scenario"",\n    ""sim"": {\n        ""emission_path"": null,\n        ""lateral_resolution"": null,\n        ""no_step_log"": true,\n        ""num_clients"": 1,\n        ""overtake_right"": false,\n        ""port"": null,\n        ""print_warnings"": true,\n        ""pxpm"": 2,\n        ""render"": false,\n        ""restart_instance"": false,\n        ""save_render"": false,\n        ""seed"": null,\n        ""show_radius"": false,\n        ""sight_radius"": 25,\n        ""sim_step"": 0.1,\n        ""teleport_time"": -1\n    },\n    ""simulator"": ""traci"",\n    ""veh"": [\n        {\n            ""acceleration_controller"": [\n                ""IDMController"",\n                {\n                    ""noise"": 0.2\n                }\n            ],\n            ""car_following_params"": {\n                ""controller_params"": {\n                    ""accel"": 1.0,\n                    ""carFollowModel"": ""IDM"",\n                    ""decel"": 1.5,\n                    ""impatience"": 0.5,\n                    ""maxSpeed"": 30,\n                    ""minGap"": 2.5,\n                    ""sigma"": 0.5,\n                    ""speedDev"": 0.1,\n                    ""speedFactor"": 1.0,\n                    ""tau"": 1.0\n                },\n                ""speed_mode"": 1\n            },\n            ""initial_speed"": 0,\n            ""lane_change_controller"": [\n                ""SimLaneChangeController"",\n                {}\n            ],\n            ""lane_change_params"": {\n                ""controller_params"": {\n                    ""laneChangeModel"": ""LC2013"",\n                    ""lcCooperative"": ""1.0"",\n                    ""lcKeepRight"": ""1.0"",\n                    ""lcSpeedGain"": ""1.0"",\n                    ""lcStrategic"": ""1.0""\n                },\n                ""lane_change_mode"": 512\n            },\n            ""num_vehicles"": 13,\n            ""routing_controller"": [\n                ""ContinuousRouter"",\n                {}\n            ],\n            ""veh_id"": ""human""\n        },\n        {\n            ""acceleration_controller"": [\n                ""RLController"",\n                {}\n            ],\n            ""car_following_params"": {\n                ""controller_params"": {\n                    ""accel"": 1.0,\n                    ""carFollowModel"": ""IDM"",\n                    ""decel"": 1.5,\n                    ""impatience"": 0.5,\n                    ""maxSpeed"": 30,\n                    ""minGap"": 2.5,\n                    ""sigma"": 0.5,\n                    ""speedDev"": 0.1,\n                    ""speedFactor"": 1.0,\n                    ""tau"": 1.0\n                },\n                ""speed_mode"": 1\n            },\n            ""initial_speed"": 0,\n            ""lane_change_controller"": [\n                ""SimLaneChangeController"",\n                {}\n            ],\n            ""lane_change_params"": {\n                ""controller_params"": {\n                    ""laneChangeModel"": ""LC2013"",\n                    ""lcCooperative"": ""1.0"",\n                    ""lcKeepRight"": ""1.0"",\n                    ""lcSpeedGain"": ""1.0"",\n                    ""lcStrategic"": ""1.0""\n                },\n                ""lane_change_mode"": 512\n            },\n            ""num_vehicles"": 1,\n            ""routing_controller"": [\n                ""ContinuousRouter"",\n                {}\n            ],\n            ""veh_id"": ""rl""\n        }\n    ]\n}'}, 'env': 'AccelEnv-v0', 'local_evaluator_tf_session_args': {'inter_op_parallelism_threads': 8, 'intra_op_parallelism_threads': 8}, 'model': {'free_log_std': False, 'custom_options': {}, 'framestack': True, 'channel_major': False, 'max_seq_len': 20, 'lstm_use_prev_action_reward': False, 'squash_to_range': False, 'dim': 84, 'grayscale': False, 'fcnet_hiddens': [100, 50, 25], 'use_lstm': False, 'custom_model': None, 'fcnet_activation': 'tanh', 'conv_filters': None, 'conv_activation': 'relu', 'lstm_cell_size': 256, 'zero_mean': True, 'custom_preprocessor': None}, 'output_compress_columns': ['obs', 'new_obs'], 'monitor': False, 'custom_resources_per_worker': {}, 'output_max_file_size': 67108864, 'num_workers': 1, 'clip_param': 0.3, 'kl_coeff': 0.2, 'multiagent': {'policy_graphs': {}, 'policy_mapping_fn': None, 'policies_to_train': None}, 'input_evaluation': None, 'output': None, 'collect_metrics_timeout': 180, 'num_cpus_per_worker': 1}",169.237.32.118,1,1399.74,9.880702018737793,"{'num_steps_sampled': 582400, 'load_time_ms': 1.177, 'default': {'kl': 0.006533780600875616, 'cur_lr': 0.0005000000237487257, 'total_loss': 0.46208345890045166, 'policy_loss': 0.00203528325073421, 'vf_explained_var': 0.9825034141540527, 'entropy': 1.9565095901489258, 'cur_kl_coeff': 0.27773088216781616, 'vf_loss': 0.4582335650920868}, 'sample_time_ms': 9635.865, 'grad_time_ms': 274.283, 'update_time_ms': 4.633, 'num_steps_trained': 582400}",391.56920040001665,2019-04-02_08-36-56,kronos,71,582400,0,3603.9577345848083,{},582400,364,364,3603.9577345848083,497.51931804559143,1600,1554194216,{},0b32d2eec3344b1fbde4822793b2e447,67.70276554331174
False,448,"{'input': 'sampler', 'callbacks': {'on_train_result': None, 'on_sample_end': None, 'on_episode_step': None, 'on_episode_start': None, 'on_episode_end': None}, 'sample_batch_size': 200, 'clip_actions': False, 'clip_rewards': None, 'tf_session_args': {'inter_op_parallelism_threads': 2, 'intra_op_parallelism_threads': 2, 'device_count': {'CPU': 1}, 'log_device_placement': False, 'allow_soft_placement': True, 'gpu_options': {'allow_growth': True}}, 'kl_target': 0.01, 'horizon': 1500, 'lr': 0.0005, 'sample_async': False, 'simple_optimizer': False, 'compress_observations': False, 'num_envs_per_worker': 1, 'gamma': 0.99, 'sgd_minibatch_size': 128, 'observation_filter': 'NoFilter', 'entropy_coeff': 0.0, 'batch_mode': 'truncate_episodes', 'straggler_mitigation': False, 'vf_share_layers': False, 'num_gpus': 0, 'synchronize_filters': True, 'num_sgd_iter': 10, 'train_batch_size': 1500, 'optimizer': {}, 'num_gpus_per_worker': 0, 'preprocessor_pref': 'deepmind', 'num_cpus_for_driver': 1, 'lr_schedule': None, 'use_gae': True, 'lambda': 0.97, 'vf_loss_coeff': 1.0, 'vf_clip_param': 1000000.0, 'log_level': 'INFO', 'env_config': {'run': 'PPO', 'flow_params': '{\n    ""env"": {\n        ""additional_params"": {\n            ""max_accel"": 3,\n            ""max_decel"": 3,\n            ""sort_vehicles"": false,\n            ""target_velocity"": 20\n        },\n        ""evaluate"": false,\n        ""horizon"": 1500,\n        ""sims_per_step"": 1,\n        ""warmup_steps"": 0\n    },\n    ""env_name"": ""AccelEnv"",\n    ""exp_tag"": ""figure_eight_0"",\n    ""initial"": {\n        ""additional_params"": {},\n        ""bunching"": 0,\n        ""edges_distribution"": ""all"",\n        ""lanes_distribution"": Infinity,\n        ""min_gap"": 0,\n        ""perturbation"": 0.0,\n        ""shuffle"": false,\n        ""spacing"": ""uniform"",\n        ""x0"": 0\n    },\n    ""net"": {\n        ""additional_params"": {\n            ""lanes"": 1,\n            ""radius_ring"": 30,\n            ""resolution"": 40,\n            ""speed_limit"": 30\n        },\n        ""inflows"": {\n            ""_InFlows__flows"": [],\n            ""num_flows"": 0\n        },\n        ""netfile"": null,\n        ""no_internal_links"": false,\n        ""osm_path"": null\n    },\n    ""scenario"": ""Figure8Scenario"",\n    ""sim"": {\n        ""emission_path"": null,\n        ""lateral_resolution"": null,\n        ""no_step_log"": true,\n        ""num_clients"": 1,\n        ""overtake_right"": false,\n        ""port"": null,\n        ""print_warnings"": true,\n        ""pxpm"": 2,\n        ""render"": false,\n        ""restart_instance"": false,\n        ""save_render"": false,\n        ""seed"": null,\n        ""show_radius"": false,\n        ""sight_radius"": 25,\n        ""sim_step"": 0.1,\n        ""teleport_time"": -1\n    },\n    ""simulator"": ""traci"",\n    ""veh"": [\n        {\n            ""acceleration_controller"": [\n                ""IDMController"",\n                {\n                    ""noise"": 0.2\n                }\n            ],\n            ""car_following_params"": {\n                ""controller_params"": {\n                    ""accel"": 1.0,\n                    ""carFollowModel"": ""IDM"",\n                    ""decel"": 1.5,\n                    ""impatience"": 0.5,\n                    ""maxSpeed"": 30,\n                    ""minGap"": 2.5,\n                    ""sigma"": 0.5,\n                    ""speedDev"": 0.1,\n                    ""speedFactor"": 1.0,\n                    ""tau"": 1.0\n                },\n                ""speed_mode"": 1\n            },\n            ""initial_speed"": 0,\n            ""lane_change_controller"": [\n                ""SimLaneChangeController"",\n                {}\n            ],\n            ""lane_change_params"": {\n                ""controller_params"": {\n                    ""laneChangeModel"": ""LC2013"",\n                    ""lcCooperative"": ""1.0"",\n                    ""lcKeepRight"": ""1.0"",\n                    ""lcSpeedGain"": ""1.0"",\n                    ""lcStrategic"": ""1.0""\n                },\n                ""lane_change_mode"": 512\n            },\n            ""num_vehicles"": 13,\n            ""routing_controller"": [\n                ""ContinuousRouter"",\n                {}\n            ],\n            ""veh_id"": ""human""\n        },\n        {\n            ""acceleration_controller"": [\n                ""RLController"",\n                {}\n            ],\n            ""car_following_params"": {\n                ""controller_params"": {\n                    ""accel"": 1.0,\n                    ""carFollowModel"": ""IDM"",\n                    ""decel"": 1.5,\n                    ""impatience"": 0.5,\n                    ""maxSpeed"": 30,\n                    ""minGap"": 2.5,\n                    ""sigma"": 0.5,\n                    ""speedDev"": 0.1,\n                    ""speedFactor"": 1.0,\n                    ""tau"": 1.0\n                },\n                ""speed_mode"": 1\n            },\n            ""initial_speed"": 0,\n            ""lane_change_controller"": [\n                ""SimLaneChangeController"",\n                {}\n            ],\n            ""lane_change_params"": {\n                ""controller_params"": {\n                    ""laneChangeModel"": ""LC2013"",\n                    ""lcCooperative"": ""1.0"",\n                    ""lcKeepRight"": ""1.0"",\n                    ""lcSpeedGain"": ""1.0"",\n                    ""lcStrategic"": ""1.0""\n                },\n                ""lane_change_mode"": 512\n            },\n            ""num_vehicles"": 1,\n            ""routing_controller"": [\n                ""ContinuousRouter"",\n                {}\n            ],\n            ""veh_id"": ""rl""\n        }\n    ]\n}'}, 'env': 'AccelEnv-v0', 'local_evaluator_tf_session_args': {'inter_op_parallelism_threads': 8, 'intra_op_parallelism_threads': 8}, 'model': {'free_log_std': False, 'custom_options': {}, 'framestack': True, 'channel_major': False, 'max_seq_len': 20, 'lstm_use_prev_action_reward': False, 'squash_to_range': False, 'dim': 84, 'grayscale': False, 'fcnet_hiddens': [100, 50, 25], 'use_lstm': False, 'custom_model': None, 'fcnet_activation': 'tanh', 'conv_filters': None, 'conv_activation': 'relu', 'lstm_cell_size': 256, 'zero_mean': True, 'custom_preprocessor': None}, 'output_compress_columns': ['obs', 'new_obs'], 'monitor': False, 'custom_resources_per_worker': {}, 'output_max_file_size': 67108864, 'num_workers': 1, 'clip_param': 0.3, 'kl_coeff': 0.2, 'multiagent': {'policy_graphs': {}, 'policy_mapping_fn': None, 'policies_to_train': None}, 'input_evaluation': None, 'output': None, 'collect_metrics_timeout': 180, 'num_cpus_per_worker': 1}",169.237.32.118,1,1399.74,9.872100591659546,"{'num_steps_sampled': 584000, 'load_time_ms': 1.169, 'default': {'kl': 0.01943162828683853, 'cur_lr': 0.0005000000237487257, 'total_loss': 0.7145562171936035, 'policy_loss': -0.028590267524123192, 'vf_explained_var': 0.9756286144256592, 'entropy': 2.1636924743652344, 'cur_kl_coeff': 0.27773088216781616, 'vf_loss': 0.7377497553825378}, 'sample_time_ms': 9630.839, 'grad_time_ms': 275.325, 'update_time_ms': 4.715, 'num_steps_trained': 584000}",391.4104299968258,2019-04-02_08-37-06,kronos,71,584000,0,3613.829835176468,{},584000,365,365,3613.829835176468,497.51931804559143,1600,1554194226,{},0b32d2eec3344b1fbde4822793b2e447,67.70276554331174
False,449,"{'input': 'sampler', 'callbacks': {'on_train_result': None, 'on_sample_end': None, 'on_episode_step': None, 'on_episode_start': None, 'on_episode_end': None}, 'sample_batch_size': 200, 'clip_actions': False, 'clip_rewards': None, 'tf_session_args': {'inter_op_parallelism_threads': 2, 'intra_op_parallelism_threads': 2, 'device_count': {'CPU': 1}, 'log_device_placement': False, 'allow_soft_placement': True, 'gpu_options': {'allow_growth': True}}, 'kl_target': 0.01, 'horizon': 1500, 'lr': 0.0005, 'sample_async': False, 'simple_optimizer': False, 'compress_observations': False, 'num_envs_per_worker': 1, 'gamma': 0.99, 'sgd_minibatch_size': 128, 'observation_filter': 'NoFilter', 'entropy_coeff': 0.0, 'batch_mode': 'truncate_episodes', 'straggler_mitigation': False, 'vf_share_layers': False, 'num_gpus': 0, 'synchronize_filters': True, 'num_sgd_iter': 10, 'train_batch_size': 1500, 'optimizer': {}, 'num_gpus_per_worker': 0, 'preprocessor_pref': 'deepmind', 'num_cpus_for_driver': 1, 'lr_schedule': None, 'use_gae': True, 'lambda': 0.97, 'vf_loss_coeff': 1.0, 'vf_clip_param': 1000000.0, 'log_level': 'INFO', 'env_config': {'run': 'PPO', 'flow_params': '{\n    ""env"": {\n        ""additional_params"": {\n            ""max_accel"": 3,\n            ""max_decel"": 3,\n            ""sort_vehicles"": false,\n            ""target_velocity"": 20\n        },\n        ""evaluate"": false,\n        ""horizon"": 1500,\n        ""sims_per_step"": 1,\n        ""warmup_steps"": 0\n    },\n    ""env_name"": ""AccelEnv"",\n    ""exp_tag"": ""figure_eight_0"",\n    ""initial"": {\n        ""additional_params"": {},\n        ""bunching"": 0,\n        ""edges_distribution"": ""all"",\n        ""lanes_distribution"": Infinity,\n        ""min_gap"": 0,\n        ""perturbation"": 0.0,\n        ""shuffle"": false,\n        ""spacing"": ""uniform"",\n        ""x0"": 0\n    },\n    ""net"": {\n        ""additional_params"": {\n            ""lanes"": 1,\n            ""radius_ring"": 30,\n            ""resolution"": 40,\n            ""speed_limit"": 30\n        },\n        ""inflows"": {\n            ""_InFlows__flows"": [],\n            ""num_flows"": 0\n        },\n        ""netfile"": null,\n        ""no_internal_links"": false,\n        ""osm_path"": null\n    },\n    ""scenario"": ""Figure8Scenario"",\n    ""sim"": {\n        ""emission_path"": null,\n        ""lateral_resolution"": null,\n        ""no_step_log"": true,\n        ""num_clients"": 1,\n        ""overtake_right"": false,\n        ""port"": null,\n        ""print_warnings"": true,\n        ""pxpm"": 2,\n        ""render"": false,\n        ""restart_instance"": false,\n        ""save_render"": false,\n        ""seed"": null,\n        ""show_radius"": false,\n        ""sight_radius"": 25,\n        ""sim_step"": 0.1,\n        ""teleport_time"": -1\n    },\n    ""simulator"": ""traci"",\n    ""veh"": [\n        {\n            ""acceleration_controller"": [\n                ""IDMController"",\n                {\n                    ""noise"": 0.2\n                }\n            ],\n            ""car_following_params"": {\n                ""controller_params"": {\n                    ""accel"": 1.0,\n                    ""carFollowModel"": ""IDM"",\n                    ""decel"": 1.5,\n                    ""impatience"": 0.5,\n                    ""maxSpeed"": 30,\n                    ""minGap"": 2.5,\n                    ""sigma"": 0.5,\n                    ""speedDev"": 0.1,\n                    ""speedFactor"": 1.0,\n                    ""tau"": 1.0\n                },\n                ""speed_mode"": 1\n            },\n            ""initial_speed"": 0,\n            ""lane_change_controller"": [\n                ""SimLaneChangeController"",\n                {}\n            ],\n            ""lane_change_params"": {\n                ""controller_params"": {\n                    ""laneChangeModel"": ""LC2013"",\n                    ""lcCooperative"": ""1.0"",\n                    ""lcKeepRight"": ""1.0"",\n                    ""lcSpeedGain"": ""1.0"",\n                    ""lcStrategic"": ""1.0""\n                },\n                ""lane_change_mode"": 512\n            },\n            ""num_vehicles"": 13,\n            ""routing_controller"": [\n                ""ContinuousRouter"",\n                {}\n            ],\n            ""veh_id"": ""human""\n        },\n        {\n            ""acceleration_controller"": [\n                ""RLController"",\n                {}\n            ],\n            ""car_following_params"": {\n                ""controller_params"": {\n                    ""accel"": 1.0,\n                    ""carFollowModel"": ""IDM"",\n                    ""decel"": 1.5,\n                    ""impatience"": 0.5,\n                    ""maxSpeed"": 30,\n                    ""minGap"": 2.5,\n                    ""sigma"": 0.5,\n                    ""speedDev"": 0.1,\n                    ""speedFactor"": 1.0,\n                    ""tau"": 1.0\n                },\n                ""speed_mode"": 1\n            },\n            ""initial_speed"": 0,\n            ""lane_change_controller"": [\n                ""SimLaneChangeController"",\n                {}\n            ],\n            ""lane_change_params"": {\n                ""controller_params"": {\n                    ""laneChangeModel"": ""LC2013"",\n                    ""lcCooperative"": ""1.0"",\n                    ""lcKeepRight"": ""1.0"",\n                    ""lcSpeedGain"": ""1.0"",\n                    ""lcStrategic"": ""1.0""\n                },\n                ""lane_change_mode"": 512\n            },\n            ""num_vehicles"": 1,\n            ""routing_controller"": [\n                ""ContinuousRouter"",\n                {}\n            ],\n            ""veh_id"": ""rl""\n        }\n    ]\n}'}, 'env': 'AccelEnv-v0', 'local_evaluator_tf_session_args': {'inter_op_parallelism_threads': 8, 'intra_op_parallelism_threads': 8}, 'model': {'free_log_std': False, 'custom_options': {}, 'framestack': True, 'channel_major': False, 'max_seq_len': 20, 'lstm_use_prev_action_reward': False, 'squash_to_range': False, 'dim': 84, 'grayscale': False, 'fcnet_hiddens': [100, 50, 25], 'use_lstm': False, 'custom_model': None, 'fcnet_activation': 'tanh', 'conv_filters': None, 'conv_activation': 'relu', 'lstm_cell_size': 256, 'zero_mean': True, 'custom_preprocessor': None}, 'output_compress_columns': ['obs', 'new_obs'], 'monitor': False, 'custom_resources_per_worker': {}, 'output_max_file_size': 67108864, 'num_workers': 1, 'clip_param': 0.3, 'kl_coeff': 0.2, 'multiagent': {'policy_graphs': {}, 'policy_mapping_fn': None, 'policies_to_train': None}, 'input_evaluation': None, 'output': None, 'collect_metrics_timeout': 180, 'num_cpus_per_worker': 1}",169.237.32.118,1,1399.74,9.885329008102417,"{'num_steps_sampled': 585600, 'load_time_ms': 1.176, 'default': {'kl': 0.018718253821134567, 'cur_lr': 0.0005000000237487257, 'total_loss': 1.6468065977096558, 'policy_loss': -0.011295240372419357, 'vf_explained_var': 0.9307031631469727, 'entropy': 2.1188464164733887, 'cur_kl_coeff': 0.27773088216781616, 'vf_loss': 1.6529031991958618}, 'sample_time_ms': 9618.601, 'grad_time_ms': 276.132, 'update_time_ms': 4.713, 'num_steps_trained': 585600}",391.40826682074896,2019-04-02_08-37-16,kronos,71,585600,0,3623.7151641845703,{},585600,366,366,3623.7151641845703,497.51931804559143,1600,1554194236,{},0b32d2eec3344b1fbde4822793b2e447,67.70276554331174
False,450,"{'input': 'sampler', 'callbacks': {'on_train_result': None, 'on_sample_end': None, 'on_episode_step': None, 'on_episode_start': None, 'on_episode_end': None}, 'sample_batch_size': 200, 'clip_actions': False, 'clip_rewards': None, 'tf_session_args': {'inter_op_parallelism_threads': 2, 'intra_op_parallelism_threads': 2, 'device_count': {'CPU': 1}, 'log_device_placement': False, 'allow_soft_placement': True, 'gpu_options': {'allow_growth': True}}, 'kl_target': 0.01, 'horizon': 1500, 'lr': 0.0005, 'sample_async': False, 'simple_optimizer': False, 'compress_observations': False, 'num_envs_per_worker': 1, 'gamma': 0.99, 'sgd_minibatch_size': 128, 'observation_filter': 'NoFilter', 'entropy_coeff': 0.0, 'batch_mode': 'truncate_episodes', 'straggler_mitigation': False, 'vf_share_layers': False, 'num_gpus': 0, 'synchronize_filters': True, 'num_sgd_iter': 10, 'train_batch_size': 1500, 'optimizer': {}, 'num_gpus_per_worker': 0, 'preprocessor_pref': 'deepmind', 'num_cpus_for_driver': 1, 'lr_schedule': None, 'use_gae': True, 'lambda': 0.97, 'vf_loss_coeff': 1.0, 'vf_clip_param': 1000000.0, 'log_level': 'INFO', 'env_config': {'run': 'PPO', 'flow_params': '{\n    ""env"": {\n        ""additional_params"": {\n            ""max_accel"": 3,\n            ""max_decel"": 3,\n            ""sort_vehicles"": false,\n            ""target_velocity"": 20\n        },\n        ""evaluate"": false,\n        ""horizon"": 1500,\n        ""sims_per_step"": 1,\n        ""warmup_steps"": 0\n    },\n    ""env_name"": ""AccelEnv"",\n    ""exp_tag"": ""figure_eight_0"",\n    ""initial"": {\n        ""additional_params"": {},\n        ""bunching"": 0,\n        ""edges_distribution"": ""all"",\n        ""lanes_distribution"": Infinity,\n        ""min_gap"": 0,\n        ""perturbation"": 0.0,\n        ""shuffle"": false,\n        ""spacing"": ""uniform"",\n        ""x0"": 0\n    },\n    ""net"": {\n        ""additional_params"": {\n            ""lanes"": 1,\n            ""radius_ring"": 30,\n            ""resolution"": 40,\n            ""speed_limit"": 30\n        },\n        ""inflows"": {\n            ""_InFlows__flows"": [],\n            ""num_flows"": 0\n        },\n        ""netfile"": null,\n        ""no_internal_links"": false,\n        ""osm_path"": null\n    },\n    ""scenario"": ""Figure8Scenario"",\n    ""sim"": {\n        ""emission_path"": null,\n        ""lateral_resolution"": null,\n        ""no_step_log"": true,\n        ""num_clients"": 1,\n        ""overtake_right"": false,\n        ""port"": null,\n        ""print_warnings"": true,\n        ""pxpm"": 2,\n        ""render"": false,\n        ""restart_instance"": false,\n        ""save_render"": false,\n        ""seed"": null,\n        ""show_radius"": false,\n        ""sight_radius"": 25,\n        ""sim_step"": 0.1,\n        ""teleport_time"": -1\n    },\n    ""simulator"": ""traci"",\n    ""veh"": [\n        {\n            ""acceleration_controller"": [\n                ""IDMController"",\n                {\n                    ""noise"": 0.2\n                }\n            ],\n            ""car_following_params"": {\n                ""controller_params"": {\n                    ""accel"": 1.0,\n                    ""carFollowModel"": ""IDM"",\n                    ""decel"": 1.5,\n                    ""impatience"": 0.5,\n                    ""maxSpeed"": 30,\n                    ""minGap"": 2.5,\n                    ""sigma"": 0.5,\n                    ""speedDev"": 0.1,\n                    ""speedFactor"": 1.0,\n                    ""tau"": 1.0\n                },\n                ""speed_mode"": 1\n            },\n            ""initial_speed"": 0,\n            ""lane_change_controller"": [\n                ""SimLaneChangeController"",\n                {}\n            ],\n            ""lane_change_params"": {\n                ""controller_params"": {\n                    ""laneChangeModel"": ""LC2013"",\n                    ""lcCooperative"": ""1.0"",\n                    ""lcKeepRight"": ""1.0"",\n                    ""lcSpeedGain"": ""1.0"",\n                    ""lcStrategic"": ""1.0""\n                },\n                ""lane_change_mode"": 512\n            },\n            ""num_vehicles"": 13,\n            ""routing_controller"": [\n                ""ContinuousRouter"",\n                {}\n            ],\n            ""veh_id"": ""human""\n        },\n        {\n            ""acceleration_controller"": [\n                ""RLController"",\n                {}\n            ],\n            ""car_following_params"": {\n                ""controller_params"": {\n                    ""accel"": 1.0,\n                    ""carFollowModel"": ""IDM"",\n                    ""decel"": 1.5,\n                    ""impatience"": 0.5,\n                    ""maxSpeed"": 30,\n                    ""minGap"": 2.5,\n                    ""sigma"": 0.5,\n                    ""speedDev"": 0.1,\n                    ""speedFactor"": 1.0,\n                    ""tau"": 1.0\n                },\n                ""speed_mode"": 1\n            },\n            ""initial_speed"": 0,\n            ""lane_change_controller"": [\n                ""SimLaneChangeController"",\n                {}\n            ],\n            ""lane_change_params"": {\n                ""controller_params"": {\n                    ""laneChangeModel"": ""LC2013"",\n                    ""lcCooperative"": ""1.0"",\n                    ""lcKeepRight"": ""1.0"",\n                    ""lcSpeedGain"": ""1.0"",\n                    ""lcStrategic"": ""1.0""\n                },\n                ""lane_change_mode"": 512\n            },\n            ""num_vehicles"": 1,\n            ""routing_controller"": [\n                ""ContinuousRouter"",\n                {}\n            ],\n            ""veh_id"": ""rl""\n        }\n    ]\n}'}, 'env': 'AccelEnv-v0', 'local_evaluator_tf_session_args': {'inter_op_parallelism_threads': 8, 'intra_op_parallelism_threads': 8}, 'model': {'free_log_std': False, 'custom_options': {}, 'framestack': True, 'channel_major': False, 'max_seq_len': 20, 'lstm_use_prev_action_reward': False, 'squash_to_range': False, 'dim': 84, 'grayscale': False, 'fcnet_hiddens': [100, 50, 25], 'use_lstm': False, 'custom_model': None, 'fcnet_activation': 'tanh', 'conv_filters': None, 'conv_activation': 'relu', 'lstm_cell_size': 256, 'zero_mean': True, 'custom_preprocessor': None}, 'output_compress_columns': ['obs', 'new_obs'], 'monitor': False, 'custom_resources_per_worker': {}, 'output_max_file_size': 67108864, 'num_workers': 1, 'clip_param': 0.3, 'kl_coeff': 0.2, 'multiagent': {'policy_graphs': {}, 'policy_mapping_fn': None, 'policies_to_train': None}, 'input_evaluation': None, 'output': None, 'collect_metrics_timeout': 180, 'num_cpus_per_worker': 1}",169.237.32.118,1,1399.74,9.824978828430176,"{'num_steps_sampled': 587200, 'load_time_ms': 1.19, 'default': {'kl': 0.008313163183629513, 'cur_lr': 0.0005000000237487257, 'total_loss': 1.3560117483139038, 'policy_loss': -0.008517787791788578, 'vf_explained_var': 0.9606117606163025, 'entropy': 2.093505620956421, 'cur_kl_coeff': 0.27773088216781616, 'vf_loss': 1.3622206449508667}, 'sample_time_ms': 9606.828, 'grad_time_ms': 274.749, 'update_time_ms': 4.903, 'num_steps_trained': 587200}",391.39140881872265,2019-04-02_08-37-25,kronos,71,587200,0,3633.5401430130005,{},587200,367,367,3633.5401430130005,497.51931804559143,1600,1554194245,{},0b32d2eec3344b1fbde4822793b2e447,67.70276554331174
False,451,"{'input': 'sampler', 'callbacks': {'on_train_result': None, 'on_sample_end': None, 'on_episode_step': None, 'on_episode_start': None, 'on_episode_end': None}, 'sample_batch_size': 200, 'clip_actions': False, 'clip_rewards': None, 'tf_session_args': {'inter_op_parallelism_threads': 2, 'intra_op_parallelism_threads': 2, 'device_count': {'CPU': 1}, 'log_device_placement': False, 'allow_soft_placement': True, 'gpu_options': {'allow_growth': True}}, 'kl_target': 0.01, 'horizon': 1500, 'lr': 0.0005, 'sample_async': False, 'simple_optimizer': False, 'compress_observations': False, 'num_envs_per_worker': 1, 'gamma': 0.99, 'sgd_minibatch_size': 128, 'observation_filter': 'NoFilter', 'entropy_coeff': 0.0, 'batch_mode': 'truncate_episodes', 'straggler_mitigation': False, 'vf_share_layers': False, 'num_gpus': 0, 'synchronize_filters': True, 'num_sgd_iter': 10, 'train_batch_size': 1500, 'optimizer': {}, 'num_gpus_per_worker': 0, 'preprocessor_pref': 'deepmind', 'num_cpus_for_driver': 1, 'lr_schedule': None, 'use_gae': True, 'lambda': 0.97, 'vf_loss_coeff': 1.0, 'vf_clip_param': 1000000.0, 'log_level': 'INFO', 'env_config': {'run': 'PPO', 'flow_params': '{\n    ""env"": {\n        ""additional_params"": {\n            ""max_accel"": 3,\n            ""max_decel"": 3,\n            ""sort_vehicles"": false,\n            ""target_velocity"": 20\n        },\n        ""evaluate"": false,\n        ""horizon"": 1500,\n        ""sims_per_step"": 1,\n        ""warmup_steps"": 0\n    },\n    ""env_name"": ""AccelEnv"",\n    ""exp_tag"": ""figure_eight_0"",\n    ""initial"": {\n        ""additional_params"": {},\n        ""bunching"": 0,\n        ""edges_distribution"": ""all"",\n        ""lanes_distribution"": Infinity,\n        ""min_gap"": 0,\n        ""perturbation"": 0.0,\n        ""shuffle"": false,\n        ""spacing"": ""uniform"",\n        ""x0"": 0\n    },\n    ""net"": {\n        ""additional_params"": {\n            ""lanes"": 1,\n            ""radius_ring"": 30,\n            ""resolution"": 40,\n            ""speed_limit"": 30\n        },\n        ""inflows"": {\n            ""_InFlows__flows"": [],\n            ""num_flows"": 0\n        },\n        ""netfile"": null,\n        ""no_internal_links"": false,\n        ""osm_path"": null\n    },\n    ""scenario"": ""Figure8Scenario"",\n    ""sim"": {\n        ""emission_path"": null,\n        ""lateral_resolution"": null,\n        ""no_step_log"": true,\n        ""num_clients"": 1,\n        ""overtake_right"": false,\n        ""port"": null,\n        ""print_warnings"": true,\n        ""pxpm"": 2,\n        ""render"": false,\n        ""restart_instance"": false,\n        ""save_render"": false,\n        ""seed"": null,\n        ""show_radius"": false,\n        ""sight_radius"": 25,\n        ""sim_step"": 0.1,\n        ""teleport_time"": -1\n    },\n    ""simulator"": ""traci"",\n    ""veh"": [\n        {\n            ""acceleration_controller"": [\n                ""IDMController"",\n                {\n                    ""noise"": 0.2\n                }\n            ],\n            ""car_following_params"": {\n                ""controller_params"": {\n                    ""accel"": 1.0,\n                    ""carFollowModel"": ""IDM"",\n                    ""decel"": 1.5,\n                    ""impatience"": 0.5,\n                    ""maxSpeed"": 30,\n                    ""minGap"": 2.5,\n                    ""sigma"": 0.5,\n                    ""speedDev"": 0.1,\n                    ""speedFactor"": 1.0,\n                    ""tau"": 1.0\n                },\n                ""speed_mode"": 1\n            },\n            ""initial_speed"": 0,\n            ""lane_change_controller"": [\n                ""SimLaneChangeController"",\n                {}\n            ],\n            ""lane_change_params"": {\n                ""controller_params"": {\n                    ""laneChangeModel"": ""LC2013"",\n                    ""lcCooperative"": ""1.0"",\n                    ""lcKeepRight"": ""1.0"",\n                    ""lcSpeedGain"": ""1.0"",\n                    ""lcStrategic"": ""1.0""\n                },\n                ""lane_change_mode"": 512\n            },\n            ""num_vehicles"": 13,\n            ""routing_controller"": [\n                ""ContinuousRouter"",\n                {}\n            ],\n            ""veh_id"": ""human""\n        },\n        {\n            ""acceleration_controller"": [\n                ""RLController"",\n                {}\n            ],\n            ""car_following_params"": {\n                ""controller_params"": {\n                    ""accel"": 1.0,\n                    ""carFollowModel"": ""IDM"",\n                    ""decel"": 1.5,\n                    ""impatience"": 0.5,\n                    ""maxSpeed"": 30,\n                    ""minGap"": 2.5,\n                    ""sigma"": 0.5,\n                    ""speedDev"": 0.1,\n                    ""speedFactor"": 1.0,\n                    ""tau"": 1.0\n                },\n                ""speed_mode"": 1\n            },\n            ""initial_speed"": 0,\n            ""lane_change_controller"": [\n                ""SimLaneChangeController"",\n                {}\n            ],\n            ""lane_change_params"": {\n                ""controller_params"": {\n                    ""laneChangeModel"": ""LC2013"",\n                    ""lcCooperative"": ""1.0"",\n                    ""lcKeepRight"": ""1.0"",\n                    ""lcSpeedGain"": ""1.0"",\n                    ""lcStrategic"": ""1.0""\n                },\n                ""lane_change_mode"": 512\n            },\n            ""num_vehicles"": 1,\n            ""routing_controller"": [\n                ""ContinuousRouter"",\n                {}\n            ],\n            ""veh_id"": ""rl""\n        }\n    ]\n}'}, 'env': 'AccelEnv-v0', 'local_evaluator_tf_session_args': {'inter_op_parallelism_threads': 8, 'intra_op_parallelism_threads': 8}, 'model': {'free_log_std': False, 'custom_options': {}, 'framestack': True, 'channel_major': False, 'max_seq_len': 20, 'lstm_use_prev_action_reward': False, 'squash_to_range': False, 'dim': 84, 'grayscale': False, 'fcnet_hiddens': [100, 50, 25], 'use_lstm': False, 'custom_model': None, 'fcnet_activation': 'tanh', 'conv_filters': None, 'conv_activation': 'relu', 'lstm_cell_size': 256, 'zero_mean': True, 'custom_preprocessor': None}, 'output_compress_columns': ['obs', 'new_obs'], 'monitor': False, 'custom_resources_per_worker': {}, 'output_max_file_size': 67108864, 'num_workers': 1, 'clip_param': 0.3, 'kl_coeff': 0.2, 'multiagent': {'policy_graphs': {}, 'policy_mapping_fn': None, 'policies_to_train': None}, 'input_evaluation': None, 'output': None, 'collect_metrics_timeout': 180, 'num_cpus_per_worker': 1}",169.237.32.118,1,1396.0,9.827224254608154,"{'num_steps_sampled': 588800, 'load_time_ms': 1.218, 'default': {'kl': 0.021250009536743164, 'cur_lr': 0.0005000000237487257, 'total_loss': 1.0069952011108398, 'policy_loss': -0.02662026323378086, 'vf_explained_var': 0.9815884232521057, 'entropy': 2.150843858718872, 'cur_kl_coeff': 0.27773088216781616, 'vf_loss': 1.027713656425476}, 'sample_time_ms': 9595.444, 'grad_time_ms': 274.94, 'update_time_ms': 4.875, 'num_steps_trained': 588800}",389.68148587539423,2019-04-02_08-37-35,kronos,71,588800,0,3643.3673672676086,{},588800,368,368,3643.3673672676086,497.51931804559143,1600,1554194255,{},0b32d2eec3344b1fbde4822793b2e447,67.70276554331174
False,452,"{'input': 'sampler', 'callbacks': {'on_train_result': None, 'on_sample_end': None, 'on_episode_step': None, 'on_episode_start': None, 'on_episode_end': None}, 'sample_batch_size': 200, 'clip_actions': False, 'clip_rewards': None, 'tf_session_args': {'inter_op_parallelism_threads': 2, 'intra_op_parallelism_threads': 2, 'device_count': {'CPU': 1}, 'log_device_placement': False, 'allow_soft_placement': True, 'gpu_options': {'allow_growth': True}}, 'kl_target': 0.01, 'horizon': 1500, 'lr': 0.0005, 'sample_async': False, 'simple_optimizer': False, 'compress_observations': False, 'num_envs_per_worker': 1, 'gamma': 0.99, 'sgd_minibatch_size': 128, 'observation_filter': 'NoFilter', 'entropy_coeff': 0.0, 'batch_mode': 'truncate_episodes', 'straggler_mitigation': False, 'vf_share_layers': False, 'num_gpus': 0, 'synchronize_filters': True, 'num_sgd_iter': 10, 'train_batch_size': 1500, 'optimizer': {}, 'num_gpus_per_worker': 0, 'preprocessor_pref': 'deepmind', 'num_cpus_for_driver': 1, 'lr_schedule': None, 'use_gae': True, 'lambda': 0.97, 'vf_loss_coeff': 1.0, 'vf_clip_param': 1000000.0, 'log_level': 'INFO', 'env_config': {'run': 'PPO', 'flow_params': '{\n    ""env"": {\n        ""additional_params"": {\n            ""max_accel"": 3,\n            ""max_decel"": 3,\n            ""sort_vehicles"": false,\n            ""target_velocity"": 20\n        },\n        ""evaluate"": false,\n        ""horizon"": 1500,\n        ""sims_per_step"": 1,\n        ""warmup_steps"": 0\n    },\n    ""env_name"": ""AccelEnv"",\n    ""exp_tag"": ""figure_eight_0"",\n    ""initial"": {\n        ""additional_params"": {},\n        ""bunching"": 0,\n        ""edges_distribution"": ""all"",\n        ""lanes_distribution"": Infinity,\n        ""min_gap"": 0,\n        ""perturbation"": 0.0,\n        ""shuffle"": false,\n        ""spacing"": ""uniform"",\n        ""x0"": 0\n    },\n    ""net"": {\n        ""additional_params"": {\n            ""lanes"": 1,\n            ""radius_ring"": 30,\n            ""resolution"": 40,\n            ""speed_limit"": 30\n        },\n        ""inflows"": {\n            ""_InFlows__flows"": [],\n            ""num_flows"": 0\n        },\n        ""netfile"": null,\n        ""no_internal_links"": false,\n        ""osm_path"": null\n    },\n    ""scenario"": ""Figure8Scenario"",\n    ""sim"": {\n        ""emission_path"": null,\n        ""lateral_resolution"": null,\n        ""no_step_log"": true,\n        ""num_clients"": 1,\n        ""overtake_right"": false,\n        ""port"": null,\n        ""print_warnings"": true,\n        ""pxpm"": 2,\n        ""render"": false,\n        ""restart_instance"": false,\n        ""save_render"": false,\n        ""seed"": null,\n        ""show_radius"": false,\n        ""sight_radius"": 25,\n        ""sim_step"": 0.1,\n        ""teleport_time"": -1\n    },\n    ""simulator"": ""traci"",\n    ""veh"": [\n        {\n            ""acceleration_controller"": [\n                ""IDMController"",\n                {\n                    ""noise"": 0.2\n                }\n            ],\n            ""car_following_params"": {\n                ""controller_params"": {\n                    ""accel"": 1.0,\n                    ""carFollowModel"": ""IDM"",\n                    ""decel"": 1.5,\n                    ""impatience"": 0.5,\n                    ""maxSpeed"": 30,\n                    ""minGap"": 2.5,\n                    ""sigma"": 0.5,\n                    ""speedDev"": 0.1,\n                    ""speedFactor"": 1.0,\n                    ""tau"": 1.0\n                },\n                ""speed_mode"": 1\n            },\n            ""initial_speed"": 0,\n            ""lane_change_controller"": [\n                ""SimLaneChangeController"",\n                {}\n            ],\n            ""lane_change_params"": {\n                ""controller_params"": {\n                    ""laneChangeModel"": ""LC2013"",\n                    ""lcCooperative"": ""1.0"",\n                    ""lcKeepRight"": ""1.0"",\n                    ""lcSpeedGain"": ""1.0"",\n                    ""lcStrategic"": ""1.0""\n                },\n                ""lane_change_mode"": 512\n            },\n            ""num_vehicles"": 13,\n            ""routing_controller"": [\n                ""ContinuousRouter"",\n                {}\n            ],\n            ""veh_id"": ""human""\n        },\n        {\n            ""acceleration_controller"": [\n                ""RLController"",\n                {}\n            ],\n            ""car_following_params"": {\n                ""controller_params"": {\n                    ""accel"": 1.0,\n                    ""carFollowModel"": ""IDM"",\n                    ""decel"": 1.5,\n                    ""impatience"": 0.5,\n                    ""maxSpeed"": 30,\n                    ""minGap"": 2.5,\n                    ""sigma"": 0.5,\n                    ""speedDev"": 0.1,\n                    ""speedFactor"": 1.0,\n                    ""tau"": 1.0\n                },\n                ""speed_mode"": 1\n            },\n            ""initial_speed"": 0,\n            ""lane_change_controller"": [\n                ""SimLaneChangeController"",\n                {}\n            ],\n            ""lane_change_params"": {\n                ""controller_params"": {\n                    ""laneChangeModel"": ""LC2013"",\n                    ""lcCooperative"": ""1.0"",\n                    ""lcKeepRight"": ""1.0"",\n                    ""lcSpeedGain"": ""1.0"",\n                    ""lcStrategic"": ""1.0""\n                },\n                ""lane_change_mode"": 512\n            },\n            ""num_vehicles"": 1,\n            ""routing_controller"": [\n                ""ContinuousRouter"",\n                {}\n            ],\n            ""veh_id"": ""rl""\n        }\n    ]\n}'}, 'env': 'AccelEnv-v0', 'local_evaluator_tf_session_args': {'inter_op_parallelism_threads': 8, 'intra_op_parallelism_threads': 8}, 'model': {'free_log_std': False, 'custom_options': {}, 'framestack': True, 'channel_major': False, 'max_seq_len': 20, 'lstm_use_prev_action_reward': False, 'squash_to_range': False, 'dim': 84, 'grayscale': False, 'fcnet_hiddens': [100, 50, 25], 'use_lstm': False, 'custom_model': None, 'fcnet_activation': 'tanh', 'conv_filters': None, 'conv_activation': 'relu', 'lstm_cell_size': 256, 'zero_mean': True, 'custom_preprocessor': None}, 'output_compress_columns': ['obs', 'new_obs'], 'monitor': False, 'custom_resources_per_worker': {}, 'output_max_file_size': 67108864, 'num_workers': 1, 'clip_param': 0.3, 'kl_coeff': 0.2, 'multiagent': {'policy_graphs': {}, 'policy_mapping_fn': None, 'policies_to_train': None}, 'input_evaluation': None, 'output': None, 'collect_metrics_timeout': 180, 'num_cpus_per_worker': 1}",169.237.32.118,1,1396.0,9.820303678512573,"{'num_steps_sampled': 590400, 'load_time_ms': 1.183, 'default': {'kl': 0.01912299171090126, 'cur_lr': 0.0005000000237487257, 'total_loss': 0.45434892177581787, 'policy_loss': -0.02799784392118454, 'vf_explained_var': 0.989156186580658, 'entropy': 2.0458667278289795, 'cur_kl_coeff': 0.41659632325172424, 'vf_loss': 0.47438016533851624}, 'sample_time_ms': 9575.789, 'grad_time_ms': 273.693, 'update_time_ms': 4.934, 'num_steps_trained': 590400}",389.37904668981434,2019-04-02_08-37-45,kronos,71,590400,0,3653.187670946121,{},590400,369,369,3653.187670946121,497.51931804559143,1600,1554194265,{},0b32d2eec3344b1fbde4822793b2e447,67.70276554331174
False,454,"{'input': 'sampler', 'callbacks': {'on_train_result': None, 'on_sample_end': None, 'on_episode_step': None, 'on_episode_start': None, 'on_episode_end': None}, 'sample_batch_size': 200, 'clip_actions': False, 'clip_rewards': None, 'tf_session_args': {'inter_op_parallelism_threads': 2, 'intra_op_parallelism_threads': 2, 'device_count': {'CPU': 1}, 'log_device_placement': False, 'allow_soft_placement': True, 'gpu_options': {'allow_growth': True}}, 'kl_target': 0.01, 'horizon': 1500, 'lr': 0.0005, 'sample_async': False, 'simple_optimizer': False, 'compress_observations': False, 'num_envs_per_worker': 1, 'gamma': 0.99, 'sgd_minibatch_size': 128, 'observation_filter': 'NoFilter', 'entropy_coeff': 0.0, 'batch_mode': 'truncate_episodes', 'straggler_mitigation': False, 'vf_share_layers': False, 'num_gpus': 0, 'synchronize_filters': True, 'num_sgd_iter': 10, 'train_batch_size': 1500, 'optimizer': {}, 'num_gpus_per_worker': 0, 'preprocessor_pref': 'deepmind', 'num_cpus_for_driver': 1, 'lr_schedule': None, 'use_gae': True, 'lambda': 0.97, 'vf_loss_coeff': 1.0, 'vf_clip_param': 1000000.0, 'log_level': 'INFO', 'env_config': {'run': 'PPO', 'flow_params': '{\n    ""env"": {\n        ""additional_params"": {\n            ""max_accel"": 3,\n            ""max_decel"": 3,\n            ""sort_vehicles"": false,\n            ""target_velocity"": 20\n        },\n        ""evaluate"": false,\n        ""horizon"": 1500,\n        ""sims_per_step"": 1,\n        ""warmup_steps"": 0\n    },\n    ""env_name"": ""AccelEnv"",\n    ""exp_tag"": ""figure_eight_0"",\n    ""initial"": {\n        ""additional_params"": {},\n        ""bunching"": 0,\n        ""edges_distribution"": ""all"",\n        ""lanes_distribution"": Infinity,\n        ""min_gap"": 0,\n        ""perturbation"": 0.0,\n        ""shuffle"": false,\n        ""spacing"": ""uniform"",\n        ""x0"": 0\n    },\n    ""net"": {\n        ""additional_params"": {\n            ""lanes"": 1,\n            ""radius_ring"": 30,\n            ""resolution"": 40,\n            ""speed_limit"": 30\n        },\n        ""inflows"": {\n            ""_InFlows__flows"": [],\n            ""num_flows"": 0\n        },\n        ""netfile"": null,\n        ""no_internal_links"": false,\n        ""osm_path"": null\n    },\n    ""scenario"": ""Figure8Scenario"",\n    ""sim"": {\n        ""emission_path"": null,\n        ""lateral_resolution"": null,\n        ""no_step_log"": true,\n        ""num_clients"": 1,\n        ""overtake_right"": false,\n        ""port"": null,\n        ""print_warnings"": true,\n        ""pxpm"": 2,\n        ""render"": false,\n        ""restart_instance"": false,\n        ""save_render"": false,\n        ""seed"": null,\n        ""show_radius"": false,\n        ""sight_radius"": 25,\n        ""sim_step"": 0.1,\n        ""teleport_time"": -1\n    },\n    ""simulator"": ""traci"",\n    ""veh"": [\n        {\n            ""acceleration_controller"": [\n                ""IDMController"",\n                {\n                    ""noise"": 0.2\n                }\n            ],\n            ""car_following_params"": {\n                ""controller_params"": {\n                    ""accel"": 1.0,\n                    ""carFollowModel"": ""IDM"",\n                    ""decel"": 1.5,\n                    ""impatience"": 0.5,\n                    ""maxSpeed"": 30,\n                    ""minGap"": 2.5,\n                    ""sigma"": 0.5,\n                    ""speedDev"": 0.1,\n                    ""speedFactor"": 1.0,\n                    ""tau"": 1.0\n                },\n                ""speed_mode"": 1\n            },\n            ""initial_speed"": 0,\n            ""lane_change_controller"": [\n                ""SimLaneChangeController"",\n                {}\n            ],\n            ""lane_change_params"": {\n                ""controller_params"": {\n                    ""laneChangeModel"": ""LC2013"",\n                    ""lcCooperative"": ""1.0"",\n                    ""lcKeepRight"": ""1.0"",\n                    ""lcSpeedGain"": ""1.0"",\n                    ""lcStrategic"": ""1.0""\n                },\n                ""lane_change_mode"": 512\n            },\n            ""num_vehicles"": 13,\n            ""routing_controller"": [\n                ""ContinuousRouter"",\n                {}\n            ],\n            ""veh_id"": ""human""\n        },\n        {\n            ""acceleration_controller"": [\n                ""RLController"",\n                {}\n            ],\n            ""car_following_params"": {\n                ""controller_params"": {\n                    ""accel"": 1.0,\n                    ""carFollowModel"": ""IDM"",\n                    ""decel"": 1.5,\n                    ""impatience"": 0.5,\n                    ""maxSpeed"": 30,\n                    ""minGap"": 2.5,\n                    ""sigma"": 0.5,\n                    ""speedDev"": 0.1,\n                    ""speedFactor"": 1.0,\n                    ""tau"": 1.0\n                },\n                ""speed_mode"": 1\n            },\n            ""initial_speed"": 0,\n            ""lane_change_controller"": [\n                ""SimLaneChangeController"",\n                {}\n            ],\n            ""lane_change_params"": {\n                ""controller_params"": {\n                    ""laneChangeModel"": ""LC2013"",\n                    ""lcCooperative"": ""1.0"",\n                    ""lcKeepRight"": ""1.0"",\n                    ""lcSpeedGain"": ""1.0"",\n                    ""lcStrategic"": ""1.0""\n                },\n                ""lane_change_mode"": 512\n            },\n            ""num_vehicles"": 1,\n            ""routing_controller"": [\n                ""ContinuousRouter"",\n                {}\n            ],\n            ""veh_id"": ""rl""\n        }\n    ]\n}'}, 'env': 'AccelEnv-v0', 'local_evaluator_tf_session_args': {'inter_op_parallelism_threads': 8, 'intra_op_parallelism_threads': 8}, 'model': {'free_log_std': False, 'custom_options': {}, 'framestack': True, 'channel_major': False, 'max_seq_len': 20, 'lstm_use_prev_action_reward': False, 'squash_to_range': False, 'dim': 84, 'grayscale': False, 'fcnet_hiddens': [100, 50, 25], 'use_lstm': False, 'custom_model': None, 'fcnet_activation': 'tanh', 'conv_filters': None, 'conv_activation': 'relu', 'lstm_cell_size': 256, 'zero_mean': True, 'custom_preprocessor': None}, 'output_compress_columns': ['obs', 'new_obs'], 'monitor': False, 'custom_resources_per_worker': {}, 'output_max_file_size': 67108864, 'num_workers': 1, 'clip_param': 0.3, 'kl_coeff': 0.2, 'multiagent': {'policy_graphs': {}, 'policy_mapping_fn': None, 'policies_to_train': None}, 'input_evaluation': None, 'output': None, 'collect_metrics_timeout': 180, 'num_cpus_per_worker': 1}",169.237.32.118,2,1396.0,9.953716039657593,"{'num_steps_sampled': 592000, 'load_time_ms': 1.195, 'default': {'kl': 0.016070809215307236, 'cur_lr': 0.0005000000237487257, 'total_loss': 0.38138675689697266, 'policy_loss': -0.024246444925665855, 'vf_explained_var': 0.9872137904167175, 'entropy': 2.070772409439087, 'cur_kl_coeff': 0.41659632325172424, 'vf_loss': 0.3989380896091461}, 'sample_time_ms': 9577.168, 'grad_time_ms': 274.768, 'update_time_ms': 4.882, 'num_steps_trained': 592000}",389.23828412247656,2019-04-02_08-37-55,kronos,71,592000,0,3663.141386985779,{},592000,370,370,3663.141386985779,497.51931804559143,1600,1554194275,{},0b32d2eec3344b1fbde4822793b2e447,67.70276554331174
False,455,"{'input': 'sampler', 'callbacks': {'on_train_result': None, 'on_sample_end': None, 'on_episode_step': None, 'on_episode_start': None, 'on_episode_end': None}, 'sample_batch_size': 200, 'clip_actions': False, 'clip_rewards': None, 'tf_session_args': {'inter_op_parallelism_threads': 2, 'intra_op_parallelism_threads': 2, 'device_count': {'CPU': 1}, 'log_device_placement': False, 'allow_soft_placement': True, 'gpu_options': {'allow_growth': True}}, 'kl_target': 0.01, 'horizon': 1500, 'lr': 0.0005, 'sample_async': False, 'simple_optimizer': False, 'compress_observations': False, 'num_envs_per_worker': 1, 'gamma': 0.99, 'sgd_minibatch_size': 128, 'observation_filter': 'NoFilter', 'entropy_coeff': 0.0, 'batch_mode': 'truncate_episodes', 'straggler_mitigation': False, 'vf_share_layers': False, 'num_gpus': 0, 'synchronize_filters': True, 'num_sgd_iter': 10, 'train_batch_size': 1500, 'optimizer': {}, 'num_gpus_per_worker': 0, 'preprocessor_pref': 'deepmind', 'num_cpus_for_driver': 1, 'lr_schedule': None, 'use_gae': True, 'lambda': 0.97, 'vf_loss_coeff': 1.0, 'vf_clip_param': 1000000.0, 'log_level': 'INFO', 'env_config': {'run': 'PPO', 'flow_params': '{\n    ""env"": {\n        ""additional_params"": {\n            ""max_accel"": 3,\n            ""max_decel"": 3,\n            ""sort_vehicles"": false,\n            ""target_velocity"": 20\n        },\n        ""evaluate"": false,\n        ""horizon"": 1500,\n        ""sims_per_step"": 1,\n        ""warmup_steps"": 0\n    },\n    ""env_name"": ""AccelEnv"",\n    ""exp_tag"": ""figure_eight_0"",\n    ""initial"": {\n        ""additional_params"": {},\n        ""bunching"": 0,\n        ""edges_distribution"": ""all"",\n        ""lanes_distribution"": Infinity,\n        ""min_gap"": 0,\n        ""perturbation"": 0.0,\n        ""shuffle"": false,\n        ""spacing"": ""uniform"",\n        ""x0"": 0\n    },\n    ""net"": {\n        ""additional_params"": {\n            ""lanes"": 1,\n            ""radius_ring"": 30,\n            ""resolution"": 40,\n            ""speed_limit"": 30\n        },\n        ""inflows"": {\n            ""_InFlows__flows"": [],\n            ""num_flows"": 0\n        },\n        ""netfile"": null,\n        ""no_internal_links"": false,\n        ""osm_path"": null\n    },\n    ""scenario"": ""Figure8Scenario"",\n    ""sim"": {\n        ""emission_path"": null,\n        ""lateral_resolution"": null,\n        ""no_step_log"": true,\n        ""num_clients"": 1,\n        ""overtake_right"": false,\n        ""port"": null,\n        ""print_warnings"": true,\n        ""pxpm"": 2,\n        ""render"": false,\n        ""restart_instance"": false,\n        ""save_render"": false,\n        ""seed"": null,\n        ""show_radius"": false,\n        ""sight_radius"": 25,\n        ""sim_step"": 0.1,\n        ""teleport_time"": -1\n    },\n    ""simulator"": ""traci"",\n    ""veh"": [\n        {\n            ""acceleration_controller"": [\n                ""IDMController"",\n                {\n                    ""noise"": 0.2\n                }\n            ],\n            ""car_following_params"": {\n                ""controller_params"": {\n                    ""accel"": 1.0,\n                    ""carFollowModel"": ""IDM"",\n                    ""decel"": 1.5,\n                    ""impatience"": 0.5,\n                    ""maxSpeed"": 30,\n                    ""minGap"": 2.5,\n                    ""sigma"": 0.5,\n                    ""speedDev"": 0.1,\n                    ""speedFactor"": 1.0,\n                    ""tau"": 1.0\n                },\n                ""speed_mode"": 1\n            },\n            ""initial_speed"": 0,\n            ""lane_change_controller"": [\n                ""SimLaneChangeController"",\n                {}\n            ],\n            ""lane_change_params"": {\n                ""controller_params"": {\n                    ""laneChangeModel"": ""LC2013"",\n                    ""lcCooperative"": ""1.0"",\n                    ""lcKeepRight"": ""1.0"",\n                    ""lcSpeedGain"": ""1.0"",\n                    ""lcStrategic"": ""1.0""\n                },\n                ""lane_change_mode"": 512\n            },\n            ""num_vehicles"": 13,\n            ""routing_controller"": [\n                ""ContinuousRouter"",\n                {}\n            ],\n            ""veh_id"": ""human""\n        },\n        {\n            ""acceleration_controller"": [\n                ""RLController"",\n                {}\n            ],\n            ""car_following_params"": {\n                ""controller_params"": {\n                    ""accel"": 1.0,\n                    ""carFollowModel"": ""IDM"",\n                    ""decel"": 1.5,\n                    ""impatience"": 0.5,\n                    ""maxSpeed"": 30,\n                    ""minGap"": 2.5,\n                    ""sigma"": 0.5,\n                    ""speedDev"": 0.1,\n                    ""speedFactor"": 1.0,\n                    ""tau"": 1.0\n                },\n                ""speed_mode"": 1\n            },\n            ""initial_speed"": 0,\n            ""lane_change_controller"": [\n                ""SimLaneChangeController"",\n                {}\n            ],\n            ""lane_change_params"": {\n                ""controller_params"": {\n                    ""laneChangeModel"": ""LC2013"",\n                    ""lcCooperative"": ""1.0"",\n                    ""lcKeepRight"": ""1.0"",\n                    ""lcSpeedGain"": ""1.0"",\n                    ""lcStrategic"": ""1.0""\n                },\n                ""lane_change_mode"": 512\n            },\n            ""num_vehicles"": 1,\n            ""routing_controller"": [\n                ""ContinuousRouter"",\n                {}\n            ],\n            ""veh_id"": ""rl""\n        }\n    ]\n}'}, 'env': 'AccelEnv-v0', 'local_evaluator_tf_session_args': {'inter_op_parallelism_threads': 8, 'intra_op_parallelism_threads': 8}, 'model': {'free_log_std': False, 'custom_options': {}, 'framestack': True, 'channel_major': False, 'max_seq_len': 20, 'lstm_use_prev_action_reward': False, 'squash_to_range': False, 'dim': 84, 'grayscale': False, 'fcnet_hiddens': [100, 50, 25], 'use_lstm': False, 'custom_model': None, 'fcnet_activation': 'tanh', 'conv_filters': None, 'conv_activation': 'relu', 'lstm_cell_size': 256, 'zero_mean': True, 'custom_preprocessor': None}, 'output_compress_columns': ['obs', 'new_obs'], 'monitor': False, 'custom_resources_per_worker': {}, 'output_max_file_size': 67108864, 'num_workers': 1, 'clip_param': 0.3, 'kl_coeff': 0.2, 'multiagent': {'policy_graphs': {}, 'policy_mapping_fn': None, 'policies_to_train': None}, 'input_evaluation': None, 'output': None, 'collect_metrics_timeout': 180, 'num_cpus_per_worker': 1}",169.237.32.118,1,1396.0,9.953260660171509,"{'num_steps_sampled': 593600, 'load_time_ms': 1.2, 'default': {'kl': 0.020315058529376984, 'cur_lr': 0.0005000000237487257, 'total_loss': 0.44126132130622864, 'policy_loss': -0.027248777449131012, 'vf_explained_var': 0.987131655216217, 'entropy': 2.1123850345611572, 'cur_kl_coeff': 0.41659632325172424, 'vf_loss': 0.4600469172000885}, 'sample_time_ms': 9586.545, 'grad_time_ms': 275.475, 'update_time_ms': 4.82, 'num_steps_trained': 593600}",389.6789793773534,2019-04-02_08-38-05,kronos,71,593600,0,3673.0946476459503,{},593600,371,371,3673.0946476459503,497.51931804559143,1600,1554194285,{},0b32d2eec3344b1fbde4822793b2e447,67.70276554331174
False,456,"{'input': 'sampler', 'callbacks': {'on_train_result': None, 'on_sample_end': None, 'on_episode_step': None, 'on_episode_start': None, 'on_episode_end': None}, 'sample_batch_size': 200, 'clip_actions': False, 'clip_rewards': None, 'tf_session_args': {'inter_op_parallelism_threads': 2, 'intra_op_parallelism_threads': 2, 'device_count': {'CPU': 1}, 'log_device_placement': False, 'allow_soft_placement': True, 'gpu_options': {'allow_growth': True}}, 'kl_target': 0.01, 'horizon': 1500, 'lr': 0.0005, 'sample_async': False, 'simple_optimizer': False, 'compress_observations': False, 'num_envs_per_worker': 1, 'gamma': 0.99, 'sgd_minibatch_size': 128, 'observation_filter': 'NoFilter', 'entropy_coeff': 0.0, 'batch_mode': 'truncate_episodes', 'straggler_mitigation': False, 'vf_share_layers': False, 'num_gpus': 0, 'synchronize_filters': True, 'num_sgd_iter': 10, 'train_batch_size': 1500, 'optimizer': {}, 'num_gpus_per_worker': 0, 'preprocessor_pref': 'deepmind', 'num_cpus_for_driver': 1, 'lr_schedule': None, 'use_gae': True, 'lambda': 0.97, 'vf_loss_coeff': 1.0, 'vf_clip_param': 1000000.0, 'log_level': 'INFO', 'env_config': {'run': 'PPO', 'flow_params': '{\n    ""env"": {\n        ""additional_params"": {\n            ""max_accel"": 3,\n            ""max_decel"": 3,\n            ""sort_vehicles"": false,\n            ""target_velocity"": 20\n        },\n        ""evaluate"": false,\n        ""horizon"": 1500,\n        ""sims_per_step"": 1,\n        ""warmup_steps"": 0\n    },\n    ""env_name"": ""AccelEnv"",\n    ""exp_tag"": ""figure_eight_0"",\n    ""initial"": {\n        ""additional_params"": {},\n        ""bunching"": 0,\n        ""edges_distribution"": ""all"",\n        ""lanes_distribution"": Infinity,\n        ""min_gap"": 0,\n        ""perturbation"": 0.0,\n        ""shuffle"": false,\n        ""spacing"": ""uniform"",\n        ""x0"": 0\n    },\n    ""net"": {\n        ""additional_params"": {\n            ""lanes"": 1,\n            ""radius_ring"": 30,\n            ""resolution"": 40,\n            ""speed_limit"": 30\n        },\n        ""inflows"": {\n            ""_InFlows__flows"": [],\n            ""num_flows"": 0\n        },\n        ""netfile"": null,\n        ""no_internal_links"": false,\n        ""osm_path"": null\n    },\n    ""scenario"": ""Figure8Scenario"",\n    ""sim"": {\n        ""emission_path"": null,\n        ""lateral_resolution"": null,\n        ""no_step_log"": true,\n        ""num_clients"": 1,\n        ""overtake_right"": false,\n        ""port"": null,\n        ""print_warnings"": true,\n        ""pxpm"": 2,\n        ""render"": false,\n        ""restart_instance"": false,\n        ""save_render"": false,\n        ""seed"": null,\n        ""show_radius"": false,\n        ""sight_radius"": 25,\n        ""sim_step"": 0.1,\n        ""teleport_time"": -1\n    },\n    ""simulator"": ""traci"",\n    ""veh"": [\n        {\n            ""acceleration_controller"": [\n                ""IDMController"",\n                {\n                    ""noise"": 0.2\n                }\n            ],\n            ""car_following_params"": {\n                ""controller_params"": {\n                    ""accel"": 1.0,\n                    ""carFollowModel"": ""IDM"",\n                    ""decel"": 1.5,\n                    ""impatience"": 0.5,\n                    ""maxSpeed"": 30,\n                    ""minGap"": 2.5,\n                    ""sigma"": 0.5,\n                    ""speedDev"": 0.1,\n                    ""speedFactor"": 1.0,\n                    ""tau"": 1.0\n                },\n                ""speed_mode"": 1\n            },\n            ""initial_speed"": 0,\n            ""lane_change_controller"": [\n                ""SimLaneChangeController"",\n                {}\n            ],\n            ""lane_change_params"": {\n                ""controller_params"": {\n                    ""laneChangeModel"": ""LC2013"",\n                    ""lcCooperative"": ""1.0"",\n                    ""lcKeepRight"": ""1.0"",\n                    ""lcSpeedGain"": ""1.0"",\n                    ""lcStrategic"": ""1.0""\n                },\n                ""lane_change_mode"": 512\n            },\n            ""num_vehicles"": 13,\n            ""routing_controller"": [\n                ""ContinuousRouter"",\n                {}\n            ],\n            ""veh_id"": ""human""\n        },\n        {\n            ""acceleration_controller"": [\n                ""RLController"",\n                {}\n            ],\n            ""car_following_params"": {\n                ""controller_params"": {\n                    ""accel"": 1.0,\n                    ""carFollowModel"": ""IDM"",\n                    ""decel"": 1.5,\n                    ""impatience"": 0.5,\n                    ""maxSpeed"": 30,\n                    ""minGap"": 2.5,\n                    ""sigma"": 0.5,\n                    ""speedDev"": 0.1,\n                    ""speedFactor"": 1.0,\n                    ""tau"": 1.0\n                },\n                ""speed_mode"": 1\n            },\n            ""initial_speed"": 0,\n            ""lane_change_controller"": [\n                ""SimLaneChangeController"",\n                {}\n            ],\n            ""lane_change_params"": {\n                ""controller_params"": {\n                    ""laneChangeModel"": ""LC2013"",\n                    ""lcCooperative"": ""1.0"",\n                    ""lcKeepRight"": ""1.0"",\n                    ""lcSpeedGain"": ""1.0"",\n                    ""lcStrategic"": ""1.0""\n                },\n                ""lane_change_mode"": 512\n            },\n            ""num_vehicles"": 1,\n            ""routing_controller"": [\n                ""ContinuousRouter"",\n                {}\n            ],\n            ""veh_id"": ""rl""\n        }\n    ]\n}'}, 'env': 'AccelEnv-v0', 'local_evaluator_tf_session_args': {'inter_op_parallelism_threads': 8, 'intra_op_parallelism_threads': 8}, 'model': {'free_log_std': False, 'custom_options': {}, 'framestack': True, 'channel_major': False, 'max_seq_len': 20, 'lstm_use_prev_action_reward': False, 'squash_to_range': False, 'dim': 84, 'grayscale': False, 'fcnet_hiddens': [100, 50, 25], 'use_lstm': False, 'custom_model': None, 'fcnet_activation': 'tanh', 'conv_filters': None, 'conv_activation': 'relu', 'lstm_cell_size': 256, 'zero_mean': True, 'custom_preprocessor': None}, 'output_compress_columns': ['obs', 'new_obs'], 'monitor': False, 'custom_resources_per_worker': {}, 'output_max_file_size': 67108864, 'num_workers': 1, 'clip_param': 0.3, 'kl_coeff': 0.2, 'multiagent': {'policy_graphs': {}, 'policy_mapping_fn': None, 'policies_to_train': None}, 'input_evaluation': None, 'output': None, 'collect_metrics_timeout': 180, 'num_cpus_per_worker': 1}",169.237.32.118,1,1396.0,9.877938508987427,"{'num_steps_sampled': 595200, 'load_time_ms': 1.192, 'default': {'kl': 0.007320156320929527, 'cur_lr': 0.0005000000237487257, 'total_loss': 1.9252697229385376, 'policy_loss': -0.009510689415037632, 'vf_explained_var': 0.9611492156982422, 'entropy': 2.072272777557373, 'cur_kl_coeff': 0.6248944997787476, 'vf_loss': 1.9302059412002563}, 'sample_time_ms': 9593.708, 'grad_time_ms': 273.922, 'update_time_ms': 4.946, 'num_steps_trained': 595200}",389.45503264610016,2019-04-02_08-38-15,kronos,71,595200,0,3682.9725861549377,{},595200,372,372,3682.9725861549377,497.51931804559143,1600,1554194295,{},0b32d2eec3344b1fbde4822793b2e447,67.70276554331174
False,457,"{'input': 'sampler', 'callbacks': {'on_train_result': None, 'on_sample_end': None, 'on_episode_step': None, 'on_episode_start': None, 'on_episode_end': None}, 'sample_batch_size': 200, 'clip_actions': False, 'clip_rewards': None, 'tf_session_args': {'inter_op_parallelism_threads': 2, 'intra_op_parallelism_threads': 2, 'device_count': {'CPU': 1}, 'log_device_placement': False, 'allow_soft_placement': True, 'gpu_options': {'allow_growth': True}}, 'kl_target': 0.01, 'horizon': 1500, 'lr': 0.0005, 'sample_async': False, 'simple_optimizer': False, 'compress_observations': False, 'num_envs_per_worker': 1, 'gamma': 0.99, 'sgd_minibatch_size': 128, 'observation_filter': 'NoFilter', 'entropy_coeff': 0.0, 'batch_mode': 'truncate_episodes', 'straggler_mitigation': False, 'vf_share_layers': False, 'num_gpus': 0, 'synchronize_filters': True, 'num_sgd_iter': 10, 'train_batch_size': 1500, 'optimizer': {}, 'num_gpus_per_worker': 0, 'preprocessor_pref': 'deepmind', 'num_cpus_for_driver': 1, 'lr_schedule': None, 'use_gae': True, 'lambda': 0.97, 'vf_loss_coeff': 1.0, 'vf_clip_param': 1000000.0, 'log_level': 'INFO', 'env_config': {'run': 'PPO', 'flow_params': '{\n    ""env"": {\n        ""additional_params"": {\n            ""max_accel"": 3,\n            ""max_decel"": 3,\n            ""sort_vehicles"": false,\n            ""target_velocity"": 20\n        },\n        ""evaluate"": false,\n        ""horizon"": 1500,\n        ""sims_per_step"": 1,\n        ""warmup_steps"": 0\n    },\n    ""env_name"": ""AccelEnv"",\n    ""exp_tag"": ""figure_eight_0"",\n    ""initial"": {\n        ""additional_params"": {},\n        ""bunching"": 0,\n        ""edges_distribution"": ""all"",\n        ""lanes_distribution"": Infinity,\n        ""min_gap"": 0,\n        ""perturbation"": 0.0,\n        ""shuffle"": false,\n        ""spacing"": ""uniform"",\n        ""x0"": 0\n    },\n    ""net"": {\n        ""additional_params"": {\n            ""lanes"": 1,\n            ""radius_ring"": 30,\n            ""resolution"": 40,\n            ""speed_limit"": 30\n        },\n        ""inflows"": {\n            ""_InFlows__flows"": [],\n            ""num_flows"": 0\n        },\n        ""netfile"": null,\n        ""no_internal_links"": false,\n        ""osm_path"": null\n    },\n    ""scenario"": ""Figure8Scenario"",\n    ""sim"": {\n        ""emission_path"": null,\n        ""lateral_resolution"": null,\n        ""no_step_log"": true,\n        ""num_clients"": 1,\n        ""overtake_right"": false,\n        ""port"": null,\n        ""print_warnings"": true,\n        ""pxpm"": 2,\n        ""render"": false,\n        ""restart_instance"": false,\n        ""save_render"": false,\n        ""seed"": null,\n        ""show_radius"": false,\n        ""sight_radius"": 25,\n        ""sim_step"": 0.1,\n        ""teleport_time"": -1\n    },\n    ""simulator"": ""traci"",\n    ""veh"": [\n        {\n            ""acceleration_controller"": [\n                ""IDMController"",\n                {\n                    ""noise"": 0.2\n                }\n            ],\n            ""car_following_params"": {\n                ""controller_params"": {\n                    ""accel"": 1.0,\n                    ""carFollowModel"": ""IDM"",\n                    ""decel"": 1.5,\n                    ""impatience"": 0.5,\n                    ""maxSpeed"": 30,\n                    ""minGap"": 2.5,\n                    ""sigma"": 0.5,\n                    ""speedDev"": 0.1,\n                    ""speedFactor"": 1.0,\n                    ""tau"": 1.0\n                },\n                ""speed_mode"": 1\n            },\n            ""initial_speed"": 0,\n            ""lane_change_controller"": [\n                ""SimLaneChangeController"",\n                {}\n            ],\n            ""lane_change_params"": {\n                ""controller_params"": {\n                    ""laneChangeModel"": ""LC2013"",\n                    ""lcCooperative"": ""1.0"",\n                    ""lcKeepRight"": ""1.0"",\n                    ""lcSpeedGain"": ""1.0"",\n                    ""lcStrategic"": ""1.0""\n                },\n                ""lane_change_mode"": 512\n            },\n            ""num_vehicles"": 13,\n            ""routing_controller"": [\n                ""ContinuousRouter"",\n                {}\n            ],\n            ""veh_id"": ""human""\n        },\n        {\n            ""acceleration_controller"": [\n                ""RLController"",\n                {}\n            ],\n            ""car_following_params"": {\n                ""controller_params"": {\n                    ""accel"": 1.0,\n                    ""carFollowModel"": ""IDM"",\n                    ""decel"": 1.5,\n                    ""impatience"": 0.5,\n                    ""maxSpeed"": 30,\n                    ""minGap"": 2.5,\n                    ""sigma"": 0.5,\n                    ""speedDev"": 0.1,\n                    ""speedFactor"": 1.0,\n                    ""tau"": 1.0\n                },\n                ""speed_mode"": 1\n            },\n            ""initial_speed"": 0,\n            ""lane_change_controller"": [\n                ""SimLaneChangeController"",\n                {}\n            ],\n            ""lane_change_params"": {\n                ""controller_params"": {\n                    ""laneChangeModel"": ""LC2013"",\n                    ""lcCooperative"": ""1.0"",\n                    ""lcKeepRight"": ""1.0"",\n                    ""lcSpeedGain"": ""1.0"",\n                    ""lcStrategic"": ""1.0""\n                },\n                ""lane_change_mode"": 512\n            },\n            ""num_vehicles"": 1,\n            ""routing_controller"": [\n                ""ContinuousRouter"",\n                {}\n            ],\n            ""veh_id"": ""rl""\n        }\n    ]\n}'}, 'env': 'AccelEnv-v0', 'local_evaluator_tf_session_args': {'inter_op_parallelism_threads': 8, 'intra_op_parallelism_threads': 8}, 'model': {'free_log_std': False, 'custom_options': {}, 'framestack': True, 'channel_major': False, 'max_seq_len': 20, 'lstm_use_prev_action_reward': False, 'squash_to_range': False, 'dim': 84, 'grayscale': False, 'fcnet_hiddens': [100, 50, 25], 'use_lstm': False, 'custom_model': None, 'fcnet_activation': 'tanh', 'conv_filters': None, 'conv_activation': 'relu', 'lstm_cell_size': 256, 'zero_mean': True, 'custom_preprocessor': None}, 'output_compress_columns': ['obs', 'new_obs'], 'monitor': False, 'custom_resources_per_worker': {}, 'output_max_file_size': 67108864, 'num_workers': 1, 'clip_param': 0.3, 'kl_coeff': 0.2, 'multiagent': {'policy_graphs': {}, 'policy_mapping_fn': None, 'policies_to_train': None}, 'input_evaluation': None, 'output': None, 'collect_metrics_timeout': 180, 'num_cpus_per_worker': 1}",169.237.32.118,1,1396.0,9.85755705833435,"{'num_steps_sampled': 596800, 'load_time_ms': 1.203, 'default': {'kl': 0.015548843890428543, 'cur_lr': 0.0005000000237487257, 'total_loss': 0.4785461723804474, 'policy_loss': -0.020871222019195557, 'vf_explained_var': 0.9862194061279297, 'entropy': 2.1262171268463135, 'cur_kl_coeff': 0.6248944997787476, 'vf_loss': 0.48970094323158264}, 'sample_time_ms': 9589.518, 'grad_time_ms': 274.354, 'update_time_ms': 4.96, 'num_steps_trained': 596800}",389.57749392146195,2019-04-02_08-38-25,kronos,71,596800,0,3692.830143213272,{},596800,373,373,3692.830143213272,497.51931804559143,1600,1554194305,{},0b32d2eec3344b1fbde4822793b2e447,67.70276554331174
False,458,"{'input': 'sampler', 'callbacks': {'on_train_result': None, 'on_sample_end': None, 'on_episode_step': None, 'on_episode_start': None, 'on_episode_end': None}, 'sample_batch_size': 200, 'clip_actions': False, 'clip_rewards': None, 'tf_session_args': {'inter_op_parallelism_threads': 2, 'intra_op_parallelism_threads': 2, 'device_count': {'CPU': 1}, 'log_device_placement': False, 'allow_soft_placement': True, 'gpu_options': {'allow_growth': True}}, 'kl_target': 0.01, 'horizon': 1500, 'lr': 0.0005, 'sample_async': False, 'simple_optimizer': False, 'compress_observations': False, 'num_envs_per_worker': 1, 'gamma': 0.99, 'sgd_minibatch_size': 128, 'observation_filter': 'NoFilter', 'entropy_coeff': 0.0, 'batch_mode': 'truncate_episodes', 'straggler_mitigation': False, 'vf_share_layers': False, 'num_gpus': 0, 'synchronize_filters': True, 'num_sgd_iter': 10, 'train_batch_size': 1500, 'optimizer': {}, 'num_gpus_per_worker': 0, 'preprocessor_pref': 'deepmind', 'num_cpus_for_driver': 1, 'lr_schedule': None, 'use_gae': True, 'lambda': 0.97, 'vf_loss_coeff': 1.0, 'vf_clip_param': 1000000.0, 'log_level': 'INFO', 'env_config': {'run': 'PPO', 'flow_params': '{\n    ""env"": {\n        ""additional_params"": {\n            ""max_accel"": 3,\n            ""max_decel"": 3,\n            ""sort_vehicles"": false,\n            ""target_velocity"": 20\n        },\n        ""evaluate"": false,\n        ""horizon"": 1500,\n        ""sims_per_step"": 1,\n        ""warmup_steps"": 0\n    },\n    ""env_name"": ""AccelEnv"",\n    ""exp_tag"": ""figure_eight_0"",\n    ""initial"": {\n        ""additional_params"": {},\n        ""bunching"": 0,\n        ""edges_distribution"": ""all"",\n        ""lanes_distribution"": Infinity,\n        ""min_gap"": 0,\n        ""perturbation"": 0.0,\n        ""shuffle"": false,\n        ""spacing"": ""uniform"",\n        ""x0"": 0\n    },\n    ""net"": {\n        ""additional_params"": {\n            ""lanes"": 1,\n            ""radius_ring"": 30,\n            ""resolution"": 40,\n            ""speed_limit"": 30\n        },\n        ""inflows"": {\n            ""_InFlows__flows"": [],\n            ""num_flows"": 0\n        },\n        ""netfile"": null,\n        ""no_internal_links"": false,\n        ""osm_path"": null\n    },\n    ""scenario"": ""Figure8Scenario"",\n    ""sim"": {\n        ""emission_path"": null,\n        ""lateral_resolution"": null,\n        ""no_step_log"": true,\n        ""num_clients"": 1,\n        ""overtake_right"": false,\n        ""port"": null,\n        ""print_warnings"": true,\n        ""pxpm"": 2,\n        ""render"": false,\n        ""restart_instance"": false,\n        ""save_render"": false,\n        ""seed"": null,\n        ""show_radius"": false,\n        ""sight_radius"": 25,\n        ""sim_step"": 0.1,\n        ""teleport_time"": -1\n    },\n    ""simulator"": ""traci"",\n    ""veh"": [\n        {\n            ""acceleration_controller"": [\n                ""IDMController"",\n                {\n                    ""noise"": 0.2\n                }\n            ],\n            ""car_following_params"": {\n                ""controller_params"": {\n                    ""accel"": 1.0,\n                    ""carFollowModel"": ""IDM"",\n                    ""decel"": 1.5,\n                    ""impatience"": 0.5,\n                    ""maxSpeed"": 30,\n                    ""minGap"": 2.5,\n                    ""sigma"": 0.5,\n                    ""speedDev"": 0.1,\n                    ""speedFactor"": 1.0,\n                    ""tau"": 1.0\n                },\n                ""speed_mode"": 1\n            },\n            ""initial_speed"": 0,\n            ""lane_change_controller"": [\n                ""SimLaneChangeController"",\n                {}\n            ],\n            ""lane_change_params"": {\n                ""controller_params"": {\n                    ""laneChangeModel"": ""LC2013"",\n                    ""lcCooperative"": ""1.0"",\n                    ""lcKeepRight"": ""1.0"",\n                    ""lcSpeedGain"": ""1.0"",\n                    ""lcStrategic"": ""1.0""\n                },\n                ""lane_change_mode"": 512\n            },\n            ""num_vehicles"": 13,\n            ""routing_controller"": [\n                ""ContinuousRouter"",\n                {}\n            ],\n            ""veh_id"": ""human""\n        },\n        {\n            ""acceleration_controller"": [\n                ""RLController"",\n                {}\n            ],\n            ""car_following_params"": {\n                ""controller_params"": {\n                    ""accel"": 1.0,\n                    ""carFollowModel"": ""IDM"",\n                    ""decel"": 1.5,\n                    ""impatience"": 0.5,\n                    ""maxSpeed"": 30,\n                    ""minGap"": 2.5,\n                    ""sigma"": 0.5,\n                    ""speedDev"": 0.1,\n                    ""speedFactor"": 1.0,\n                    ""tau"": 1.0\n                },\n                ""speed_mode"": 1\n            },\n            ""initial_speed"": 0,\n            ""lane_change_controller"": [\n                ""SimLaneChangeController"",\n                {}\n            ],\n            ""lane_change_params"": {\n                ""controller_params"": {\n                    ""laneChangeModel"": ""LC2013"",\n                    ""lcCooperative"": ""1.0"",\n                    ""lcKeepRight"": ""1.0"",\n                    ""lcSpeedGain"": ""1.0"",\n                    ""lcStrategic"": ""1.0""\n                },\n                ""lane_change_mode"": 512\n            },\n            ""num_vehicles"": 1,\n            ""routing_controller"": [\n                ""ContinuousRouter"",\n                {}\n            ],\n            ""veh_id"": ""rl""\n        }\n    ]\n}'}, 'env': 'AccelEnv-v0', 'local_evaluator_tf_session_args': {'inter_op_parallelism_threads': 8, 'intra_op_parallelism_threads': 8}, 'model': {'free_log_std': False, 'custom_options': {}, 'framestack': True, 'channel_major': False, 'max_seq_len': 20, 'lstm_use_prev_action_reward': False, 'squash_to_range': False, 'dim': 84, 'grayscale': False, 'fcnet_hiddens': [100, 50, 25], 'use_lstm': False, 'custom_model': None, 'fcnet_activation': 'tanh', 'conv_filters': None, 'conv_activation': 'relu', 'lstm_cell_size': 256, 'zero_mean': True, 'custom_preprocessor': None}, 'output_compress_columns': ['obs', 'new_obs'], 'monitor': False, 'custom_resources_per_worker': {}, 'output_max_file_size': 67108864, 'num_workers': 1, 'clip_param': 0.3, 'kl_coeff': 0.2, 'multiagent': {'policy_graphs': {}, 'policy_mapping_fn': None, 'policies_to_train': None}, 'input_evaluation': None, 'output': None, 'collect_metrics_timeout': 180, 'num_cpus_per_worker': 1}",169.237.32.118,1,1396.0,10.028405666351318,"{'num_steps_sampled': 598400, 'load_time_ms': 1.212, 'default': {'kl': 0.011647584848105907, 'cur_lr': 0.0005000000237487257, 'total_loss': 0.9998307824134827, 'policy_loss': -0.02577502466738224, 'vf_explained_var': 0.979250967502594, 'entropy': 2.0853543281555176, 'cur_kl_coeff': 0.6248944997787476, 'vf_loss': 1.0183273553848267}, 'sample_time_ms': 9605.441, 'grad_time_ms': 273.16, 'update_time_ms': 5.034, 'num_steps_trained': 598400}",389.37825993099096,2019-04-02_08-38-35,kronos,71,598400,0,3702.8585488796234,{},598400,374,374,3702.8585488796234,497.51931804559143,1600,1554194315,{},0b32d2eec3344b1fbde4822793b2e447,67.70276554331174
False,459,"{'input': 'sampler', 'callbacks': {'on_train_result': None, 'on_sample_end': None, 'on_episode_step': None, 'on_episode_start': None, 'on_episode_end': None}, 'sample_batch_size': 200, 'clip_actions': False, 'clip_rewards': None, 'tf_session_args': {'inter_op_parallelism_threads': 2, 'intra_op_parallelism_threads': 2, 'device_count': {'CPU': 1}, 'log_device_placement': False, 'allow_soft_placement': True, 'gpu_options': {'allow_growth': True}}, 'kl_target': 0.01, 'horizon': 1500, 'lr': 0.0005, 'sample_async': False, 'simple_optimizer': False, 'compress_observations': False, 'num_envs_per_worker': 1, 'gamma': 0.99, 'sgd_minibatch_size': 128, 'observation_filter': 'NoFilter', 'entropy_coeff': 0.0, 'batch_mode': 'truncate_episodes', 'straggler_mitigation': False, 'vf_share_layers': False, 'num_gpus': 0, 'synchronize_filters': True, 'num_sgd_iter': 10, 'train_batch_size': 1500, 'optimizer': {}, 'num_gpus_per_worker': 0, 'preprocessor_pref': 'deepmind', 'num_cpus_for_driver': 1, 'lr_schedule': None, 'use_gae': True, 'lambda': 0.97, 'vf_loss_coeff': 1.0, 'vf_clip_param': 1000000.0, 'log_level': 'INFO', 'env_config': {'run': 'PPO', 'flow_params': '{\n    ""env"": {\n        ""additional_params"": {\n            ""max_accel"": 3,\n            ""max_decel"": 3,\n            ""sort_vehicles"": false,\n            ""target_velocity"": 20\n        },\n        ""evaluate"": false,\n        ""horizon"": 1500,\n        ""sims_per_step"": 1,\n        ""warmup_steps"": 0\n    },\n    ""env_name"": ""AccelEnv"",\n    ""exp_tag"": ""figure_eight_0"",\n    ""initial"": {\n        ""additional_params"": {},\n        ""bunching"": 0,\n        ""edges_distribution"": ""all"",\n        ""lanes_distribution"": Infinity,\n        ""min_gap"": 0,\n        ""perturbation"": 0.0,\n        ""shuffle"": false,\n        ""spacing"": ""uniform"",\n        ""x0"": 0\n    },\n    ""net"": {\n        ""additional_params"": {\n            ""lanes"": 1,\n            ""radius_ring"": 30,\n            ""resolution"": 40,\n            ""speed_limit"": 30\n        },\n        ""inflows"": {\n            ""_InFlows__flows"": [],\n            ""num_flows"": 0\n        },\n        ""netfile"": null,\n        ""no_internal_links"": false,\n        ""osm_path"": null\n    },\n    ""scenario"": ""Figure8Scenario"",\n    ""sim"": {\n        ""emission_path"": null,\n        ""lateral_resolution"": null,\n        ""no_step_log"": true,\n        ""num_clients"": 1,\n        ""overtake_right"": false,\n        ""port"": null,\n        ""print_warnings"": true,\n        ""pxpm"": 2,\n        ""render"": false,\n        ""restart_instance"": false,\n        ""save_render"": false,\n        ""seed"": null,\n        ""show_radius"": false,\n        ""sight_radius"": 25,\n        ""sim_step"": 0.1,\n        ""teleport_time"": -1\n    },\n    ""simulator"": ""traci"",\n    ""veh"": [\n        {\n            ""acceleration_controller"": [\n                ""IDMController"",\n                {\n                    ""noise"": 0.2\n                }\n            ],\n            ""car_following_params"": {\n                ""controller_params"": {\n                    ""accel"": 1.0,\n                    ""carFollowModel"": ""IDM"",\n                    ""decel"": 1.5,\n                    ""impatience"": 0.5,\n                    ""maxSpeed"": 30,\n                    ""minGap"": 2.5,\n                    ""sigma"": 0.5,\n                    ""speedDev"": 0.1,\n                    ""speedFactor"": 1.0,\n                    ""tau"": 1.0\n                },\n                ""speed_mode"": 1\n            },\n            ""initial_speed"": 0,\n            ""lane_change_controller"": [\n                ""SimLaneChangeController"",\n                {}\n            ],\n            ""lane_change_params"": {\n                ""controller_params"": {\n                    ""laneChangeModel"": ""LC2013"",\n                    ""lcCooperative"": ""1.0"",\n                    ""lcKeepRight"": ""1.0"",\n                    ""lcSpeedGain"": ""1.0"",\n                    ""lcStrategic"": ""1.0""\n                },\n                ""lane_change_mode"": 512\n            },\n            ""num_vehicles"": 13,\n            ""routing_controller"": [\n                ""ContinuousRouter"",\n                {}\n            ],\n            ""veh_id"": ""human""\n        },\n        {\n            ""acceleration_controller"": [\n                ""RLController"",\n                {}\n            ],\n            ""car_following_params"": {\n                ""controller_params"": {\n                    ""accel"": 1.0,\n                    ""carFollowModel"": ""IDM"",\n                    ""decel"": 1.5,\n                    ""impatience"": 0.5,\n                    ""maxSpeed"": 30,\n                    ""minGap"": 2.5,\n                    ""sigma"": 0.5,\n                    ""speedDev"": 0.1,\n                    ""speedFactor"": 1.0,\n                    ""tau"": 1.0\n                },\n                ""speed_mode"": 1\n            },\n            ""initial_speed"": 0,\n            ""lane_change_controller"": [\n                ""SimLaneChangeController"",\n                {}\n            ],\n            ""lane_change_params"": {\n                ""controller_params"": {\n                    ""laneChangeModel"": ""LC2013"",\n                    ""lcCooperative"": ""1.0"",\n                    ""lcKeepRight"": ""1.0"",\n                    ""lcSpeedGain"": ""1.0"",\n                    ""lcStrategic"": ""1.0""\n                },\n                ""lane_change_mode"": 512\n            },\n            ""num_vehicles"": 1,\n            ""routing_controller"": [\n                ""ContinuousRouter"",\n                {}\n            ],\n            ""veh_id"": ""rl""\n        }\n    ]\n}'}, 'env': 'AccelEnv-v0', 'local_evaluator_tf_session_args': {'inter_op_parallelism_threads': 8, 'intra_op_parallelism_threads': 8}, 'model': {'free_log_std': False, 'custom_options': {}, 'framestack': True, 'channel_major': False, 'max_seq_len': 20, 'lstm_use_prev_action_reward': False, 'squash_to_range': False, 'dim': 84, 'grayscale': False, 'fcnet_hiddens': [100, 50, 25], 'use_lstm': False, 'custom_model': None, 'fcnet_activation': 'tanh', 'conv_filters': None, 'conv_activation': 'relu', 'lstm_cell_size': 256, 'zero_mean': True, 'custom_preprocessor': None}, 'output_compress_columns': ['obs', 'new_obs'], 'monitor': False, 'custom_resources_per_worker': {}, 'output_max_file_size': 67108864, 'num_workers': 1, 'clip_param': 0.3, 'kl_coeff': 0.2, 'multiagent': {'policy_graphs': {}, 'policy_mapping_fn': None, 'policies_to_train': None}, 'input_evaluation': None, 'output': None, 'collect_metrics_timeout': 180, 'num_cpus_per_worker': 1}",169.237.32.118,1,1396.0,9.81483507156372,"{'num_steps_sampled': 600000, 'load_time_ms': 1.243, 'default': {'kl': 0.007743708789348602, 'cur_lr': 0.0005000000237487257, 'total_loss': 0.9223523736000061, 'policy_loss': -0.01114769745618105, 'vf_explained_var': 0.9896085858345032, 'entropy': 2.1036107540130615, 'cur_kl_coeff': 0.6248944997787476, 'vf_loss': 0.9286611080169678}, 'sample_time_ms': 9599.578, 'grad_time_ms': 273.224, 'update_time_ms': 5.047, 'num_steps_trained': 600000}",388.78605750127883,2019-04-02_08-38-45,kronos,71,600000,0,3712.673383951187,{},600000,375,375,3712.673383951187,497.51931804559143,1600,1554194325,{},0b32d2eec3344b1fbde4822793b2e447,67.70276554331174
False,460,"{'input': 'sampler', 'callbacks': {'on_train_result': None, 'on_sample_end': None, 'on_episode_step': None, 'on_episode_start': None, 'on_episode_end': None}, 'sample_batch_size': 200, 'clip_actions': False, 'clip_rewards': None, 'tf_session_args': {'inter_op_parallelism_threads': 2, 'intra_op_parallelism_threads': 2, 'device_count': {'CPU': 1}, 'log_device_placement': False, 'allow_soft_placement': True, 'gpu_options': {'allow_growth': True}}, 'kl_target': 0.01, 'horizon': 1500, 'lr': 0.0005, 'sample_async': False, 'simple_optimizer': False, 'compress_observations': False, 'num_envs_per_worker': 1, 'gamma': 0.99, 'sgd_minibatch_size': 128, 'observation_filter': 'NoFilter', 'entropy_coeff': 0.0, 'batch_mode': 'truncate_episodes', 'straggler_mitigation': False, 'vf_share_layers': False, 'num_gpus': 0, 'synchronize_filters': True, 'num_sgd_iter': 10, 'train_batch_size': 1500, 'optimizer': {}, 'num_gpus_per_worker': 0, 'preprocessor_pref': 'deepmind', 'num_cpus_for_driver': 1, 'lr_schedule': None, 'use_gae': True, 'lambda': 0.97, 'vf_loss_coeff': 1.0, 'vf_clip_param': 1000000.0, 'log_level': 'INFO', 'env_config': {'run': 'PPO', 'flow_params': '{\n    ""env"": {\n        ""additional_params"": {\n            ""max_accel"": 3,\n            ""max_decel"": 3,\n            ""sort_vehicles"": false,\n            ""target_velocity"": 20\n        },\n        ""evaluate"": false,\n        ""horizon"": 1500,\n        ""sims_per_step"": 1,\n        ""warmup_steps"": 0\n    },\n    ""env_name"": ""AccelEnv"",\n    ""exp_tag"": ""figure_eight_0"",\n    ""initial"": {\n        ""additional_params"": {},\n        ""bunching"": 0,\n        ""edges_distribution"": ""all"",\n        ""lanes_distribution"": Infinity,\n        ""min_gap"": 0,\n        ""perturbation"": 0.0,\n        ""shuffle"": false,\n        ""spacing"": ""uniform"",\n        ""x0"": 0\n    },\n    ""net"": {\n        ""additional_params"": {\n            ""lanes"": 1,\n            ""radius_ring"": 30,\n            ""resolution"": 40,\n            ""speed_limit"": 30\n        },\n        ""inflows"": {\n            ""_InFlows__flows"": [],\n            ""num_flows"": 0\n        },\n        ""netfile"": null,\n        ""no_internal_links"": false,\n        ""osm_path"": null\n    },\n    ""scenario"": ""Figure8Scenario"",\n    ""sim"": {\n        ""emission_path"": null,\n        ""lateral_resolution"": null,\n        ""no_step_log"": true,\n        ""num_clients"": 1,\n        ""overtake_right"": false,\n        ""port"": null,\n        ""print_warnings"": true,\n        ""pxpm"": 2,\n        ""render"": false,\n        ""restart_instance"": false,\n        ""save_render"": false,\n        ""seed"": null,\n        ""show_radius"": false,\n        ""sight_radius"": 25,\n        ""sim_step"": 0.1,\n        ""teleport_time"": -1\n    },\n    ""simulator"": ""traci"",\n    ""veh"": [\n        {\n            ""acceleration_controller"": [\n                ""IDMController"",\n                {\n                    ""noise"": 0.2\n                }\n            ],\n            ""car_following_params"": {\n                ""controller_params"": {\n                    ""accel"": 1.0,\n                    ""carFollowModel"": ""IDM"",\n                    ""decel"": 1.5,\n                    ""impatience"": 0.5,\n                    ""maxSpeed"": 30,\n                    ""minGap"": 2.5,\n                    ""sigma"": 0.5,\n                    ""speedDev"": 0.1,\n                    ""speedFactor"": 1.0,\n                    ""tau"": 1.0\n                },\n                ""speed_mode"": 1\n            },\n            ""initial_speed"": 0,\n            ""lane_change_controller"": [\n                ""SimLaneChangeController"",\n                {}\n            ],\n            ""lane_change_params"": {\n                ""controller_params"": {\n                    ""laneChangeModel"": ""LC2013"",\n                    ""lcCooperative"": ""1.0"",\n                    ""lcKeepRight"": ""1.0"",\n                    ""lcSpeedGain"": ""1.0"",\n                    ""lcStrategic"": ""1.0""\n                },\n                ""lane_change_mode"": 512\n            },\n            ""num_vehicles"": 13,\n            ""routing_controller"": [\n                ""ContinuousRouter"",\n                {}\n            ],\n            ""veh_id"": ""human""\n        },\n        {\n            ""acceleration_controller"": [\n                ""RLController"",\n                {}\n            ],\n            ""car_following_params"": {\n                ""controller_params"": {\n                    ""accel"": 1.0,\n                    ""carFollowModel"": ""IDM"",\n                    ""decel"": 1.5,\n                    ""impatience"": 0.5,\n                    ""maxSpeed"": 30,\n                    ""minGap"": 2.5,\n                    ""sigma"": 0.5,\n                    ""speedDev"": 0.1,\n                    ""speedFactor"": 1.0,\n                    ""tau"": 1.0\n                },\n                ""speed_mode"": 1\n            },\n            ""initial_speed"": 0,\n            ""lane_change_controller"": [\n                ""SimLaneChangeController"",\n                {}\n            ],\n            ""lane_change_params"": {\n                ""controller_params"": {\n                    ""laneChangeModel"": ""LC2013"",\n                    ""lcCooperative"": ""1.0"",\n                    ""lcKeepRight"": ""1.0"",\n                    ""lcSpeedGain"": ""1.0"",\n                    ""lcStrategic"": ""1.0""\n                },\n                ""lane_change_mode"": 512\n            },\n            ""num_vehicles"": 1,\n            ""routing_controller"": [\n                ""ContinuousRouter"",\n                {}\n            ],\n            ""veh_id"": ""rl""\n        }\n    ]\n}'}, 'env': 'AccelEnv-v0', 'local_evaluator_tf_session_args': {'inter_op_parallelism_threads': 8, 'intra_op_parallelism_threads': 8}, 'model': {'free_log_std': False, 'custom_options': {}, 'framestack': True, 'channel_major': False, 'max_seq_len': 20, 'lstm_use_prev_action_reward': False, 'squash_to_range': False, 'dim': 84, 'grayscale': False, 'fcnet_hiddens': [100, 50, 25], 'use_lstm': False, 'custom_model': None, 'fcnet_activation': 'tanh', 'conv_filters': None, 'conv_activation': 'relu', 'lstm_cell_size': 256, 'zero_mean': True, 'custom_preprocessor': None}, 'output_compress_columns': ['obs', 'new_obs'], 'monitor': False, 'custom_resources_per_worker': {}, 'output_max_file_size': 67108864, 'num_workers': 1, 'clip_param': 0.3, 'kl_coeff': 0.2, 'multiagent': {'policy_graphs': {}, 'policy_mapping_fn': None, 'policies_to_train': None}, 'input_evaluation': None, 'output': None, 'collect_metrics_timeout': 180, 'num_cpus_per_worker': 1}",169.237.32.118,1,1396.0,9.783303499221802,"{'num_steps_sampled': 601600, 'load_time_ms': 1.241, 'default': {'kl': 0.005930781830102205, 'cur_lr': 0.0005000000237487257, 'total_loss': 0.3919275104999542, 'policy_loss': -0.0044367616064846516, 'vf_explained_var': 0.9889243245124817, 'entropy': 2.0336802005767822, 'cur_kl_coeff': 0.6248944997787476, 'vf_loss': 0.3926581144332886}, 'sample_time_ms': 9588.515, 'grad_time_ms': 274.096, 'update_time_ms': 5.033, 'num_steps_trained': 601600}",388.784423220103,2019-04-02_08-38-54,kronos,71,601600,0,3722.456687450409,{},601600,376,376,3722.456687450409,497.51931804559143,1600,1554194334,{},0b32d2eec3344b1fbde4822793b2e447,67.70276554331174
False,461,"{'input': 'sampler', 'callbacks': {'on_train_result': None, 'on_sample_end': None, 'on_episode_step': None, 'on_episode_start': None, 'on_episode_end': None}, 'sample_batch_size': 200, 'clip_actions': False, 'clip_rewards': None, 'tf_session_args': {'inter_op_parallelism_threads': 2, 'intra_op_parallelism_threads': 2, 'device_count': {'CPU': 1}, 'log_device_placement': False, 'allow_soft_placement': True, 'gpu_options': {'allow_growth': True}}, 'kl_target': 0.01, 'horizon': 1500, 'lr': 0.0005, 'sample_async': False, 'simple_optimizer': False, 'compress_observations': False, 'num_envs_per_worker': 1, 'gamma': 0.99, 'sgd_minibatch_size': 128, 'observation_filter': 'NoFilter', 'entropy_coeff': 0.0, 'batch_mode': 'truncate_episodes', 'straggler_mitigation': False, 'vf_share_layers': False, 'num_gpus': 0, 'synchronize_filters': True, 'num_sgd_iter': 10, 'train_batch_size': 1500, 'optimizer': {}, 'num_gpus_per_worker': 0, 'preprocessor_pref': 'deepmind', 'num_cpus_for_driver': 1, 'lr_schedule': None, 'use_gae': True, 'lambda': 0.97, 'vf_loss_coeff': 1.0, 'vf_clip_param': 1000000.0, 'log_level': 'INFO', 'env_config': {'run': 'PPO', 'flow_params': '{\n    ""env"": {\n        ""additional_params"": {\n            ""max_accel"": 3,\n            ""max_decel"": 3,\n            ""sort_vehicles"": false,\n            ""target_velocity"": 20\n        },\n        ""evaluate"": false,\n        ""horizon"": 1500,\n        ""sims_per_step"": 1,\n        ""warmup_steps"": 0\n    },\n    ""env_name"": ""AccelEnv"",\n    ""exp_tag"": ""figure_eight_0"",\n    ""initial"": {\n        ""additional_params"": {},\n        ""bunching"": 0,\n        ""edges_distribution"": ""all"",\n        ""lanes_distribution"": Infinity,\n        ""min_gap"": 0,\n        ""perturbation"": 0.0,\n        ""shuffle"": false,\n        ""spacing"": ""uniform"",\n        ""x0"": 0\n    },\n    ""net"": {\n        ""additional_params"": {\n            ""lanes"": 1,\n            ""radius_ring"": 30,\n            ""resolution"": 40,\n            ""speed_limit"": 30\n        },\n        ""inflows"": {\n            ""_InFlows__flows"": [],\n            ""num_flows"": 0\n        },\n        ""netfile"": null,\n        ""no_internal_links"": false,\n        ""osm_path"": null\n    },\n    ""scenario"": ""Figure8Scenario"",\n    ""sim"": {\n        ""emission_path"": null,\n        ""lateral_resolution"": null,\n        ""no_step_log"": true,\n        ""num_clients"": 1,\n        ""overtake_right"": false,\n        ""port"": null,\n        ""print_warnings"": true,\n        ""pxpm"": 2,\n        ""render"": false,\n        ""restart_instance"": false,\n        ""save_render"": false,\n        ""seed"": null,\n        ""show_radius"": false,\n        ""sight_radius"": 25,\n        ""sim_step"": 0.1,\n        ""teleport_time"": -1\n    },\n    ""simulator"": ""traci"",\n    ""veh"": [\n        {\n            ""acceleration_controller"": [\n                ""IDMController"",\n                {\n                    ""noise"": 0.2\n                }\n            ],\n            ""car_following_params"": {\n                ""controller_params"": {\n                    ""accel"": 1.0,\n                    ""carFollowModel"": ""IDM"",\n                    ""decel"": 1.5,\n                    ""impatience"": 0.5,\n                    ""maxSpeed"": 30,\n                    ""minGap"": 2.5,\n                    ""sigma"": 0.5,\n                    ""speedDev"": 0.1,\n                    ""speedFactor"": 1.0,\n                    ""tau"": 1.0\n                },\n                ""speed_mode"": 1\n            },\n            ""initial_speed"": 0,\n            ""lane_change_controller"": [\n                ""SimLaneChangeController"",\n                {}\n            ],\n            ""lane_change_params"": {\n                ""controller_params"": {\n                    ""laneChangeModel"": ""LC2013"",\n                    ""lcCooperative"": ""1.0"",\n                    ""lcKeepRight"": ""1.0"",\n                    ""lcSpeedGain"": ""1.0"",\n                    ""lcStrategic"": ""1.0""\n                },\n                ""lane_change_mode"": 512\n            },\n            ""num_vehicles"": 13,\n            ""routing_controller"": [\n                ""ContinuousRouter"",\n                {}\n            ],\n            ""veh_id"": ""human""\n        },\n        {\n            ""acceleration_controller"": [\n                ""RLController"",\n                {}\n            ],\n            ""car_following_params"": {\n                ""controller_params"": {\n                    ""accel"": 1.0,\n                    ""carFollowModel"": ""IDM"",\n                    ""decel"": 1.5,\n                    ""impatience"": 0.5,\n                    ""maxSpeed"": 30,\n                    ""minGap"": 2.5,\n                    ""sigma"": 0.5,\n                    ""speedDev"": 0.1,\n                    ""speedFactor"": 1.0,\n                    ""tau"": 1.0\n                },\n                ""speed_mode"": 1\n            },\n            ""initial_speed"": 0,\n            ""lane_change_controller"": [\n                ""SimLaneChangeController"",\n                {}\n            ],\n            ""lane_change_params"": {\n                ""controller_params"": {\n                    ""laneChangeModel"": ""LC2013"",\n                    ""lcCooperative"": ""1.0"",\n                    ""lcKeepRight"": ""1.0"",\n                    ""lcSpeedGain"": ""1.0"",\n                    ""lcStrategic"": ""1.0""\n                },\n                ""lane_change_mode"": 512\n            },\n            ""num_vehicles"": 1,\n            ""routing_controller"": [\n                ""ContinuousRouter"",\n                {}\n            ],\n            ""veh_id"": ""rl""\n        }\n    ]\n}'}, 'env': 'AccelEnv-v0', 'local_evaluator_tf_session_args': {'inter_op_parallelism_threads': 8, 'intra_op_parallelism_threads': 8}, 'model': {'free_log_std': False, 'custom_options': {}, 'framestack': True, 'channel_major': False, 'max_seq_len': 20, 'lstm_use_prev_action_reward': False, 'squash_to_range': False, 'dim': 84, 'grayscale': False, 'fcnet_hiddens': [100, 50, 25], 'use_lstm': False, 'custom_model': None, 'fcnet_activation': 'tanh', 'conv_filters': None, 'conv_activation': 'relu', 'lstm_cell_size': 256, 'zero_mean': True, 'custom_preprocessor': None}, 'output_compress_columns': ['obs', 'new_obs'], 'monitor': False, 'custom_resources_per_worker': {}, 'output_max_file_size': 67108864, 'num_workers': 1, 'clip_param': 0.3, 'kl_coeff': 0.2, 'multiagent': {'policy_graphs': {}, 'policy_mapping_fn': None, 'policies_to_train': None}, 'input_evaluation': None, 'output': None, 'collect_metrics_timeout': 180, 'num_cpus_per_worker': 1}",169.237.32.118,1,1396.0,10.010146617889404,"{'num_steps_sampled': 603200, 'load_time_ms': 1.217, 'default': {'kl': 0.009957356378436089, 'cur_lr': 0.0005000000237487257, 'total_loss': 0.3755919635295868, 'policy_loss': -0.02038245089352131, 'vf_explained_var': 0.99110347032547, 'entropy': 2.1629579067230225, 'cur_kl_coeff': 0.6248944997787476, 'vf_loss': 0.389752060174942}, 'sample_time_ms': 9606.953, 'grad_time_ms': 274.377, 'update_time_ms': 4.854, 'num_steps_trained': 603200}",388.6756769789514,2019-04-02_08-39-04,kronos,71,603200,0,3732.4668340682983,{},603200,377,377,3732.4668340682983,497.51931804559143,1600,1554194344,{},0b32d2eec3344b1fbde4822793b2e447,67.70276554331174
False,462,"{'input': 'sampler', 'callbacks': {'on_train_result': None, 'on_sample_end': None, 'on_episode_step': None, 'on_episode_start': None, 'on_episode_end': None}, 'sample_batch_size': 200, 'clip_actions': False, 'clip_rewards': None, 'tf_session_args': {'inter_op_parallelism_threads': 2, 'intra_op_parallelism_threads': 2, 'device_count': {'CPU': 1}, 'log_device_placement': False, 'allow_soft_placement': True, 'gpu_options': {'allow_growth': True}}, 'kl_target': 0.01, 'horizon': 1500, 'lr': 0.0005, 'sample_async': False, 'simple_optimizer': False, 'compress_observations': False, 'num_envs_per_worker': 1, 'gamma': 0.99, 'sgd_minibatch_size': 128, 'observation_filter': 'NoFilter', 'entropy_coeff': 0.0, 'batch_mode': 'truncate_episodes', 'straggler_mitigation': False, 'vf_share_layers': False, 'num_gpus': 0, 'synchronize_filters': True, 'num_sgd_iter': 10, 'train_batch_size': 1500, 'optimizer': {}, 'num_gpus_per_worker': 0, 'preprocessor_pref': 'deepmind', 'num_cpus_for_driver': 1, 'lr_schedule': None, 'use_gae': True, 'lambda': 0.97, 'vf_loss_coeff': 1.0, 'vf_clip_param': 1000000.0, 'log_level': 'INFO', 'env_config': {'run': 'PPO', 'flow_params': '{\n    ""env"": {\n        ""additional_params"": {\n            ""max_accel"": 3,\n            ""max_decel"": 3,\n            ""sort_vehicles"": false,\n            ""target_velocity"": 20\n        },\n        ""evaluate"": false,\n        ""horizon"": 1500,\n        ""sims_per_step"": 1,\n        ""warmup_steps"": 0\n    },\n    ""env_name"": ""AccelEnv"",\n    ""exp_tag"": ""figure_eight_0"",\n    ""initial"": {\n        ""additional_params"": {},\n        ""bunching"": 0,\n        ""edges_distribution"": ""all"",\n        ""lanes_distribution"": Infinity,\n        ""min_gap"": 0,\n        ""perturbation"": 0.0,\n        ""shuffle"": false,\n        ""spacing"": ""uniform"",\n        ""x0"": 0\n    },\n    ""net"": {\n        ""additional_params"": {\n            ""lanes"": 1,\n            ""radius_ring"": 30,\n            ""resolution"": 40,\n            ""speed_limit"": 30\n        },\n        ""inflows"": {\n            ""_InFlows__flows"": [],\n            ""num_flows"": 0\n        },\n        ""netfile"": null,\n        ""no_internal_links"": false,\n        ""osm_path"": null\n    },\n    ""scenario"": ""Figure8Scenario"",\n    ""sim"": {\n        ""emission_path"": null,\n        ""lateral_resolution"": null,\n        ""no_step_log"": true,\n        ""num_clients"": 1,\n        ""overtake_right"": false,\n        ""port"": null,\n        ""print_warnings"": true,\n        ""pxpm"": 2,\n        ""render"": false,\n        ""restart_instance"": false,\n        ""save_render"": false,\n        ""seed"": null,\n        ""show_radius"": false,\n        ""sight_radius"": 25,\n        ""sim_step"": 0.1,\n        ""teleport_time"": -1\n    },\n    ""simulator"": ""traci"",\n    ""veh"": [\n        {\n            ""acceleration_controller"": [\n                ""IDMController"",\n                {\n                    ""noise"": 0.2\n                }\n            ],\n            ""car_following_params"": {\n                ""controller_params"": {\n                    ""accel"": 1.0,\n                    ""carFollowModel"": ""IDM"",\n                    ""decel"": 1.5,\n                    ""impatience"": 0.5,\n                    ""maxSpeed"": 30,\n                    ""minGap"": 2.5,\n                    ""sigma"": 0.5,\n                    ""speedDev"": 0.1,\n                    ""speedFactor"": 1.0,\n                    ""tau"": 1.0\n                },\n                ""speed_mode"": 1\n            },\n            ""initial_speed"": 0,\n            ""lane_change_controller"": [\n                ""SimLaneChangeController"",\n                {}\n            ],\n            ""lane_change_params"": {\n                ""controller_params"": {\n                    ""laneChangeModel"": ""LC2013"",\n                    ""lcCooperative"": ""1.0"",\n                    ""lcKeepRight"": ""1.0"",\n                    ""lcSpeedGain"": ""1.0"",\n                    ""lcStrategic"": ""1.0""\n                },\n                ""lane_change_mode"": 512\n            },\n            ""num_vehicles"": 13,\n            ""routing_controller"": [\n                ""ContinuousRouter"",\n                {}\n            ],\n            ""veh_id"": ""human""\n        },\n        {\n            ""acceleration_controller"": [\n                ""RLController"",\n                {}\n            ],\n            ""car_following_params"": {\n                ""controller_params"": {\n                    ""accel"": 1.0,\n                    ""carFollowModel"": ""IDM"",\n                    ""decel"": 1.5,\n                    ""impatience"": 0.5,\n                    ""maxSpeed"": 30,\n                    ""minGap"": 2.5,\n                    ""sigma"": 0.5,\n                    ""speedDev"": 0.1,\n                    ""speedFactor"": 1.0,\n                    ""tau"": 1.0\n                },\n                ""speed_mode"": 1\n            },\n            ""initial_speed"": 0,\n            ""lane_change_controller"": [\n                ""SimLaneChangeController"",\n                {}\n            ],\n            ""lane_change_params"": {\n                ""controller_params"": {\n                    ""laneChangeModel"": ""LC2013"",\n                    ""lcCooperative"": ""1.0"",\n                    ""lcKeepRight"": ""1.0"",\n                    ""lcSpeedGain"": ""1.0"",\n                    ""lcStrategic"": ""1.0""\n                },\n                ""lane_change_mode"": 512\n            },\n            ""num_vehicles"": 1,\n            ""routing_controller"": [\n                ""ContinuousRouter"",\n                {}\n            ],\n            ""veh_id"": ""rl""\n        }\n    ]\n}'}, 'env': 'AccelEnv-v0', 'local_evaluator_tf_session_args': {'inter_op_parallelism_threads': 8, 'intra_op_parallelism_threads': 8}, 'model': {'free_log_std': False, 'custom_options': {}, 'framestack': True, 'channel_major': False, 'max_seq_len': 20, 'lstm_use_prev_action_reward': False, 'squash_to_range': False, 'dim': 84, 'grayscale': False, 'fcnet_hiddens': [100, 50, 25], 'use_lstm': False, 'custom_model': None, 'fcnet_activation': 'tanh', 'conv_filters': None, 'conv_activation': 'relu', 'lstm_cell_size': 256, 'zero_mean': True, 'custom_preprocessor': None}, 'output_compress_columns': ['obs', 'new_obs'], 'monitor': False, 'custom_resources_per_worker': {}, 'output_max_file_size': 67108864, 'num_workers': 1, 'clip_param': 0.3, 'kl_coeff': 0.2, 'multiagent': {'policy_graphs': {}, 'policy_mapping_fn': None, 'policies_to_train': None}, 'input_evaluation': None, 'output': None, 'collect_metrics_timeout': 180, 'num_cpus_per_worker': 1}",169.237.32.118,1,1396.0,9.99888563156128,"{'num_steps_sampled': 604800, 'load_time_ms': 1.201, 'default': {'kl': 0.00591873237863183, 'cur_lr': 0.0005000000237487257, 'total_loss': 0.9001142978668213, 'policy_loss': -0.009329108521342278, 'vf_explained_var': 0.9663817286491394, 'entropy': 2.08540940284729, 'cur_kl_coeff': 0.6248944997787476, 'vf_loss': 0.9057449698448181}, 'sample_time_ms': 9623.514, 'grad_time_ms': 274.902, 'update_time_ms': 4.921, 'num_steps_trained': 604800}",389.5021145222862,2019-04-02_08-39-14,kronos,71,604800,0,3742.4657196998596,{},604800,378,378,3742.4657196998596,497.51931804559143,1600,1554194354,{},0b32d2eec3344b1fbde4822793b2e447,67.70276554331174
False,463,"{'input': 'sampler', 'callbacks': {'on_train_result': None, 'on_sample_end': None, 'on_episode_step': None, 'on_episode_start': None, 'on_episode_end': None}, 'sample_batch_size': 200, 'clip_actions': False, 'clip_rewards': None, 'tf_session_args': {'inter_op_parallelism_threads': 2, 'intra_op_parallelism_threads': 2, 'device_count': {'CPU': 1}, 'log_device_placement': False, 'allow_soft_placement': True, 'gpu_options': {'allow_growth': True}}, 'kl_target': 0.01, 'horizon': 1500, 'lr': 0.0005, 'sample_async': False, 'simple_optimizer': False, 'compress_observations': False, 'num_envs_per_worker': 1, 'gamma': 0.99, 'sgd_minibatch_size': 128, 'observation_filter': 'NoFilter', 'entropy_coeff': 0.0, 'batch_mode': 'truncate_episodes', 'straggler_mitigation': False, 'vf_share_layers': False, 'num_gpus': 0, 'synchronize_filters': True, 'num_sgd_iter': 10, 'train_batch_size': 1500, 'optimizer': {}, 'num_gpus_per_worker': 0, 'preprocessor_pref': 'deepmind', 'num_cpus_for_driver': 1, 'lr_schedule': None, 'use_gae': True, 'lambda': 0.97, 'vf_loss_coeff': 1.0, 'vf_clip_param': 1000000.0, 'log_level': 'INFO', 'env_config': {'run': 'PPO', 'flow_params': '{\n    ""env"": {\n        ""additional_params"": {\n            ""max_accel"": 3,\n            ""max_decel"": 3,\n            ""sort_vehicles"": false,\n            ""target_velocity"": 20\n        },\n        ""evaluate"": false,\n        ""horizon"": 1500,\n        ""sims_per_step"": 1,\n        ""warmup_steps"": 0\n    },\n    ""env_name"": ""AccelEnv"",\n    ""exp_tag"": ""figure_eight_0"",\n    ""initial"": {\n        ""additional_params"": {},\n        ""bunching"": 0,\n        ""edges_distribution"": ""all"",\n        ""lanes_distribution"": Infinity,\n        ""min_gap"": 0,\n        ""perturbation"": 0.0,\n        ""shuffle"": false,\n        ""spacing"": ""uniform"",\n        ""x0"": 0\n    },\n    ""net"": {\n        ""additional_params"": {\n            ""lanes"": 1,\n            ""radius_ring"": 30,\n            ""resolution"": 40,\n            ""speed_limit"": 30\n        },\n        ""inflows"": {\n            ""_InFlows__flows"": [],\n            ""num_flows"": 0\n        },\n        ""netfile"": null,\n        ""no_internal_links"": false,\n        ""osm_path"": null\n    },\n    ""scenario"": ""Figure8Scenario"",\n    ""sim"": {\n        ""emission_path"": null,\n        ""lateral_resolution"": null,\n        ""no_step_log"": true,\n        ""num_clients"": 1,\n        ""overtake_right"": false,\n        ""port"": null,\n        ""print_warnings"": true,\n        ""pxpm"": 2,\n        ""render"": false,\n        ""restart_instance"": false,\n        ""save_render"": false,\n        ""seed"": null,\n        ""show_radius"": false,\n        ""sight_radius"": 25,\n        ""sim_step"": 0.1,\n        ""teleport_time"": -1\n    },\n    ""simulator"": ""traci"",\n    ""veh"": [\n        {\n            ""acceleration_controller"": [\n                ""IDMController"",\n                {\n                    ""noise"": 0.2\n                }\n            ],\n            ""car_following_params"": {\n                ""controller_params"": {\n                    ""accel"": 1.0,\n                    ""carFollowModel"": ""IDM"",\n                    ""decel"": 1.5,\n                    ""impatience"": 0.5,\n                    ""maxSpeed"": 30,\n                    ""minGap"": 2.5,\n                    ""sigma"": 0.5,\n                    ""speedDev"": 0.1,\n                    ""speedFactor"": 1.0,\n                    ""tau"": 1.0\n                },\n                ""speed_mode"": 1\n            },\n            ""initial_speed"": 0,\n            ""lane_change_controller"": [\n                ""SimLaneChangeController"",\n                {}\n            ],\n            ""lane_change_params"": {\n                ""controller_params"": {\n                    ""laneChangeModel"": ""LC2013"",\n                    ""lcCooperative"": ""1.0"",\n                    ""lcKeepRight"": ""1.0"",\n                    ""lcSpeedGain"": ""1.0"",\n                    ""lcStrategic"": ""1.0""\n                },\n                ""lane_change_mode"": 512\n            },\n            ""num_vehicles"": 13,\n            ""routing_controller"": [\n                ""ContinuousRouter"",\n                {}\n            ],\n            ""veh_id"": ""human""\n        },\n        {\n            ""acceleration_controller"": [\n                ""RLController"",\n                {}\n            ],\n            ""car_following_params"": {\n                ""controller_params"": {\n                    ""accel"": 1.0,\n                    ""carFollowModel"": ""IDM"",\n                    ""decel"": 1.5,\n                    ""impatience"": 0.5,\n                    ""maxSpeed"": 30,\n                    ""minGap"": 2.5,\n                    ""sigma"": 0.5,\n                    ""speedDev"": 0.1,\n                    ""speedFactor"": 1.0,\n                    ""tau"": 1.0\n                },\n                ""speed_mode"": 1\n            },\n            ""initial_speed"": 0,\n            ""lane_change_controller"": [\n                ""SimLaneChangeController"",\n                {}\n            ],\n            ""lane_change_params"": {\n                ""controller_params"": {\n                    ""laneChangeModel"": ""LC2013"",\n                    ""lcCooperative"": ""1.0"",\n                    ""lcKeepRight"": ""1.0"",\n                    ""lcSpeedGain"": ""1.0"",\n                    ""lcStrategic"": ""1.0""\n                },\n                ""lane_change_mode"": 512\n            },\n            ""num_vehicles"": 1,\n            ""routing_controller"": [\n                ""ContinuousRouter"",\n                {}\n            ],\n            ""veh_id"": ""rl""\n        }\n    ]\n}'}, 'env': 'AccelEnv-v0', 'local_evaluator_tf_session_args': {'inter_op_parallelism_threads': 8, 'intra_op_parallelism_threads': 8}, 'model': {'free_log_std': False, 'custom_options': {}, 'framestack': True, 'channel_major': False, 'max_seq_len': 20, 'lstm_use_prev_action_reward': False, 'squash_to_range': False, 'dim': 84, 'grayscale': False, 'fcnet_hiddens': [100, 50, 25], 'use_lstm': False, 'custom_model': None, 'fcnet_activation': 'tanh', 'conv_filters': None, 'conv_activation': 'relu', 'lstm_cell_size': 256, 'zero_mean': True, 'custom_preprocessor': None}, 'output_compress_columns': ['obs', 'new_obs'], 'monitor': False, 'custom_resources_per_worker': {}, 'output_max_file_size': 67108864, 'num_workers': 1, 'clip_param': 0.3, 'kl_coeff': 0.2, 'multiagent': {'policy_graphs': {}, 'policy_mapping_fn': None, 'policies_to_train': None}, 'input_evaluation': None, 'output': None, 'collect_metrics_timeout': 180, 'num_cpus_per_worker': 1}",169.237.32.118,1,1396.0,9.937818050384521,"{'num_steps_sampled': 606400, 'load_time_ms': 1.234, 'default': {'kl': 0.0048666889779269695, 'cur_lr': 0.0005000000237487257, 'total_loss': 0.8580339550971985, 'policy_loss': -0.013415555469691753, 'vf_explained_var': 0.9723374843597412, 'entropy': 2.2433576583862305, 'cur_kl_coeff': 0.6248944997787476, 'vf_loss': 0.8684085011482239}, 'sample_time_ms': 9634.324, 'grad_time_ms': 275.815, 'update_time_ms': 4.958, 'num_steps_trained': 606400}",389.34175704476036,2019-04-02_08-39-24,kronos,71,606400,0,3752.403537750244,{},606400,379,379,3752.403537750244,497.51931804559143,1600,1554194364,{},0b32d2eec3344b1fbde4822793b2e447,67.70276554331174
False,464,"{'input': 'sampler', 'callbacks': {'on_train_result': None, 'on_sample_end': None, 'on_episode_step': None, 'on_episode_start': None, 'on_episode_end': None}, 'sample_batch_size': 200, 'clip_actions': False, 'clip_rewards': None, 'tf_session_args': {'inter_op_parallelism_threads': 2, 'intra_op_parallelism_threads': 2, 'device_count': {'CPU': 1}, 'log_device_placement': False, 'allow_soft_placement': True, 'gpu_options': {'allow_growth': True}}, 'kl_target': 0.01, 'horizon': 1500, 'lr': 0.0005, 'sample_async': False, 'simple_optimizer': False, 'compress_observations': False, 'num_envs_per_worker': 1, 'gamma': 0.99, 'sgd_minibatch_size': 128, 'observation_filter': 'NoFilter', 'entropy_coeff': 0.0, 'batch_mode': 'truncate_episodes', 'straggler_mitigation': False, 'vf_share_layers': False, 'num_gpus': 0, 'synchronize_filters': True, 'num_sgd_iter': 10, 'train_batch_size': 1500, 'optimizer': {}, 'num_gpus_per_worker': 0, 'preprocessor_pref': 'deepmind', 'num_cpus_for_driver': 1, 'lr_schedule': None, 'use_gae': True, 'lambda': 0.97, 'vf_loss_coeff': 1.0, 'vf_clip_param': 1000000.0, 'log_level': 'INFO', 'env_config': {'run': 'PPO', 'flow_params': '{\n    ""env"": {\n        ""additional_params"": {\n            ""max_accel"": 3,\n            ""max_decel"": 3,\n            ""sort_vehicles"": false,\n            ""target_velocity"": 20\n        },\n        ""evaluate"": false,\n        ""horizon"": 1500,\n        ""sims_per_step"": 1,\n        ""warmup_steps"": 0\n    },\n    ""env_name"": ""AccelEnv"",\n    ""exp_tag"": ""figure_eight_0"",\n    ""initial"": {\n        ""additional_params"": {},\n        ""bunching"": 0,\n        ""edges_distribution"": ""all"",\n        ""lanes_distribution"": Infinity,\n        ""min_gap"": 0,\n        ""perturbation"": 0.0,\n        ""shuffle"": false,\n        ""spacing"": ""uniform"",\n        ""x0"": 0\n    },\n    ""net"": {\n        ""additional_params"": {\n            ""lanes"": 1,\n            ""radius_ring"": 30,\n            ""resolution"": 40,\n            ""speed_limit"": 30\n        },\n        ""inflows"": {\n            ""_InFlows__flows"": [],\n            ""num_flows"": 0\n        },\n        ""netfile"": null,\n        ""no_internal_links"": false,\n        ""osm_path"": null\n    },\n    ""scenario"": ""Figure8Scenario"",\n    ""sim"": {\n        ""emission_path"": null,\n        ""lateral_resolution"": null,\n        ""no_step_log"": true,\n        ""num_clients"": 1,\n        ""overtake_right"": false,\n        ""port"": null,\n        ""print_warnings"": true,\n        ""pxpm"": 2,\n        ""render"": false,\n        ""restart_instance"": false,\n        ""save_render"": false,\n        ""seed"": null,\n        ""show_radius"": false,\n        ""sight_radius"": 25,\n        ""sim_step"": 0.1,\n        ""teleport_time"": -1\n    },\n    ""simulator"": ""traci"",\n    ""veh"": [\n        {\n            ""acceleration_controller"": [\n                ""IDMController"",\n                {\n                    ""noise"": 0.2\n                }\n            ],\n            ""car_following_params"": {\n                ""controller_params"": {\n                    ""accel"": 1.0,\n                    ""carFollowModel"": ""IDM"",\n                    ""decel"": 1.5,\n                    ""impatience"": 0.5,\n                    ""maxSpeed"": 30,\n                    ""minGap"": 2.5,\n                    ""sigma"": 0.5,\n                    ""speedDev"": 0.1,\n                    ""speedFactor"": 1.0,\n                    ""tau"": 1.0\n                },\n                ""speed_mode"": 1\n            },\n            ""initial_speed"": 0,\n            ""lane_change_controller"": [\n                ""SimLaneChangeController"",\n                {}\n            ],\n            ""lane_change_params"": {\n                ""controller_params"": {\n                    ""laneChangeModel"": ""LC2013"",\n                    ""lcCooperative"": ""1.0"",\n                    ""lcKeepRight"": ""1.0"",\n                    ""lcSpeedGain"": ""1.0"",\n                    ""lcStrategic"": ""1.0""\n                },\n                ""lane_change_mode"": 512\n            },\n            ""num_vehicles"": 13,\n            ""routing_controller"": [\n                ""ContinuousRouter"",\n                {}\n            ],\n            ""veh_id"": ""human""\n        },\n        {\n            ""acceleration_controller"": [\n                ""RLController"",\n                {}\n            ],\n            ""car_following_params"": {\n                ""controller_params"": {\n                    ""accel"": 1.0,\n                    ""carFollowModel"": ""IDM"",\n                    ""decel"": 1.5,\n                    ""impatience"": 0.5,\n                    ""maxSpeed"": 30,\n                    ""minGap"": 2.5,\n                    ""sigma"": 0.5,\n                    ""speedDev"": 0.1,\n                    ""speedFactor"": 1.0,\n                    ""tau"": 1.0\n                },\n                ""speed_mode"": 1\n            },\n            ""initial_speed"": 0,\n            ""lane_change_controller"": [\n                ""SimLaneChangeController"",\n                {}\n            ],\n            ""lane_change_params"": {\n                ""controller_params"": {\n                    ""laneChangeModel"": ""LC2013"",\n                    ""lcCooperative"": ""1.0"",\n                    ""lcKeepRight"": ""1.0"",\n                    ""lcSpeedGain"": ""1.0"",\n                    ""lcStrategic"": ""1.0""\n                },\n                ""lane_change_mode"": 512\n            },\n            ""num_vehicles"": 1,\n            ""routing_controller"": [\n                ""ContinuousRouter"",\n                {}\n            ],\n            ""veh_id"": ""rl""\n        }\n    ]\n}'}, 'env': 'AccelEnv-v0', 'local_evaluator_tf_session_args': {'inter_op_parallelism_threads': 8, 'intra_op_parallelism_threads': 8}, 'model': {'free_log_std': False, 'custom_options': {}, 'framestack': True, 'channel_major': False, 'max_seq_len': 20, 'lstm_use_prev_action_reward': False, 'squash_to_range': False, 'dim': 84, 'grayscale': False, 'fcnet_hiddens': [100, 50, 25], 'use_lstm': False, 'custom_model': None, 'fcnet_activation': 'tanh', 'conv_filters': None, 'conv_activation': 'relu', 'lstm_cell_size': 256, 'zero_mean': True, 'custom_preprocessor': None}, 'output_compress_columns': ['obs', 'new_obs'], 'monitor': False, 'custom_resources_per_worker': {}, 'output_max_file_size': 67108864, 'num_workers': 1, 'clip_param': 0.3, 'kl_coeff': 0.2, 'multiagent': {'policy_graphs': {}, 'policy_mapping_fn': None, 'policies_to_train': None}, 'input_evaluation': None, 'output': None, 'collect_metrics_timeout': 180, 'num_cpus_per_worker': 1}",169.237.32.118,1,1396.0,9.81673789024353,"{'num_steps_sampled': 608000, 'load_time_ms': 1.21, 'default': {'kl': 0.01615767739713192, 'cur_lr': 0.0005000000237487257, 'total_loss': 0.5000599026679993, 'policy_loss': -0.02878197468817234, 'vf_explained_var': 0.9767475128173828, 'entropy': 2.100480556488037, 'cur_kl_coeff': 0.3124472498893738, 'vf_loss': 0.5237934589385986}, 'sample_time_ms': 9621.858, 'grad_time_ms': 274.502, 'update_time_ms': 5.051, 'num_steps_trained': 608000}",389.176085415837,2019-04-02_08-39-34,kronos,71,608000,0,3762.2202756404877,{},608000,380,380,3762.2202756404877,497.51931804559143,1600,1554194374,{},0b32d2eec3344b1fbde4822793b2e447,67.70276554331174
False,465,"{'input': 'sampler', 'callbacks': {'on_train_result': None, 'on_sample_end': None, 'on_episode_step': None, 'on_episode_start': None, 'on_episode_end': None}, 'sample_batch_size': 200, 'clip_actions': False, 'clip_rewards': None, 'tf_session_args': {'inter_op_parallelism_threads': 2, 'intra_op_parallelism_threads': 2, 'device_count': {'CPU': 1}, 'log_device_placement': False, 'allow_soft_placement': True, 'gpu_options': {'allow_growth': True}}, 'kl_target': 0.01, 'horizon': 1500, 'lr': 0.0005, 'sample_async': False, 'simple_optimizer': False, 'compress_observations': False, 'num_envs_per_worker': 1, 'gamma': 0.99, 'sgd_minibatch_size': 128, 'observation_filter': 'NoFilter', 'entropy_coeff': 0.0, 'batch_mode': 'truncate_episodes', 'straggler_mitigation': False, 'vf_share_layers': False, 'num_gpus': 0, 'synchronize_filters': True, 'num_sgd_iter': 10, 'train_batch_size': 1500, 'optimizer': {}, 'num_gpus_per_worker': 0, 'preprocessor_pref': 'deepmind', 'num_cpus_for_driver': 1, 'lr_schedule': None, 'use_gae': True, 'lambda': 0.97, 'vf_loss_coeff': 1.0, 'vf_clip_param': 1000000.0, 'log_level': 'INFO', 'env_config': {'run': 'PPO', 'flow_params': '{\n    ""env"": {\n        ""additional_params"": {\n            ""max_accel"": 3,\n            ""max_decel"": 3,\n            ""sort_vehicles"": false,\n            ""target_velocity"": 20\n        },\n        ""evaluate"": false,\n        ""horizon"": 1500,\n        ""sims_per_step"": 1,\n        ""warmup_steps"": 0\n    },\n    ""env_name"": ""AccelEnv"",\n    ""exp_tag"": ""figure_eight_0"",\n    ""initial"": {\n        ""additional_params"": {},\n        ""bunching"": 0,\n        ""edges_distribution"": ""all"",\n        ""lanes_distribution"": Infinity,\n        ""min_gap"": 0,\n        ""perturbation"": 0.0,\n        ""shuffle"": false,\n        ""spacing"": ""uniform"",\n        ""x0"": 0\n    },\n    ""net"": {\n        ""additional_params"": {\n            ""lanes"": 1,\n            ""radius_ring"": 30,\n            ""resolution"": 40,\n            ""speed_limit"": 30\n        },\n        ""inflows"": {\n            ""_InFlows__flows"": [],\n            ""num_flows"": 0\n        },\n        ""netfile"": null,\n        ""no_internal_links"": false,\n        ""osm_path"": null\n    },\n    ""scenario"": ""Figure8Scenario"",\n    ""sim"": {\n        ""emission_path"": null,\n        ""lateral_resolution"": null,\n        ""no_step_log"": true,\n        ""num_clients"": 1,\n        ""overtake_right"": false,\n        ""port"": null,\n        ""print_warnings"": true,\n        ""pxpm"": 2,\n        ""render"": false,\n        ""restart_instance"": false,\n        ""save_render"": false,\n        ""seed"": null,\n        ""show_radius"": false,\n        ""sight_radius"": 25,\n        ""sim_step"": 0.1,\n        ""teleport_time"": -1\n    },\n    ""simulator"": ""traci"",\n    ""veh"": [\n        {\n            ""acceleration_controller"": [\n                ""IDMController"",\n                {\n                    ""noise"": 0.2\n                }\n            ],\n            ""car_following_params"": {\n                ""controller_params"": {\n                    ""accel"": 1.0,\n                    ""carFollowModel"": ""IDM"",\n                    ""decel"": 1.5,\n                    ""impatience"": 0.5,\n                    ""maxSpeed"": 30,\n                    ""minGap"": 2.5,\n                    ""sigma"": 0.5,\n                    ""speedDev"": 0.1,\n                    ""speedFactor"": 1.0,\n                    ""tau"": 1.0\n                },\n                ""speed_mode"": 1\n            },\n            ""initial_speed"": 0,\n            ""lane_change_controller"": [\n                ""SimLaneChangeController"",\n                {}\n            ],\n            ""lane_change_params"": {\n                ""controller_params"": {\n                    ""laneChangeModel"": ""LC2013"",\n                    ""lcCooperative"": ""1.0"",\n                    ""lcKeepRight"": ""1.0"",\n                    ""lcSpeedGain"": ""1.0"",\n                    ""lcStrategic"": ""1.0""\n                },\n                ""lane_change_mode"": 512\n            },\n            ""num_vehicles"": 13,\n            ""routing_controller"": [\n                ""ContinuousRouter"",\n                {}\n            ],\n            ""veh_id"": ""human""\n        },\n        {\n            ""acceleration_controller"": [\n                ""RLController"",\n                {}\n            ],\n            ""car_following_params"": {\n                ""controller_params"": {\n                    ""accel"": 1.0,\n                    ""carFollowModel"": ""IDM"",\n                    ""decel"": 1.5,\n                    ""impatience"": 0.5,\n                    ""maxSpeed"": 30,\n                    ""minGap"": 2.5,\n                    ""sigma"": 0.5,\n                    ""speedDev"": 0.1,\n                    ""speedFactor"": 1.0,\n                    ""tau"": 1.0\n                },\n                ""speed_mode"": 1\n            },\n            ""initial_speed"": 0,\n            ""lane_change_controller"": [\n                ""SimLaneChangeController"",\n                {}\n            ],\n            ""lane_change_params"": {\n                ""controller_params"": {\n                    ""laneChangeModel"": ""LC2013"",\n                    ""lcCooperative"": ""1.0"",\n                    ""lcKeepRight"": ""1.0"",\n                    ""lcSpeedGain"": ""1.0"",\n                    ""lcStrategic"": ""1.0""\n                },\n                ""lane_change_mode"": 512\n            },\n            ""num_vehicles"": 1,\n            ""routing_controller"": [\n                ""ContinuousRouter"",\n                {}\n            ],\n            ""veh_id"": ""rl""\n        }\n    ]\n}'}, 'env': 'AccelEnv-v0', 'local_evaluator_tf_session_args': {'inter_op_parallelism_threads': 8, 'intra_op_parallelism_threads': 8}, 'model': {'free_log_std': False, 'custom_options': {}, 'framestack': True, 'channel_major': False, 'max_seq_len': 20, 'lstm_use_prev_action_reward': False, 'squash_to_range': False, 'dim': 84, 'grayscale': False, 'fcnet_hiddens': [100, 50, 25], 'use_lstm': False, 'custom_model': None, 'fcnet_activation': 'tanh', 'conv_filters': None, 'conv_activation': 'relu', 'lstm_cell_size': 256, 'zero_mean': True, 'custom_preprocessor': None}, 'output_compress_columns': ['obs', 'new_obs'], 'monitor': False, 'custom_resources_per_worker': {}, 'output_max_file_size': 67108864, 'num_workers': 1, 'clip_param': 0.3, 'kl_coeff': 0.2, 'multiagent': {'policy_graphs': {}, 'policy_mapping_fn': None, 'policies_to_train': None}, 'input_evaluation': None, 'output': None, 'collect_metrics_timeout': 180, 'num_cpus_per_worker': 1}",169.237.32.118,1,1396.0,9.87033200263977,"{'num_steps_sampled': 609600, 'load_time_ms': 1.189, 'default': {'kl': 0.00545801967382431, 'cur_lr': 0.0005000000237487257, 'total_loss': 0.40738824009895325, 'policy_loss': 0.0002643506450112909, 'vf_explained_var': 0.9906455874443054, 'entropy': 2.1788980960845947, 'cur_kl_coeff': 0.3124472498893738, 'vf_loss': 0.4054185152053833}, 'sample_time_ms': 9611.731, 'grad_time_ms': 276.327, 'update_time_ms': 5.08, 'num_steps_trained': 609600}",389.59661543453,2019-04-02_08-39-44,kronos,71,609600,0,3772.0906076431274,{},609600,381,381,3772.0906076431274,497.51931804559143,1600,1554194384,{},0b32d2eec3344b1fbde4822793b2e447,67.70276554331174
False,466,"{'input': 'sampler', 'callbacks': {'on_train_result': None, 'on_sample_end': None, 'on_episode_step': None, 'on_episode_start': None, 'on_episode_end': None}, 'sample_batch_size': 200, 'clip_actions': False, 'clip_rewards': None, 'tf_session_args': {'inter_op_parallelism_threads': 2, 'intra_op_parallelism_threads': 2, 'device_count': {'CPU': 1}, 'log_device_placement': False, 'allow_soft_placement': True, 'gpu_options': {'allow_growth': True}}, 'kl_target': 0.01, 'horizon': 1500, 'lr': 0.0005, 'sample_async': False, 'simple_optimizer': False, 'compress_observations': False, 'num_envs_per_worker': 1, 'gamma': 0.99, 'sgd_minibatch_size': 128, 'observation_filter': 'NoFilter', 'entropy_coeff': 0.0, 'batch_mode': 'truncate_episodes', 'straggler_mitigation': False, 'vf_share_layers': False, 'num_gpus': 0, 'synchronize_filters': True, 'num_sgd_iter': 10, 'train_batch_size': 1500, 'optimizer': {}, 'num_gpus_per_worker': 0, 'preprocessor_pref': 'deepmind', 'num_cpus_for_driver': 1, 'lr_schedule': None, 'use_gae': True, 'lambda': 0.97, 'vf_loss_coeff': 1.0, 'vf_clip_param': 1000000.0, 'log_level': 'INFO', 'env_config': {'run': 'PPO', 'flow_params': '{\n    ""env"": {\n        ""additional_params"": {\n            ""max_accel"": 3,\n            ""max_decel"": 3,\n            ""sort_vehicles"": false,\n            ""target_velocity"": 20\n        },\n        ""evaluate"": false,\n        ""horizon"": 1500,\n        ""sims_per_step"": 1,\n        ""warmup_steps"": 0\n    },\n    ""env_name"": ""AccelEnv"",\n    ""exp_tag"": ""figure_eight_0"",\n    ""initial"": {\n        ""additional_params"": {},\n        ""bunching"": 0,\n        ""edges_distribution"": ""all"",\n        ""lanes_distribution"": Infinity,\n        ""min_gap"": 0,\n        ""perturbation"": 0.0,\n        ""shuffle"": false,\n        ""spacing"": ""uniform"",\n        ""x0"": 0\n    },\n    ""net"": {\n        ""additional_params"": {\n            ""lanes"": 1,\n            ""radius_ring"": 30,\n            ""resolution"": 40,\n            ""speed_limit"": 30\n        },\n        ""inflows"": {\n            ""_InFlows__flows"": [],\n            ""num_flows"": 0\n        },\n        ""netfile"": null,\n        ""no_internal_links"": false,\n        ""osm_path"": null\n    },\n    ""scenario"": ""Figure8Scenario"",\n    ""sim"": {\n        ""emission_path"": null,\n        ""lateral_resolution"": null,\n        ""no_step_log"": true,\n        ""num_clients"": 1,\n        ""overtake_right"": false,\n        ""port"": null,\n        ""print_warnings"": true,\n        ""pxpm"": 2,\n        ""render"": false,\n        ""restart_instance"": false,\n        ""save_render"": false,\n        ""seed"": null,\n        ""show_radius"": false,\n        ""sight_radius"": 25,\n        ""sim_step"": 0.1,\n        ""teleport_time"": -1\n    },\n    ""simulator"": ""traci"",\n    ""veh"": [\n        {\n            ""acceleration_controller"": [\n                ""IDMController"",\n                {\n                    ""noise"": 0.2\n                }\n            ],\n            ""car_following_params"": {\n                ""controller_params"": {\n                    ""accel"": 1.0,\n                    ""carFollowModel"": ""IDM"",\n                    ""decel"": 1.5,\n                    ""impatience"": 0.5,\n                    ""maxSpeed"": 30,\n                    ""minGap"": 2.5,\n                    ""sigma"": 0.5,\n                    ""speedDev"": 0.1,\n                    ""speedFactor"": 1.0,\n                    ""tau"": 1.0\n                },\n                ""speed_mode"": 1\n            },\n            ""initial_speed"": 0,\n            ""lane_change_controller"": [\n                ""SimLaneChangeController"",\n                {}\n            ],\n            ""lane_change_params"": {\n                ""controller_params"": {\n                    ""laneChangeModel"": ""LC2013"",\n                    ""lcCooperative"": ""1.0"",\n                    ""lcKeepRight"": ""1.0"",\n                    ""lcSpeedGain"": ""1.0"",\n                    ""lcStrategic"": ""1.0""\n                },\n                ""lane_change_mode"": 512\n            },\n            ""num_vehicles"": 13,\n            ""routing_controller"": [\n                ""ContinuousRouter"",\n                {}\n            ],\n            ""veh_id"": ""human""\n        },\n        {\n            ""acceleration_controller"": [\n                ""RLController"",\n                {}\n            ],\n            ""car_following_params"": {\n                ""controller_params"": {\n                    ""accel"": 1.0,\n                    ""carFollowModel"": ""IDM"",\n                    ""decel"": 1.5,\n                    ""impatience"": 0.5,\n                    ""maxSpeed"": 30,\n                    ""minGap"": 2.5,\n                    ""sigma"": 0.5,\n                    ""speedDev"": 0.1,\n                    ""speedFactor"": 1.0,\n                    ""tau"": 1.0\n                },\n                ""speed_mode"": 1\n            },\n            ""initial_speed"": 0,\n            ""lane_change_controller"": [\n                ""SimLaneChangeController"",\n                {}\n            ],\n            ""lane_change_params"": {\n                ""controller_params"": {\n                    ""laneChangeModel"": ""LC2013"",\n                    ""lcCooperative"": ""1.0"",\n                    ""lcKeepRight"": ""1.0"",\n                    ""lcSpeedGain"": ""1.0"",\n                    ""lcStrategic"": ""1.0""\n                },\n                ""lane_change_mode"": 512\n            },\n            ""num_vehicles"": 1,\n            ""routing_controller"": [\n                ""ContinuousRouter"",\n                {}\n            ],\n            ""veh_id"": ""rl""\n        }\n    ]\n}'}, 'env': 'AccelEnv-v0', 'local_evaluator_tf_session_args': {'inter_op_parallelism_threads': 8, 'intra_op_parallelism_threads': 8}, 'model': {'free_log_std': False, 'custom_options': {}, 'framestack': True, 'channel_major': False, 'max_seq_len': 20, 'lstm_use_prev_action_reward': False, 'squash_to_range': False, 'dim': 84, 'grayscale': False, 'fcnet_hiddens': [100, 50, 25], 'use_lstm': False, 'custom_model': None, 'fcnet_activation': 'tanh', 'conv_filters': None, 'conv_activation': 'relu', 'lstm_cell_size': 256, 'zero_mean': True, 'custom_preprocessor': None}, 'output_compress_columns': ['obs', 'new_obs'], 'monitor': False, 'custom_resources_per_worker': {}, 'output_max_file_size': 67108864, 'num_workers': 1, 'clip_param': 0.3, 'kl_coeff': 0.2, 'multiagent': {'policy_graphs': {}, 'policy_mapping_fn': None, 'policies_to_train': None}, 'input_evaluation': None, 'output': None, 'collect_metrics_timeout': 180, 'num_cpus_per_worker': 1}",169.237.32.118,1,1396.0,9.839362621307373,"{'num_steps_sampled': 611200, 'load_time_ms': 1.189, 'default': {'kl': 0.01679210737347603, 'cur_lr': 0.0005000000237487257, 'total_loss': 0.8771223425865173, 'policy_loss': -0.022536804899573326, 'vf_explained_var': 0.9825113415718079, 'entropy': 2.0786197185516357, 'cur_kl_coeff': 0.3124472498893738, 'vf_loss': 0.8944124579429626}, 'sample_time_ms': 9606.442, 'grad_time_ms': 277.726, 'update_time_ms': 5.066, 'num_steps_trained': 611200}",389.0463711206943,2019-04-02_08-39-54,kronos,71,611200,0,3781.929970264435,{},611200,382,382,3781.929970264435,497.51931804559143,1600,1554194394,{},0b32d2eec3344b1fbde4822793b2e447,67.70276554331174
False,467,"{'input': 'sampler', 'callbacks': {'on_train_result': None, 'on_sample_end': None, 'on_episode_step': None, 'on_episode_start': None, 'on_episode_end': None}, 'sample_batch_size': 200, 'clip_actions': False, 'clip_rewards': None, 'tf_session_args': {'inter_op_parallelism_threads': 2, 'intra_op_parallelism_threads': 2, 'device_count': {'CPU': 1}, 'log_device_placement': False, 'allow_soft_placement': True, 'gpu_options': {'allow_growth': True}}, 'kl_target': 0.01, 'horizon': 1500, 'lr': 0.0005, 'sample_async': False, 'simple_optimizer': False, 'compress_observations': False, 'num_envs_per_worker': 1, 'gamma': 0.99, 'sgd_minibatch_size': 128, 'observation_filter': 'NoFilter', 'entropy_coeff': 0.0, 'batch_mode': 'truncate_episodes', 'straggler_mitigation': False, 'vf_share_layers': False, 'num_gpus': 0, 'synchronize_filters': True, 'num_sgd_iter': 10, 'train_batch_size': 1500, 'optimizer': {}, 'num_gpus_per_worker': 0, 'preprocessor_pref': 'deepmind', 'num_cpus_for_driver': 1, 'lr_schedule': None, 'use_gae': True, 'lambda': 0.97, 'vf_loss_coeff': 1.0, 'vf_clip_param': 1000000.0, 'log_level': 'INFO', 'env_config': {'run': 'PPO', 'flow_params': '{\n    ""env"": {\n        ""additional_params"": {\n            ""max_accel"": 3,\n            ""max_decel"": 3,\n            ""sort_vehicles"": false,\n            ""target_velocity"": 20\n        },\n        ""evaluate"": false,\n        ""horizon"": 1500,\n        ""sims_per_step"": 1,\n        ""warmup_steps"": 0\n    },\n    ""env_name"": ""AccelEnv"",\n    ""exp_tag"": ""figure_eight_0"",\n    ""initial"": {\n        ""additional_params"": {},\n        ""bunching"": 0,\n        ""edges_distribution"": ""all"",\n        ""lanes_distribution"": Infinity,\n        ""min_gap"": 0,\n        ""perturbation"": 0.0,\n        ""shuffle"": false,\n        ""spacing"": ""uniform"",\n        ""x0"": 0\n    },\n    ""net"": {\n        ""additional_params"": {\n            ""lanes"": 1,\n            ""radius_ring"": 30,\n            ""resolution"": 40,\n            ""speed_limit"": 30\n        },\n        ""inflows"": {\n            ""_InFlows__flows"": [],\n            ""num_flows"": 0\n        },\n        ""netfile"": null,\n        ""no_internal_links"": false,\n        ""osm_path"": null\n    },\n    ""scenario"": ""Figure8Scenario"",\n    ""sim"": {\n        ""emission_path"": null,\n        ""lateral_resolution"": null,\n        ""no_step_log"": true,\n        ""num_clients"": 1,\n        ""overtake_right"": false,\n        ""port"": null,\n        ""print_warnings"": true,\n        ""pxpm"": 2,\n        ""render"": false,\n        ""restart_instance"": false,\n        ""save_render"": false,\n        ""seed"": null,\n        ""show_radius"": false,\n        ""sight_radius"": 25,\n        ""sim_step"": 0.1,\n        ""teleport_time"": -1\n    },\n    ""simulator"": ""traci"",\n    ""veh"": [\n        {\n            ""acceleration_controller"": [\n                ""IDMController"",\n                {\n                    ""noise"": 0.2\n                }\n            ],\n            ""car_following_params"": {\n                ""controller_params"": {\n                    ""accel"": 1.0,\n                    ""carFollowModel"": ""IDM"",\n                    ""decel"": 1.5,\n                    ""impatience"": 0.5,\n                    ""maxSpeed"": 30,\n                    ""minGap"": 2.5,\n                    ""sigma"": 0.5,\n                    ""speedDev"": 0.1,\n                    ""speedFactor"": 1.0,\n                    ""tau"": 1.0\n                },\n                ""speed_mode"": 1\n            },\n            ""initial_speed"": 0,\n            ""lane_change_controller"": [\n                ""SimLaneChangeController"",\n                {}\n            ],\n            ""lane_change_params"": {\n                ""controller_params"": {\n                    ""laneChangeModel"": ""LC2013"",\n                    ""lcCooperative"": ""1.0"",\n                    ""lcKeepRight"": ""1.0"",\n                    ""lcSpeedGain"": ""1.0"",\n                    ""lcStrategic"": ""1.0""\n                },\n                ""lane_change_mode"": 512\n            },\n            ""num_vehicles"": 13,\n            ""routing_controller"": [\n                ""ContinuousRouter"",\n                {}\n            ],\n            ""veh_id"": ""human""\n        },\n        {\n            ""acceleration_controller"": [\n                ""RLController"",\n                {}\n            ],\n            ""car_following_params"": {\n                ""controller_params"": {\n                    ""accel"": 1.0,\n                    ""carFollowModel"": ""IDM"",\n                    ""decel"": 1.5,\n                    ""impatience"": 0.5,\n                    ""maxSpeed"": 30,\n                    ""minGap"": 2.5,\n                    ""sigma"": 0.5,\n                    ""speedDev"": 0.1,\n                    ""speedFactor"": 1.0,\n                    ""tau"": 1.0\n                },\n                ""speed_mode"": 1\n            },\n            ""initial_speed"": 0,\n            ""lane_change_controller"": [\n                ""SimLaneChangeController"",\n                {}\n            ],\n            ""lane_change_params"": {\n                ""controller_params"": {\n                    ""laneChangeModel"": ""LC2013"",\n                    ""lcCooperative"": ""1.0"",\n                    ""lcKeepRight"": ""1.0"",\n                    ""lcSpeedGain"": ""1.0"",\n                    ""lcStrategic"": ""1.0""\n                },\n                ""lane_change_mode"": 512\n            },\n            ""num_vehicles"": 1,\n            ""routing_controller"": [\n                ""ContinuousRouter"",\n                {}\n            ],\n            ""veh_id"": ""rl""\n        }\n    ]\n}'}, 'env': 'AccelEnv-v0', 'local_evaluator_tf_session_args': {'inter_op_parallelism_threads': 8, 'intra_op_parallelism_threads': 8}, 'model': {'free_log_std': False, 'custom_options': {}, 'framestack': True, 'channel_major': False, 'max_seq_len': 20, 'lstm_use_prev_action_reward': False, 'squash_to_range': False, 'dim': 84, 'grayscale': False, 'fcnet_hiddens': [100, 50, 25], 'use_lstm': False, 'custom_model': None, 'fcnet_activation': 'tanh', 'conv_filters': None, 'conv_activation': 'relu', 'lstm_cell_size': 256, 'zero_mean': True, 'custom_preprocessor': None}, 'output_compress_columns': ['obs', 'new_obs'], 'monitor': False, 'custom_resources_per_worker': {}, 'output_max_file_size': 67108864, 'num_workers': 1, 'clip_param': 0.3, 'kl_coeff': 0.2, 'multiagent': {'policy_graphs': {}, 'policy_mapping_fn': None, 'policies_to_train': None}, 'input_evaluation': None, 'output': None, 'collect_metrics_timeout': 180, 'num_cpus_per_worker': 1}",169.237.32.118,1,1396.0,9.832777261734009,"{'num_steps_sampled': 612800, 'load_time_ms': 1.197, 'default': {'kl': 0.016899919137358665, 'cur_lr': 0.0005000000237487257, 'total_loss': 0.27371612191200256, 'policy_loss': -0.013705186545848846, 'vf_explained_var': 0.9934121966362, 'entropy': 2.005507707595825, 'cur_kl_coeff': 0.3124472498893738, 'vf_loss': 0.28214094042778015}, 'sample_time_ms': 9603.658, 'grad_time_ms': 278.125, 'update_time_ms': 4.977, 'num_steps_trained': 612800}",388.95035926225245,2019-04-02_08-40-04,kronos,71,612800,0,3791.762747526169,{},612800,383,383,3791.762747526169,497.51931804559143,1600,1554194404,{},0b32d2eec3344b1fbde4822793b2e447,67.70276554331174
False,468,"{'input': 'sampler', 'callbacks': {'on_train_result': None, 'on_sample_end': None, 'on_episode_step': None, 'on_episode_start': None, 'on_episode_end': None}, 'sample_batch_size': 200, 'clip_actions': False, 'clip_rewards': None, 'tf_session_args': {'inter_op_parallelism_threads': 2, 'intra_op_parallelism_threads': 2, 'device_count': {'CPU': 1}, 'log_device_placement': False, 'allow_soft_placement': True, 'gpu_options': {'allow_growth': True}}, 'kl_target': 0.01, 'horizon': 1500, 'lr': 0.0005, 'sample_async': False, 'simple_optimizer': False, 'compress_observations': False, 'num_envs_per_worker': 1, 'gamma': 0.99, 'sgd_minibatch_size': 128, 'observation_filter': 'NoFilter', 'entropy_coeff': 0.0, 'batch_mode': 'truncate_episodes', 'straggler_mitigation': False, 'vf_share_layers': False, 'num_gpus': 0, 'synchronize_filters': True, 'num_sgd_iter': 10, 'train_batch_size': 1500, 'optimizer': {}, 'num_gpus_per_worker': 0, 'preprocessor_pref': 'deepmind', 'num_cpus_for_driver': 1, 'lr_schedule': None, 'use_gae': True, 'lambda': 0.97, 'vf_loss_coeff': 1.0, 'vf_clip_param': 1000000.0, 'log_level': 'INFO', 'env_config': {'run': 'PPO', 'flow_params': '{\n    ""env"": {\n        ""additional_params"": {\n            ""max_accel"": 3,\n            ""max_decel"": 3,\n            ""sort_vehicles"": false,\n            ""target_velocity"": 20\n        },\n        ""evaluate"": false,\n        ""horizon"": 1500,\n        ""sims_per_step"": 1,\n        ""warmup_steps"": 0\n    },\n    ""env_name"": ""AccelEnv"",\n    ""exp_tag"": ""figure_eight_0"",\n    ""initial"": {\n        ""additional_params"": {},\n        ""bunching"": 0,\n        ""edges_distribution"": ""all"",\n        ""lanes_distribution"": Infinity,\n        ""min_gap"": 0,\n        ""perturbation"": 0.0,\n        ""shuffle"": false,\n        ""spacing"": ""uniform"",\n        ""x0"": 0\n    },\n    ""net"": {\n        ""additional_params"": {\n            ""lanes"": 1,\n            ""radius_ring"": 30,\n            ""resolution"": 40,\n            ""speed_limit"": 30\n        },\n        ""inflows"": {\n            ""_InFlows__flows"": [],\n            ""num_flows"": 0\n        },\n        ""netfile"": null,\n        ""no_internal_links"": false,\n        ""osm_path"": null\n    },\n    ""scenario"": ""Figure8Scenario"",\n    ""sim"": {\n        ""emission_path"": null,\n        ""lateral_resolution"": null,\n        ""no_step_log"": true,\n        ""num_clients"": 1,\n        ""overtake_right"": false,\n        ""port"": null,\n        ""print_warnings"": true,\n        ""pxpm"": 2,\n        ""render"": false,\n        ""restart_instance"": false,\n        ""save_render"": false,\n        ""seed"": null,\n        ""show_radius"": false,\n        ""sight_radius"": 25,\n        ""sim_step"": 0.1,\n        ""teleport_time"": -1\n    },\n    ""simulator"": ""traci"",\n    ""veh"": [\n        {\n            ""acceleration_controller"": [\n                ""IDMController"",\n                {\n                    ""noise"": 0.2\n                }\n            ],\n            ""car_following_params"": {\n                ""controller_params"": {\n                    ""accel"": 1.0,\n                    ""carFollowModel"": ""IDM"",\n                    ""decel"": 1.5,\n                    ""impatience"": 0.5,\n                    ""maxSpeed"": 30,\n                    ""minGap"": 2.5,\n                    ""sigma"": 0.5,\n                    ""speedDev"": 0.1,\n                    ""speedFactor"": 1.0,\n                    ""tau"": 1.0\n                },\n                ""speed_mode"": 1\n            },\n            ""initial_speed"": 0,\n            ""lane_change_controller"": [\n                ""SimLaneChangeController"",\n                {}\n            ],\n            ""lane_change_params"": {\n                ""controller_params"": {\n                    ""laneChangeModel"": ""LC2013"",\n                    ""lcCooperative"": ""1.0"",\n                    ""lcKeepRight"": ""1.0"",\n                    ""lcSpeedGain"": ""1.0"",\n                    ""lcStrategic"": ""1.0""\n                },\n                ""lane_change_mode"": 512\n            },\n            ""num_vehicles"": 13,\n            ""routing_controller"": [\n                ""ContinuousRouter"",\n                {}\n            ],\n            ""veh_id"": ""human""\n        },\n        {\n            ""acceleration_controller"": [\n                ""RLController"",\n                {}\n            ],\n            ""car_following_params"": {\n                ""controller_params"": {\n                    ""accel"": 1.0,\n                    ""carFollowModel"": ""IDM"",\n                    ""decel"": 1.5,\n                    ""impatience"": 0.5,\n                    ""maxSpeed"": 30,\n                    ""minGap"": 2.5,\n                    ""sigma"": 0.5,\n                    ""speedDev"": 0.1,\n                    ""speedFactor"": 1.0,\n                    ""tau"": 1.0\n                },\n                ""speed_mode"": 1\n            },\n            ""initial_speed"": 0,\n            ""lane_change_controller"": [\n                ""SimLaneChangeController"",\n                {}\n            ],\n            ""lane_change_params"": {\n                ""controller_params"": {\n                    ""laneChangeModel"": ""LC2013"",\n                    ""lcCooperative"": ""1.0"",\n                    ""lcKeepRight"": ""1.0"",\n                    ""lcSpeedGain"": ""1.0"",\n                    ""lcStrategic"": ""1.0""\n                },\n                ""lane_change_mode"": 512\n            },\n            ""num_vehicles"": 1,\n            ""routing_controller"": [\n                ""ContinuousRouter"",\n                {}\n            ],\n            ""veh_id"": ""rl""\n        }\n    ]\n}'}, 'env': 'AccelEnv-v0', 'local_evaluator_tf_session_args': {'inter_op_parallelism_threads': 8, 'intra_op_parallelism_threads': 8}, 'model': {'free_log_std': False, 'custom_options': {}, 'framestack': True, 'channel_major': False, 'max_seq_len': 20, 'lstm_use_prev_action_reward': False, 'squash_to_range': False, 'dim': 84, 'grayscale': False, 'fcnet_hiddens': [100, 50, 25], 'use_lstm': False, 'custom_model': None, 'fcnet_activation': 'tanh', 'conv_filters': None, 'conv_activation': 'relu', 'lstm_cell_size': 256, 'zero_mean': True, 'custom_preprocessor': None}, 'output_compress_columns': ['obs', 'new_obs'], 'monitor': False, 'custom_resources_per_worker': {}, 'output_max_file_size': 67108864, 'num_workers': 1, 'clip_param': 0.3, 'kl_coeff': 0.2, 'multiagent': {'policy_graphs': {}, 'policy_mapping_fn': None, 'policies_to_train': None}, 'input_evaluation': None, 'output': None, 'collect_metrics_timeout': 180, 'num_cpus_per_worker': 1}",169.237.32.118,1,1396.0,9.89866304397583,"{'num_steps_sampled': 614400, 'load_time_ms': 1.171, 'default': {'kl': 0.009972506202757359, 'cur_lr': 0.0005000000237487257, 'total_loss': 0.5299715399742126, 'policy_loss': -0.027582675218582153, 'vf_explained_var': 0.9837329387664795, 'entropy': 2.1229660511016846, 'cur_kl_coeff': 0.3124472498893738, 'vf_loss': 0.5544382929801941}, 'sample_time_ms': 9591.348, 'grad_time_ms': 277.697, 'update_time_ms': 4.791, 'num_steps_trained': 614400}",389.22171596502864,2019-04-02_08-40-14,kronos,71,614400,0,3801.6614105701447,{},614400,384,384,3801.6614105701447,497.51931804559143,1600,1554194414,{},0b32d2eec3344b1fbde4822793b2e447,67.70276554331174
False,470,"{'input': 'sampler', 'callbacks': {'on_train_result': None, 'on_sample_end': None, 'on_episode_step': None, 'on_episode_start': None, 'on_episode_end': None}, 'sample_batch_size': 200, 'clip_actions': False, 'clip_rewards': None, 'tf_session_args': {'inter_op_parallelism_threads': 2, 'intra_op_parallelism_threads': 2, 'device_count': {'CPU': 1}, 'log_device_placement': False, 'allow_soft_placement': True, 'gpu_options': {'allow_growth': True}}, 'kl_target': 0.01, 'horizon': 1500, 'lr': 0.0005, 'sample_async': False, 'simple_optimizer': False, 'compress_observations': False, 'num_envs_per_worker': 1, 'gamma': 0.99, 'sgd_minibatch_size': 128, 'observation_filter': 'NoFilter', 'entropy_coeff': 0.0, 'batch_mode': 'truncate_episodes', 'straggler_mitigation': False, 'vf_share_layers': False, 'num_gpus': 0, 'synchronize_filters': True, 'num_sgd_iter': 10, 'train_batch_size': 1500, 'optimizer': {}, 'num_gpus_per_worker': 0, 'preprocessor_pref': 'deepmind', 'num_cpus_for_driver': 1, 'lr_schedule': None, 'use_gae': True, 'lambda': 0.97, 'vf_loss_coeff': 1.0, 'vf_clip_param': 1000000.0, 'log_level': 'INFO', 'env_config': {'run': 'PPO', 'flow_params': '{\n    ""env"": {\n        ""additional_params"": {\n            ""max_accel"": 3,\n            ""max_decel"": 3,\n            ""sort_vehicles"": false,\n            ""target_velocity"": 20\n        },\n        ""evaluate"": false,\n        ""horizon"": 1500,\n        ""sims_per_step"": 1,\n        ""warmup_steps"": 0\n    },\n    ""env_name"": ""AccelEnv"",\n    ""exp_tag"": ""figure_eight_0"",\n    ""initial"": {\n        ""additional_params"": {},\n        ""bunching"": 0,\n        ""edges_distribution"": ""all"",\n        ""lanes_distribution"": Infinity,\n        ""min_gap"": 0,\n        ""perturbation"": 0.0,\n        ""shuffle"": false,\n        ""spacing"": ""uniform"",\n        ""x0"": 0\n    },\n    ""net"": {\n        ""additional_params"": {\n            ""lanes"": 1,\n            ""radius_ring"": 30,\n            ""resolution"": 40,\n            ""speed_limit"": 30\n        },\n        ""inflows"": {\n            ""_InFlows__flows"": [],\n            ""num_flows"": 0\n        },\n        ""netfile"": null,\n        ""no_internal_links"": false,\n        ""osm_path"": null\n    },\n    ""scenario"": ""Figure8Scenario"",\n    ""sim"": {\n        ""emission_path"": null,\n        ""lateral_resolution"": null,\n        ""no_step_log"": true,\n        ""num_clients"": 1,\n        ""overtake_right"": false,\n        ""port"": null,\n        ""print_warnings"": true,\n        ""pxpm"": 2,\n        ""render"": false,\n        ""restart_instance"": false,\n        ""save_render"": false,\n        ""seed"": null,\n        ""show_radius"": false,\n        ""sight_radius"": 25,\n        ""sim_step"": 0.1,\n        ""teleport_time"": -1\n    },\n    ""simulator"": ""traci"",\n    ""veh"": [\n        {\n            ""acceleration_controller"": [\n                ""IDMController"",\n                {\n                    ""noise"": 0.2\n                }\n            ],\n            ""car_following_params"": {\n                ""controller_params"": {\n                    ""accel"": 1.0,\n                    ""carFollowModel"": ""IDM"",\n                    ""decel"": 1.5,\n                    ""impatience"": 0.5,\n                    ""maxSpeed"": 30,\n                    ""minGap"": 2.5,\n                    ""sigma"": 0.5,\n                    ""speedDev"": 0.1,\n                    ""speedFactor"": 1.0,\n                    ""tau"": 1.0\n                },\n                ""speed_mode"": 1\n            },\n            ""initial_speed"": 0,\n            ""lane_change_controller"": [\n                ""SimLaneChangeController"",\n                {}\n            ],\n            ""lane_change_params"": {\n                ""controller_params"": {\n                    ""laneChangeModel"": ""LC2013"",\n                    ""lcCooperative"": ""1.0"",\n                    ""lcKeepRight"": ""1.0"",\n                    ""lcSpeedGain"": ""1.0"",\n                    ""lcStrategic"": ""1.0""\n                },\n                ""lane_change_mode"": 512\n            },\n            ""num_vehicles"": 13,\n            ""routing_controller"": [\n                ""ContinuousRouter"",\n                {}\n            ],\n            ""veh_id"": ""human""\n        },\n        {\n            ""acceleration_controller"": [\n                ""RLController"",\n                {}\n            ],\n            ""car_following_params"": {\n                ""controller_params"": {\n                    ""accel"": 1.0,\n                    ""carFollowModel"": ""IDM"",\n                    ""decel"": 1.5,\n                    ""impatience"": 0.5,\n                    ""maxSpeed"": 30,\n                    ""minGap"": 2.5,\n                    ""sigma"": 0.5,\n                    ""speedDev"": 0.1,\n                    ""speedFactor"": 1.0,\n                    ""tau"": 1.0\n                },\n                ""speed_mode"": 1\n            },\n            ""initial_speed"": 0,\n            ""lane_change_controller"": [\n                ""SimLaneChangeController"",\n                {}\n            ],\n            ""lane_change_params"": {\n                ""controller_params"": {\n                    ""laneChangeModel"": ""LC2013"",\n                    ""lcCooperative"": ""1.0"",\n                    ""lcKeepRight"": ""1.0"",\n                    ""lcSpeedGain"": ""1.0"",\n                    ""lcStrategic"": ""1.0""\n                },\n                ""lane_change_mode"": 512\n            },\n            ""num_vehicles"": 1,\n            ""routing_controller"": [\n                ""ContinuousRouter"",\n                {}\n            ],\n            ""veh_id"": ""rl""\n        }\n    ]\n}'}, 'env': 'AccelEnv-v0', 'local_evaluator_tf_session_args': {'inter_op_parallelism_threads': 8, 'intra_op_parallelism_threads': 8}, 'model': {'free_log_std': False, 'custom_options': {}, 'framestack': True, 'channel_major': False, 'max_seq_len': 20, 'lstm_use_prev_action_reward': False, 'squash_to_range': False, 'dim': 84, 'grayscale': False, 'fcnet_hiddens': [100, 50, 25], 'use_lstm': False, 'custom_model': None, 'fcnet_activation': 'tanh', 'conv_filters': None, 'conv_activation': 'relu', 'lstm_cell_size': 256, 'zero_mean': True, 'custom_preprocessor': None}, 'output_compress_columns': ['obs', 'new_obs'], 'monitor': False, 'custom_resources_per_worker': {}, 'output_max_file_size': 67108864, 'num_workers': 1, 'clip_param': 0.3, 'kl_coeff': 0.2, 'multiagent': {'policy_graphs': {}, 'policy_mapping_fn': None, 'policies_to_train': None}, 'input_evaluation': None, 'output': None, 'collect_metrics_timeout': 180, 'num_cpus_per_worker': 1}",169.237.32.118,2,1390.86,9.584059000015259,"{'num_steps_sampled': 616000, 'load_time_ms': 1.135, 'default': {'kl': 0.018326636403799057, 'cur_lr': 0.0005000000237487257, 'total_loss': 0.42800983786582947, 'policy_loss': -0.03537474200129509, 'vf_explained_var': 0.9876112937927246, 'entropy': 2.1390655040740967, 'cur_kl_coeff': 0.3124472498893738, 'vf_loss': 0.4576585292816162}, 'sample_time_ms': 9570.153, 'grad_time_ms': 275.997, 'update_time_ms': 4.66, 'num_steps_trained': 616000}",387.36316759471214,2019-04-02_08-40-23,kronos,71,616000,0,3811.24546957016,{},616000,385,385,3811.24546957016,497.51931804559143,1600,1554194423,{},0b32d2eec3344b1fbde4822793b2e447,67.70276554331174
False,472,"{'input': 'sampler', 'callbacks': {'on_train_result': None, 'on_sample_end': None, 'on_episode_step': None, 'on_episode_start': None, 'on_episode_end': None}, 'sample_batch_size': 200, 'clip_actions': False, 'clip_rewards': None, 'tf_session_args': {'inter_op_parallelism_threads': 2, 'intra_op_parallelism_threads': 2, 'device_count': {'CPU': 1}, 'log_device_placement': False, 'allow_soft_placement': True, 'gpu_options': {'allow_growth': True}}, 'kl_target': 0.01, 'horizon': 1500, 'lr': 0.0005, 'sample_async': False, 'simple_optimizer': False, 'compress_observations': False, 'num_envs_per_worker': 1, 'gamma': 0.99, 'sgd_minibatch_size': 128, 'observation_filter': 'NoFilter', 'entropy_coeff': 0.0, 'batch_mode': 'truncate_episodes', 'straggler_mitigation': False, 'vf_share_layers': False, 'num_gpus': 0, 'synchronize_filters': True, 'num_sgd_iter': 10, 'train_batch_size': 1500, 'optimizer': {}, 'num_gpus_per_worker': 0, 'preprocessor_pref': 'deepmind', 'num_cpus_for_driver': 1, 'lr_schedule': None, 'use_gae': True, 'lambda': 0.97, 'vf_loss_coeff': 1.0, 'vf_clip_param': 1000000.0, 'log_level': 'INFO', 'env_config': {'run': 'PPO', 'flow_params': '{\n    ""env"": {\n        ""additional_params"": {\n            ""max_accel"": 3,\n            ""max_decel"": 3,\n            ""sort_vehicles"": false,\n            ""target_velocity"": 20\n        },\n        ""evaluate"": false,\n        ""horizon"": 1500,\n        ""sims_per_step"": 1,\n        ""warmup_steps"": 0\n    },\n    ""env_name"": ""AccelEnv"",\n    ""exp_tag"": ""figure_eight_0"",\n    ""initial"": {\n        ""additional_params"": {},\n        ""bunching"": 0,\n        ""edges_distribution"": ""all"",\n        ""lanes_distribution"": Infinity,\n        ""min_gap"": 0,\n        ""perturbation"": 0.0,\n        ""shuffle"": false,\n        ""spacing"": ""uniform"",\n        ""x0"": 0\n    },\n    ""net"": {\n        ""additional_params"": {\n            ""lanes"": 1,\n            ""radius_ring"": 30,\n            ""resolution"": 40,\n            ""speed_limit"": 30\n        },\n        ""inflows"": {\n            ""_InFlows__flows"": [],\n            ""num_flows"": 0\n        },\n        ""netfile"": null,\n        ""no_internal_links"": false,\n        ""osm_path"": null\n    },\n    ""scenario"": ""Figure8Scenario"",\n    ""sim"": {\n        ""emission_path"": null,\n        ""lateral_resolution"": null,\n        ""no_step_log"": true,\n        ""num_clients"": 1,\n        ""overtake_right"": false,\n        ""port"": null,\n        ""print_warnings"": true,\n        ""pxpm"": 2,\n        ""render"": false,\n        ""restart_instance"": false,\n        ""save_render"": false,\n        ""seed"": null,\n        ""show_radius"": false,\n        ""sight_radius"": 25,\n        ""sim_step"": 0.1,\n        ""teleport_time"": -1\n    },\n    ""simulator"": ""traci"",\n    ""veh"": [\n        {\n            ""acceleration_controller"": [\n                ""IDMController"",\n                {\n                    ""noise"": 0.2\n                }\n            ],\n            ""car_following_params"": {\n                ""controller_params"": {\n                    ""accel"": 1.0,\n                    ""carFollowModel"": ""IDM"",\n                    ""decel"": 1.5,\n                    ""impatience"": 0.5,\n                    ""maxSpeed"": 30,\n                    ""minGap"": 2.5,\n                    ""sigma"": 0.5,\n                    ""speedDev"": 0.1,\n                    ""speedFactor"": 1.0,\n                    ""tau"": 1.0\n                },\n                ""speed_mode"": 1\n            },\n            ""initial_speed"": 0,\n            ""lane_change_controller"": [\n                ""SimLaneChangeController"",\n                {}\n            ],\n            ""lane_change_params"": {\n                ""controller_params"": {\n                    ""laneChangeModel"": ""LC2013"",\n                    ""lcCooperative"": ""1.0"",\n                    ""lcKeepRight"": ""1.0"",\n                    ""lcSpeedGain"": ""1.0"",\n                    ""lcStrategic"": ""1.0""\n                },\n                ""lane_change_mode"": 512\n            },\n            ""num_vehicles"": 13,\n            ""routing_controller"": [\n                ""ContinuousRouter"",\n                {}\n            ],\n            ""veh_id"": ""human""\n        },\n        {\n            ""acceleration_controller"": [\n                ""RLController"",\n                {}\n            ],\n            ""car_following_params"": {\n                ""controller_params"": {\n                    ""accel"": 1.0,\n                    ""carFollowModel"": ""IDM"",\n                    ""decel"": 1.5,\n                    ""impatience"": 0.5,\n                    ""maxSpeed"": 30,\n                    ""minGap"": 2.5,\n                    ""sigma"": 0.5,\n                    ""speedDev"": 0.1,\n                    ""speedFactor"": 1.0,\n                    ""tau"": 1.0\n                },\n                ""speed_mode"": 1\n            },\n            ""initial_speed"": 0,\n            ""lane_change_controller"": [\n                ""SimLaneChangeController"",\n                {}\n            ],\n            ""lane_change_params"": {\n                ""controller_params"": {\n                    ""laneChangeModel"": ""LC2013"",\n                    ""lcCooperative"": ""1.0"",\n                    ""lcKeepRight"": ""1.0"",\n                    ""lcSpeedGain"": ""1.0"",\n                    ""lcStrategic"": ""1.0""\n                },\n                ""lane_change_mode"": 512\n            },\n            ""num_vehicles"": 1,\n            ""routing_controller"": [\n                ""ContinuousRouter"",\n                {}\n            ],\n            ""veh_id"": ""rl""\n        }\n    ]\n}'}, 'env': 'AccelEnv-v0', 'local_evaluator_tf_session_args': {'inter_op_parallelism_threads': 8, 'intra_op_parallelism_threads': 8}, 'model': {'free_log_std': False, 'custom_options': {}, 'framestack': True, 'channel_major': False, 'max_seq_len': 20, 'lstm_use_prev_action_reward': False, 'squash_to_range': False, 'dim': 84, 'grayscale': False, 'fcnet_hiddens': [100, 50, 25], 'use_lstm': False, 'custom_model': None, 'fcnet_activation': 'tanh', 'conv_filters': None, 'conv_activation': 'relu', 'lstm_cell_size': 256, 'zero_mean': True, 'custom_preprocessor': None}, 'output_compress_columns': ['obs', 'new_obs'], 'monitor': False, 'custom_resources_per_worker': {}, 'output_max_file_size': 67108864, 'num_workers': 1, 'clip_param': 0.3, 'kl_coeff': 0.2, 'multiagent': {'policy_graphs': {}, 'policy_mapping_fn': None, 'policies_to_train': None}, 'input_evaluation': None, 'output': None, 'collect_metrics_timeout': 180, 'num_cpus_per_worker': 1}",169.237.32.118,2,1384.18,9.882688760757446,"{'num_steps_sampled': 617600, 'load_time_ms': 1.135, 'default': {'kl': 0.019550973549485207, 'cur_lr': 0.0005000000237487257, 'total_loss': 0.8659868836402893, 'policy_loss': -0.026437386870384216, 'vf_explained_var': 0.9892470836639404, 'entropy': 2.3687264919281006, 'cur_kl_coeff': 0.3124472498893738, 'vf_loss': 0.8863157629966736}, 'sample_time_ms': 9581.797, 'grad_time_ms': 274.388, 'update_time_ms': 4.559, 'num_steps_trained': 617600}",385.57569603938805,2019-04-02_08-40-33,kronos,71,617600,0,3821.1281583309174,{},617600,386,386,3821.1281583309174,497.51931804559143,1600,1554194433,{},0b32d2eec3344b1fbde4822793b2e447,67.70276554331174
False,473,"{'input': 'sampler', 'callbacks': {'on_train_result': None, 'on_sample_end': None, 'on_episode_step': None, 'on_episode_start': None, 'on_episode_end': None}, 'sample_batch_size': 200, 'clip_actions': False, 'clip_rewards': None, 'tf_session_args': {'inter_op_parallelism_threads': 2, 'intra_op_parallelism_threads': 2, 'device_count': {'CPU': 1}, 'log_device_placement': False, 'allow_soft_placement': True, 'gpu_options': {'allow_growth': True}}, 'kl_target': 0.01, 'horizon': 1500, 'lr': 0.0005, 'sample_async': False, 'simple_optimizer': False, 'compress_observations': False, 'num_envs_per_worker': 1, 'gamma': 0.99, 'sgd_minibatch_size': 128, 'observation_filter': 'NoFilter', 'entropy_coeff': 0.0, 'batch_mode': 'truncate_episodes', 'straggler_mitigation': False, 'vf_share_layers': False, 'num_gpus': 0, 'synchronize_filters': True, 'num_sgd_iter': 10, 'train_batch_size': 1500, 'optimizer': {}, 'num_gpus_per_worker': 0, 'preprocessor_pref': 'deepmind', 'num_cpus_for_driver': 1, 'lr_schedule': None, 'use_gae': True, 'lambda': 0.97, 'vf_loss_coeff': 1.0, 'vf_clip_param': 1000000.0, 'log_level': 'INFO', 'env_config': {'run': 'PPO', 'flow_params': '{\n    ""env"": {\n        ""additional_params"": {\n            ""max_accel"": 3,\n            ""max_decel"": 3,\n            ""sort_vehicles"": false,\n            ""target_velocity"": 20\n        },\n        ""evaluate"": false,\n        ""horizon"": 1500,\n        ""sims_per_step"": 1,\n        ""warmup_steps"": 0\n    },\n    ""env_name"": ""AccelEnv"",\n    ""exp_tag"": ""figure_eight_0"",\n    ""initial"": {\n        ""additional_params"": {},\n        ""bunching"": 0,\n        ""edges_distribution"": ""all"",\n        ""lanes_distribution"": Infinity,\n        ""min_gap"": 0,\n        ""perturbation"": 0.0,\n        ""shuffle"": false,\n        ""spacing"": ""uniform"",\n        ""x0"": 0\n    },\n    ""net"": {\n        ""additional_params"": {\n            ""lanes"": 1,\n            ""radius_ring"": 30,\n            ""resolution"": 40,\n            ""speed_limit"": 30\n        },\n        ""inflows"": {\n            ""_InFlows__flows"": [],\n            ""num_flows"": 0\n        },\n        ""netfile"": null,\n        ""no_internal_links"": false,\n        ""osm_path"": null\n    },\n    ""scenario"": ""Figure8Scenario"",\n    ""sim"": {\n        ""emission_path"": null,\n        ""lateral_resolution"": null,\n        ""no_step_log"": true,\n        ""num_clients"": 1,\n        ""overtake_right"": false,\n        ""port"": null,\n        ""print_warnings"": true,\n        ""pxpm"": 2,\n        ""render"": false,\n        ""restart_instance"": false,\n        ""save_render"": false,\n        ""seed"": null,\n        ""show_radius"": false,\n        ""sight_radius"": 25,\n        ""sim_step"": 0.1,\n        ""teleport_time"": -1\n    },\n    ""simulator"": ""traci"",\n    ""veh"": [\n        {\n            ""acceleration_controller"": [\n                ""IDMController"",\n                {\n                    ""noise"": 0.2\n                }\n            ],\n            ""car_following_params"": {\n                ""controller_params"": {\n                    ""accel"": 1.0,\n                    ""carFollowModel"": ""IDM"",\n                    ""decel"": 1.5,\n                    ""impatience"": 0.5,\n                    ""maxSpeed"": 30,\n                    ""minGap"": 2.5,\n                    ""sigma"": 0.5,\n                    ""speedDev"": 0.1,\n                    ""speedFactor"": 1.0,\n                    ""tau"": 1.0\n                },\n                ""speed_mode"": 1\n            },\n            ""initial_speed"": 0,\n            ""lane_change_controller"": [\n                ""SimLaneChangeController"",\n                {}\n            ],\n            ""lane_change_params"": {\n                ""controller_params"": {\n                    ""laneChangeModel"": ""LC2013"",\n                    ""lcCooperative"": ""1.0"",\n                    ""lcKeepRight"": ""1.0"",\n                    ""lcSpeedGain"": ""1.0"",\n                    ""lcStrategic"": ""1.0""\n                },\n                ""lane_change_mode"": 512\n            },\n            ""num_vehicles"": 13,\n            ""routing_controller"": [\n                ""ContinuousRouter"",\n                {}\n            ],\n            ""veh_id"": ""human""\n        },\n        {\n            ""acceleration_controller"": [\n                ""RLController"",\n                {}\n            ],\n            ""car_following_params"": {\n                ""controller_params"": {\n                    ""accel"": 1.0,\n                    ""carFollowModel"": ""IDM"",\n                    ""decel"": 1.5,\n                    ""impatience"": 0.5,\n                    ""maxSpeed"": 30,\n                    ""minGap"": 2.5,\n                    ""sigma"": 0.5,\n                    ""speedDev"": 0.1,\n                    ""speedFactor"": 1.0,\n                    ""tau"": 1.0\n                },\n                ""speed_mode"": 1\n            },\n            ""initial_speed"": 0,\n            ""lane_change_controller"": [\n                ""SimLaneChangeController"",\n                {}\n            ],\n            ""lane_change_params"": {\n                ""controller_params"": {\n                    ""laneChangeModel"": ""LC2013"",\n                    ""lcCooperative"": ""1.0"",\n                    ""lcKeepRight"": ""1.0"",\n                    ""lcSpeedGain"": ""1.0"",\n                    ""lcStrategic"": ""1.0""\n                },\n                ""lane_change_mode"": 512\n            },\n            ""num_vehicles"": 1,\n            ""routing_controller"": [\n                ""ContinuousRouter"",\n                {}\n            ],\n            ""veh_id"": ""rl""\n        }\n    ]\n}'}, 'env': 'AccelEnv-v0', 'local_evaluator_tf_session_args': {'inter_op_parallelism_threads': 8, 'intra_op_parallelism_threads': 8}, 'model': {'free_log_std': False, 'custom_options': {}, 'framestack': True, 'channel_major': False, 'max_seq_len': 20, 'lstm_use_prev_action_reward': False, 'squash_to_range': False, 'dim': 84, 'grayscale': False, 'fcnet_hiddens': [100, 50, 25], 'use_lstm': False, 'custom_model': None, 'fcnet_activation': 'tanh', 'conv_filters': None, 'conv_activation': 'relu', 'lstm_cell_size': 256, 'zero_mean': True, 'custom_preprocessor': None}, 'output_compress_columns': ['obs', 'new_obs'], 'monitor': False, 'custom_resources_per_worker': {}, 'output_max_file_size': 67108864, 'num_workers': 1, 'clip_param': 0.3, 'kl_coeff': 0.2, 'multiagent': {'policy_graphs': {}, 'policy_mapping_fn': None, 'policies_to_train': None}, 'input_evaluation': None, 'output': None, 'collect_metrics_timeout': 180, 'num_cpus_per_worker': 1}",169.237.32.118,1,1387.31,9.842147827148438,"{'num_steps_sampled': 619200, 'load_time_ms': 1.123, 'default': {'kl': 0.009439445100724697, 'cur_lr': 0.0005000000237487257, 'total_loss': 0.4632904529571533, 'policy_loss': -0.005643531680107117, 'vf_explained_var': 0.9881834983825684, 'entropy': 2.0450799465179443, 'cur_kl_coeff': 0.3124472498893738, 'vf_loss': 0.46598467230796814}, 'sample_time_ms': 9565.748, 'grad_time_ms': 273.637, 'update_time_ms': 4.583, 'num_steps_trained': 619200}",386.93005489866556,2019-04-02_08-40-43,kronos,71,619200,0,3830.970306158066,{},619200,387,387,3830.970306158066,497.51931804559143,1600,1554194443,{},0b32d2eec3344b1fbde4822793b2e447,67.70276554331174
False,474,"{'input': 'sampler', 'callbacks': {'on_train_result': None, 'on_sample_end': None, 'on_episode_step': None, 'on_episode_start': None, 'on_episode_end': None}, 'sample_batch_size': 200, 'clip_actions': False, 'clip_rewards': None, 'tf_session_args': {'inter_op_parallelism_threads': 2, 'intra_op_parallelism_threads': 2, 'device_count': {'CPU': 1}, 'log_device_placement': False, 'allow_soft_placement': True, 'gpu_options': {'allow_growth': True}}, 'kl_target': 0.01, 'horizon': 1500, 'lr': 0.0005, 'sample_async': False, 'simple_optimizer': False, 'compress_observations': False, 'num_envs_per_worker': 1, 'gamma': 0.99, 'sgd_minibatch_size': 128, 'observation_filter': 'NoFilter', 'entropy_coeff': 0.0, 'batch_mode': 'truncate_episodes', 'straggler_mitigation': False, 'vf_share_layers': False, 'num_gpus': 0, 'synchronize_filters': True, 'num_sgd_iter': 10, 'train_batch_size': 1500, 'optimizer': {}, 'num_gpus_per_worker': 0, 'preprocessor_pref': 'deepmind', 'num_cpus_for_driver': 1, 'lr_schedule': None, 'use_gae': True, 'lambda': 0.97, 'vf_loss_coeff': 1.0, 'vf_clip_param': 1000000.0, 'log_level': 'INFO', 'env_config': {'run': 'PPO', 'flow_params': '{\n    ""env"": {\n        ""additional_params"": {\n            ""max_accel"": 3,\n            ""max_decel"": 3,\n            ""sort_vehicles"": false,\n            ""target_velocity"": 20\n        },\n        ""evaluate"": false,\n        ""horizon"": 1500,\n        ""sims_per_step"": 1,\n        ""warmup_steps"": 0\n    },\n    ""env_name"": ""AccelEnv"",\n    ""exp_tag"": ""figure_eight_0"",\n    ""initial"": {\n        ""additional_params"": {},\n        ""bunching"": 0,\n        ""edges_distribution"": ""all"",\n        ""lanes_distribution"": Infinity,\n        ""min_gap"": 0,\n        ""perturbation"": 0.0,\n        ""shuffle"": false,\n        ""spacing"": ""uniform"",\n        ""x0"": 0\n    },\n    ""net"": {\n        ""additional_params"": {\n            ""lanes"": 1,\n            ""radius_ring"": 30,\n            ""resolution"": 40,\n            ""speed_limit"": 30\n        },\n        ""inflows"": {\n            ""_InFlows__flows"": [],\n            ""num_flows"": 0\n        },\n        ""netfile"": null,\n        ""no_internal_links"": false,\n        ""osm_path"": null\n    },\n    ""scenario"": ""Figure8Scenario"",\n    ""sim"": {\n        ""emission_path"": null,\n        ""lateral_resolution"": null,\n        ""no_step_log"": true,\n        ""num_clients"": 1,\n        ""overtake_right"": false,\n        ""port"": null,\n        ""print_warnings"": true,\n        ""pxpm"": 2,\n        ""render"": false,\n        ""restart_instance"": false,\n        ""save_render"": false,\n        ""seed"": null,\n        ""show_radius"": false,\n        ""sight_radius"": 25,\n        ""sim_step"": 0.1,\n        ""teleport_time"": -1\n    },\n    ""simulator"": ""traci"",\n    ""veh"": [\n        {\n            ""acceleration_controller"": [\n                ""IDMController"",\n                {\n                    ""noise"": 0.2\n                }\n            ],\n            ""car_following_params"": {\n                ""controller_params"": {\n                    ""accel"": 1.0,\n                    ""carFollowModel"": ""IDM"",\n                    ""decel"": 1.5,\n                    ""impatience"": 0.5,\n                    ""maxSpeed"": 30,\n                    ""minGap"": 2.5,\n                    ""sigma"": 0.5,\n                    ""speedDev"": 0.1,\n                    ""speedFactor"": 1.0,\n                    ""tau"": 1.0\n                },\n                ""speed_mode"": 1\n            },\n            ""initial_speed"": 0,\n            ""lane_change_controller"": [\n                ""SimLaneChangeController"",\n                {}\n            ],\n            ""lane_change_params"": {\n                ""controller_params"": {\n                    ""laneChangeModel"": ""LC2013"",\n                    ""lcCooperative"": ""1.0"",\n                    ""lcKeepRight"": ""1.0"",\n                    ""lcSpeedGain"": ""1.0"",\n                    ""lcStrategic"": ""1.0""\n                },\n                ""lane_change_mode"": 512\n            },\n            ""num_vehicles"": 13,\n            ""routing_controller"": [\n                ""ContinuousRouter"",\n                {}\n            ],\n            ""veh_id"": ""human""\n        },\n        {\n            ""acceleration_controller"": [\n                ""RLController"",\n                {}\n            ],\n            ""car_following_params"": {\n                ""controller_params"": {\n                    ""accel"": 1.0,\n                    ""carFollowModel"": ""IDM"",\n                    ""decel"": 1.5,\n                    ""impatience"": 0.5,\n                    ""maxSpeed"": 30,\n                    ""minGap"": 2.5,\n                    ""sigma"": 0.5,\n                    ""speedDev"": 0.1,\n                    ""speedFactor"": 1.0,\n                    ""tau"": 1.0\n                },\n                ""speed_mode"": 1\n            },\n            ""initial_speed"": 0,\n            ""lane_change_controller"": [\n                ""SimLaneChangeController"",\n                {}\n            ],\n            ""lane_change_params"": {\n                ""controller_params"": {\n                    ""laneChangeModel"": ""LC2013"",\n                    ""lcCooperative"": ""1.0"",\n                    ""lcKeepRight"": ""1.0"",\n                    ""lcSpeedGain"": ""1.0"",\n                    ""lcStrategic"": ""1.0""\n                },\n                ""lane_change_mode"": 512\n            },\n            ""num_vehicles"": 1,\n            ""routing_controller"": [\n                ""ContinuousRouter"",\n                {}\n            ],\n            ""veh_id"": ""rl""\n        }\n    ]\n}'}, 'env': 'AccelEnv-v0', 'local_evaluator_tf_session_args': {'inter_op_parallelism_threads': 8, 'intra_op_parallelism_threads': 8}, 'model': {'free_log_std': False, 'custom_options': {}, 'framestack': True, 'channel_major': False, 'max_seq_len': 20, 'lstm_use_prev_action_reward': False, 'squash_to_range': False, 'dim': 84, 'grayscale': False, 'fcnet_hiddens': [100, 50, 25], 'use_lstm': False, 'custom_model': None, 'fcnet_activation': 'tanh', 'conv_filters': None, 'conv_activation': 'relu', 'lstm_cell_size': 256, 'zero_mean': True, 'custom_preprocessor': None}, 'output_compress_columns': ['obs', 'new_obs'], 'monitor': False, 'custom_resources_per_worker': {}, 'output_max_file_size': 67108864, 'num_workers': 1, 'clip_param': 0.3, 'kl_coeff': 0.2, 'multiagent': {'policy_graphs': {}, 'policy_mapping_fn': None, 'policies_to_train': None}, 'input_evaluation': None, 'output': None, 'collect_metrics_timeout': 180, 'num_cpus_per_worker': 1}",169.237.32.118,1,1392.22,9.843905448913574,"{'num_steps_sampled': 620800, 'load_time_ms': 1.104, 'default': {'kl': 0.007794862147420645, 'cur_lr': 0.0005000000237487257, 'total_loss': 0.6517301797866821, 'policy_loss': -0.013926426880061626, 'vf_explained_var': 0.9845717549324036, 'entropy': 2.0568389892578125, 'cur_kl_coeff': 0.3124472498893738, 'vf_loss': 0.6632211804389954}, 'sample_time_ms': 9549.541, 'grad_time_ms': 274.125, 'update_time_ms': 4.827, 'num_steps_trained': 620800}",388.36266426978256,2019-04-02_08-40-53,kronos,71,620800,0,3840.8142116069794,{},620800,388,388,3840.8142116069794,497.51931804559143,1600,1554194453,{},0b32d2eec3344b1fbde4822793b2e447,67.70276554331174
False,476,"{'input': 'sampler', 'callbacks': {'on_train_result': None, 'on_sample_end': None, 'on_episode_step': None, 'on_episode_start': None, 'on_episode_end': None}, 'sample_batch_size': 200, 'clip_actions': False, 'clip_rewards': None, 'tf_session_args': {'inter_op_parallelism_threads': 2, 'intra_op_parallelism_threads': 2, 'device_count': {'CPU': 1}, 'log_device_placement': False, 'allow_soft_placement': True, 'gpu_options': {'allow_growth': True}}, 'kl_target': 0.01, 'horizon': 1500, 'lr': 0.0005, 'sample_async': False, 'simple_optimizer': False, 'compress_observations': False, 'num_envs_per_worker': 1, 'gamma': 0.99, 'sgd_minibatch_size': 128, 'observation_filter': 'NoFilter', 'entropy_coeff': 0.0, 'batch_mode': 'truncate_episodes', 'straggler_mitigation': False, 'vf_share_layers': False, 'num_gpus': 0, 'synchronize_filters': True, 'num_sgd_iter': 10, 'train_batch_size': 1500, 'optimizer': {}, 'num_gpus_per_worker': 0, 'preprocessor_pref': 'deepmind', 'num_cpus_for_driver': 1, 'lr_schedule': None, 'use_gae': True, 'lambda': 0.97, 'vf_loss_coeff': 1.0, 'vf_clip_param': 1000000.0, 'log_level': 'INFO', 'env_config': {'run': 'PPO', 'flow_params': '{\n    ""env"": {\n        ""additional_params"": {\n            ""max_accel"": 3,\n            ""max_decel"": 3,\n            ""sort_vehicles"": false,\n            ""target_velocity"": 20\n        },\n        ""evaluate"": false,\n        ""horizon"": 1500,\n        ""sims_per_step"": 1,\n        ""warmup_steps"": 0\n    },\n    ""env_name"": ""AccelEnv"",\n    ""exp_tag"": ""figure_eight_0"",\n    ""initial"": {\n        ""additional_params"": {},\n        ""bunching"": 0,\n        ""edges_distribution"": ""all"",\n        ""lanes_distribution"": Infinity,\n        ""min_gap"": 0,\n        ""perturbation"": 0.0,\n        ""shuffle"": false,\n        ""spacing"": ""uniform"",\n        ""x0"": 0\n    },\n    ""net"": {\n        ""additional_params"": {\n            ""lanes"": 1,\n            ""radius_ring"": 30,\n            ""resolution"": 40,\n            ""speed_limit"": 30\n        },\n        ""inflows"": {\n            ""_InFlows__flows"": [],\n            ""num_flows"": 0\n        },\n        ""netfile"": null,\n        ""no_internal_links"": false,\n        ""osm_path"": null\n    },\n    ""scenario"": ""Figure8Scenario"",\n    ""sim"": {\n        ""emission_path"": null,\n        ""lateral_resolution"": null,\n        ""no_step_log"": true,\n        ""num_clients"": 1,\n        ""overtake_right"": false,\n        ""port"": null,\n        ""print_warnings"": true,\n        ""pxpm"": 2,\n        ""render"": false,\n        ""restart_instance"": false,\n        ""save_render"": false,\n        ""seed"": null,\n        ""show_radius"": false,\n        ""sight_radius"": 25,\n        ""sim_step"": 0.1,\n        ""teleport_time"": -1\n    },\n    ""simulator"": ""traci"",\n    ""veh"": [\n        {\n            ""acceleration_controller"": [\n                ""IDMController"",\n                {\n                    ""noise"": 0.2\n                }\n            ],\n            ""car_following_params"": {\n                ""controller_params"": {\n                    ""accel"": 1.0,\n                    ""carFollowModel"": ""IDM"",\n                    ""decel"": 1.5,\n                    ""impatience"": 0.5,\n                    ""maxSpeed"": 30,\n                    ""minGap"": 2.5,\n                    ""sigma"": 0.5,\n                    ""speedDev"": 0.1,\n                    ""speedFactor"": 1.0,\n                    ""tau"": 1.0\n                },\n                ""speed_mode"": 1\n            },\n            ""initial_speed"": 0,\n            ""lane_change_controller"": [\n                ""SimLaneChangeController"",\n                {}\n            ],\n            ""lane_change_params"": {\n                ""controller_params"": {\n                    ""laneChangeModel"": ""LC2013"",\n                    ""lcCooperative"": ""1.0"",\n                    ""lcKeepRight"": ""1.0"",\n                    ""lcSpeedGain"": ""1.0"",\n                    ""lcStrategic"": ""1.0""\n                },\n                ""lane_change_mode"": 512\n            },\n            ""num_vehicles"": 13,\n            ""routing_controller"": [\n                ""ContinuousRouter"",\n                {}\n            ],\n            ""veh_id"": ""human""\n        },\n        {\n            ""acceleration_controller"": [\n                ""RLController"",\n                {}\n            ],\n            ""car_following_params"": {\n                ""controller_params"": {\n                    ""accel"": 1.0,\n                    ""carFollowModel"": ""IDM"",\n                    ""decel"": 1.5,\n                    ""impatience"": 0.5,\n                    ""maxSpeed"": 30,\n                    ""minGap"": 2.5,\n                    ""sigma"": 0.5,\n                    ""speedDev"": 0.1,\n                    ""speedFactor"": 1.0,\n                    ""tau"": 1.0\n                },\n                ""speed_mode"": 1\n            },\n            ""initial_speed"": 0,\n            ""lane_change_controller"": [\n                ""SimLaneChangeController"",\n                {}\n            ],\n            ""lane_change_params"": {\n                ""controller_params"": {\n                    ""laneChangeModel"": ""LC2013"",\n                    ""lcCooperative"": ""1.0"",\n                    ""lcKeepRight"": ""1.0"",\n                    ""lcSpeedGain"": ""1.0"",\n                    ""lcStrategic"": ""1.0""\n                },\n                ""lane_change_mode"": 512\n            },\n            ""num_vehicles"": 1,\n            ""routing_controller"": [\n                ""ContinuousRouter"",\n                {}\n            ],\n            ""veh_id"": ""rl""\n        }\n    ]\n}'}, 'env': 'AccelEnv-v0', 'local_evaluator_tf_session_args': {'inter_op_parallelism_threads': 8, 'intra_op_parallelism_threads': 8}, 'model': {'free_log_std': False, 'custom_options': {}, 'framestack': True, 'channel_major': False, 'max_seq_len': 20, 'lstm_use_prev_action_reward': False, 'squash_to_range': False, 'dim': 84, 'grayscale': False, 'fcnet_hiddens': [100, 50, 25], 'use_lstm': False, 'custom_model': None, 'fcnet_activation': 'tanh', 'conv_filters': None, 'conv_activation': 'relu', 'lstm_cell_size': 256, 'zero_mean': True, 'custom_preprocessor': None}, 'output_compress_columns': ['obs', 'new_obs'], 'monitor': False, 'custom_resources_per_worker': {}, 'output_max_file_size': 67108864, 'num_workers': 1, 'clip_param': 0.3, 'kl_coeff': 0.2, 'multiagent': {'policy_graphs': {}, 'policy_mapping_fn': None, 'policies_to_train': None}, 'input_evaluation': None, 'output': None, 'collect_metrics_timeout': 180, 'num_cpus_per_worker': 1}",169.237.32.118,2,1384.53,10.008643388748169,"{'num_steps_sampled': 622400, 'load_time_ms': 1.099, 'default': {'kl': 0.008278598077595234, 'cur_lr': 0.0005000000237487257, 'total_loss': 1.5349735021591187, 'policy_loss': 0.0002932945790234953, 'vf_explained_var': 0.975562334060669, 'entropy': 2.2435781955718994, 'cur_kl_coeff': 0.3124472498893738, 'vf_loss': 1.5320935249328613}, 'sample_time_ms': 9555.047, 'grad_time_ms': 275.652, 'update_time_ms': 4.72, 'num_steps_trained': 622400}",387.1171952619499,2019-04-02_08-41-03,kronos,71,622400,0,3850.8228549957275,{},622400,389,389,3850.8228549957275,497.51931804559143,1600,1554194463,{},0b32d2eec3344b1fbde4822793b2e447,67.70276554331174
False,477,"{'input': 'sampler', 'callbacks': {'on_train_result': None, 'on_sample_end': None, 'on_episode_step': None, 'on_episode_start': None, 'on_episode_end': None}, 'sample_batch_size': 200, 'clip_actions': False, 'clip_rewards': None, 'tf_session_args': {'inter_op_parallelism_threads': 2, 'intra_op_parallelism_threads': 2, 'device_count': {'CPU': 1}, 'log_device_placement': False, 'allow_soft_placement': True, 'gpu_options': {'allow_growth': True}}, 'kl_target': 0.01, 'horizon': 1500, 'lr': 0.0005, 'sample_async': False, 'simple_optimizer': False, 'compress_observations': False, 'num_envs_per_worker': 1, 'gamma': 0.99, 'sgd_minibatch_size': 128, 'observation_filter': 'NoFilter', 'entropy_coeff': 0.0, 'batch_mode': 'truncate_episodes', 'straggler_mitigation': False, 'vf_share_layers': False, 'num_gpus': 0, 'synchronize_filters': True, 'num_sgd_iter': 10, 'train_batch_size': 1500, 'optimizer': {}, 'num_gpus_per_worker': 0, 'preprocessor_pref': 'deepmind', 'num_cpus_for_driver': 1, 'lr_schedule': None, 'use_gae': True, 'lambda': 0.97, 'vf_loss_coeff': 1.0, 'vf_clip_param': 1000000.0, 'log_level': 'INFO', 'env_config': {'run': 'PPO', 'flow_params': '{\n    ""env"": {\n        ""additional_params"": {\n            ""max_accel"": 3,\n            ""max_decel"": 3,\n            ""sort_vehicles"": false,\n            ""target_velocity"": 20\n        },\n        ""evaluate"": false,\n        ""horizon"": 1500,\n        ""sims_per_step"": 1,\n        ""warmup_steps"": 0\n    },\n    ""env_name"": ""AccelEnv"",\n    ""exp_tag"": ""figure_eight_0"",\n    ""initial"": {\n        ""additional_params"": {},\n        ""bunching"": 0,\n        ""edges_distribution"": ""all"",\n        ""lanes_distribution"": Infinity,\n        ""min_gap"": 0,\n        ""perturbation"": 0.0,\n        ""shuffle"": false,\n        ""spacing"": ""uniform"",\n        ""x0"": 0\n    },\n    ""net"": {\n        ""additional_params"": {\n            ""lanes"": 1,\n            ""radius_ring"": 30,\n            ""resolution"": 40,\n            ""speed_limit"": 30\n        },\n        ""inflows"": {\n            ""_InFlows__flows"": [],\n            ""num_flows"": 0\n        },\n        ""netfile"": null,\n        ""no_internal_links"": false,\n        ""osm_path"": null\n    },\n    ""scenario"": ""Figure8Scenario"",\n    ""sim"": {\n        ""emission_path"": null,\n        ""lateral_resolution"": null,\n        ""no_step_log"": true,\n        ""num_clients"": 1,\n        ""overtake_right"": false,\n        ""port"": null,\n        ""print_warnings"": true,\n        ""pxpm"": 2,\n        ""render"": false,\n        ""restart_instance"": false,\n        ""save_render"": false,\n        ""seed"": null,\n        ""show_radius"": false,\n        ""sight_radius"": 25,\n        ""sim_step"": 0.1,\n        ""teleport_time"": -1\n    },\n    ""simulator"": ""traci"",\n    ""veh"": [\n        {\n            ""acceleration_controller"": [\n                ""IDMController"",\n                {\n                    ""noise"": 0.2\n                }\n            ],\n            ""car_following_params"": {\n                ""controller_params"": {\n                    ""accel"": 1.0,\n                    ""carFollowModel"": ""IDM"",\n                    ""decel"": 1.5,\n                    ""impatience"": 0.5,\n                    ""maxSpeed"": 30,\n                    ""minGap"": 2.5,\n                    ""sigma"": 0.5,\n                    ""speedDev"": 0.1,\n                    ""speedFactor"": 1.0,\n                    ""tau"": 1.0\n                },\n                ""speed_mode"": 1\n            },\n            ""initial_speed"": 0,\n            ""lane_change_controller"": [\n                ""SimLaneChangeController"",\n                {}\n            ],\n            ""lane_change_params"": {\n                ""controller_params"": {\n                    ""laneChangeModel"": ""LC2013"",\n                    ""lcCooperative"": ""1.0"",\n                    ""lcKeepRight"": ""1.0"",\n                    ""lcSpeedGain"": ""1.0"",\n                    ""lcStrategic"": ""1.0""\n                },\n                ""lane_change_mode"": 512\n            },\n            ""num_vehicles"": 13,\n            ""routing_controller"": [\n                ""ContinuousRouter"",\n                {}\n            ],\n            ""veh_id"": ""human""\n        },\n        {\n            ""acceleration_controller"": [\n                ""RLController"",\n                {}\n            ],\n            ""car_following_params"": {\n                ""controller_params"": {\n                    ""accel"": 1.0,\n                    ""carFollowModel"": ""IDM"",\n                    ""decel"": 1.5,\n                    ""impatience"": 0.5,\n                    ""maxSpeed"": 30,\n                    ""minGap"": 2.5,\n                    ""sigma"": 0.5,\n                    ""speedDev"": 0.1,\n                    ""speedFactor"": 1.0,\n                    ""tau"": 1.0\n                },\n                ""speed_mode"": 1\n            },\n            ""initial_speed"": 0,\n            ""lane_change_controller"": [\n                ""SimLaneChangeController"",\n                {}\n            ],\n            ""lane_change_params"": {\n                ""controller_params"": {\n                    ""laneChangeModel"": ""LC2013"",\n                    ""lcCooperative"": ""1.0"",\n                    ""lcKeepRight"": ""1.0"",\n                    ""lcSpeedGain"": ""1.0"",\n                    ""lcStrategic"": ""1.0""\n                },\n                ""lane_change_mode"": 512\n            },\n            ""num_vehicles"": 1,\n            ""routing_controller"": [\n                ""ContinuousRouter"",\n                {}\n            ],\n            ""veh_id"": ""rl""\n        }\n    ]\n}'}, 'env': 'AccelEnv-v0', 'local_evaluator_tf_session_args': {'inter_op_parallelism_threads': 8, 'intra_op_parallelism_threads': 8}, 'model': {'free_log_std': False, 'custom_options': {}, 'framestack': True, 'channel_major': False, 'max_seq_len': 20, 'lstm_use_prev_action_reward': False, 'squash_to_range': False, 'dim': 84, 'grayscale': False, 'fcnet_hiddens': [100, 50, 25], 'use_lstm': False, 'custom_model': None, 'fcnet_activation': 'tanh', 'conv_filters': None, 'conv_activation': 'relu', 'lstm_cell_size': 256, 'zero_mean': True, 'custom_preprocessor': None}, 'output_compress_columns': ['obs', 'new_obs'], 'monitor': False, 'custom_resources_per_worker': {}, 'output_max_file_size': 67108864, 'num_workers': 1, 'clip_param': 0.3, 'kl_coeff': 0.2, 'multiagent': {'policy_graphs': {}, 'policy_mapping_fn': None, 'policies_to_train': None}, 'input_evaluation': None, 'output': None, 'collect_metrics_timeout': 180, 'num_cpus_per_worker': 1}",169.237.32.118,1,1378.1,9.62406301498413,"{'num_steps_sampled': 624000, 'load_time_ms': 1.121, 'default': {'kl': 0.03228740394115448, 'cur_lr': 0.0005000000237487257, 'total_loss': 0.4716193974018097, 'policy_loss': -0.04019914194941521, 'vf_explained_var': 0.9889882206916809, 'entropy': 2.0608105659484863, 'cur_kl_coeff': 0.3124472498893738, 'vf_loss': 0.5017303824424744}, 'sample_time_ms': 9537.167, 'grad_time_ms': 274.279, 'update_time_ms': 4.714, 'num_steps_trained': 624000}",385.2709123077513,2019-04-02_08-41-13,kronos,71,624000,0,3860.4469180107117,{},624000,390,390,3860.4469180107117,497.51931804559143,1600,1554194473,{},0b32d2eec3344b1fbde4822793b2e447,67.70276554331174
False,479,"{'input': 'sampler', 'callbacks': {'on_train_result': None, 'on_sample_end': None, 'on_episode_step': None, 'on_episode_start': None, 'on_episode_end': None}, 'sample_batch_size': 200, 'clip_actions': False, 'clip_rewards': None, 'tf_session_args': {'inter_op_parallelism_threads': 2, 'intra_op_parallelism_threads': 2, 'device_count': {'CPU': 1}, 'log_device_placement': False, 'allow_soft_placement': True, 'gpu_options': {'allow_growth': True}}, 'kl_target': 0.01, 'horizon': 1500, 'lr': 0.0005, 'sample_async': False, 'simple_optimizer': False, 'compress_observations': False, 'num_envs_per_worker': 1, 'gamma': 0.99, 'sgd_minibatch_size': 128, 'observation_filter': 'NoFilter', 'entropy_coeff': 0.0, 'batch_mode': 'truncate_episodes', 'straggler_mitigation': False, 'vf_share_layers': False, 'num_gpus': 0, 'synchronize_filters': True, 'num_sgd_iter': 10, 'train_batch_size': 1500, 'optimizer': {}, 'num_gpus_per_worker': 0, 'preprocessor_pref': 'deepmind', 'num_cpus_for_driver': 1, 'lr_schedule': None, 'use_gae': True, 'lambda': 0.97, 'vf_loss_coeff': 1.0, 'vf_clip_param': 1000000.0, 'log_level': 'INFO', 'env_config': {'run': 'PPO', 'flow_params': '{\n    ""env"": {\n        ""additional_params"": {\n            ""max_accel"": 3,\n            ""max_decel"": 3,\n            ""sort_vehicles"": false,\n            ""target_velocity"": 20\n        },\n        ""evaluate"": false,\n        ""horizon"": 1500,\n        ""sims_per_step"": 1,\n        ""warmup_steps"": 0\n    },\n    ""env_name"": ""AccelEnv"",\n    ""exp_tag"": ""figure_eight_0"",\n    ""initial"": {\n        ""additional_params"": {},\n        ""bunching"": 0,\n        ""edges_distribution"": ""all"",\n        ""lanes_distribution"": Infinity,\n        ""min_gap"": 0,\n        ""perturbation"": 0.0,\n        ""shuffle"": false,\n        ""spacing"": ""uniform"",\n        ""x0"": 0\n    },\n    ""net"": {\n        ""additional_params"": {\n            ""lanes"": 1,\n            ""radius_ring"": 30,\n            ""resolution"": 40,\n            ""speed_limit"": 30\n        },\n        ""inflows"": {\n            ""_InFlows__flows"": [],\n            ""num_flows"": 0\n        },\n        ""netfile"": null,\n        ""no_internal_links"": false,\n        ""osm_path"": null\n    },\n    ""scenario"": ""Figure8Scenario"",\n    ""sim"": {\n        ""emission_path"": null,\n        ""lateral_resolution"": null,\n        ""no_step_log"": true,\n        ""num_clients"": 1,\n        ""overtake_right"": false,\n        ""port"": null,\n        ""print_warnings"": true,\n        ""pxpm"": 2,\n        ""render"": false,\n        ""restart_instance"": false,\n        ""save_render"": false,\n        ""seed"": null,\n        ""show_radius"": false,\n        ""sight_radius"": 25,\n        ""sim_step"": 0.1,\n        ""teleport_time"": -1\n    },\n    ""simulator"": ""traci"",\n    ""veh"": [\n        {\n            ""acceleration_controller"": [\n                ""IDMController"",\n                {\n                    ""noise"": 0.2\n                }\n            ],\n            ""car_following_params"": {\n                ""controller_params"": {\n                    ""accel"": 1.0,\n                    ""carFollowModel"": ""IDM"",\n                    ""decel"": 1.5,\n                    ""impatience"": 0.5,\n                    ""maxSpeed"": 30,\n                    ""minGap"": 2.5,\n                    ""sigma"": 0.5,\n                    ""speedDev"": 0.1,\n                    ""speedFactor"": 1.0,\n                    ""tau"": 1.0\n                },\n                ""speed_mode"": 1\n            },\n            ""initial_speed"": 0,\n            ""lane_change_controller"": [\n                ""SimLaneChangeController"",\n                {}\n            ],\n            ""lane_change_params"": {\n                ""controller_params"": {\n                    ""laneChangeModel"": ""LC2013"",\n                    ""lcCooperative"": ""1.0"",\n                    ""lcKeepRight"": ""1.0"",\n                    ""lcSpeedGain"": ""1.0"",\n                    ""lcStrategic"": ""1.0""\n                },\n                ""lane_change_mode"": 512\n            },\n            ""num_vehicles"": 13,\n            ""routing_controller"": [\n                ""ContinuousRouter"",\n                {}\n            ],\n            ""veh_id"": ""human""\n        },\n        {\n            ""acceleration_controller"": [\n                ""RLController"",\n                {}\n            ],\n            ""car_following_params"": {\n                ""controller_params"": {\n                    ""accel"": 1.0,\n                    ""carFollowModel"": ""IDM"",\n                    ""decel"": 1.5,\n                    ""impatience"": 0.5,\n                    ""maxSpeed"": 30,\n                    ""minGap"": 2.5,\n                    ""sigma"": 0.5,\n                    ""speedDev"": 0.1,\n                    ""speedFactor"": 1.0,\n                    ""tau"": 1.0\n                },\n                ""speed_mode"": 1\n            },\n            ""initial_speed"": 0,\n            ""lane_change_controller"": [\n                ""SimLaneChangeController"",\n                {}\n            ],\n            ""lane_change_params"": {\n                ""controller_params"": {\n                    ""laneChangeModel"": ""LC2013"",\n                    ""lcCooperative"": ""1.0"",\n                    ""lcKeepRight"": ""1.0"",\n                    ""lcSpeedGain"": ""1.0"",\n                    ""lcStrategic"": ""1.0""\n                },\n                ""lane_change_mode"": 512\n            },\n            ""num_vehicles"": 1,\n            ""routing_controller"": [\n                ""ContinuousRouter"",\n                {}\n            ],\n            ""veh_id"": ""rl""\n        }\n    ]\n}'}, 'env': 'AccelEnv-v0', 'local_evaluator_tf_session_args': {'inter_op_parallelism_threads': 8, 'intra_op_parallelism_threads': 8}, 'model': {'free_log_std': False, 'custom_options': {}, 'framestack': True, 'channel_major': False, 'max_seq_len': 20, 'lstm_use_prev_action_reward': False, 'squash_to_range': False, 'dim': 84, 'grayscale': False, 'fcnet_hiddens': [100, 50, 25], 'use_lstm': False, 'custom_model': None, 'fcnet_activation': 'tanh', 'conv_filters': None, 'conv_activation': 'relu', 'lstm_cell_size': 256, 'zero_mean': True, 'custom_preprocessor': None}, 'output_compress_columns': ['obs', 'new_obs'], 'monitor': False, 'custom_resources_per_worker': {}, 'output_max_file_size': 67108864, 'num_workers': 1, 'clip_param': 0.3, 'kl_coeff': 0.2, 'multiagent': {'policy_graphs': {}, 'policy_mapping_fn': None, 'policies_to_train': None}, 'input_evaluation': None, 'output': None, 'collect_metrics_timeout': 180, 'num_cpus_per_worker': 1}",169.237.32.118,2,1378.1,9.933582305908203,"{'num_steps_sampled': 625600, 'load_time_ms': 1.125, 'default': {'kl': 0.014421407133340836, 'cur_lr': 0.0005000000237487257, 'total_loss': 1.3565667867660522, 'policy_loss': -0.03190344572067261, 'vf_explained_var': 0.9624674916267395, 'entropy': 2.2061736583709717, 'cur_kl_coeff': 0.4686708450317383, 'vf_loss': 1.3817113637924194}, 'sample_time_ms': 9543.796, 'grad_time_ms': 273.838, 'update_time_ms': 4.816, 'num_steps_trained': 625600}",384.8992273265786,2019-04-02_08-41-23,kronos,71,625600,0,3870.38050031662,{},625600,391,391,3870.38050031662,497.51931804559143,1600,1554194483,{},0b32d2eec3344b1fbde4822793b2e447,67.70276554331174
False,480,"{'input': 'sampler', 'callbacks': {'on_train_result': None, 'on_sample_end': None, 'on_episode_step': None, 'on_episode_start': None, 'on_episode_end': None}, 'sample_batch_size': 200, 'clip_actions': False, 'clip_rewards': None, 'tf_session_args': {'inter_op_parallelism_threads': 2, 'intra_op_parallelism_threads': 2, 'device_count': {'CPU': 1}, 'log_device_placement': False, 'allow_soft_placement': True, 'gpu_options': {'allow_growth': True}}, 'kl_target': 0.01, 'horizon': 1500, 'lr': 0.0005, 'sample_async': False, 'simple_optimizer': False, 'compress_observations': False, 'num_envs_per_worker': 1, 'gamma': 0.99, 'sgd_minibatch_size': 128, 'observation_filter': 'NoFilter', 'entropy_coeff': 0.0, 'batch_mode': 'truncate_episodes', 'straggler_mitigation': False, 'vf_share_layers': False, 'num_gpus': 0, 'synchronize_filters': True, 'num_sgd_iter': 10, 'train_batch_size': 1500, 'optimizer': {}, 'num_gpus_per_worker': 0, 'preprocessor_pref': 'deepmind', 'num_cpus_for_driver': 1, 'lr_schedule': None, 'use_gae': True, 'lambda': 0.97, 'vf_loss_coeff': 1.0, 'vf_clip_param': 1000000.0, 'log_level': 'INFO', 'env_config': {'run': 'PPO', 'flow_params': '{\n    ""env"": {\n        ""additional_params"": {\n            ""max_accel"": 3,\n            ""max_decel"": 3,\n            ""sort_vehicles"": false,\n            ""target_velocity"": 20\n        },\n        ""evaluate"": false,\n        ""horizon"": 1500,\n        ""sims_per_step"": 1,\n        ""warmup_steps"": 0\n    },\n    ""env_name"": ""AccelEnv"",\n    ""exp_tag"": ""figure_eight_0"",\n    ""initial"": {\n        ""additional_params"": {},\n        ""bunching"": 0,\n        ""edges_distribution"": ""all"",\n        ""lanes_distribution"": Infinity,\n        ""min_gap"": 0,\n        ""perturbation"": 0.0,\n        ""shuffle"": false,\n        ""spacing"": ""uniform"",\n        ""x0"": 0\n    },\n    ""net"": {\n        ""additional_params"": {\n            ""lanes"": 1,\n            ""radius_ring"": 30,\n            ""resolution"": 40,\n            ""speed_limit"": 30\n        },\n        ""inflows"": {\n            ""_InFlows__flows"": [],\n            ""num_flows"": 0\n        },\n        ""netfile"": null,\n        ""no_internal_links"": false,\n        ""osm_path"": null\n    },\n    ""scenario"": ""Figure8Scenario"",\n    ""sim"": {\n        ""emission_path"": null,\n        ""lateral_resolution"": null,\n        ""no_step_log"": true,\n        ""num_clients"": 1,\n        ""overtake_right"": false,\n        ""port"": null,\n        ""print_warnings"": true,\n        ""pxpm"": 2,\n        ""render"": false,\n        ""restart_instance"": false,\n        ""save_render"": false,\n        ""seed"": null,\n        ""show_radius"": false,\n        ""sight_radius"": 25,\n        ""sim_step"": 0.1,\n        ""teleport_time"": -1\n    },\n    ""simulator"": ""traci"",\n    ""veh"": [\n        {\n            ""acceleration_controller"": [\n                ""IDMController"",\n                {\n                    ""noise"": 0.2\n                }\n            ],\n            ""car_following_params"": {\n                ""controller_params"": {\n                    ""accel"": 1.0,\n                    ""carFollowModel"": ""IDM"",\n                    ""decel"": 1.5,\n                    ""impatience"": 0.5,\n                    ""maxSpeed"": 30,\n                    ""minGap"": 2.5,\n                    ""sigma"": 0.5,\n                    ""speedDev"": 0.1,\n                    ""speedFactor"": 1.0,\n                    ""tau"": 1.0\n                },\n                ""speed_mode"": 1\n            },\n            ""initial_speed"": 0,\n            ""lane_change_controller"": [\n                ""SimLaneChangeController"",\n                {}\n            ],\n            ""lane_change_params"": {\n                ""controller_params"": {\n                    ""laneChangeModel"": ""LC2013"",\n                    ""lcCooperative"": ""1.0"",\n                    ""lcKeepRight"": ""1.0"",\n                    ""lcSpeedGain"": ""1.0"",\n                    ""lcStrategic"": ""1.0""\n                },\n                ""lane_change_mode"": 512\n            },\n            ""num_vehicles"": 13,\n            ""routing_controller"": [\n                ""ContinuousRouter"",\n                {}\n            ],\n            ""veh_id"": ""human""\n        },\n        {\n            ""acceleration_controller"": [\n                ""RLController"",\n                {}\n            ],\n            ""car_following_params"": {\n                ""controller_params"": {\n                    ""accel"": 1.0,\n                    ""carFollowModel"": ""IDM"",\n                    ""decel"": 1.5,\n                    ""impatience"": 0.5,\n                    ""maxSpeed"": 30,\n                    ""minGap"": 2.5,\n                    ""sigma"": 0.5,\n                    ""speedDev"": 0.1,\n                    ""speedFactor"": 1.0,\n                    ""tau"": 1.0\n                },\n                ""speed_mode"": 1\n            },\n            ""initial_speed"": 0,\n            ""lane_change_controller"": [\n                ""SimLaneChangeController"",\n                {}\n            ],\n            ""lane_change_params"": {\n                ""controller_params"": {\n                    ""laneChangeModel"": ""LC2013"",\n                    ""lcCooperative"": ""1.0"",\n                    ""lcKeepRight"": ""1.0"",\n                    ""lcSpeedGain"": ""1.0"",\n                    ""lcStrategic"": ""1.0""\n                },\n                ""lane_change_mode"": 512\n            },\n            ""num_vehicles"": 1,\n            ""routing_controller"": [\n                ""ContinuousRouter"",\n                {}\n            ],\n            ""veh_id"": ""rl""\n        }\n    ]\n}'}, 'env': 'AccelEnv-v0', 'local_evaluator_tf_session_args': {'inter_op_parallelism_threads': 8, 'intra_op_parallelism_threads': 8}, 'model': {'free_log_std': False, 'custom_options': {}, 'framestack': True, 'channel_major': False, 'max_seq_len': 20, 'lstm_use_prev_action_reward': False, 'squash_to_range': False, 'dim': 84, 'grayscale': False, 'fcnet_hiddens': [100, 50, 25], 'use_lstm': False, 'custom_model': None, 'fcnet_activation': 'tanh', 'conv_filters': None, 'conv_activation': 'relu', 'lstm_cell_size': 256, 'zero_mean': True, 'custom_preprocessor': None}, 'output_compress_columns': ['obs', 'new_obs'], 'monitor': False, 'custom_resources_per_worker': {}, 'output_max_file_size': 67108864, 'num_workers': 1, 'clip_param': 0.3, 'kl_coeff': 0.2, 'multiagent': {'policy_graphs': {}, 'policy_mapping_fn': None, 'policies_to_train': None}, 'input_evaluation': None, 'output': None, 'collect_metrics_timeout': 180, 'num_cpus_per_worker': 1}",169.237.32.118,1,1390.77,9.924472570419312,"{'num_steps_sampled': 627200, 'load_time_ms': 1.135, 'default': {'kl': 0.012046937830746174, 'cur_lr': 0.0005000000237487257, 'total_loss': 0.5004367828369141, 'policy_loss': -0.019124314188957214, 'vf_explained_var': 0.9769174456596375, 'entropy': 2.216578245162964, 'cur_kl_coeff': 0.4686708450317383, 'vf_loss': 0.5139150619506836}, 'sample_time_ms': 9552.828, 'grad_time_ms': 273.274, 'update_time_ms': 4.911, 'num_steps_trained': 627200}",388.42685820883213,2019-04-02_08-41-32,kronos,71,627200,0,3880.304972887039,{},627200,392,392,3880.304972887039,497.51931804559143,1600,1554194492,{},0b32d2eec3344b1fbde4822793b2e447,79.68052543675833
False,481,"{'input': 'sampler', 'callbacks': {'on_train_result': None, 'on_sample_end': None, 'on_episode_step': None, 'on_episode_start': None, 'on_episode_end': None}, 'sample_batch_size': 200, 'clip_actions': False, 'clip_rewards': None, 'tf_session_args': {'inter_op_parallelism_threads': 2, 'intra_op_parallelism_threads': 2, 'device_count': {'CPU': 1}, 'log_device_placement': False, 'allow_soft_placement': True, 'gpu_options': {'allow_growth': True}}, 'kl_target': 0.01, 'horizon': 1500, 'lr': 0.0005, 'sample_async': False, 'simple_optimizer': False, 'compress_observations': False, 'num_envs_per_worker': 1, 'gamma': 0.99, 'sgd_minibatch_size': 128, 'observation_filter': 'NoFilter', 'entropy_coeff': 0.0, 'batch_mode': 'truncate_episodes', 'straggler_mitigation': False, 'vf_share_layers': False, 'num_gpus': 0, 'synchronize_filters': True, 'num_sgd_iter': 10, 'train_batch_size': 1500, 'optimizer': {}, 'num_gpus_per_worker': 0, 'preprocessor_pref': 'deepmind', 'num_cpus_for_driver': 1, 'lr_schedule': None, 'use_gae': True, 'lambda': 0.97, 'vf_loss_coeff': 1.0, 'vf_clip_param': 1000000.0, 'log_level': 'INFO', 'env_config': {'run': 'PPO', 'flow_params': '{\n    ""env"": {\n        ""additional_params"": {\n            ""max_accel"": 3,\n            ""max_decel"": 3,\n            ""sort_vehicles"": false,\n            ""target_velocity"": 20\n        },\n        ""evaluate"": false,\n        ""horizon"": 1500,\n        ""sims_per_step"": 1,\n        ""warmup_steps"": 0\n    },\n    ""env_name"": ""AccelEnv"",\n    ""exp_tag"": ""figure_eight_0"",\n    ""initial"": {\n        ""additional_params"": {},\n        ""bunching"": 0,\n        ""edges_distribution"": ""all"",\n        ""lanes_distribution"": Infinity,\n        ""min_gap"": 0,\n        ""perturbation"": 0.0,\n        ""shuffle"": false,\n        ""spacing"": ""uniform"",\n        ""x0"": 0\n    },\n    ""net"": {\n        ""additional_params"": {\n            ""lanes"": 1,\n            ""radius_ring"": 30,\n            ""resolution"": 40,\n            ""speed_limit"": 30\n        },\n        ""inflows"": {\n            ""_InFlows__flows"": [],\n            ""num_flows"": 0\n        },\n        ""netfile"": null,\n        ""no_internal_links"": false,\n        ""osm_path"": null\n    },\n    ""scenario"": ""Figure8Scenario"",\n    ""sim"": {\n        ""emission_path"": null,\n        ""lateral_resolution"": null,\n        ""no_step_log"": true,\n        ""num_clients"": 1,\n        ""overtake_right"": false,\n        ""port"": null,\n        ""print_warnings"": true,\n        ""pxpm"": 2,\n        ""render"": false,\n        ""restart_instance"": false,\n        ""save_render"": false,\n        ""seed"": null,\n        ""show_radius"": false,\n        ""sight_radius"": 25,\n        ""sim_step"": 0.1,\n        ""teleport_time"": -1\n    },\n    ""simulator"": ""traci"",\n    ""veh"": [\n        {\n            ""acceleration_controller"": [\n                ""IDMController"",\n                {\n                    ""noise"": 0.2\n                }\n            ],\n            ""car_following_params"": {\n                ""controller_params"": {\n                    ""accel"": 1.0,\n                    ""carFollowModel"": ""IDM"",\n                    ""decel"": 1.5,\n                    ""impatience"": 0.5,\n                    ""maxSpeed"": 30,\n                    ""minGap"": 2.5,\n                    ""sigma"": 0.5,\n                    ""speedDev"": 0.1,\n                    ""speedFactor"": 1.0,\n                    ""tau"": 1.0\n                },\n                ""speed_mode"": 1\n            },\n            ""initial_speed"": 0,\n            ""lane_change_controller"": [\n                ""SimLaneChangeController"",\n                {}\n            ],\n            ""lane_change_params"": {\n                ""controller_params"": {\n                    ""laneChangeModel"": ""LC2013"",\n                    ""lcCooperative"": ""1.0"",\n                    ""lcKeepRight"": ""1.0"",\n                    ""lcSpeedGain"": ""1.0"",\n                    ""lcStrategic"": ""1.0""\n                },\n                ""lane_change_mode"": 512\n            },\n            ""num_vehicles"": 13,\n            ""routing_controller"": [\n                ""ContinuousRouter"",\n                {}\n            ],\n            ""veh_id"": ""human""\n        },\n        {\n            ""acceleration_controller"": [\n                ""RLController"",\n                {}\n            ],\n            ""car_following_params"": {\n                ""controller_params"": {\n                    ""accel"": 1.0,\n                    ""carFollowModel"": ""IDM"",\n                    ""decel"": 1.5,\n                    ""impatience"": 0.5,\n                    ""maxSpeed"": 30,\n                    ""minGap"": 2.5,\n                    ""sigma"": 0.5,\n                    ""speedDev"": 0.1,\n                    ""speedFactor"": 1.0,\n                    ""tau"": 1.0\n                },\n                ""speed_mode"": 1\n            },\n            ""initial_speed"": 0,\n            ""lane_change_controller"": [\n                ""SimLaneChangeController"",\n                {}\n            ],\n            ""lane_change_params"": {\n                ""controller_params"": {\n                    ""laneChangeModel"": ""LC2013"",\n                    ""lcCooperative"": ""1.0"",\n                    ""lcKeepRight"": ""1.0"",\n                    ""lcSpeedGain"": ""1.0"",\n                    ""lcStrategic"": ""1.0""\n                },\n                ""lane_change_mode"": 512\n            },\n            ""num_vehicles"": 1,\n            ""routing_controller"": [\n                ""ContinuousRouter"",\n                {}\n            ],\n            ""veh_id"": ""rl""\n        }\n    ]\n}'}, 'env': 'AccelEnv-v0', 'local_evaluator_tf_session_args': {'inter_op_parallelism_threads': 8, 'intra_op_parallelism_threads': 8}, 'model': {'free_log_std': False, 'custom_options': {}, 'framestack': True, 'channel_major': False, 'max_seq_len': 20, 'lstm_use_prev_action_reward': False, 'squash_to_range': False, 'dim': 84, 'grayscale': False, 'fcnet_hiddens': [100, 50, 25], 'use_lstm': False, 'custom_model': None, 'fcnet_activation': 'tanh', 'conv_filters': None, 'conv_activation': 'relu', 'lstm_cell_size': 256, 'zero_mean': True, 'custom_preprocessor': None}, 'output_compress_columns': ['obs', 'new_obs'], 'monitor': False, 'custom_resources_per_worker': {}, 'output_max_file_size': 67108864, 'num_workers': 1, 'clip_param': 0.3, 'kl_coeff': 0.2, 'multiagent': {'policy_graphs': {}, 'policy_mapping_fn': None, 'policies_to_train': None}, 'input_evaluation': None, 'output': None, 'collect_metrics_timeout': 180, 'num_cpus_per_worker': 1}",169.237.32.118,1,1390.77,10.020773887634277,"{'num_steps_sampled': 628800, 'load_time_ms': 1.093, 'default': {'kl': 0.01904190145432949, 'cur_lr': 0.0005000000237487257, 'total_loss': 0.5748432874679565, 'policy_loss': -0.029688365757465363, 'vf_explained_var': 0.9888469576835632, 'entropy': 2.2176673412323, 'cur_kl_coeff': 0.4686708450317383, 'vf_loss': 0.5956072807312012}, 'sample_time_ms': 9570.376, 'grad_time_ms': 274.499, 'update_time_ms': 5.008, 'num_steps_trained': 628800}",388.00068275530697,2019-04-02_08-41-42,kronos,71,628800,0,3890.3257467746735,{},628800,393,393,3890.3257467746735,497.51931804559143,1600,1554194502,{},0b32d2eec3344b1fbde4822793b2e447,79.68052543675833
False,482,"{'input': 'sampler', 'callbacks': {'on_train_result': None, 'on_sample_end': None, 'on_episode_step': None, 'on_episode_start': None, 'on_episode_end': None}, 'sample_batch_size': 200, 'clip_actions': False, 'clip_rewards': None, 'tf_session_args': {'inter_op_parallelism_threads': 2, 'intra_op_parallelism_threads': 2, 'device_count': {'CPU': 1}, 'log_device_placement': False, 'allow_soft_placement': True, 'gpu_options': {'allow_growth': True}}, 'kl_target': 0.01, 'horizon': 1500, 'lr': 0.0005, 'sample_async': False, 'simple_optimizer': False, 'compress_observations': False, 'num_envs_per_worker': 1, 'gamma': 0.99, 'sgd_minibatch_size': 128, 'observation_filter': 'NoFilter', 'entropy_coeff': 0.0, 'batch_mode': 'truncate_episodes', 'straggler_mitigation': False, 'vf_share_layers': False, 'num_gpus': 0, 'synchronize_filters': True, 'num_sgd_iter': 10, 'train_batch_size': 1500, 'optimizer': {}, 'num_gpus_per_worker': 0, 'preprocessor_pref': 'deepmind', 'num_cpus_for_driver': 1, 'lr_schedule': None, 'use_gae': True, 'lambda': 0.97, 'vf_loss_coeff': 1.0, 'vf_clip_param': 1000000.0, 'log_level': 'INFO', 'env_config': {'run': 'PPO', 'flow_params': '{\n    ""env"": {\n        ""additional_params"": {\n            ""max_accel"": 3,\n            ""max_decel"": 3,\n            ""sort_vehicles"": false,\n            ""target_velocity"": 20\n        },\n        ""evaluate"": false,\n        ""horizon"": 1500,\n        ""sims_per_step"": 1,\n        ""warmup_steps"": 0\n    },\n    ""env_name"": ""AccelEnv"",\n    ""exp_tag"": ""figure_eight_0"",\n    ""initial"": {\n        ""additional_params"": {},\n        ""bunching"": 0,\n        ""edges_distribution"": ""all"",\n        ""lanes_distribution"": Infinity,\n        ""min_gap"": 0,\n        ""perturbation"": 0.0,\n        ""shuffle"": false,\n        ""spacing"": ""uniform"",\n        ""x0"": 0\n    },\n    ""net"": {\n        ""additional_params"": {\n            ""lanes"": 1,\n            ""radius_ring"": 30,\n            ""resolution"": 40,\n            ""speed_limit"": 30\n        },\n        ""inflows"": {\n            ""_InFlows__flows"": [],\n            ""num_flows"": 0\n        },\n        ""netfile"": null,\n        ""no_internal_links"": false,\n        ""osm_path"": null\n    },\n    ""scenario"": ""Figure8Scenario"",\n    ""sim"": {\n        ""emission_path"": null,\n        ""lateral_resolution"": null,\n        ""no_step_log"": true,\n        ""num_clients"": 1,\n        ""overtake_right"": false,\n        ""port"": null,\n        ""print_warnings"": true,\n        ""pxpm"": 2,\n        ""render"": false,\n        ""restart_instance"": false,\n        ""save_render"": false,\n        ""seed"": null,\n        ""show_radius"": false,\n        ""sight_radius"": 25,\n        ""sim_step"": 0.1,\n        ""teleport_time"": -1\n    },\n    ""simulator"": ""traci"",\n    ""veh"": [\n        {\n            ""acceleration_controller"": [\n                ""IDMController"",\n                {\n                    ""noise"": 0.2\n                }\n            ],\n            ""car_following_params"": {\n                ""controller_params"": {\n                    ""accel"": 1.0,\n                    ""carFollowModel"": ""IDM"",\n                    ""decel"": 1.5,\n                    ""impatience"": 0.5,\n                    ""maxSpeed"": 30,\n                    ""minGap"": 2.5,\n                    ""sigma"": 0.5,\n                    ""speedDev"": 0.1,\n                    ""speedFactor"": 1.0,\n                    ""tau"": 1.0\n                },\n                ""speed_mode"": 1\n            },\n            ""initial_speed"": 0,\n            ""lane_change_controller"": [\n                ""SimLaneChangeController"",\n                {}\n            ],\n            ""lane_change_params"": {\n                ""controller_params"": {\n                    ""laneChangeModel"": ""LC2013"",\n                    ""lcCooperative"": ""1.0"",\n                    ""lcKeepRight"": ""1.0"",\n                    ""lcSpeedGain"": ""1.0"",\n                    ""lcStrategic"": ""1.0""\n                },\n                ""lane_change_mode"": 512\n            },\n            ""num_vehicles"": 13,\n            ""routing_controller"": [\n                ""ContinuousRouter"",\n                {}\n            ],\n            ""veh_id"": ""human""\n        },\n        {\n            ""acceleration_controller"": [\n                ""RLController"",\n                {}\n            ],\n            ""car_following_params"": {\n                ""controller_params"": {\n                    ""accel"": 1.0,\n                    ""carFollowModel"": ""IDM"",\n                    ""decel"": 1.5,\n                    ""impatience"": 0.5,\n                    ""maxSpeed"": 30,\n                    ""minGap"": 2.5,\n                    ""sigma"": 0.5,\n                    ""speedDev"": 0.1,\n                    ""speedFactor"": 1.0,\n                    ""tau"": 1.0\n                },\n                ""speed_mode"": 1\n            },\n            ""initial_speed"": 0,\n            ""lane_change_controller"": [\n                ""SimLaneChangeController"",\n                {}\n            ],\n            ""lane_change_params"": {\n                ""controller_params"": {\n                    ""laneChangeModel"": ""LC2013"",\n                    ""lcCooperative"": ""1.0"",\n                    ""lcKeepRight"": ""1.0"",\n                    ""lcSpeedGain"": ""1.0"",\n                    ""lcStrategic"": ""1.0""\n                },\n                ""lane_change_mode"": 512\n            },\n            ""num_vehicles"": 1,\n            ""routing_controller"": [\n                ""ContinuousRouter"",\n                {}\n            ],\n            ""veh_id"": ""rl""\n        }\n    ]\n}'}, 'env': 'AccelEnv-v0', 'local_evaluator_tf_session_args': {'inter_op_parallelism_threads': 8, 'intra_op_parallelism_threads': 8}, 'model': {'free_log_std': False, 'custom_options': {}, 'framestack': True, 'channel_major': False, 'max_seq_len': 20, 'lstm_use_prev_action_reward': False, 'squash_to_range': False, 'dim': 84, 'grayscale': False, 'fcnet_hiddens': [100, 50, 25], 'use_lstm': False, 'custom_model': None, 'fcnet_activation': 'tanh', 'conv_filters': None, 'conv_activation': 'relu', 'lstm_cell_size': 256, 'zero_mean': True, 'custom_preprocessor': None}, 'output_compress_columns': ['obs', 'new_obs'], 'monitor': False, 'custom_resources_per_worker': {}, 'output_max_file_size': 67108864, 'num_workers': 1, 'clip_param': 0.3, 'kl_coeff': 0.2, 'multiagent': {'policy_graphs': {}, 'policy_mapping_fn': None, 'policies_to_train': None}, 'input_evaluation': None, 'output': None, 'collect_metrics_timeout': 180, 'num_cpus_per_worker': 1}",169.237.32.118,1,1380.09,9.825087547302246,"{'num_steps_sampled': 630400, 'load_time_ms': 1.104, 'default': {'kl': 0.021684793755412102, 'cur_lr': 0.0005000000237487257, 'total_loss': 0.2522962689399719, 'policy_loss': -0.027587054297327995, 'vf_explained_var': 0.9974150061607361, 'entropy': 2.0444352626800537, 'cur_kl_coeff': 0.4686708450317383, 'vf_loss': 0.26972028613090515}, 'sample_time_ms': 9560.738, 'grad_time_ms': 276.627, 'update_time_ms': 5.135, 'num_steps_trained': 630400}",384.3235487173552,2019-04-02_08-41-52,kronos,71,630400,0,3900.1508343219757,{},630400,394,394,3900.1508343219757,497.51931804559143,1600,1554194512,{},0b32d2eec3344b1fbde4822793b2e447,79.68052543675833
False,484,"{'input': 'sampler', 'callbacks': {'on_train_result': None, 'on_sample_end': None, 'on_episode_step': None, 'on_episode_start': None, 'on_episode_end': None}, 'sample_batch_size': 200, 'clip_actions': False, 'clip_rewards': None, 'tf_session_args': {'inter_op_parallelism_threads': 2, 'intra_op_parallelism_threads': 2, 'device_count': {'CPU': 1}, 'log_device_placement': False, 'allow_soft_placement': True, 'gpu_options': {'allow_growth': True}}, 'kl_target': 0.01, 'horizon': 1500, 'lr': 0.0005, 'sample_async': False, 'simple_optimizer': False, 'compress_observations': False, 'num_envs_per_worker': 1, 'gamma': 0.99, 'sgd_minibatch_size': 128, 'observation_filter': 'NoFilter', 'entropy_coeff': 0.0, 'batch_mode': 'truncate_episodes', 'straggler_mitigation': False, 'vf_share_layers': False, 'num_gpus': 0, 'synchronize_filters': True, 'num_sgd_iter': 10, 'train_batch_size': 1500, 'optimizer': {}, 'num_gpus_per_worker': 0, 'preprocessor_pref': 'deepmind', 'num_cpus_for_driver': 1, 'lr_schedule': None, 'use_gae': True, 'lambda': 0.97, 'vf_loss_coeff': 1.0, 'vf_clip_param': 1000000.0, 'log_level': 'INFO', 'env_config': {'run': 'PPO', 'flow_params': '{\n    ""env"": {\n        ""additional_params"": {\n            ""max_accel"": 3,\n            ""max_decel"": 3,\n            ""sort_vehicles"": false,\n            ""target_velocity"": 20\n        },\n        ""evaluate"": false,\n        ""horizon"": 1500,\n        ""sims_per_step"": 1,\n        ""warmup_steps"": 0\n    },\n    ""env_name"": ""AccelEnv"",\n    ""exp_tag"": ""figure_eight_0"",\n    ""initial"": {\n        ""additional_params"": {},\n        ""bunching"": 0,\n        ""edges_distribution"": ""all"",\n        ""lanes_distribution"": Infinity,\n        ""min_gap"": 0,\n        ""perturbation"": 0.0,\n        ""shuffle"": false,\n        ""spacing"": ""uniform"",\n        ""x0"": 0\n    },\n    ""net"": {\n        ""additional_params"": {\n            ""lanes"": 1,\n            ""radius_ring"": 30,\n            ""resolution"": 40,\n            ""speed_limit"": 30\n        },\n        ""inflows"": {\n            ""_InFlows__flows"": [],\n            ""num_flows"": 0\n        },\n        ""netfile"": null,\n        ""no_internal_links"": false,\n        ""osm_path"": null\n    },\n    ""scenario"": ""Figure8Scenario"",\n    ""sim"": {\n        ""emission_path"": null,\n        ""lateral_resolution"": null,\n        ""no_step_log"": true,\n        ""num_clients"": 1,\n        ""overtake_right"": false,\n        ""port"": null,\n        ""print_warnings"": true,\n        ""pxpm"": 2,\n        ""render"": false,\n        ""restart_instance"": false,\n        ""save_render"": false,\n        ""seed"": null,\n        ""show_radius"": false,\n        ""sight_radius"": 25,\n        ""sim_step"": 0.1,\n        ""teleport_time"": -1\n    },\n    ""simulator"": ""traci"",\n    ""veh"": [\n        {\n            ""acceleration_controller"": [\n                ""IDMController"",\n                {\n                    ""noise"": 0.2\n                }\n            ],\n            ""car_following_params"": {\n                ""controller_params"": {\n                    ""accel"": 1.0,\n                    ""carFollowModel"": ""IDM"",\n                    ""decel"": 1.5,\n                    ""impatience"": 0.5,\n                    ""maxSpeed"": 30,\n                    ""minGap"": 2.5,\n                    ""sigma"": 0.5,\n                    ""speedDev"": 0.1,\n                    ""speedFactor"": 1.0,\n                    ""tau"": 1.0\n                },\n                ""speed_mode"": 1\n            },\n            ""initial_speed"": 0,\n            ""lane_change_controller"": [\n                ""SimLaneChangeController"",\n                {}\n            ],\n            ""lane_change_params"": {\n                ""controller_params"": {\n                    ""laneChangeModel"": ""LC2013"",\n                    ""lcCooperative"": ""1.0"",\n                    ""lcKeepRight"": ""1.0"",\n                    ""lcSpeedGain"": ""1.0"",\n                    ""lcStrategic"": ""1.0""\n                },\n                ""lane_change_mode"": 512\n            },\n            ""num_vehicles"": 13,\n            ""routing_controller"": [\n                ""ContinuousRouter"",\n                {}\n            ],\n            ""veh_id"": ""human""\n        },\n        {\n            ""acceleration_controller"": [\n                ""RLController"",\n                {}\n            ],\n            ""car_following_params"": {\n                ""controller_params"": {\n                    ""accel"": 1.0,\n                    ""carFollowModel"": ""IDM"",\n                    ""decel"": 1.5,\n                    ""impatience"": 0.5,\n                    ""maxSpeed"": 30,\n                    ""minGap"": 2.5,\n                    ""sigma"": 0.5,\n                    ""speedDev"": 0.1,\n                    ""speedFactor"": 1.0,\n                    ""tau"": 1.0\n                },\n                ""speed_mode"": 1\n            },\n            ""initial_speed"": 0,\n            ""lane_change_controller"": [\n                ""SimLaneChangeController"",\n                {}\n            ],\n            ""lane_change_params"": {\n                ""controller_params"": {\n                    ""laneChangeModel"": ""LC2013"",\n                    ""lcCooperative"": ""1.0"",\n                    ""lcKeepRight"": ""1.0"",\n                    ""lcSpeedGain"": ""1.0"",\n                    ""lcStrategic"": ""1.0""\n                },\n                ""lane_change_mode"": 512\n            },\n            ""num_vehicles"": 1,\n            ""routing_controller"": [\n                ""ContinuousRouter"",\n                {}\n            ],\n            ""veh_id"": ""rl""\n        }\n    ]\n}'}, 'env': 'AccelEnv-v0', 'local_evaluator_tf_session_args': {'inter_op_parallelism_threads': 8, 'intra_op_parallelism_threads': 8}, 'model': {'free_log_std': False, 'custom_options': {}, 'framestack': True, 'channel_major': False, 'max_seq_len': 20, 'lstm_use_prev_action_reward': False, 'squash_to_range': False, 'dim': 84, 'grayscale': False, 'fcnet_hiddens': [100, 50, 25], 'use_lstm': False, 'custom_model': None, 'fcnet_activation': 'tanh', 'conv_filters': None, 'conv_activation': 'relu', 'lstm_cell_size': 256, 'zero_mean': True, 'custom_preprocessor': None}, 'output_compress_columns': ['obs', 'new_obs'], 'monitor': False, 'custom_resources_per_worker': {}, 'output_max_file_size': 67108864, 'num_workers': 1, 'clip_param': 0.3, 'kl_coeff': 0.2, 'multiagent': {'policy_graphs': {}, 'policy_mapping_fn': None, 'policies_to_train': None}, 'input_evaluation': None, 'output': None, 'collect_metrics_timeout': 180, 'num_cpus_per_worker': 1}",169.237.32.118,2,1380.09,9.96515941619873,"{'num_steps_sampled': 632000, 'load_time_ms': 1.114, 'default': {'kl': 0.013729934580624104, 'cur_lr': 0.0005000000237487257, 'total_loss': 1.4894766807556152, 'policy_loss': -0.029043445363640785, 'vf_explained_var': 0.9663373827934265, 'entropy': 2.2194571495056152, 'cur_kl_coeff': 0.7030062675476074, 'vf_loss': 1.508867859840393}, 'sample_time_ms': 9597.949, 'grad_time_ms': 277.342, 'update_time_ms': 5.24, 'num_steps_trained': 632000}",383.59926526341593,2019-04-02_08-42-02,kronos,71,632000,0,3910.1159937381744,{},632000,395,395,3910.1159937381744,497.51931804559143,1600,1554194522,{},0b32d2eec3344b1fbde4822793b2e447,79.68052543675833
False,485,"{'input': 'sampler', 'callbacks': {'on_train_result': None, 'on_sample_end': None, 'on_episode_step': None, 'on_episode_start': None, 'on_episode_end': None}, 'sample_batch_size': 200, 'clip_actions': False, 'clip_rewards': None, 'tf_session_args': {'inter_op_parallelism_threads': 2, 'intra_op_parallelism_threads': 2, 'device_count': {'CPU': 1}, 'log_device_placement': False, 'allow_soft_placement': True, 'gpu_options': {'allow_growth': True}}, 'kl_target': 0.01, 'horizon': 1500, 'lr': 0.0005, 'sample_async': False, 'simple_optimizer': False, 'compress_observations': False, 'num_envs_per_worker': 1, 'gamma': 0.99, 'sgd_minibatch_size': 128, 'observation_filter': 'NoFilter', 'entropy_coeff': 0.0, 'batch_mode': 'truncate_episodes', 'straggler_mitigation': False, 'vf_share_layers': False, 'num_gpus': 0, 'synchronize_filters': True, 'num_sgd_iter': 10, 'train_batch_size': 1500, 'optimizer': {}, 'num_gpus_per_worker': 0, 'preprocessor_pref': 'deepmind', 'num_cpus_for_driver': 1, 'lr_schedule': None, 'use_gae': True, 'lambda': 0.97, 'vf_loss_coeff': 1.0, 'vf_clip_param': 1000000.0, 'log_level': 'INFO', 'env_config': {'run': 'PPO', 'flow_params': '{\n    ""env"": {\n        ""additional_params"": {\n            ""max_accel"": 3,\n            ""max_decel"": 3,\n            ""sort_vehicles"": false,\n            ""target_velocity"": 20\n        },\n        ""evaluate"": false,\n        ""horizon"": 1500,\n        ""sims_per_step"": 1,\n        ""warmup_steps"": 0\n    },\n    ""env_name"": ""AccelEnv"",\n    ""exp_tag"": ""figure_eight_0"",\n    ""initial"": {\n        ""additional_params"": {},\n        ""bunching"": 0,\n        ""edges_distribution"": ""all"",\n        ""lanes_distribution"": Infinity,\n        ""min_gap"": 0,\n        ""perturbation"": 0.0,\n        ""shuffle"": false,\n        ""spacing"": ""uniform"",\n        ""x0"": 0\n    },\n    ""net"": {\n        ""additional_params"": {\n            ""lanes"": 1,\n            ""radius_ring"": 30,\n            ""resolution"": 40,\n            ""speed_limit"": 30\n        },\n        ""inflows"": {\n            ""_InFlows__flows"": [],\n            ""num_flows"": 0\n        },\n        ""netfile"": null,\n        ""no_internal_links"": false,\n        ""osm_path"": null\n    },\n    ""scenario"": ""Figure8Scenario"",\n    ""sim"": {\n        ""emission_path"": null,\n        ""lateral_resolution"": null,\n        ""no_step_log"": true,\n        ""num_clients"": 1,\n        ""overtake_right"": false,\n        ""port"": null,\n        ""print_warnings"": true,\n        ""pxpm"": 2,\n        ""render"": false,\n        ""restart_instance"": false,\n        ""save_render"": false,\n        ""seed"": null,\n        ""show_radius"": false,\n        ""sight_radius"": 25,\n        ""sim_step"": 0.1,\n        ""teleport_time"": -1\n    },\n    ""simulator"": ""traci"",\n    ""veh"": [\n        {\n            ""acceleration_controller"": [\n                ""IDMController"",\n                {\n                    ""noise"": 0.2\n                }\n            ],\n            ""car_following_params"": {\n                ""controller_params"": {\n                    ""accel"": 1.0,\n                    ""carFollowModel"": ""IDM"",\n                    ""decel"": 1.5,\n                    ""impatience"": 0.5,\n                    ""maxSpeed"": 30,\n                    ""minGap"": 2.5,\n                    ""sigma"": 0.5,\n                    ""speedDev"": 0.1,\n                    ""speedFactor"": 1.0,\n                    ""tau"": 1.0\n                },\n                ""speed_mode"": 1\n            },\n            ""initial_speed"": 0,\n            ""lane_change_controller"": [\n                ""SimLaneChangeController"",\n                {}\n            ],\n            ""lane_change_params"": {\n                ""controller_params"": {\n                    ""laneChangeModel"": ""LC2013"",\n                    ""lcCooperative"": ""1.0"",\n                    ""lcKeepRight"": ""1.0"",\n                    ""lcSpeedGain"": ""1.0"",\n                    ""lcStrategic"": ""1.0""\n                },\n                ""lane_change_mode"": 512\n            },\n            ""num_vehicles"": 13,\n            ""routing_controller"": [\n                ""ContinuousRouter"",\n                {}\n            ],\n            ""veh_id"": ""human""\n        },\n        {\n            ""acceleration_controller"": [\n                ""RLController"",\n                {}\n            ],\n            ""car_following_params"": {\n                ""controller_params"": {\n                    ""accel"": 1.0,\n                    ""carFollowModel"": ""IDM"",\n                    ""decel"": 1.5,\n                    ""impatience"": 0.5,\n                    ""maxSpeed"": 30,\n                    ""minGap"": 2.5,\n                    ""sigma"": 0.5,\n                    ""speedDev"": 0.1,\n                    ""speedFactor"": 1.0,\n                    ""tau"": 1.0\n                },\n                ""speed_mode"": 1\n            },\n            ""initial_speed"": 0,\n            ""lane_change_controller"": [\n                ""SimLaneChangeController"",\n                {}\n            ],\n            ""lane_change_params"": {\n                ""controller_params"": {\n                    ""laneChangeModel"": ""LC2013"",\n                    ""lcCooperative"": ""1.0"",\n                    ""lcKeepRight"": ""1.0"",\n                    ""lcSpeedGain"": ""1.0"",\n                    ""lcStrategic"": ""1.0""\n                },\n                ""lane_change_mode"": 512\n            },\n            ""num_vehicles"": 1,\n            ""routing_controller"": [\n                ""ContinuousRouter"",\n                {}\n            ],\n            ""veh_id"": ""rl""\n        }\n    ]\n}'}, 'env': 'AccelEnv-v0', 'local_evaluator_tf_session_args': {'inter_op_parallelism_threads': 8, 'intra_op_parallelism_threads': 8}, 'model': {'free_log_std': False, 'custom_options': {}, 'framestack': True, 'channel_major': False, 'max_seq_len': 20, 'lstm_use_prev_action_reward': False, 'squash_to_range': False, 'dim': 84, 'grayscale': False, 'fcnet_hiddens': [100, 50, 25], 'use_lstm': False, 'custom_model': None, 'fcnet_activation': 'tanh', 'conv_filters': None, 'conv_activation': 'relu', 'lstm_cell_size': 256, 'zero_mean': True, 'custom_preprocessor': None}, 'output_compress_columns': ['obs', 'new_obs'], 'monitor': False, 'custom_resources_per_worker': {}, 'output_max_file_size': 67108864, 'num_workers': 1, 'clip_param': 0.3, 'kl_coeff': 0.2, 'multiagent': {'policy_graphs': {}, 'policy_mapping_fn': None, 'policies_to_train': None}, 'input_evaluation': None, 'output': None, 'collect_metrics_timeout': 180, 'num_cpus_per_worker': 1}",169.237.32.118,1,1380.09,9.936360836029053,"{'num_steps_sampled': 633600, 'load_time_ms': 1.114, 'default': {'kl': 0.01148670632392168, 'cur_lr': 0.0005000000237487257, 'total_loss': 0.5996783375740051, 'policy_loss': -0.023528864607214928, 'vf_explained_var': 0.992152214050293, 'entropy': 2.2557194232940674, 'cur_kl_coeff': 0.7030062675476074, 'vf_loss': 0.6151319742202759}, 'sample_time_ms': 9601.735, 'grad_time_ms': 278.909, 'update_time_ms': 5.27, 'num_steps_trained': 633600}",383.2224548707634,2019-04-02_08-42-12,kronos,71,633600,0,3920.0523545742035,{},633600,396,396,3920.0523545742035,497.51931804559143,1600,1554194532,{},0b32d2eec3344b1fbde4822793b2e447,79.68052543675833
False,486,"{'input': 'sampler', 'callbacks': {'on_train_result': None, 'on_sample_end': None, 'on_episode_step': None, 'on_episode_start': None, 'on_episode_end': None}, 'sample_batch_size': 200, 'clip_actions': False, 'clip_rewards': None, 'tf_session_args': {'inter_op_parallelism_threads': 2, 'intra_op_parallelism_threads': 2, 'device_count': {'CPU': 1}, 'log_device_placement': False, 'allow_soft_placement': True, 'gpu_options': {'allow_growth': True}}, 'kl_target': 0.01, 'horizon': 1500, 'lr': 0.0005, 'sample_async': False, 'simple_optimizer': False, 'compress_observations': False, 'num_envs_per_worker': 1, 'gamma': 0.99, 'sgd_minibatch_size': 128, 'observation_filter': 'NoFilter', 'entropy_coeff': 0.0, 'batch_mode': 'truncate_episodes', 'straggler_mitigation': False, 'vf_share_layers': False, 'num_gpus': 0, 'synchronize_filters': True, 'num_sgd_iter': 10, 'train_batch_size': 1500, 'optimizer': {}, 'num_gpus_per_worker': 0, 'preprocessor_pref': 'deepmind', 'num_cpus_for_driver': 1, 'lr_schedule': None, 'use_gae': True, 'lambda': 0.97, 'vf_loss_coeff': 1.0, 'vf_clip_param': 1000000.0, 'log_level': 'INFO', 'env_config': {'run': 'PPO', 'flow_params': '{\n    ""env"": {\n        ""additional_params"": {\n            ""max_accel"": 3,\n            ""max_decel"": 3,\n            ""sort_vehicles"": false,\n            ""target_velocity"": 20\n        },\n        ""evaluate"": false,\n        ""horizon"": 1500,\n        ""sims_per_step"": 1,\n        ""warmup_steps"": 0\n    },\n    ""env_name"": ""AccelEnv"",\n    ""exp_tag"": ""figure_eight_0"",\n    ""initial"": {\n        ""additional_params"": {},\n        ""bunching"": 0,\n        ""edges_distribution"": ""all"",\n        ""lanes_distribution"": Infinity,\n        ""min_gap"": 0,\n        ""perturbation"": 0.0,\n        ""shuffle"": false,\n        ""spacing"": ""uniform"",\n        ""x0"": 0\n    },\n    ""net"": {\n        ""additional_params"": {\n            ""lanes"": 1,\n            ""radius_ring"": 30,\n            ""resolution"": 40,\n            ""speed_limit"": 30\n        },\n        ""inflows"": {\n            ""_InFlows__flows"": [],\n            ""num_flows"": 0\n        },\n        ""netfile"": null,\n        ""no_internal_links"": false,\n        ""osm_path"": null\n    },\n    ""scenario"": ""Figure8Scenario"",\n    ""sim"": {\n        ""emission_path"": null,\n        ""lateral_resolution"": null,\n        ""no_step_log"": true,\n        ""num_clients"": 1,\n        ""overtake_right"": false,\n        ""port"": null,\n        ""print_warnings"": true,\n        ""pxpm"": 2,\n        ""render"": false,\n        ""restart_instance"": false,\n        ""save_render"": false,\n        ""seed"": null,\n        ""show_radius"": false,\n        ""sight_radius"": 25,\n        ""sim_step"": 0.1,\n        ""teleport_time"": -1\n    },\n    ""simulator"": ""traci"",\n    ""veh"": [\n        {\n            ""acceleration_controller"": [\n                ""IDMController"",\n                {\n                    ""noise"": 0.2\n                }\n            ],\n            ""car_following_params"": {\n                ""controller_params"": {\n                    ""accel"": 1.0,\n                    ""carFollowModel"": ""IDM"",\n                    ""decel"": 1.5,\n                    ""impatience"": 0.5,\n                    ""maxSpeed"": 30,\n                    ""minGap"": 2.5,\n                    ""sigma"": 0.5,\n                    ""speedDev"": 0.1,\n                    ""speedFactor"": 1.0,\n                    ""tau"": 1.0\n                },\n                ""speed_mode"": 1\n            },\n            ""initial_speed"": 0,\n            ""lane_change_controller"": [\n                ""SimLaneChangeController"",\n                {}\n            ],\n            ""lane_change_params"": {\n                ""controller_params"": {\n                    ""laneChangeModel"": ""LC2013"",\n                    ""lcCooperative"": ""1.0"",\n                    ""lcKeepRight"": ""1.0"",\n                    ""lcSpeedGain"": ""1.0"",\n                    ""lcStrategic"": ""1.0""\n                },\n                ""lane_change_mode"": 512\n            },\n            ""num_vehicles"": 13,\n            ""routing_controller"": [\n                ""ContinuousRouter"",\n                {}\n            ],\n            ""veh_id"": ""human""\n        },\n        {\n            ""acceleration_controller"": [\n                ""RLController"",\n                {}\n            ],\n            ""car_following_params"": {\n                ""controller_params"": {\n                    ""accel"": 1.0,\n                    ""carFollowModel"": ""IDM"",\n                    ""decel"": 1.5,\n                    ""impatience"": 0.5,\n                    ""maxSpeed"": 30,\n                    ""minGap"": 2.5,\n                    ""sigma"": 0.5,\n                    ""speedDev"": 0.1,\n                    ""speedFactor"": 1.0,\n                    ""tau"": 1.0\n                },\n                ""speed_mode"": 1\n            },\n            ""initial_speed"": 0,\n            ""lane_change_controller"": [\n                ""SimLaneChangeController"",\n                {}\n            ],\n            ""lane_change_params"": {\n                ""controller_params"": {\n                    ""laneChangeModel"": ""LC2013"",\n                    ""lcCooperative"": ""1.0"",\n                    ""lcKeepRight"": ""1.0"",\n                    ""lcSpeedGain"": ""1.0"",\n                    ""lcStrategic"": ""1.0""\n                },\n                ""lane_change_mode"": 512\n            },\n            ""num_vehicles"": 1,\n            ""routing_controller"": [\n                ""ContinuousRouter"",\n                {}\n            ],\n            ""veh_id"": ""rl""\n        }\n    ]\n}'}, 'env': 'AccelEnv-v0', 'local_evaluator_tf_session_args': {'inter_op_parallelism_threads': 8, 'intra_op_parallelism_threads': 8}, 'model': {'free_log_std': False, 'custom_options': {}, 'framestack': True, 'channel_major': False, 'max_seq_len': 20, 'lstm_use_prev_action_reward': False, 'squash_to_range': False, 'dim': 84, 'grayscale': False, 'fcnet_hiddens': [100, 50, 25], 'use_lstm': False, 'custom_model': None, 'fcnet_activation': 'tanh', 'conv_filters': None, 'conv_activation': 'relu', 'lstm_cell_size': 256, 'zero_mean': True, 'custom_preprocessor': None}, 'output_compress_columns': ['obs', 'new_obs'], 'monitor': False, 'custom_resources_per_worker': {}, 'output_max_file_size': 67108864, 'num_workers': 1, 'clip_param': 0.3, 'kl_coeff': 0.2, 'multiagent': {'policy_graphs': {}, 'policy_mapping_fn': None, 'policies_to_train': None}, 'input_evaluation': None, 'output': None, 'collect_metrics_timeout': 180, 'num_cpus_per_worker': 1}",169.237.32.118,1,1392.7,9.857560634613037,"{'num_steps_sampled': 635200, 'load_time_ms': 1.147, 'default': {'kl': 0.00910049770027399, 'cur_lr': 0.0005000000237487257, 'total_loss': 0.893578052520752, 'policy_loss': -0.022199207916855812, 'vf_explained_var': 0.9834117889404297, 'entropy': 2.116011381149292, 'cur_kl_coeff': 0.7030062675476074, 'vf_loss': 0.9093794822692871}, 'sample_time_ms': 9600.371, 'grad_time_ms': 281.836, 'update_time_ms': 5.171, 'num_steps_trained': 635200}",385.90757305972534,2019-04-02_08-42-22,kronos,71,635200,0,3929.9099152088165,{},635200,397,397,3929.9099152088165,497.51931804559143,1600,1554194542,{},0b32d2eec3344b1fbde4822793b2e447,79.68052543675833
False,488,"{'input': 'sampler', 'callbacks': {'on_train_result': None, 'on_sample_end': None, 'on_episode_step': None, 'on_episode_start': None, 'on_episode_end': None}, 'sample_batch_size': 200, 'clip_actions': False, 'clip_rewards': None, 'tf_session_args': {'inter_op_parallelism_threads': 2, 'intra_op_parallelism_threads': 2, 'device_count': {'CPU': 1}, 'log_device_placement': False, 'allow_soft_placement': True, 'gpu_options': {'allow_growth': True}}, 'kl_target': 0.01, 'horizon': 1500, 'lr': 0.0005, 'sample_async': False, 'simple_optimizer': False, 'compress_observations': False, 'num_envs_per_worker': 1, 'gamma': 0.99, 'sgd_minibatch_size': 128, 'observation_filter': 'NoFilter', 'entropy_coeff': 0.0, 'batch_mode': 'truncate_episodes', 'straggler_mitigation': False, 'vf_share_layers': False, 'num_gpus': 0, 'synchronize_filters': True, 'num_sgd_iter': 10, 'train_batch_size': 1500, 'optimizer': {}, 'num_gpus_per_worker': 0, 'preprocessor_pref': 'deepmind', 'num_cpus_for_driver': 1, 'lr_schedule': None, 'use_gae': True, 'lambda': 0.97, 'vf_loss_coeff': 1.0, 'vf_clip_param': 1000000.0, 'log_level': 'INFO', 'env_config': {'run': 'PPO', 'flow_params': '{\n    ""env"": {\n        ""additional_params"": {\n            ""max_accel"": 3,\n            ""max_decel"": 3,\n            ""sort_vehicles"": false,\n            ""target_velocity"": 20\n        },\n        ""evaluate"": false,\n        ""horizon"": 1500,\n        ""sims_per_step"": 1,\n        ""warmup_steps"": 0\n    },\n    ""env_name"": ""AccelEnv"",\n    ""exp_tag"": ""figure_eight_0"",\n    ""initial"": {\n        ""additional_params"": {},\n        ""bunching"": 0,\n        ""edges_distribution"": ""all"",\n        ""lanes_distribution"": Infinity,\n        ""min_gap"": 0,\n        ""perturbation"": 0.0,\n        ""shuffle"": false,\n        ""spacing"": ""uniform"",\n        ""x0"": 0\n    },\n    ""net"": {\n        ""additional_params"": {\n            ""lanes"": 1,\n            ""radius_ring"": 30,\n            ""resolution"": 40,\n            ""speed_limit"": 30\n        },\n        ""inflows"": {\n            ""_InFlows__flows"": [],\n            ""num_flows"": 0\n        },\n        ""netfile"": null,\n        ""no_internal_links"": false,\n        ""osm_path"": null\n    },\n    ""scenario"": ""Figure8Scenario"",\n    ""sim"": {\n        ""emission_path"": null,\n        ""lateral_resolution"": null,\n        ""no_step_log"": true,\n        ""num_clients"": 1,\n        ""overtake_right"": false,\n        ""port"": null,\n        ""print_warnings"": true,\n        ""pxpm"": 2,\n        ""render"": false,\n        ""restart_instance"": false,\n        ""save_render"": false,\n        ""seed"": null,\n        ""show_radius"": false,\n        ""sight_radius"": 25,\n        ""sim_step"": 0.1,\n        ""teleport_time"": -1\n    },\n    ""simulator"": ""traci"",\n    ""veh"": [\n        {\n            ""acceleration_controller"": [\n                ""IDMController"",\n                {\n                    ""noise"": 0.2\n                }\n            ],\n            ""car_following_params"": {\n                ""controller_params"": {\n                    ""accel"": 1.0,\n                    ""carFollowModel"": ""IDM"",\n                    ""decel"": 1.5,\n                    ""impatience"": 0.5,\n                    ""maxSpeed"": 30,\n                    ""minGap"": 2.5,\n                    ""sigma"": 0.5,\n                    ""speedDev"": 0.1,\n                    ""speedFactor"": 1.0,\n                    ""tau"": 1.0\n                },\n                ""speed_mode"": 1\n            },\n            ""initial_speed"": 0,\n            ""lane_change_controller"": [\n                ""SimLaneChangeController"",\n                {}\n            ],\n            ""lane_change_params"": {\n                ""controller_params"": {\n                    ""laneChangeModel"": ""LC2013"",\n                    ""lcCooperative"": ""1.0"",\n                    ""lcKeepRight"": ""1.0"",\n                    ""lcSpeedGain"": ""1.0"",\n                    ""lcStrategic"": ""1.0""\n                },\n                ""lane_change_mode"": 512\n            },\n            ""num_vehicles"": 13,\n            ""routing_controller"": [\n                ""ContinuousRouter"",\n                {}\n            ],\n            ""veh_id"": ""human""\n        },\n        {\n            ""acceleration_controller"": [\n                ""RLController"",\n                {}\n            ],\n            ""car_following_params"": {\n                ""controller_params"": {\n                    ""accel"": 1.0,\n                    ""carFollowModel"": ""IDM"",\n                    ""decel"": 1.5,\n                    ""impatience"": 0.5,\n                    ""maxSpeed"": 30,\n                    ""minGap"": 2.5,\n                    ""sigma"": 0.5,\n                    ""speedDev"": 0.1,\n                    ""speedFactor"": 1.0,\n                    ""tau"": 1.0\n                },\n                ""speed_mode"": 1\n            },\n            ""initial_speed"": 0,\n            ""lane_change_controller"": [\n                ""SimLaneChangeController"",\n                {}\n            ],\n            ""lane_change_params"": {\n                ""controller_params"": {\n                    ""laneChangeModel"": ""LC2013"",\n                    ""lcCooperative"": ""1.0"",\n                    ""lcKeepRight"": ""1.0"",\n                    ""lcSpeedGain"": ""1.0"",\n                    ""lcStrategic"": ""1.0""\n                },\n                ""lane_change_mode"": 512\n            },\n            ""num_vehicles"": 1,\n            ""routing_controller"": [\n                ""ContinuousRouter"",\n                {}\n            ],\n            ""veh_id"": ""rl""\n        }\n    ]\n}'}, 'env': 'AccelEnv-v0', 'local_evaluator_tf_session_args': {'inter_op_parallelism_threads': 8, 'intra_op_parallelism_threads': 8}, 'model': {'free_log_std': False, 'custom_options': {}, 'framestack': True, 'channel_major': False, 'max_seq_len': 20, 'lstm_use_prev_action_reward': False, 'squash_to_range': False, 'dim': 84, 'grayscale': False, 'fcnet_hiddens': [100, 50, 25], 'use_lstm': False, 'custom_model': None, 'fcnet_activation': 'tanh', 'conv_filters': None, 'conv_activation': 'relu', 'lstm_cell_size': 256, 'zero_mean': True, 'custom_preprocessor': None}, 'output_compress_columns': ['obs', 'new_obs'], 'monitor': False, 'custom_resources_per_worker': {}, 'output_max_file_size': 67108864, 'num_workers': 1, 'clip_param': 0.3, 'kl_coeff': 0.2, 'multiagent': {'policy_graphs': {}, 'policy_mapping_fn': None, 'policies_to_train': None}, 'input_evaluation': None, 'output': None, 'collect_metrics_timeout': 180, 'num_cpus_per_worker': 1}",169.237.32.118,2,1392.17,10.010780811309814,"{'num_steps_sampled': 636800, 'load_time_ms': 1.152, 'default': {'kl': 0.006205544341355562, 'cur_lr': 0.0005000000237487257, 'total_loss': 3.842501401901245, 'policy_loss': -0.014722106046974659, 'vf_explained_var': 0.9206323623657227, 'entropy': 2.2182016372680664, 'cur_kl_coeff': 0.7030062675476074, 'vf_loss': 3.852860689163208}, 'sample_time_ms': 9614.528, 'grad_time_ms': 284.655, 'update_time_ms': 4.896, 'num_steps_trained': 636800}",385.5917402332312,2019-04-02_08-42-32,kronos,71,636800,0,3939.9206960201263,{},636800,398,398,3939.9206960201263,497.51931804559143,1600,1554194552,{},0b32d2eec3344b1fbde4822793b2e447,79.68052543675833
False,489,"{'input': 'sampler', 'callbacks': {'on_train_result': None, 'on_sample_end': None, 'on_episode_step': None, 'on_episode_start': None, 'on_episode_end': None}, 'sample_batch_size': 200, 'clip_actions': False, 'clip_rewards': None, 'tf_session_args': {'inter_op_parallelism_threads': 2, 'intra_op_parallelism_threads': 2, 'device_count': {'CPU': 1}, 'log_device_placement': False, 'allow_soft_placement': True, 'gpu_options': {'allow_growth': True}}, 'kl_target': 0.01, 'horizon': 1500, 'lr': 0.0005, 'sample_async': False, 'simple_optimizer': False, 'compress_observations': False, 'num_envs_per_worker': 1, 'gamma': 0.99, 'sgd_minibatch_size': 128, 'observation_filter': 'NoFilter', 'entropy_coeff': 0.0, 'batch_mode': 'truncate_episodes', 'straggler_mitigation': False, 'vf_share_layers': False, 'num_gpus': 0, 'synchronize_filters': True, 'num_sgd_iter': 10, 'train_batch_size': 1500, 'optimizer': {}, 'num_gpus_per_worker': 0, 'preprocessor_pref': 'deepmind', 'num_cpus_for_driver': 1, 'lr_schedule': None, 'use_gae': True, 'lambda': 0.97, 'vf_loss_coeff': 1.0, 'vf_clip_param': 1000000.0, 'log_level': 'INFO', 'env_config': {'run': 'PPO', 'flow_params': '{\n    ""env"": {\n        ""additional_params"": {\n            ""max_accel"": 3,\n            ""max_decel"": 3,\n            ""sort_vehicles"": false,\n            ""target_velocity"": 20\n        },\n        ""evaluate"": false,\n        ""horizon"": 1500,\n        ""sims_per_step"": 1,\n        ""warmup_steps"": 0\n    },\n    ""env_name"": ""AccelEnv"",\n    ""exp_tag"": ""figure_eight_0"",\n    ""initial"": {\n        ""additional_params"": {},\n        ""bunching"": 0,\n        ""edges_distribution"": ""all"",\n        ""lanes_distribution"": Infinity,\n        ""min_gap"": 0,\n        ""perturbation"": 0.0,\n        ""shuffle"": false,\n        ""spacing"": ""uniform"",\n        ""x0"": 0\n    },\n    ""net"": {\n        ""additional_params"": {\n            ""lanes"": 1,\n            ""radius_ring"": 30,\n            ""resolution"": 40,\n            ""speed_limit"": 30\n        },\n        ""inflows"": {\n            ""_InFlows__flows"": [],\n            ""num_flows"": 0\n        },\n        ""netfile"": null,\n        ""no_internal_links"": false,\n        ""osm_path"": null\n    },\n    ""scenario"": ""Figure8Scenario"",\n    ""sim"": {\n        ""emission_path"": null,\n        ""lateral_resolution"": null,\n        ""no_step_log"": true,\n        ""num_clients"": 1,\n        ""overtake_right"": false,\n        ""port"": null,\n        ""print_warnings"": true,\n        ""pxpm"": 2,\n        ""render"": false,\n        ""restart_instance"": false,\n        ""save_render"": false,\n        ""seed"": null,\n        ""show_radius"": false,\n        ""sight_radius"": 25,\n        ""sim_step"": 0.1,\n        ""teleport_time"": -1\n    },\n    ""simulator"": ""traci"",\n    ""veh"": [\n        {\n            ""acceleration_controller"": [\n                ""IDMController"",\n                {\n                    ""noise"": 0.2\n                }\n            ],\n            ""car_following_params"": {\n                ""controller_params"": {\n                    ""accel"": 1.0,\n                    ""carFollowModel"": ""IDM"",\n                    ""decel"": 1.5,\n                    ""impatience"": 0.5,\n                    ""maxSpeed"": 30,\n                    ""minGap"": 2.5,\n                    ""sigma"": 0.5,\n                    ""speedDev"": 0.1,\n                    ""speedFactor"": 1.0,\n                    ""tau"": 1.0\n                },\n                ""speed_mode"": 1\n            },\n            ""initial_speed"": 0,\n            ""lane_change_controller"": [\n                ""SimLaneChangeController"",\n                {}\n            ],\n            ""lane_change_params"": {\n                ""controller_params"": {\n                    ""laneChangeModel"": ""LC2013"",\n                    ""lcCooperative"": ""1.0"",\n                    ""lcKeepRight"": ""1.0"",\n                    ""lcSpeedGain"": ""1.0"",\n                    ""lcStrategic"": ""1.0""\n                },\n                ""lane_change_mode"": 512\n            },\n            ""num_vehicles"": 13,\n            ""routing_controller"": [\n                ""ContinuousRouter"",\n                {}\n            ],\n            ""veh_id"": ""human""\n        },\n        {\n            ""acceleration_controller"": [\n                ""RLController"",\n                {}\n            ],\n            ""car_following_params"": {\n                ""controller_params"": {\n                    ""accel"": 1.0,\n                    ""carFollowModel"": ""IDM"",\n                    ""decel"": 1.5,\n                    ""impatience"": 0.5,\n                    ""maxSpeed"": 30,\n                    ""minGap"": 2.5,\n                    ""sigma"": 0.5,\n                    ""speedDev"": 0.1,\n                    ""speedFactor"": 1.0,\n                    ""tau"": 1.0\n                },\n                ""speed_mode"": 1\n            },\n            ""initial_speed"": 0,\n            ""lane_change_controller"": [\n                ""SimLaneChangeController"",\n                {}\n            ],\n            ""lane_change_params"": {\n                ""controller_params"": {\n                    ""laneChangeModel"": ""LC2013"",\n                    ""lcCooperative"": ""1.0"",\n                    ""lcKeepRight"": ""1.0"",\n                    ""lcSpeedGain"": ""1.0"",\n                    ""lcStrategic"": ""1.0""\n                },\n                ""lane_change_mode"": 512\n            },\n            ""num_vehicles"": 1,\n            ""routing_controller"": [\n                ""ContinuousRouter"",\n                {}\n            ],\n            ""veh_id"": ""rl""\n        }\n    ]\n}'}, 'env': 'AccelEnv-v0', 'local_evaluator_tf_session_args': {'inter_op_parallelism_threads': 8, 'intra_op_parallelism_threads': 8}, 'model': {'free_log_std': False, 'custom_options': {}, 'framestack': True, 'channel_major': False, 'max_seq_len': 20, 'lstm_use_prev_action_reward': False, 'squash_to_range': False, 'dim': 84, 'grayscale': False, 'fcnet_hiddens': [100, 50, 25], 'use_lstm': False, 'custom_model': None, 'fcnet_activation': 'tanh', 'conv_filters': None, 'conv_activation': 'relu', 'lstm_cell_size': 256, 'zero_mean': True, 'custom_preprocessor': None}, 'output_compress_columns': ['obs', 'new_obs'], 'monitor': False, 'custom_resources_per_worker': {}, 'output_max_file_size': 67108864, 'num_workers': 1, 'clip_param': 0.3, 'kl_coeff': 0.2, 'multiagent': {'policy_graphs': {}, 'policy_mapping_fn': None, 'policies_to_train': None}, 'input_evaluation': None, 'output': None, 'collect_metrics_timeout': 180, 'num_cpus_per_worker': 1}",169.237.32.118,1,1392.17,9.909223794937134,"{'num_steps_sampled': 638400, 'load_time_ms': 1.159, 'default': {'kl': 0.014522675424814224, 'cur_lr': 0.0005000000237487257, 'total_loss': 0.7869318127632141, 'policy_loss': -0.021773500367999077, 'vf_explained_var': 0.9848921895027161, 'entropy': 2.220717668533325, 'cur_kl_coeff': 0.7030062675476074, 'vf_loss': 0.7984957695007324}, 'sample_time_ms': 9604.931, 'grad_time_ms': 284.159, 'update_time_ms': 5.164, 'num_steps_trained': 638400}",385.031962672752,2019-04-02_08-42-42,kronos,71,638400,0,3949.8299198150635,{},638400,399,399,3949.8299198150635,497.51931804559143,1600,1554194562,{},0b32d2eec3344b1fbde4822793b2e447,79.68052543675833
False,490,"{'input': 'sampler', 'callbacks': {'on_train_result': None, 'on_sample_end': None, 'on_episode_step': None, 'on_episode_start': None, 'on_episode_end': None}, 'sample_batch_size': 200, 'clip_actions': False, 'clip_rewards': None, 'tf_session_args': {'inter_op_parallelism_threads': 2, 'intra_op_parallelism_threads': 2, 'device_count': {'CPU': 1}, 'log_device_placement': False, 'allow_soft_placement': True, 'gpu_options': {'allow_growth': True}}, 'kl_target': 0.01, 'horizon': 1500, 'lr': 0.0005, 'sample_async': False, 'simple_optimizer': False, 'compress_observations': False, 'num_envs_per_worker': 1, 'gamma': 0.99, 'sgd_minibatch_size': 128, 'observation_filter': 'NoFilter', 'entropy_coeff': 0.0, 'batch_mode': 'truncate_episodes', 'straggler_mitigation': False, 'vf_share_layers': False, 'num_gpus': 0, 'synchronize_filters': True, 'num_sgd_iter': 10, 'train_batch_size': 1500, 'optimizer': {}, 'num_gpus_per_worker': 0, 'preprocessor_pref': 'deepmind', 'num_cpus_for_driver': 1, 'lr_schedule': None, 'use_gae': True, 'lambda': 0.97, 'vf_loss_coeff': 1.0, 'vf_clip_param': 1000000.0, 'log_level': 'INFO', 'env_config': {'run': 'PPO', 'flow_params': '{\n    ""env"": {\n        ""additional_params"": {\n            ""max_accel"": 3,\n            ""max_decel"": 3,\n            ""sort_vehicles"": false,\n            ""target_velocity"": 20\n        },\n        ""evaluate"": false,\n        ""horizon"": 1500,\n        ""sims_per_step"": 1,\n        ""warmup_steps"": 0\n    },\n    ""env_name"": ""AccelEnv"",\n    ""exp_tag"": ""figure_eight_0"",\n    ""initial"": {\n        ""additional_params"": {},\n        ""bunching"": 0,\n        ""edges_distribution"": ""all"",\n        ""lanes_distribution"": Infinity,\n        ""min_gap"": 0,\n        ""perturbation"": 0.0,\n        ""shuffle"": false,\n        ""spacing"": ""uniform"",\n        ""x0"": 0\n    },\n    ""net"": {\n        ""additional_params"": {\n            ""lanes"": 1,\n            ""radius_ring"": 30,\n            ""resolution"": 40,\n            ""speed_limit"": 30\n        },\n        ""inflows"": {\n            ""_InFlows__flows"": [],\n            ""num_flows"": 0\n        },\n        ""netfile"": null,\n        ""no_internal_links"": false,\n        ""osm_path"": null\n    },\n    ""scenario"": ""Figure8Scenario"",\n    ""sim"": {\n        ""emission_path"": null,\n        ""lateral_resolution"": null,\n        ""no_step_log"": true,\n        ""num_clients"": 1,\n        ""overtake_right"": false,\n        ""port"": null,\n        ""print_warnings"": true,\n        ""pxpm"": 2,\n        ""render"": false,\n        ""restart_instance"": false,\n        ""save_render"": false,\n        ""seed"": null,\n        ""show_radius"": false,\n        ""sight_radius"": 25,\n        ""sim_step"": 0.1,\n        ""teleport_time"": -1\n    },\n    ""simulator"": ""traci"",\n    ""veh"": [\n        {\n            ""acceleration_controller"": [\n                ""IDMController"",\n                {\n                    ""noise"": 0.2\n                }\n            ],\n            ""car_following_params"": {\n                ""controller_params"": {\n                    ""accel"": 1.0,\n                    ""carFollowModel"": ""IDM"",\n                    ""decel"": 1.5,\n                    ""impatience"": 0.5,\n                    ""maxSpeed"": 30,\n                    ""minGap"": 2.5,\n                    ""sigma"": 0.5,\n                    ""speedDev"": 0.1,\n                    ""speedFactor"": 1.0,\n                    ""tau"": 1.0\n                },\n                ""speed_mode"": 1\n            },\n            ""initial_speed"": 0,\n            ""lane_change_controller"": [\n                ""SimLaneChangeController"",\n                {}\n            ],\n            ""lane_change_params"": {\n                ""controller_params"": {\n                    ""laneChangeModel"": ""LC2013"",\n                    ""lcCooperative"": ""1.0"",\n                    ""lcKeepRight"": ""1.0"",\n                    ""lcSpeedGain"": ""1.0"",\n                    ""lcStrategic"": ""1.0""\n                },\n                ""lane_change_mode"": 512\n            },\n            ""num_vehicles"": 13,\n            ""routing_controller"": [\n                ""ContinuousRouter"",\n                {}\n            ],\n            ""veh_id"": ""human""\n        },\n        {\n            ""acceleration_controller"": [\n                ""RLController"",\n                {}\n            ],\n            ""car_following_params"": {\n                ""controller_params"": {\n                    ""accel"": 1.0,\n                    ""carFollowModel"": ""IDM"",\n                    ""decel"": 1.5,\n                    ""impatience"": 0.5,\n                    ""maxSpeed"": 30,\n                    ""minGap"": 2.5,\n                    ""sigma"": 0.5,\n                    ""speedDev"": 0.1,\n                    ""speedFactor"": 1.0,\n                    ""tau"": 1.0\n                },\n                ""speed_mode"": 1\n            },\n            ""initial_speed"": 0,\n            ""lane_change_controller"": [\n                ""SimLaneChangeController"",\n                {}\n            ],\n            ""lane_change_params"": {\n                ""controller_params"": {\n                    ""laneChangeModel"": ""LC2013"",\n                    ""lcCooperative"": ""1.0"",\n                    ""lcKeepRight"": ""1.0"",\n                    ""lcSpeedGain"": ""1.0"",\n                    ""lcStrategic"": ""1.0""\n                },\n                ""lane_change_mode"": 512\n            },\n            ""num_vehicles"": 1,\n            ""routing_controller"": [\n                ""ContinuousRouter"",\n                {}\n            ],\n            ""veh_id"": ""rl""\n        }\n    ]\n}'}, 'env': 'AccelEnv-v0', 'local_evaluator_tf_session_args': {'inter_op_parallelism_threads': 8, 'intra_op_parallelism_threads': 8}, 'model': {'free_log_std': False, 'custom_options': {}, 'framestack': True, 'channel_major': False, 'max_seq_len': 20, 'lstm_use_prev_action_reward': False, 'squash_to_range': False, 'dim': 84, 'grayscale': False, 'fcnet_hiddens': [100, 50, 25], 'use_lstm': False, 'custom_model': None, 'fcnet_activation': 'tanh', 'conv_filters': None, 'conv_activation': 'relu', 'lstm_cell_size': 256, 'zero_mean': True, 'custom_preprocessor': None}, 'output_compress_columns': ['obs', 'new_obs'], 'monitor': False, 'custom_resources_per_worker': {}, 'output_max_file_size': 67108864, 'num_workers': 1, 'clip_param': 0.3, 'kl_coeff': 0.2, 'multiagent': {'policy_graphs': {}, 'policy_mapping_fn': None, 'policies_to_train': None}, 'input_evaluation': None, 'output': None, 'collect_metrics_timeout': 180, 'num_cpus_per_worker': 1}",169.237.32.118,1,1384.27,9.761077642440796,"{'num_steps_sampled': 640000, 'load_time_ms': 1.19, 'default': {'kl': 0.006397251505404711, 'cur_lr': 0.0005000000237487257, 'total_loss': 0.3163646459579468, 'policy_loss': -0.019840212538838387, 'vf_explained_var': 0.9906113743782043, 'entropy': 2.187006711959839, 'cur_kl_coeff': 0.7030062675476074, 'vf_loss': 0.33170753717422485}, 'sample_time_ms': 9615.833, 'grad_time_ms': 286.933, 'update_time_ms': 5.104, 'num_steps_trained': 640000}",382.64953056451054,2019-04-02_08-42-52,kronos,71,640000,0,3959.5909974575043,{},640000,400,400,3959.5909974575043,497.51931804559143,1600,1554194572,{},0b32d2eec3344b1fbde4822793b2e447,79.68052543675833
False,491,"{'input': 'sampler', 'callbacks': {'on_train_result': None, 'on_sample_end': None, 'on_episode_step': None, 'on_episode_start': None, 'on_episode_end': None}, 'sample_batch_size': 200, 'clip_actions': False, 'clip_rewards': None, 'tf_session_args': {'inter_op_parallelism_threads': 2, 'intra_op_parallelism_threads': 2, 'device_count': {'CPU': 1}, 'log_device_placement': False, 'allow_soft_placement': True, 'gpu_options': {'allow_growth': True}}, 'kl_target': 0.01, 'horizon': 1500, 'lr': 0.0005, 'sample_async': False, 'simple_optimizer': False, 'compress_observations': False, 'num_envs_per_worker': 1, 'gamma': 0.99, 'sgd_minibatch_size': 128, 'observation_filter': 'NoFilter', 'entropy_coeff': 0.0, 'batch_mode': 'truncate_episodes', 'straggler_mitigation': False, 'vf_share_layers': False, 'num_gpus': 0, 'synchronize_filters': True, 'num_sgd_iter': 10, 'train_batch_size': 1500, 'optimizer': {}, 'num_gpus_per_worker': 0, 'preprocessor_pref': 'deepmind', 'num_cpus_for_driver': 1, 'lr_schedule': None, 'use_gae': True, 'lambda': 0.97, 'vf_loss_coeff': 1.0, 'vf_clip_param': 1000000.0, 'log_level': 'INFO', 'env_config': {'run': 'PPO', 'flow_params': '{\n    ""env"": {\n        ""additional_params"": {\n            ""max_accel"": 3,\n            ""max_decel"": 3,\n            ""sort_vehicles"": false,\n            ""target_velocity"": 20\n        },\n        ""evaluate"": false,\n        ""horizon"": 1500,\n        ""sims_per_step"": 1,\n        ""warmup_steps"": 0\n    },\n    ""env_name"": ""AccelEnv"",\n    ""exp_tag"": ""figure_eight_0"",\n    ""initial"": {\n        ""additional_params"": {},\n        ""bunching"": 0,\n        ""edges_distribution"": ""all"",\n        ""lanes_distribution"": Infinity,\n        ""min_gap"": 0,\n        ""perturbation"": 0.0,\n        ""shuffle"": false,\n        ""spacing"": ""uniform"",\n        ""x0"": 0\n    },\n    ""net"": {\n        ""additional_params"": {\n            ""lanes"": 1,\n            ""radius_ring"": 30,\n            ""resolution"": 40,\n            ""speed_limit"": 30\n        },\n        ""inflows"": {\n            ""_InFlows__flows"": [],\n            ""num_flows"": 0\n        },\n        ""netfile"": null,\n        ""no_internal_links"": false,\n        ""osm_path"": null\n    },\n    ""scenario"": ""Figure8Scenario"",\n    ""sim"": {\n        ""emission_path"": null,\n        ""lateral_resolution"": null,\n        ""no_step_log"": true,\n        ""num_clients"": 1,\n        ""overtake_right"": false,\n        ""port"": null,\n        ""print_warnings"": true,\n        ""pxpm"": 2,\n        ""render"": false,\n        ""restart_instance"": false,\n        ""save_render"": false,\n        ""seed"": null,\n        ""show_radius"": false,\n        ""sight_radius"": 25,\n        ""sim_step"": 0.1,\n        ""teleport_time"": -1\n    },\n    ""simulator"": ""traci"",\n    ""veh"": [\n        {\n            ""acceleration_controller"": [\n                ""IDMController"",\n                {\n                    ""noise"": 0.2\n                }\n            ],\n            ""car_following_params"": {\n                ""controller_params"": {\n                    ""accel"": 1.0,\n                    ""carFollowModel"": ""IDM"",\n                    ""decel"": 1.5,\n                    ""impatience"": 0.5,\n                    ""maxSpeed"": 30,\n                    ""minGap"": 2.5,\n                    ""sigma"": 0.5,\n                    ""speedDev"": 0.1,\n                    ""speedFactor"": 1.0,\n                    ""tau"": 1.0\n                },\n                ""speed_mode"": 1\n            },\n            ""initial_speed"": 0,\n            ""lane_change_controller"": [\n                ""SimLaneChangeController"",\n                {}\n            ],\n            ""lane_change_params"": {\n                ""controller_params"": {\n                    ""laneChangeModel"": ""LC2013"",\n                    ""lcCooperative"": ""1.0"",\n                    ""lcKeepRight"": ""1.0"",\n                    ""lcSpeedGain"": ""1.0"",\n                    ""lcStrategic"": ""1.0""\n                },\n                ""lane_change_mode"": 512\n            },\n            ""num_vehicles"": 13,\n            ""routing_controller"": [\n                ""ContinuousRouter"",\n                {}\n            ],\n            ""veh_id"": ""human""\n        },\n        {\n            ""acceleration_controller"": [\n                ""RLController"",\n                {}\n            ],\n            ""car_following_params"": {\n                ""controller_params"": {\n                    ""accel"": 1.0,\n                    ""carFollowModel"": ""IDM"",\n                    ""decel"": 1.5,\n                    ""impatience"": 0.5,\n                    ""maxSpeed"": 30,\n                    ""minGap"": 2.5,\n                    ""sigma"": 0.5,\n                    ""speedDev"": 0.1,\n                    ""speedFactor"": 1.0,\n                    ""tau"": 1.0\n                },\n                ""speed_mode"": 1\n            },\n            ""initial_speed"": 0,\n            ""lane_change_controller"": [\n                ""SimLaneChangeController"",\n                {}\n            ],\n            ""lane_change_params"": {\n                ""controller_params"": {\n                    ""laneChangeModel"": ""LC2013"",\n                    ""lcCooperative"": ""1.0"",\n                    ""lcKeepRight"": ""1.0"",\n                    ""lcSpeedGain"": ""1.0"",\n                    ""lcStrategic"": ""1.0""\n                },\n                ""lane_change_mode"": 512\n            },\n            ""num_vehicles"": 1,\n            ""routing_controller"": [\n                ""ContinuousRouter"",\n                {}\n            ],\n            ""veh_id"": ""rl""\n        }\n    ]\n}'}, 'env': 'AccelEnv-v0', 'local_evaluator_tf_session_args': {'inter_op_parallelism_threads': 8, 'intra_op_parallelism_threads': 8}, 'model': {'free_log_std': False, 'custom_options': {}, 'framestack': True, 'channel_major': False, 'max_seq_len': 20, 'lstm_use_prev_action_reward': False, 'squash_to_range': False, 'dim': 84, 'grayscale': False, 'fcnet_hiddens': [100, 50, 25], 'use_lstm': False, 'custom_model': None, 'fcnet_activation': 'tanh', 'conv_filters': None, 'conv_activation': 'relu', 'lstm_cell_size': 256, 'zero_mean': True, 'custom_preprocessor': None}, 'output_compress_columns': ['obs', 'new_obs'], 'monitor': False, 'custom_resources_per_worker': {}, 'output_max_file_size': 67108864, 'num_workers': 1, 'clip_param': 0.3, 'kl_coeff': 0.2, 'multiagent': {'policy_graphs': {}, 'policy_mapping_fn': None, 'policies_to_train': None}, 'input_evaluation': None, 'output': None, 'collect_metrics_timeout': 180, 'num_cpus_per_worker': 1}",169.237.32.118,1,1384.27,9.93300461769104,"{'num_steps_sampled': 641600, 'load_time_ms': 1.2, 'default': {'kl': 0.005112882237881422, 'cur_lr': 0.0005000000237487257, 'total_loss': 0.38107797503471375, 'policy_loss': -0.010605651885271072, 'vf_explained_var': 0.9835860729217529, 'entropy': 2.1851372718811035, 'cur_kl_coeff': 0.7030062675476074, 'vf_loss': 0.38808926939964294}, 'sample_time_ms': 9617.584, 'grad_time_ms': 285.281, 'update_time_ms': 4.971, 'num_steps_trained': 641600}",382.6354063276617,2019-04-02_08-43-02,kronos,71,641600,0,3969.5240020751953,{},641600,401,401,3969.5240020751953,497.51931804559143,1600,1554194582,{},0b32d2eec3344b1fbde4822793b2e447,79.68052543675833
False,492,"{'input': 'sampler', 'callbacks': {'on_train_result': None, 'on_sample_end': None, 'on_episode_step': None, 'on_episode_start': None, 'on_episode_end': None}, 'sample_batch_size': 200, 'clip_actions': False, 'clip_rewards': None, 'tf_session_args': {'inter_op_parallelism_threads': 2, 'intra_op_parallelism_threads': 2, 'device_count': {'CPU': 1}, 'log_device_placement': False, 'allow_soft_placement': True, 'gpu_options': {'allow_growth': True}}, 'kl_target': 0.01, 'horizon': 1500, 'lr': 0.0005, 'sample_async': False, 'simple_optimizer': False, 'compress_observations': False, 'num_envs_per_worker': 1, 'gamma': 0.99, 'sgd_minibatch_size': 128, 'observation_filter': 'NoFilter', 'entropy_coeff': 0.0, 'batch_mode': 'truncate_episodes', 'straggler_mitigation': False, 'vf_share_layers': False, 'num_gpus': 0, 'synchronize_filters': True, 'num_sgd_iter': 10, 'train_batch_size': 1500, 'optimizer': {}, 'num_gpus_per_worker': 0, 'preprocessor_pref': 'deepmind', 'num_cpus_for_driver': 1, 'lr_schedule': None, 'use_gae': True, 'lambda': 0.97, 'vf_loss_coeff': 1.0, 'vf_clip_param': 1000000.0, 'log_level': 'INFO', 'env_config': {'run': 'PPO', 'flow_params': '{\n    ""env"": {\n        ""additional_params"": {\n            ""max_accel"": 3,\n            ""max_decel"": 3,\n            ""sort_vehicles"": false,\n            ""target_velocity"": 20\n        },\n        ""evaluate"": false,\n        ""horizon"": 1500,\n        ""sims_per_step"": 1,\n        ""warmup_steps"": 0\n    },\n    ""env_name"": ""AccelEnv"",\n    ""exp_tag"": ""figure_eight_0"",\n    ""initial"": {\n        ""additional_params"": {},\n        ""bunching"": 0,\n        ""edges_distribution"": ""all"",\n        ""lanes_distribution"": Infinity,\n        ""min_gap"": 0,\n        ""perturbation"": 0.0,\n        ""shuffle"": false,\n        ""spacing"": ""uniform"",\n        ""x0"": 0\n    },\n    ""net"": {\n        ""additional_params"": {\n            ""lanes"": 1,\n            ""radius_ring"": 30,\n            ""resolution"": 40,\n            ""speed_limit"": 30\n        },\n        ""inflows"": {\n            ""_InFlows__flows"": [],\n            ""num_flows"": 0\n        },\n        ""netfile"": null,\n        ""no_internal_links"": false,\n        ""osm_path"": null\n    },\n    ""scenario"": ""Figure8Scenario"",\n    ""sim"": {\n        ""emission_path"": null,\n        ""lateral_resolution"": null,\n        ""no_step_log"": true,\n        ""num_clients"": 1,\n        ""overtake_right"": false,\n        ""port"": null,\n        ""print_warnings"": true,\n        ""pxpm"": 2,\n        ""render"": false,\n        ""restart_instance"": false,\n        ""save_render"": false,\n        ""seed"": null,\n        ""show_radius"": false,\n        ""sight_radius"": 25,\n        ""sim_step"": 0.1,\n        ""teleport_time"": -1\n    },\n    ""simulator"": ""traci"",\n    ""veh"": [\n        {\n            ""acceleration_controller"": [\n                ""IDMController"",\n                {\n                    ""noise"": 0.2\n                }\n            ],\n            ""car_following_params"": {\n                ""controller_params"": {\n                    ""accel"": 1.0,\n                    ""carFollowModel"": ""IDM"",\n                    ""decel"": 1.5,\n                    ""impatience"": 0.5,\n                    ""maxSpeed"": 30,\n                    ""minGap"": 2.5,\n                    ""sigma"": 0.5,\n                    ""speedDev"": 0.1,\n                    ""speedFactor"": 1.0,\n                    ""tau"": 1.0\n                },\n                ""speed_mode"": 1\n            },\n            ""initial_speed"": 0,\n            ""lane_change_controller"": [\n                ""SimLaneChangeController"",\n                {}\n            ],\n            ""lane_change_params"": {\n                ""controller_params"": {\n                    ""laneChangeModel"": ""LC2013"",\n                    ""lcCooperative"": ""1.0"",\n                    ""lcKeepRight"": ""1.0"",\n                    ""lcSpeedGain"": ""1.0"",\n                    ""lcStrategic"": ""1.0""\n                },\n                ""lane_change_mode"": 512\n            },\n            ""num_vehicles"": 13,\n            ""routing_controller"": [\n                ""ContinuousRouter"",\n                {}\n            ],\n            ""veh_id"": ""human""\n        },\n        {\n            ""acceleration_controller"": [\n                ""RLController"",\n                {}\n            ],\n            ""car_following_params"": {\n                ""controller_params"": {\n                    ""accel"": 1.0,\n                    ""carFollowModel"": ""IDM"",\n                    ""decel"": 1.5,\n                    ""impatience"": 0.5,\n                    ""maxSpeed"": 30,\n                    ""minGap"": 2.5,\n                    ""sigma"": 0.5,\n                    ""speedDev"": 0.1,\n                    ""speedFactor"": 1.0,\n                    ""tau"": 1.0\n                },\n                ""speed_mode"": 1\n            },\n            ""initial_speed"": 0,\n            ""lane_change_controller"": [\n                ""SimLaneChangeController"",\n                {}\n            ],\n            ""lane_change_params"": {\n                ""controller_params"": {\n                    ""laneChangeModel"": ""LC2013"",\n                    ""lcCooperative"": ""1.0"",\n                    ""lcKeepRight"": ""1.0"",\n                    ""lcSpeedGain"": ""1.0"",\n                    ""lcStrategic"": ""1.0""\n                },\n                ""lane_change_mode"": 512\n            },\n            ""num_vehicles"": 1,\n            ""routing_controller"": [\n                ""ContinuousRouter"",\n                {}\n            ],\n            ""veh_id"": ""rl""\n        }\n    ]\n}'}, 'env': 'AccelEnv-v0', 'local_evaluator_tf_session_args': {'inter_op_parallelism_threads': 8, 'intra_op_parallelism_threads': 8}, 'model': {'free_log_std': False, 'custom_options': {}, 'framestack': True, 'channel_major': False, 'max_seq_len': 20, 'lstm_use_prev_action_reward': False, 'squash_to_range': False, 'dim': 84, 'grayscale': False, 'fcnet_hiddens': [100, 50, 25], 'use_lstm': False, 'custom_model': None, 'fcnet_activation': 'tanh', 'conv_filters': None, 'conv_activation': 'relu', 'lstm_cell_size': 256, 'zero_mean': True, 'custom_preprocessor': None}, 'output_compress_columns': ['obs', 'new_obs'], 'monitor': False, 'custom_resources_per_worker': {}, 'output_max_file_size': 67108864, 'num_workers': 1, 'clip_param': 0.3, 'kl_coeff': 0.2, 'multiagent': {'policy_graphs': {}, 'policy_mapping_fn': None, 'policies_to_train': None}, 'input_evaluation': None, 'output': None, 'collect_metrics_timeout': 180, 'num_cpus_per_worker': 1}",169.237.32.118,1,1384.27,9.885488271713257,"{'num_steps_sampled': 643200, 'load_time_ms': 1.184, 'default': {'kl': 0.006308963522315025, 'cur_lr': 0.0005000000237487257, 'total_loss': 1.1355139017105103, 'policy_loss': -0.018047144636511803, 'vf_explained_var': 0.9639703631401062, 'entropy': 2.030027151107788, 'cur_kl_coeff': 0.7030062675476074, 'vf_loss': 1.1491259336471558}, 'sample_time_ms': 9613.63, 'grad_time_ms': 285.488, 'update_time_ms': 4.782, 'num_steps_trained': 643200}",382.5998760100399,2019-04-02_08-43-12,kronos,71,643200,0,3979.4094903469086,{},643200,402,402,3979.4094903469086,497.51931804559143,1600,1554194592,{},0b32d2eec3344b1fbde4822793b2e447,79.68052543675833
False,493,"{'input': 'sampler', 'callbacks': {'on_train_result': None, 'on_sample_end': None, 'on_episode_step': None, 'on_episode_start': None, 'on_episode_end': None}, 'sample_batch_size': 200, 'clip_actions': False, 'clip_rewards': None, 'tf_session_args': {'inter_op_parallelism_threads': 2, 'intra_op_parallelism_threads': 2, 'device_count': {'CPU': 1}, 'log_device_placement': False, 'allow_soft_placement': True, 'gpu_options': {'allow_growth': True}}, 'kl_target': 0.01, 'horizon': 1500, 'lr': 0.0005, 'sample_async': False, 'simple_optimizer': False, 'compress_observations': False, 'num_envs_per_worker': 1, 'gamma': 0.99, 'sgd_minibatch_size': 128, 'observation_filter': 'NoFilter', 'entropy_coeff': 0.0, 'batch_mode': 'truncate_episodes', 'straggler_mitigation': False, 'vf_share_layers': False, 'num_gpus': 0, 'synchronize_filters': True, 'num_sgd_iter': 10, 'train_batch_size': 1500, 'optimizer': {}, 'num_gpus_per_worker': 0, 'preprocessor_pref': 'deepmind', 'num_cpus_for_driver': 1, 'lr_schedule': None, 'use_gae': True, 'lambda': 0.97, 'vf_loss_coeff': 1.0, 'vf_clip_param': 1000000.0, 'log_level': 'INFO', 'env_config': {'run': 'PPO', 'flow_params': '{\n    ""env"": {\n        ""additional_params"": {\n            ""max_accel"": 3,\n            ""max_decel"": 3,\n            ""sort_vehicles"": false,\n            ""target_velocity"": 20\n        },\n        ""evaluate"": false,\n        ""horizon"": 1500,\n        ""sims_per_step"": 1,\n        ""warmup_steps"": 0\n    },\n    ""env_name"": ""AccelEnv"",\n    ""exp_tag"": ""figure_eight_0"",\n    ""initial"": {\n        ""additional_params"": {},\n        ""bunching"": 0,\n        ""edges_distribution"": ""all"",\n        ""lanes_distribution"": Infinity,\n        ""min_gap"": 0,\n        ""perturbation"": 0.0,\n        ""shuffle"": false,\n        ""spacing"": ""uniform"",\n        ""x0"": 0\n    },\n    ""net"": {\n        ""additional_params"": {\n            ""lanes"": 1,\n            ""radius_ring"": 30,\n            ""resolution"": 40,\n            ""speed_limit"": 30\n        },\n        ""inflows"": {\n            ""_InFlows__flows"": [],\n            ""num_flows"": 0\n        },\n        ""netfile"": null,\n        ""no_internal_links"": false,\n        ""osm_path"": null\n    },\n    ""scenario"": ""Figure8Scenario"",\n    ""sim"": {\n        ""emission_path"": null,\n        ""lateral_resolution"": null,\n        ""no_step_log"": true,\n        ""num_clients"": 1,\n        ""overtake_right"": false,\n        ""port"": null,\n        ""print_warnings"": true,\n        ""pxpm"": 2,\n        ""render"": false,\n        ""restart_instance"": false,\n        ""save_render"": false,\n        ""seed"": null,\n        ""show_radius"": false,\n        ""sight_radius"": 25,\n        ""sim_step"": 0.1,\n        ""teleport_time"": -1\n    },\n    ""simulator"": ""traci"",\n    ""veh"": [\n        {\n            ""acceleration_controller"": [\n                ""IDMController"",\n                {\n                    ""noise"": 0.2\n                }\n            ],\n            ""car_following_params"": {\n                ""controller_params"": {\n                    ""accel"": 1.0,\n                    ""carFollowModel"": ""IDM"",\n                    ""decel"": 1.5,\n                    ""impatience"": 0.5,\n                    ""maxSpeed"": 30,\n                    ""minGap"": 2.5,\n                    ""sigma"": 0.5,\n                    ""speedDev"": 0.1,\n                    ""speedFactor"": 1.0,\n                    ""tau"": 1.0\n                },\n                ""speed_mode"": 1\n            },\n            ""initial_speed"": 0,\n            ""lane_change_controller"": [\n                ""SimLaneChangeController"",\n                {}\n            ],\n            ""lane_change_params"": {\n                ""controller_params"": {\n                    ""laneChangeModel"": ""LC2013"",\n                    ""lcCooperative"": ""1.0"",\n                    ""lcKeepRight"": ""1.0"",\n                    ""lcSpeedGain"": ""1.0"",\n                    ""lcStrategic"": ""1.0""\n                },\n                ""lane_change_mode"": 512\n            },\n            ""num_vehicles"": 13,\n            ""routing_controller"": [\n                ""ContinuousRouter"",\n                {}\n            ],\n            ""veh_id"": ""human""\n        },\n        {\n            ""acceleration_controller"": [\n                ""RLController"",\n                {}\n            ],\n            ""car_following_params"": {\n                ""controller_params"": {\n                    ""accel"": 1.0,\n                    ""carFollowModel"": ""IDM"",\n                    ""decel"": 1.5,\n                    ""impatience"": 0.5,\n                    ""maxSpeed"": 30,\n                    ""minGap"": 2.5,\n                    ""sigma"": 0.5,\n                    ""speedDev"": 0.1,\n                    ""speedFactor"": 1.0,\n                    ""tau"": 1.0\n                },\n                ""speed_mode"": 1\n            },\n            ""initial_speed"": 0,\n            ""lane_change_controller"": [\n                ""SimLaneChangeController"",\n                {}\n            ],\n            ""lane_change_params"": {\n                ""controller_params"": {\n                    ""laneChangeModel"": ""LC2013"",\n                    ""lcCooperative"": ""1.0"",\n                    ""lcKeepRight"": ""1.0"",\n                    ""lcSpeedGain"": ""1.0"",\n                    ""lcStrategic"": ""1.0""\n                },\n                ""lane_change_mode"": 512\n            },\n            ""num_vehicles"": 1,\n            ""routing_controller"": [\n                ""ContinuousRouter"",\n                {}\n            ],\n            ""veh_id"": ""rl""\n        }\n    ]\n}'}, 'env': 'AccelEnv-v0', 'local_evaluator_tf_session_args': {'inter_op_parallelism_threads': 8, 'intra_op_parallelism_threads': 8}, 'model': {'free_log_std': False, 'custom_options': {}, 'framestack': True, 'channel_major': False, 'max_seq_len': 20, 'lstm_use_prev_action_reward': False, 'squash_to_range': False, 'dim': 84, 'grayscale': False, 'fcnet_hiddens': [100, 50, 25], 'use_lstm': False, 'custom_model': None, 'fcnet_activation': 'tanh', 'conv_filters': None, 'conv_activation': 'relu', 'lstm_cell_size': 256, 'zero_mean': True, 'custom_preprocessor': None}, 'output_compress_columns': ['obs', 'new_obs'], 'monitor': False, 'custom_resources_per_worker': {}, 'output_max_file_size': 67108864, 'num_workers': 1, 'clip_param': 0.3, 'kl_coeff': 0.2, 'multiagent': {'policy_graphs': {}, 'policy_mapping_fn': None, 'policies_to_train': None}, 'input_evaluation': None, 'output': None, 'collect_metrics_timeout': 180, 'num_cpus_per_worker': 1}",169.237.32.118,1,1384.27,9.727813959121704,"{'num_steps_sampled': 644800, 'load_time_ms': 1.191, 'default': {'kl': 0.014822139404714108, 'cur_lr': 0.0005000000237487257, 'total_loss': 0.5316451191902161, 'policy_loss': -0.01949574239552021, 'vf_explained_var': 0.9889202117919922, 'entropy': 2.1839191913604736, 'cur_kl_coeff': 0.7030062675476074, 'vf_loss': 0.5407208204269409}, 'sample_time_ms': 9586.073, 'grad_time_ms': 283.696, 'update_time_ms': 4.799, 'num_steps_trained': 644800}",382.4157977168083,2019-04-02_08-43-21,kronos,71,644800,0,3989.1373043060303,{},644800,403,403,3989.1373043060303,497.51931804559143,1600,1554194601,{},0b32d2eec3344b1fbde4822793b2e447,79.68052543675833
False,494,"{'input': 'sampler', 'callbacks': {'on_train_result': None, 'on_sample_end': None, 'on_episode_step': None, 'on_episode_start': None, 'on_episode_end': None}, 'sample_batch_size': 200, 'clip_actions': False, 'clip_rewards': None, 'tf_session_args': {'inter_op_parallelism_threads': 2, 'intra_op_parallelism_threads': 2, 'device_count': {'CPU': 1}, 'log_device_placement': False, 'allow_soft_placement': True, 'gpu_options': {'allow_growth': True}}, 'kl_target': 0.01, 'horizon': 1500, 'lr': 0.0005, 'sample_async': False, 'simple_optimizer': False, 'compress_observations': False, 'num_envs_per_worker': 1, 'gamma': 0.99, 'sgd_minibatch_size': 128, 'observation_filter': 'NoFilter', 'entropy_coeff': 0.0, 'batch_mode': 'truncate_episodes', 'straggler_mitigation': False, 'vf_share_layers': False, 'num_gpus': 0, 'synchronize_filters': True, 'num_sgd_iter': 10, 'train_batch_size': 1500, 'optimizer': {}, 'num_gpus_per_worker': 0, 'preprocessor_pref': 'deepmind', 'num_cpus_for_driver': 1, 'lr_schedule': None, 'use_gae': True, 'lambda': 0.97, 'vf_loss_coeff': 1.0, 'vf_clip_param': 1000000.0, 'log_level': 'INFO', 'env_config': {'run': 'PPO', 'flow_params': '{\n    ""env"": {\n        ""additional_params"": {\n            ""max_accel"": 3,\n            ""max_decel"": 3,\n            ""sort_vehicles"": false,\n            ""target_velocity"": 20\n        },\n        ""evaluate"": false,\n        ""horizon"": 1500,\n        ""sims_per_step"": 1,\n        ""warmup_steps"": 0\n    },\n    ""env_name"": ""AccelEnv"",\n    ""exp_tag"": ""figure_eight_0"",\n    ""initial"": {\n        ""additional_params"": {},\n        ""bunching"": 0,\n        ""edges_distribution"": ""all"",\n        ""lanes_distribution"": Infinity,\n        ""min_gap"": 0,\n        ""perturbation"": 0.0,\n        ""shuffle"": false,\n        ""spacing"": ""uniform"",\n        ""x0"": 0\n    },\n    ""net"": {\n        ""additional_params"": {\n            ""lanes"": 1,\n            ""radius_ring"": 30,\n            ""resolution"": 40,\n            ""speed_limit"": 30\n        },\n        ""inflows"": {\n            ""_InFlows__flows"": [],\n            ""num_flows"": 0\n        },\n        ""netfile"": null,\n        ""no_internal_links"": false,\n        ""osm_path"": null\n    },\n    ""scenario"": ""Figure8Scenario"",\n    ""sim"": {\n        ""emission_path"": null,\n        ""lateral_resolution"": null,\n        ""no_step_log"": true,\n        ""num_clients"": 1,\n        ""overtake_right"": false,\n        ""port"": null,\n        ""print_warnings"": true,\n        ""pxpm"": 2,\n        ""render"": false,\n        ""restart_instance"": false,\n        ""save_render"": false,\n        ""seed"": null,\n        ""show_radius"": false,\n        ""sight_radius"": 25,\n        ""sim_step"": 0.1,\n        ""teleport_time"": -1\n    },\n    ""simulator"": ""traci"",\n    ""veh"": [\n        {\n            ""acceleration_controller"": [\n                ""IDMController"",\n                {\n                    ""noise"": 0.2\n                }\n            ],\n            ""car_following_params"": {\n                ""controller_params"": {\n                    ""accel"": 1.0,\n                    ""carFollowModel"": ""IDM"",\n                    ""decel"": 1.5,\n                    ""impatience"": 0.5,\n                    ""maxSpeed"": 30,\n                    ""minGap"": 2.5,\n                    ""sigma"": 0.5,\n                    ""speedDev"": 0.1,\n                    ""speedFactor"": 1.0,\n                    ""tau"": 1.0\n                },\n                ""speed_mode"": 1\n            },\n            ""initial_speed"": 0,\n            ""lane_change_controller"": [\n                ""SimLaneChangeController"",\n                {}\n            ],\n            ""lane_change_params"": {\n                ""controller_params"": {\n                    ""laneChangeModel"": ""LC2013"",\n                    ""lcCooperative"": ""1.0"",\n                    ""lcKeepRight"": ""1.0"",\n                    ""lcSpeedGain"": ""1.0"",\n                    ""lcStrategic"": ""1.0""\n                },\n                ""lane_change_mode"": 512\n            },\n            ""num_vehicles"": 13,\n            ""routing_controller"": [\n                ""ContinuousRouter"",\n                {}\n            ],\n            ""veh_id"": ""human""\n        },\n        {\n            ""acceleration_controller"": [\n                ""RLController"",\n                {}\n            ],\n            ""car_following_params"": {\n                ""controller_params"": {\n                    ""accel"": 1.0,\n                    ""carFollowModel"": ""IDM"",\n                    ""decel"": 1.5,\n                    ""impatience"": 0.5,\n                    ""maxSpeed"": 30,\n                    ""minGap"": 2.5,\n                    ""sigma"": 0.5,\n                    ""speedDev"": 0.1,\n                    ""speedFactor"": 1.0,\n                    ""tau"": 1.0\n                },\n                ""speed_mode"": 1\n            },\n            ""initial_speed"": 0,\n            ""lane_change_controller"": [\n                ""SimLaneChangeController"",\n                {}\n            ],\n            ""lane_change_params"": {\n                ""controller_params"": {\n                    ""laneChangeModel"": ""LC2013"",\n                    ""lcCooperative"": ""1.0"",\n                    ""lcKeepRight"": ""1.0"",\n                    ""lcSpeedGain"": ""1.0"",\n                    ""lcStrategic"": ""1.0""\n                },\n                ""lane_change_mode"": 512\n            },\n            ""num_vehicles"": 1,\n            ""routing_controller"": [\n                ""ContinuousRouter"",\n                {}\n            ],\n            ""veh_id"": ""rl""\n        }\n    ]\n}'}, 'env': 'AccelEnv-v0', 'local_evaluator_tf_session_args': {'inter_op_parallelism_threads': 8, 'intra_op_parallelism_threads': 8}, 'model': {'free_log_std': False, 'custom_options': {}, 'framestack': True, 'channel_major': False, 'max_seq_len': 20, 'lstm_use_prev_action_reward': False, 'squash_to_range': False, 'dim': 84, 'grayscale': False, 'fcnet_hiddens': [100, 50, 25], 'use_lstm': False, 'custom_model': None, 'fcnet_activation': 'tanh', 'conv_filters': None, 'conv_activation': 'relu', 'lstm_cell_size': 256, 'zero_mean': True, 'custom_preprocessor': None}, 'output_compress_columns': ['obs', 'new_obs'], 'monitor': False, 'custom_resources_per_worker': {}, 'output_max_file_size': 67108864, 'num_workers': 1, 'clip_param': 0.3, 'kl_coeff': 0.2, 'multiagent': {'policy_graphs': {}, 'policy_mapping_fn': None, 'policies_to_train': None}, 'input_evaluation': None, 'output': None, 'collect_metrics_timeout': 180, 'num_cpus_per_worker': 1}",169.237.32.118,1,1384.27,9.940170526504517,"{'num_steps_sampled': 646400, 'load_time_ms': 1.201, 'default': {'kl': 0.010861891321837902, 'cur_lr': 0.0005000000237487257, 'total_loss': 0.6458901166915894, 'policy_loss': -0.027522757649421692, 'vf_explained_var': 0.9767515659332275, 'entropy': 2.268239974975586, 'cur_kl_coeff': 0.7030062675476074, 'vf_loss': 0.6657768487930298}, 'sample_time_ms': 9598.563, 'grad_time_ms': 282.657, 'update_time_ms': 4.793, 'num_steps_trained': 646400}",382.3031594483264,2019-04-02_08-43-31,kronos,71,646400,0,3999.077474832535,{},646400,404,404,3999.077474832535,497.51931804559143,1600,1554194611,{},0b32d2eec3344b1fbde4822793b2e447,79.68052543675833
False,496,"{'input': 'sampler', 'callbacks': {'on_train_result': None, 'on_sample_end': None, 'on_episode_step': None, 'on_episode_start': None, 'on_episode_end': None}, 'sample_batch_size': 200, 'clip_actions': False, 'clip_rewards': None, 'tf_session_args': {'inter_op_parallelism_threads': 2, 'intra_op_parallelism_threads': 2, 'device_count': {'CPU': 1}, 'log_device_placement': False, 'allow_soft_placement': True, 'gpu_options': {'allow_growth': True}}, 'kl_target': 0.01, 'horizon': 1500, 'lr': 0.0005, 'sample_async': False, 'simple_optimizer': False, 'compress_observations': False, 'num_envs_per_worker': 1, 'gamma': 0.99, 'sgd_minibatch_size': 128, 'observation_filter': 'NoFilter', 'entropy_coeff': 0.0, 'batch_mode': 'truncate_episodes', 'straggler_mitigation': False, 'vf_share_layers': False, 'num_gpus': 0, 'synchronize_filters': True, 'num_sgd_iter': 10, 'train_batch_size': 1500, 'optimizer': {}, 'num_gpus_per_worker': 0, 'preprocessor_pref': 'deepmind', 'num_cpus_for_driver': 1, 'lr_schedule': None, 'use_gae': True, 'lambda': 0.97, 'vf_loss_coeff': 1.0, 'vf_clip_param': 1000000.0, 'log_level': 'INFO', 'env_config': {'run': 'PPO', 'flow_params': '{\n    ""env"": {\n        ""additional_params"": {\n            ""max_accel"": 3,\n            ""max_decel"": 3,\n            ""sort_vehicles"": false,\n            ""target_velocity"": 20\n        },\n        ""evaluate"": false,\n        ""horizon"": 1500,\n        ""sims_per_step"": 1,\n        ""warmup_steps"": 0\n    },\n    ""env_name"": ""AccelEnv"",\n    ""exp_tag"": ""figure_eight_0"",\n    ""initial"": {\n        ""additional_params"": {},\n        ""bunching"": 0,\n        ""edges_distribution"": ""all"",\n        ""lanes_distribution"": Infinity,\n        ""min_gap"": 0,\n        ""perturbation"": 0.0,\n        ""shuffle"": false,\n        ""spacing"": ""uniform"",\n        ""x0"": 0\n    },\n    ""net"": {\n        ""additional_params"": {\n            ""lanes"": 1,\n            ""radius_ring"": 30,\n            ""resolution"": 40,\n            ""speed_limit"": 30\n        },\n        ""inflows"": {\n            ""_InFlows__flows"": [],\n            ""num_flows"": 0\n        },\n        ""netfile"": null,\n        ""no_internal_links"": false,\n        ""osm_path"": null\n    },\n    ""scenario"": ""Figure8Scenario"",\n    ""sim"": {\n        ""emission_path"": null,\n        ""lateral_resolution"": null,\n        ""no_step_log"": true,\n        ""num_clients"": 1,\n        ""overtake_right"": false,\n        ""port"": null,\n        ""print_warnings"": true,\n        ""pxpm"": 2,\n        ""render"": false,\n        ""restart_instance"": false,\n        ""save_render"": false,\n        ""seed"": null,\n        ""show_radius"": false,\n        ""sight_radius"": 25,\n        ""sim_step"": 0.1,\n        ""teleport_time"": -1\n    },\n    ""simulator"": ""traci"",\n    ""veh"": [\n        {\n            ""acceleration_controller"": [\n                ""IDMController"",\n                {\n                    ""noise"": 0.2\n                }\n            ],\n            ""car_following_params"": {\n                ""controller_params"": {\n                    ""accel"": 1.0,\n                    ""carFollowModel"": ""IDM"",\n                    ""decel"": 1.5,\n                    ""impatience"": 0.5,\n                    ""maxSpeed"": 30,\n                    ""minGap"": 2.5,\n                    ""sigma"": 0.5,\n                    ""speedDev"": 0.1,\n                    ""speedFactor"": 1.0,\n                    ""tau"": 1.0\n                },\n                ""speed_mode"": 1\n            },\n            ""initial_speed"": 0,\n            ""lane_change_controller"": [\n                ""SimLaneChangeController"",\n                {}\n            ],\n            ""lane_change_params"": {\n                ""controller_params"": {\n                    ""laneChangeModel"": ""LC2013"",\n                    ""lcCooperative"": ""1.0"",\n                    ""lcKeepRight"": ""1.0"",\n                    ""lcSpeedGain"": ""1.0"",\n                    ""lcStrategic"": ""1.0""\n                },\n                ""lane_change_mode"": 512\n            },\n            ""num_vehicles"": 13,\n            ""routing_controller"": [\n                ""ContinuousRouter"",\n                {}\n            ],\n            ""veh_id"": ""human""\n        },\n        {\n            ""acceleration_controller"": [\n                ""RLController"",\n                {}\n            ],\n            ""car_following_params"": {\n                ""controller_params"": {\n                    ""accel"": 1.0,\n                    ""carFollowModel"": ""IDM"",\n                    ""decel"": 1.5,\n                    ""impatience"": 0.5,\n                    ""maxSpeed"": 30,\n                    ""minGap"": 2.5,\n                    ""sigma"": 0.5,\n                    ""speedDev"": 0.1,\n                    ""speedFactor"": 1.0,\n                    ""tau"": 1.0\n                },\n                ""speed_mode"": 1\n            },\n            ""initial_speed"": 0,\n            ""lane_change_controller"": [\n                ""SimLaneChangeController"",\n                {}\n            ],\n            ""lane_change_params"": {\n                ""controller_params"": {\n                    ""laneChangeModel"": ""LC2013"",\n                    ""lcCooperative"": ""1.0"",\n                    ""lcKeepRight"": ""1.0"",\n                    ""lcSpeedGain"": ""1.0"",\n                    ""lcStrategic"": ""1.0""\n                },\n                ""lane_change_mode"": 512\n            },\n            ""num_vehicles"": 1,\n            ""routing_controller"": [\n                ""ContinuousRouter"",\n                {}\n            ],\n            ""veh_id"": ""rl""\n        }\n    ]\n}'}, 'env': 'AccelEnv-v0', 'local_evaluator_tf_session_args': {'inter_op_parallelism_threads': 8, 'intra_op_parallelism_threads': 8}, 'model': {'free_log_std': False, 'custom_options': {}, 'framestack': True, 'channel_major': False, 'max_seq_len': 20, 'lstm_use_prev_action_reward': False, 'squash_to_range': False, 'dim': 84, 'grayscale': False, 'fcnet_hiddens': [100, 50, 25], 'use_lstm': False, 'custom_model': None, 'fcnet_activation': 'tanh', 'conv_filters': None, 'conv_activation': 'relu', 'lstm_cell_size': 256, 'zero_mean': True, 'custom_preprocessor': None}, 'output_compress_columns': ['obs', 'new_obs'], 'monitor': False, 'custom_resources_per_worker': {}, 'output_max_file_size': 67108864, 'num_workers': 1, 'clip_param': 0.3, 'kl_coeff': 0.2, 'multiagent': {'policy_graphs': {}, 'policy_mapping_fn': None, 'policies_to_train': None}, 'input_evaluation': None, 'output': None, 'collect_metrics_timeout': 180, 'num_cpus_per_worker': 1}",169.237.32.118,2,1384.27,9.98102068901062,"{'num_steps_sampled': 648000, 'load_time_ms': 1.232, 'default': {'kl': 0.009445157833397388, 'cur_lr': 0.0005000000237487257, 'total_loss': 0.504366397857666, 'policy_loss': -0.013653331436216831, 'vf_explained_var': 0.9880254864692688, 'entropy': 2.271282196044922, 'cur_kl_coeff': 0.7030062675476074, 'vf_loss': 0.5113797783851624}, 'sample_time_ms': 9598.887, 'grad_time_ms': 284.041, 'update_time_ms': 4.692, 'num_steps_trained': 648000}",382.698753978728,2019-04-02_08-43-41,kronos,71,648000,0,4009.0584955215454,{},648000,405,405,4009.0584955215454,497.51931804559143,1600,1554194621,{},0b32d2eec3344b1fbde4822793b2e447,79.68052543675833
False,497,"{'input': 'sampler', 'callbacks': {'on_train_result': None, 'on_sample_end': None, 'on_episode_step': None, 'on_episode_start': None, 'on_episode_end': None}, 'sample_batch_size': 200, 'clip_actions': False, 'clip_rewards': None, 'tf_session_args': {'inter_op_parallelism_threads': 2, 'intra_op_parallelism_threads': 2, 'device_count': {'CPU': 1}, 'log_device_placement': False, 'allow_soft_placement': True, 'gpu_options': {'allow_growth': True}}, 'kl_target': 0.01, 'horizon': 1500, 'lr': 0.0005, 'sample_async': False, 'simple_optimizer': False, 'compress_observations': False, 'num_envs_per_worker': 1, 'gamma': 0.99, 'sgd_minibatch_size': 128, 'observation_filter': 'NoFilter', 'entropy_coeff': 0.0, 'batch_mode': 'truncate_episodes', 'straggler_mitigation': False, 'vf_share_layers': False, 'num_gpus': 0, 'synchronize_filters': True, 'num_sgd_iter': 10, 'train_batch_size': 1500, 'optimizer': {}, 'num_gpus_per_worker': 0, 'preprocessor_pref': 'deepmind', 'num_cpus_for_driver': 1, 'lr_schedule': None, 'use_gae': True, 'lambda': 0.97, 'vf_loss_coeff': 1.0, 'vf_clip_param': 1000000.0, 'log_level': 'INFO', 'env_config': {'run': 'PPO', 'flow_params': '{\n    ""env"": {\n        ""additional_params"": {\n            ""max_accel"": 3,\n            ""max_decel"": 3,\n            ""sort_vehicles"": false,\n            ""target_velocity"": 20\n        },\n        ""evaluate"": false,\n        ""horizon"": 1500,\n        ""sims_per_step"": 1,\n        ""warmup_steps"": 0\n    },\n    ""env_name"": ""AccelEnv"",\n    ""exp_tag"": ""figure_eight_0"",\n    ""initial"": {\n        ""additional_params"": {},\n        ""bunching"": 0,\n        ""edges_distribution"": ""all"",\n        ""lanes_distribution"": Infinity,\n        ""min_gap"": 0,\n        ""perturbation"": 0.0,\n        ""shuffle"": false,\n        ""spacing"": ""uniform"",\n        ""x0"": 0\n    },\n    ""net"": {\n        ""additional_params"": {\n            ""lanes"": 1,\n            ""radius_ring"": 30,\n            ""resolution"": 40,\n            ""speed_limit"": 30\n        },\n        ""inflows"": {\n            ""_InFlows__flows"": [],\n            ""num_flows"": 0\n        },\n        ""netfile"": null,\n        ""no_internal_links"": false,\n        ""osm_path"": null\n    },\n    ""scenario"": ""Figure8Scenario"",\n    ""sim"": {\n        ""emission_path"": null,\n        ""lateral_resolution"": null,\n        ""no_step_log"": true,\n        ""num_clients"": 1,\n        ""overtake_right"": false,\n        ""port"": null,\n        ""print_warnings"": true,\n        ""pxpm"": 2,\n        ""render"": false,\n        ""restart_instance"": false,\n        ""save_render"": false,\n        ""seed"": null,\n        ""show_radius"": false,\n        ""sight_radius"": 25,\n        ""sim_step"": 0.1,\n        ""teleport_time"": -1\n    },\n    ""simulator"": ""traci"",\n    ""veh"": [\n        {\n            ""acceleration_controller"": [\n                ""IDMController"",\n                {\n                    ""noise"": 0.2\n                }\n            ],\n            ""car_following_params"": {\n                ""controller_params"": {\n                    ""accel"": 1.0,\n                    ""carFollowModel"": ""IDM"",\n                    ""decel"": 1.5,\n                    ""impatience"": 0.5,\n                    ""maxSpeed"": 30,\n                    ""minGap"": 2.5,\n                    ""sigma"": 0.5,\n                    ""speedDev"": 0.1,\n                    ""speedFactor"": 1.0,\n                    ""tau"": 1.0\n                },\n                ""speed_mode"": 1\n            },\n            ""initial_speed"": 0,\n            ""lane_change_controller"": [\n                ""SimLaneChangeController"",\n                {}\n            ],\n            ""lane_change_params"": {\n                ""controller_params"": {\n                    ""laneChangeModel"": ""LC2013"",\n                    ""lcCooperative"": ""1.0"",\n                    ""lcKeepRight"": ""1.0"",\n                    ""lcSpeedGain"": ""1.0"",\n                    ""lcStrategic"": ""1.0""\n                },\n                ""lane_change_mode"": 512\n            },\n            ""num_vehicles"": 13,\n            ""routing_controller"": [\n                ""ContinuousRouter"",\n                {}\n            ],\n            ""veh_id"": ""human""\n        },\n        {\n            ""acceleration_controller"": [\n                ""RLController"",\n                {}\n            ],\n            ""car_following_params"": {\n                ""controller_params"": {\n                    ""accel"": 1.0,\n                    ""carFollowModel"": ""IDM"",\n                    ""decel"": 1.5,\n                    ""impatience"": 0.5,\n                    ""maxSpeed"": 30,\n                    ""minGap"": 2.5,\n                    ""sigma"": 0.5,\n                    ""speedDev"": 0.1,\n                    ""speedFactor"": 1.0,\n                    ""tau"": 1.0\n                },\n                ""speed_mode"": 1\n            },\n            ""initial_speed"": 0,\n            ""lane_change_controller"": [\n                ""SimLaneChangeController"",\n                {}\n            ],\n            ""lane_change_params"": {\n                ""controller_params"": {\n                    ""laneChangeModel"": ""LC2013"",\n                    ""lcCooperative"": ""1.0"",\n                    ""lcKeepRight"": ""1.0"",\n                    ""lcSpeedGain"": ""1.0"",\n                    ""lcStrategic"": ""1.0""\n                },\n                ""lane_change_mode"": 512\n            },\n            ""num_vehicles"": 1,\n            ""routing_controller"": [\n                ""ContinuousRouter"",\n                {}\n            ],\n            ""veh_id"": ""rl""\n        }\n    ]\n}'}, 'env': 'AccelEnv-v0', 'local_evaluator_tf_session_args': {'inter_op_parallelism_threads': 8, 'intra_op_parallelism_threads': 8}, 'model': {'free_log_std': False, 'custom_options': {}, 'framestack': True, 'channel_major': False, 'max_seq_len': 20, 'lstm_use_prev_action_reward': False, 'squash_to_range': False, 'dim': 84, 'grayscale': False, 'fcnet_hiddens': [100, 50, 25], 'use_lstm': False, 'custom_model': None, 'fcnet_activation': 'tanh', 'conv_filters': None, 'conv_activation': 'relu', 'lstm_cell_size': 256, 'zero_mean': True, 'custom_preprocessor': None}, 'output_compress_columns': ['obs', 'new_obs'], 'monitor': False, 'custom_resources_per_worker': {}, 'output_max_file_size': 67108864, 'num_workers': 1, 'clip_param': 0.3, 'kl_coeff': 0.2, 'multiagent': {'policy_graphs': {}, 'policy_mapping_fn': None, 'policies_to_train': None}, 'input_evaluation': None, 'output': None, 'collect_metrics_timeout': 180, 'num_cpus_per_worker': 1}",169.237.32.118,1,1384.27,9.868190288543701,"{'num_steps_sampled': 649600, 'load_time_ms': 1.263, 'default': {'kl': 0.008855490945279598, 'cur_lr': 0.0005000000237487257, 'total_loss': 0.5642958283424377, 'policy_loss': -0.01768871396780014, 'vf_explained_var': 0.9764338135719299, 'entropy': 2.164419412612915, 'cur_kl_coeff': 0.7030062675476074, 'vf_loss': 0.5757591128349304}, 'sample_time_ms': 9593.185, 'grad_time_ms': 282.84, 'update_time_ms': 4.719, 'num_steps_trained': 649600}",382.9393379847536,2019-04-02_08-43-51,kronos,71,649600,0,4018.926685810089,{},649600,406,406,4018.926685810089,497.51931804559143,1600,1554194631,{},0b32d2eec3344b1fbde4822793b2e447,79.68052543675833
False,498,"{'input': 'sampler', 'callbacks': {'on_train_result': None, 'on_sample_end': None, 'on_episode_step': None, 'on_episode_start': None, 'on_episode_end': None}, 'sample_batch_size': 200, 'clip_actions': False, 'clip_rewards': None, 'tf_session_args': {'inter_op_parallelism_threads': 2, 'intra_op_parallelism_threads': 2, 'device_count': {'CPU': 1}, 'log_device_placement': False, 'allow_soft_placement': True, 'gpu_options': {'allow_growth': True}}, 'kl_target': 0.01, 'horizon': 1500, 'lr': 0.0005, 'sample_async': False, 'simple_optimizer': False, 'compress_observations': False, 'num_envs_per_worker': 1, 'gamma': 0.99, 'sgd_minibatch_size': 128, 'observation_filter': 'NoFilter', 'entropy_coeff': 0.0, 'batch_mode': 'truncate_episodes', 'straggler_mitigation': False, 'vf_share_layers': False, 'num_gpus': 0, 'synchronize_filters': True, 'num_sgd_iter': 10, 'train_batch_size': 1500, 'optimizer': {}, 'num_gpus_per_worker': 0, 'preprocessor_pref': 'deepmind', 'num_cpus_for_driver': 1, 'lr_schedule': None, 'use_gae': True, 'lambda': 0.97, 'vf_loss_coeff': 1.0, 'vf_clip_param': 1000000.0, 'log_level': 'INFO', 'env_config': {'run': 'PPO', 'flow_params': '{\n    ""env"": {\n        ""additional_params"": {\n            ""max_accel"": 3,\n            ""max_decel"": 3,\n            ""sort_vehicles"": false,\n            ""target_velocity"": 20\n        },\n        ""evaluate"": false,\n        ""horizon"": 1500,\n        ""sims_per_step"": 1,\n        ""warmup_steps"": 0\n    },\n    ""env_name"": ""AccelEnv"",\n    ""exp_tag"": ""figure_eight_0"",\n    ""initial"": {\n        ""additional_params"": {},\n        ""bunching"": 0,\n        ""edges_distribution"": ""all"",\n        ""lanes_distribution"": Infinity,\n        ""min_gap"": 0,\n        ""perturbation"": 0.0,\n        ""shuffle"": false,\n        ""spacing"": ""uniform"",\n        ""x0"": 0\n    },\n    ""net"": {\n        ""additional_params"": {\n            ""lanes"": 1,\n            ""radius_ring"": 30,\n            ""resolution"": 40,\n            ""speed_limit"": 30\n        },\n        ""inflows"": {\n            ""_InFlows__flows"": [],\n            ""num_flows"": 0\n        },\n        ""netfile"": null,\n        ""no_internal_links"": false,\n        ""osm_path"": null\n    },\n    ""scenario"": ""Figure8Scenario"",\n    ""sim"": {\n        ""emission_path"": null,\n        ""lateral_resolution"": null,\n        ""no_step_log"": true,\n        ""num_clients"": 1,\n        ""overtake_right"": false,\n        ""port"": null,\n        ""print_warnings"": true,\n        ""pxpm"": 2,\n        ""render"": false,\n        ""restart_instance"": false,\n        ""save_render"": false,\n        ""seed"": null,\n        ""show_radius"": false,\n        ""sight_radius"": 25,\n        ""sim_step"": 0.1,\n        ""teleport_time"": -1\n    },\n    ""simulator"": ""traci"",\n    ""veh"": [\n        {\n            ""acceleration_controller"": [\n                ""IDMController"",\n                {\n                    ""noise"": 0.2\n                }\n            ],\n            ""car_following_params"": {\n                ""controller_params"": {\n                    ""accel"": 1.0,\n                    ""carFollowModel"": ""IDM"",\n                    ""decel"": 1.5,\n                    ""impatience"": 0.5,\n                    ""maxSpeed"": 30,\n                    ""minGap"": 2.5,\n                    ""sigma"": 0.5,\n                    ""speedDev"": 0.1,\n                    ""speedFactor"": 1.0,\n                    ""tau"": 1.0\n                },\n                ""speed_mode"": 1\n            },\n            ""initial_speed"": 0,\n            ""lane_change_controller"": [\n                ""SimLaneChangeController"",\n                {}\n            ],\n            ""lane_change_params"": {\n                ""controller_params"": {\n                    ""laneChangeModel"": ""LC2013"",\n                    ""lcCooperative"": ""1.0"",\n                    ""lcKeepRight"": ""1.0"",\n                    ""lcSpeedGain"": ""1.0"",\n                    ""lcStrategic"": ""1.0""\n                },\n                ""lane_change_mode"": 512\n            },\n            ""num_vehicles"": 13,\n            ""routing_controller"": [\n                ""ContinuousRouter"",\n                {}\n            ],\n            ""veh_id"": ""human""\n        },\n        {\n            ""acceleration_controller"": [\n                ""RLController"",\n                {}\n            ],\n            ""car_following_params"": {\n                ""controller_params"": {\n                    ""accel"": 1.0,\n                    ""carFollowModel"": ""IDM"",\n                    ""decel"": 1.5,\n                    ""impatience"": 0.5,\n                    ""maxSpeed"": 30,\n                    ""minGap"": 2.5,\n                    ""sigma"": 0.5,\n                    ""speedDev"": 0.1,\n                    ""speedFactor"": 1.0,\n                    ""tau"": 1.0\n                },\n                ""speed_mode"": 1\n            },\n            ""initial_speed"": 0,\n            ""lane_change_controller"": [\n                ""SimLaneChangeController"",\n                {}\n            ],\n            ""lane_change_params"": {\n                ""controller_params"": {\n                    ""laneChangeModel"": ""LC2013"",\n                    ""lcCooperative"": ""1.0"",\n                    ""lcKeepRight"": ""1.0"",\n                    ""lcSpeedGain"": ""1.0"",\n                    ""lcStrategic"": ""1.0""\n                },\n                ""lane_change_mode"": 512\n            },\n            ""num_vehicles"": 1,\n            ""routing_controller"": [\n                ""ContinuousRouter"",\n                {}\n            ],\n            ""veh_id"": ""rl""\n        }\n    ]\n}'}, 'env': 'AccelEnv-v0', 'local_evaluator_tf_session_args': {'inter_op_parallelism_threads': 8, 'intra_op_parallelism_threads': 8}, 'model': {'free_log_std': False, 'custom_options': {}, 'framestack': True, 'channel_major': False, 'max_seq_len': 20, 'lstm_use_prev_action_reward': False, 'squash_to_range': False, 'dim': 84, 'grayscale': False, 'fcnet_hiddens': [100, 50, 25], 'use_lstm': False, 'custom_model': None, 'fcnet_activation': 'tanh', 'conv_filters': None, 'conv_activation': 'relu', 'lstm_cell_size': 256, 'zero_mean': True, 'custom_preprocessor': None}, 'output_compress_columns': ['obs', 'new_obs'], 'monitor': False, 'custom_resources_per_worker': {}, 'output_max_file_size': 67108864, 'num_workers': 1, 'clip_param': 0.3, 'kl_coeff': 0.2, 'multiagent': {'policy_graphs': {}, 'policy_mapping_fn': None, 'policies_to_train': None}, 'input_evaluation': None, 'output': None, 'collect_metrics_timeout': 180, 'num_cpus_per_worker': 1}",169.237.32.118,1,1384.27,9.871116399765015,"{'num_steps_sampled': 651200, 'load_time_ms': 1.242, 'default': {'kl': 0.006113364826887846, 'cur_lr': 0.0005000000237487257, 'total_loss': 0.43381139636039734, 'policy_loss': -0.020519515499472618, 'vf_explained_var': 0.9898861050605774, 'entropy': 2.1385858058929443, 'cur_kl_coeff': 0.7030062675476074, 'vf_loss': 0.45003318786621094}, 'sample_time_ms': 9596.335, 'grad_time_ms': 280.973, 'update_time_ms': 4.853, 'num_steps_trained': 651200}",382.7293550373248,2019-04-02_08-44-01,kronos,71,651200,0,4028.797802209854,{},651200,407,407,4028.797802209854,497.51931804559143,1600,1554194641,{},0b32d2eec3344b1fbde4822793b2e447,79.68052543675833
False,499,"{'input': 'sampler', 'callbacks': {'on_train_result': None, 'on_sample_end': None, 'on_episode_step': None, 'on_episode_start': None, 'on_episode_end': None}, 'sample_batch_size': 200, 'clip_actions': False, 'clip_rewards': None, 'tf_session_args': {'inter_op_parallelism_threads': 2, 'intra_op_parallelism_threads': 2, 'device_count': {'CPU': 1}, 'log_device_placement': False, 'allow_soft_placement': True, 'gpu_options': {'allow_growth': True}}, 'kl_target': 0.01, 'horizon': 1500, 'lr': 0.0005, 'sample_async': False, 'simple_optimizer': False, 'compress_observations': False, 'num_envs_per_worker': 1, 'gamma': 0.99, 'sgd_minibatch_size': 128, 'observation_filter': 'NoFilter', 'entropy_coeff': 0.0, 'batch_mode': 'truncate_episodes', 'straggler_mitigation': False, 'vf_share_layers': False, 'num_gpus': 0, 'synchronize_filters': True, 'num_sgd_iter': 10, 'train_batch_size': 1500, 'optimizer': {}, 'num_gpus_per_worker': 0, 'preprocessor_pref': 'deepmind', 'num_cpus_for_driver': 1, 'lr_schedule': None, 'use_gae': True, 'lambda': 0.97, 'vf_loss_coeff': 1.0, 'vf_clip_param': 1000000.0, 'log_level': 'INFO', 'env_config': {'run': 'PPO', 'flow_params': '{\n    ""env"": {\n        ""additional_params"": {\n            ""max_accel"": 3,\n            ""max_decel"": 3,\n            ""sort_vehicles"": false,\n            ""target_velocity"": 20\n        },\n        ""evaluate"": false,\n        ""horizon"": 1500,\n        ""sims_per_step"": 1,\n        ""warmup_steps"": 0\n    },\n    ""env_name"": ""AccelEnv"",\n    ""exp_tag"": ""figure_eight_0"",\n    ""initial"": {\n        ""additional_params"": {},\n        ""bunching"": 0,\n        ""edges_distribution"": ""all"",\n        ""lanes_distribution"": Infinity,\n        ""min_gap"": 0,\n        ""perturbation"": 0.0,\n        ""shuffle"": false,\n        ""spacing"": ""uniform"",\n        ""x0"": 0\n    },\n    ""net"": {\n        ""additional_params"": {\n            ""lanes"": 1,\n            ""radius_ring"": 30,\n            ""resolution"": 40,\n            ""speed_limit"": 30\n        },\n        ""inflows"": {\n            ""_InFlows__flows"": [],\n            ""num_flows"": 0\n        },\n        ""netfile"": null,\n        ""no_internal_links"": false,\n        ""osm_path"": null\n    },\n    ""scenario"": ""Figure8Scenario"",\n    ""sim"": {\n        ""emission_path"": null,\n        ""lateral_resolution"": null,\n        ""no_step_log"": true,\n        ""num_clients"": 1,\n        ""overtake_right"": false,\n        ""port"": null,\n        ""print_warnings"": true,\n        ""pxpm"": 2,\n        ""render"": false,\n        ""restart_instance"": false,\n        ""save_render"": false,\n        ""seed"": null,\n        ""show_radius"": false,\n        ""sight_radius"": 25,\n        ""sim_step"": 0.1,\n        ""teleport_time"": -1\n    },\n    ""simulator"": ""traci"",\n    ""veh"": [\n        {\n            ""acceleration_controller"": [\n                ""IDMController"",\n                {\n                    ""noise"": 0.2\n                }\n            ],\n            ""car_following_params"": {\n                ""controller_params"": {\n                    ""accel"": 1.0,\n                    ""carFollowModel"": ""IDM"",\n                    ""decel"": 1.5,\n                    ""impatience"": 0.5,\n                    ""maxSpeed"": 30,\n                    ""minGap"": 2.5,\n                    ""sigma"": 0.5,\n                    ""speedDev"": 0.1,\n                    ""speedFactor"": 1.0,\n                    ""tau"": 1.0\n                },\n                ""speed_mode"": 1\n            },\n            ""initial_speed"": 0,\n            ""lane_change_controller"": [\n                ""SimLaneChangeController"",\n                {}\n            ],\n            ""lane_change_params"": {\n                ""controller_params"": {\n                    ""laneChangeModel"": ""LC2013"",\n                    ""lcCooperative"": ""1.0"",\n                    ""lcKeepRight"": ""1.0"",\n                    ""lcSpeedGain"": ""1.0"",\n                    ""lcStrategic"": ""1.0""\n                },\n                ""lane_change_mode"": 512\n            },\n            ""num_vehicles"": 13,\n            ""routing_controller"": [\n                ""ContinuousRouter"",\n                {}\n            ],\n            ""veh_id"": ""human""\n        },\n        {\n            ""acceleration_controller"": [\n                ""RLController"",\n                {}\n            ],\n            ""car_following_params"": {\n                ""controller_params"": {\n                    ""accel"": 1.0,\n                    ""carFollowModel"": ""IDM"",\n                    ""decel"": 1.5,\n                    ""impatience"": 0.5,\n                    ""maxSpeed"": 30,\n                    ""minGap"": 2.5,\n                    ""sigma"": 0.5,\n                    ""speedDev"": 0.1,\n                    ""speedFactor"": 1.0,\n                    ""tau"": 1.0\n                },\n                ""speed_mode"": 1\n            },\n            ""initial_speed"": 0,\n            ""lane_change_controller"": [\n                ""SimLaneChangeController"",\n                {}\n            ],\n            ""lane_change_params"": {\n                ""controller_params"": {\n                    ""laneChangeModel"": ""LC2013"",\n                    ""lcCooperative"": ""1.0"",\n                    ""lcKeepRight"": ""1.0"",\n                    ""lcSpeedGain"": ""1.0"",\n                    ""lcStrategic"": ""1.0""\n                },\n                ""lane_change_mode"": 512\n            },\n            ""num_vehicles"": 1,\n            ""routing_controller"": [\n                ""ContinuousRouter"",\n                {}\n            ],\n            ""veh_id"": ""rl""\n        }\n    ]\n}'}, 'env': 'AccelEnv-v0', 'local_evaluator_tf_session_args': {'inter_op_parallelism_threads': 8, 'intra_op_parallelism_threads': 8}, 'model': {'free_log_std': False, 'custom_options': {}, 'framestack': True, 'channel_major': False, 'max_seq_len': 20, 'lstm_use_prev_action_reward': False, 'squash_to_range': False, 'dim': 84, 'grayscale': False, 'fcnet_hiddens': [100, 50, 25], 'use_lstm': False, 'custom_model': None, 'fcnet_activation': 'tanh', 'conv_filters': None, 'conv_activation': 'relu', 'lstm_cell_size': 256, 'zero_mean': True, 'custom_preprocessor': None}, 'output_compress_columns': ['obs', 'new_obs'], 'monitor': False, 'custom_resources_per_worker': {}, 'output_max_file_size': 67108864, 'num_workers': 1, 'clip_param': 0.3, 'kl_coeff': 0.2, 'multiagent': {'policy_graphs': {}, 'policy_mapping_fn': None, 'policies_to_train': None}, 'input_evaluation': None, 'output': None, 'collect_metrics_timeout': 180, 'num_cpus_per_worker': 1}",169.237.32.118,1,1384.27,9.843690872192383,"{'num_steps_sampled': 652800, 'load_time_ms': 1.347, 'default': {'kl': 0.004863392096012831, 'cur_lr': 0.0005000000237487257, 'total_loss': 0.49607717990875244, 'policy_loss': -0.016398772597312927, 'vf_explained_var': 0.9799168705940247, 'entropy': 2.025038242340088, 'cur_kl_coeff': 0.7030062675476074, 'vf_loss': 0.5090569853782654}, 'sample_time_ms': 9581.706, 'grad_time_ms': 278.814, 'update_time_ms': 4.838, 'num_steps_trained': 652800}",382.40300930972205,2019-04-02_08-44-11,kronos,71,652800,0,4038.6414930820465,{},652800,408,408,4038.6414930820465,497.51931804559143,1600,1554194651,{},0b32d2eec3344b1fbde4822793b2e447,79.68052543675833
False,500,"{'input': 'sampler', 'callbacks': {'on_train_result': None, 'on_sample_end': None, 'on_episode_step': None, 'on_episode_start': None, 'on_episode_end': None}, 'sample_batch_size': 200, 'clip_actions': False, 'clip_rewards': None, 'tf_session_args': {'inter_op_parallelism_threads': 2, 'intra_op_parallelism_threads': 2, 'device_count': {'CPU': 1}, 'log_device_placement': False, 'allow_soft_placement': True, 'gpu_options': {'allow_growth': True}}, 'kl_target': 0.01, 'horizon': 1500, 'lr': 0.0005, 'sample_async': False, 'simple_optimizer': False, 'compress_observations': False, 'num_envs_per_worker': 1, 'gamma': 0.99, 'sgd_minibatch_size': 128, 'observation_filter': 'NoFilter', 'entropy_coeff': 0.0, 'batch_mode': 'truncate_episodes', 'straggler_mitigation': False, 'vf_share_layers': False, 'num_gpus': 0, 'synchronize_filters': True, 'num_sgd_iter': 10, 'train_batch_size': 1500, 'optimizer': {}, 'num_gpus_per_worker': 0, 'preprocessor_pref': 'deepmind', 'num_cpus_for_driver': 1, 'lr_schedule': None, 'use_gae': True, 'lambda': 0.97, 'vf_loss_coeff': 1.0, 'vf_clip_param': 1000000.0, 'log_level': 'INFO', 'env_config': {'run': 'PPO', 'flow_params': '{\n    ""env"": {\n        ""additional_params"": {\n            ""max_accel"": 3,\n            ""max_decel"": 3,\n            ""sort_vehicles"": false,\n            ""target_velocity"": 20\n        },\n        ""evaluate"": false,\n        ""horizon"": 1500,\n        ""sims_per_step"": 1,\n        ""warmup_steps"": 0\n    },\n    ""env_name"": ""AccelEnv"",\n    ""exp_tag"": ""figure_eight_0"",\n    ""initial"": {\n        ""additional_params"": {},\n        ""bunching"": 0,\n        ""edges_distribution"": ""all"",\n        ""lanes_distribution"": Infinity,\n        ""min_gap"": 0,\n        ""perturbation"": 0.0,\n        ""shuffle"": false,\n        ""spacing"": ""uniform"",\n        ""x0"": 0\n    },\n    ""net"": {\n        ""additional_params"": {\n            ""lanes"": 1,\n            ""radius_ring"": 30,\n            ""resolution"": 40,\n            ""speed_limit"": 30\n        },\n        ""inflows"": {\n            ""_InFlows__flows"": [],\n            ""num_flows"": 0\n        },\n        ""netfile"": null,\n        ""no_internal_links"": false,\n        ""osm_path"": null\n    },\n    ""scenario"": ""Figure8Scenario"",\n    ""sim"": {\n        ""emission_path"": null,\n        ""lateral_resolution"": null,\n        ""no_step_log"": true,\n        ""num_clients"": 1,\n        ""overtake_right"": false,\n        ""port"": null,\n        ""print_warnings"": true,\n        ""pxpm"": 2,\n        ""render"": false,\n        ""restart_instance"": false,\n        ""save_render"": false,\n        ""seed"": null,\n        ""show_radius"": false,\n        ""sight_radius"": 25,\n        ""sim_step"": 0.1,\n        ""teleport_time"": -1\n    },\n    ""simulator"": ""traci"",\n    ""veh"": [\n        {\n            ""acceleration_controller"": [\n                ""IDMController"",\n                {\n                    ""noise"": 0.2\n                }\n            ],\n            ""car_following_params"": {\n                ""controller_params"": {\n                    ""accel"": 1.0,\n                    ""carFollowModel"": ""IDM"",\n                    ""decel"": 1.5,\n                    ""impatience"": 0.5,\n                    ""maxSpeed"": 30,\n                    ""minGap"": 2.5,\n                    ""sigma"": 0.5,\n                    ""speedDev"": 0.1,\n                    ""speedFactor"": 1.0,\n                    ""tau"": 1.0\n                },\n                ""speed_mode"": 1\n            },\n            ""initial_speed"": 0,\n            ""lane_change_controller"": [\n                ""SimLaneChangeController"",\n                {}\n            ],\n            ""lane_change_params"": {\n                ""controller_params"": {\n                    ""laneChangeModel"": ""LC2013"",\n                    ""lcCooperative"": ""1.0"",\n                    ""lcKeepRight"": ""1.0"",\n                    ""lcSpeedGain"": ""1.0"",\n                    ""lcStrategic"": ""1.0""\n                },\n                ""lane_change_mode"": 512\n            },\n            ""num_vehicles"": 13,\n            ""routing_controller"": [\n                ""ContinuousRouter"",\n                {}\n            ],\n            ""veh_id"": ""human""\n        },\n        {\n            ""acceleration_controller"": [\n                ""RLController"",\n                {}\n            ],\n            ""car_following_params"": {\n                ""controller_params"": {\n                    ""accel"": 1.0,\n                    ""carFollowModel"": ""IDM"",\n                    ""decel"": 1.5,\n                    ""impatience"": 0.5,\n                    ""maxSpeed"": 30,\n                    ""minGap"": 2.5,\n                    ""sigma"": 0.5,\n                    ""speedDev"": 0.1,\n                    ""speedFactor"": 1.0,\n                    ""tau"": 1.0\n                },\n                ""speed_mode"": 1\n            },\n            ""initial_speed"": 0,\n            ""lane_change_controller"": [\n                ""SimLaneChangeController"",\n                {}\n            ],\n            ""lane_change_params"": {\n                ""controller_params"": {\n                    ""laneChangeModel"": ""LC2013"",\n                    ""lcCooperative"": ""1.0"",\n                    ""lcKeepRight"": ""1.0"",\n                    ""lcSpeedGain"": ""1.0"",\n                    ""lcStrategic"": ""1.0""\n                },\n                ""lane_change_mode"": 512\n            },\n            ""num_vehicles"": 1,\n            ""routing_controller"": [\n                ""ContinuousRouter"",\n                {}\n            ],\n            ""veh_id"": ""rl""\n        }\n    ]\n}'}, 'env': 'AccelEnv-v0', 'local_evaluator_tf_session_args': {'inter_op_parallelism_threads': 8, 'intra_op_parallelism_threads': 8}, 'model': {'free_log_std': False, 'custom_options': {}, 'framestack': True, 'channel_major': False, 'max_seq_len': 20, 'lstm_use_prev_action_reward': False, 'squash_to_range': False, 'dim': 84, 'grayscale': False, 'fcnet_hiddens': [100, 50, 25], 'use_lstm': False, 'custom_model': None, 'fcnet_activation': 'tanh', 'conv_filters': None, 'conv_activation': 'relu', 'lstm_cell_size': 256, 'zero_mean': True, 'custom_preprocessor': None}, 'output_compress_columns': ['obs', 'new_obs'], 'monitor': False, 'custom_resources_per_worker': {}, 'output_max_file_size': 67108864, 'num_workers': 1, 'clip_param': 0.3, 'kl_coeff': 0.2, 'multiagent': {'policy_graphs': {}, 'policy_mapping_fn': None, 'policies_to_train': None}, 'input_evaluation': None, 'output': None, 'collect_metrics_timeout': 180, 'num_cpus_per_worker': 1}",169.237.32.118,1,1384.27,9.854004621505737,"{'num_steps_sampled': 654400, 'load_time_ms': 1.342, 'default': {'kl': 0.02200745977461338, 'cur_lr': 0.0005000000237487257, 'total_loss': 0.539295494556427, 'policy_loss': -0.033986497670412064, 'vf_explained_var': 0.9872390627861023, 'entropy': 2.3130269050598145, 'cur_kl_coeff': 0.3515031337738037, 'vf_loss': 0.5655463337898254}, 'sample_time_ms': 9577.867, 'grad_time_ms': 277.37, 'update_time_ms': 4.627, 'num_steps_trained': 654400}",382.7891526864532,2019-04-02_08-44-21,kronos,71,654400,0,4048.4954977035522,{},654400,409,409,4048.4954977035522,497.51931804559143,1600,1554194661,{},0b32d2eec3344b1fbde4822793b2e447,79.68052543675833
False,501,"{'input': 'sampler', 'callbacks': {'on_train_result': None, 'on_sample_end': None, 'on_episode_step': None, 'on_episode_start': None, 'on_episode_end': None}, 'sample_batch_size': 200, 'clip_actions': False, 'clip_rewards': None, 'tf_session_args': {'inter_op_parallelism_threads': 2, 'intra_op_parallelism_threads': 2, 'device_count': {'CPU': 1}, 'log_device_placement': False, 'allow_soft_placement': True, 'gpu_options': {'allow_growth': True}}, 'kl_target': 0.01, 'horizon': 1500, 'lr': 0.0005, 'sample_async': False, 'simple_optimizer': False, 'compress_observations': False, 'num_envs_per_worker': 1, 'gamma': 0.99, 'sgd_minibatch_size': 128, 'observation_filter': 'NoFilter', 'entropy_coeff': 0.0, 'batch_mode': 'truncate_episodes', 'straggler_mitigation': False, 'vf_share_layers': False, 'num_gpus': 0, 'synchronize_filters': True, 'num_sgd_iter': 10, 'train_batch_size': 1500, 'optimizer': {}, 'num_gpus_per_worker': 0, 'preprocessor_pref': 'deepmind', 'num_cpus_for_driver': 1, 'lr_schedule': None, 'use_gae': True, 'lambda': 0.97, 'vf_loss_coeff': 1.0, 'vf_clip_param': 1000000.0, 'log_level': 'INFO', 'env_config': {'run': 'PPO', 'flow_params': '{\n    ""env"": {\n        ""additional_params"": {\n            ""max_accel"": 3,\n            ""max_decel"": 3,\n            ""sort_vehicles"": false,\n            ""target_velocity"": 20\n        },\n        ""evaluate"": false,\n        ""horizon"": 1500,\n        ""sims_per_step"": 1,\n        ""warmup_steps"": 0\n    },\n    ""env_name"": ""AccelEnv"",\n    ""exp_tag"": ""figure_eight_0"",\n    ""initial"": {\n        ""additional_params"": {},\n        ""bunching"": 0,\n        ""edges_distribution"": ""all"",\n        ""lanes_distribution"": Infinity,\n        ""min_gap"": 0,\n        ""perturbation"": 0.0,\n        ""shuffle"": false,\n        ""spacing"": ""uniform"",\n        ""x0"": 0\n    },\n    ""net"": {\n        ""additional_params"": {\n            ""lanes"": 1,\n            ""radius_ring"": 30,\n            ""resolution"": 40,\n            ""speed_limit"": 30\n        },\n        ""inflows"": {\n            ""_InFlows__flows"": [],\n            ""num_flows"": 0\n        },\n        ""netfile"": null,\n        ""no_internal_links"": false,\n        ""osm_path"": null\n    },\n    ""scenario"": ""Figure8Scenario"",\n    ""sim"": {\n        ""emission_path"": null,\n        ""lateral_resolution"": null,\n        ""no_step_log"": true,\n        ""num_clients"": 1,\n        ""overtake_right"": false,\n        ""port"": null,\n        ""print_warnings"": true,\n        ""pxpm"": 2,\n        ""render"": false,\n        ""restart_instance"": false,\n        ""save_render"": false,\n        ""seed"": null,\n        ""show_radius"": false,\n        ""sight_radius"": 25,\n        ""sim_step"": 0.1,\n        ""teleport_time"": -1\n    },\n    ""simulator"": ""traci"",\n    ""veh"": [\n        {\n            ""acceleration_controller"": [\n                ""IDMController"",\n                {\n                    ""noise"": 0.2\n                }\n            ],\n            ""car_following_params"": {\n                ""controller_params"": {\n                    ""accel"": 1.0,\n                    ""carFollowModel"": ""IDM"",\n                    ""decel"": 1.5,\n                    ""impatience"": 0.5,\n                    ""maxSpeed"": 30,\n                    ""minGap"": 2.5,\n                    ""sigma"": 0.5,\n                    ""speedDev"": 0.1,\n                    ""speedFactor"": 1.0,\n                    ""tau"": 1.0\n                },\n                ""speed_mode"": 1\n            },\n            ""initial_speed"": 0,\n            ""lane_change_controller"": [\n                ""SimLaneChangeController"",\n                {}\n            ],\n            ""lane_change_params"": {\n                ""controller_params"": {\n                    ""laneChangeModel"": ""LC2013"",\n                    ""lcCooperative"": ""1.0"",\n                    ""lcKeepRight"": ""1.0"",\n                    ""lcSpeedGain"": ""1.0"",\n                    ""lcStrategic"": ""1.0""\n                },\n                ""lane_change_mode"": 512\n            },\n            ""num_vehicles"": 13,\n            ""routing_controller"": [\n                ""ContinuousRouter"",\n                {}\n            ],\n            ""veh_id"": ""human""\n        },\n        {\n            ""acceleration_controller"": [\n                ""RLController"",\n                {}\n            ],\n            ""car_following_params"": {\n                ""controller_params"": {\n                    ""accel"": 1.0,\n                    ""carFollowModel"": ""IDM"",\n                    ""decel"": 1.5,\n                    ""impatience"": 0.5,\n                    ""maxSpeed"": 30,\n                    ""minGap"": 2.5,\n                    ""sigma"": 0.5,\n                    ""speedDev"": 0.1,\n                    ""speedFactor"": 1.0,\n                    ""tau"": 1.0\n                },\n                ""speed_mode"": 1\n            },\n            ""initial_speed"": 0,\n            ""lane_change_controller"": [\n                ""SimLaneChangeController"",\n                {}\n            ],\n            ""lane_change_params"": {\n                ""controller_params"": {\n                    ""laneChangeModel"": ""LC2013"",\n                    ""lcCooperative"": ""1.0"",\n                    ""lcKeepRight"": ""1.0"",\n                    ""lcSpeedGain"": ""1.0"",\n                    ""lcStrategic"": ""1.0""\n                },\n                ""lane_change_mode"": 512\n            },\n            ""num_vehicles"": 1,\n            ""routing_controller"": [\n                ""ContinuousRouter"",\n                {}\n            ],\n            ""veh_id"": ""rl""\n        }\n    ]\n}'}, 'env': 'AccelEnv-v0', 'local_evaluator_tf_session_args': {'inter_op_parallelism_threads': 8, 'intra_op_parallelism_threads': 8}, 'model': {'free_log_std': False, 'custom_options': {}, 'framestack': True, 'channel_major': False, 'max_seq_len': 20, 'lstm_use_prev_action_reward': False, 'squash_to_range': False, 'dim': 84, 'grayscale': False, 'fcnet_hiddens': [100, 50, 25], 'use_lstm': False, 'custom_model': None, 'fcnet_activation': 'tanh', 'conv_filters': None, 'conv_activation': 'relu', 'lstm_cell_size': 256, 'zero_mean': True, 'custom_preprocessor': None}, 'output_compress_columns': ['obs', 'new_obs'], 'monitor': False, 'custom_resources_per_worker': {}, 'output_max_file_size': 67108864, 'num_workers': 1, 'clip_param': 0.3, 'kl_coeff': 0.2, 'multiagent': {'policy_graphs': {}, 'policy_mapping_fn': None, 'policies_to_train': None}, 'input_evaluation': None, 'output': None, 'collect_metrics_timeout': 180, 'num_cpus_per_worker': 1}",169.237.32.118,1,1384.27,9.810420274734497,"{'num_steps_sampled': 656000, 'load_time_ms': 1.292, 'default': {'kl': 0.01466312911361456, 'cur_lr': 0.0005000000237487257, 'total_loss': 0.3837246894836426, 'policy_loss': -0.027940839529037476, 'vf_explained_var': 0.9919604659080505, 'entropy': 2.255223274230957, 'cur_kl_coeff': 0.5272546410560608, 'vf_loss': 0.4039343297481537}, 'sample_time_ms': 9584.88, 'grad_time_ms': 275.379, 'update_time_ms': 4.601, 'num_steps_trained': 656000}",382.65421920536306,2019-04-02_08-44-31,kronos,71,656000,0,4058.3059179782867,{},656000,410,410,4058.3059179782867,497.51931804559143,1600,1554194671,{},0b32d2eec3344b1fbde4822793b2e447,79.68052543675833
False,502,"{'input': 'sampler', 'callbacks': {'on_train_result': None, 'on_sample_end': None, 'on_episode_step': None, 'on_episode_start': None, 'on_episode_end': None}, 'sample_batch_size': 200, 'clip_actions': False, 'clip_rewards': None, 'tf_session_args': {'inter_op_parallelism_threads': 2, 'intra_op_parallelism_threads': 2, 'device_count': {'CPU': 1}, 'log_device_placement': False, 'allow_soft_placement': True, 'gpu_options': {'allow_growth': True}}, 'kl_target': 0.01, 'horizon': 1500, 'lr': 0.0005, 'sample_async': False, 'simple_optimizer': False, 'compress_observations': False, 'num_envs_per_worker': 1, 'gamma': 0.99, 'sgd_minibatch_size': 128, 'observation_filter': 'NoFilter', 'entropy_coeff': 0.0, 'batch_mode': 'truncate_episodes', 'straggler_mitigation': False, 'vf_share_layers': False, 'num_gpus': 0, 'synchronize_filters': True, 'num_sgd_iter': 10, 'train_batch_size': 1500, 'optimizer': {}, 'num_gpus_per_worker': 0, 'preprocessor_pref': 'deepmind', 'num_cpus_for_driver': 1, 'lr_schedule': None, 'use_gae': True, 'lambda': 0.97, 'vf_loss_coeff': 1.0, 'vf_clip_param': 1000000.0, 'log_level': 'INFO', 'env_config': {'run': 'PPO', 'flow_params': '{\n    ""env"": {\n        ""additional_params"": {\n            ""max_accel"": 3,\n            ""max_decel"": 3,\n            ""sort_vehicles"": false,\n            ""target_velocity"": 20\n        },\n        ""evaluate"": false,\n        ""horizon"": 1500,\n        ""sims_per_step"": 1,\n        ""warmup_steps"": 0\n    },\n    ""env_name"": ""AccelEnv"",\n    ""exp_tag"": ""figure_eight_0"",\n    ""initial"": {\n        ""additional_params"": {},\n        ""bunching"": 0,\n        ""edges_distribution"": ""all"",\n        ""lanes_distribution"": Infinity,\n        ""min_gap"": 0,\n        ""perturbation"": 0.0,\n        ""shuffle"": false,\n        ""spacing"": ""uniform"",\n        ""x0"": 0\n    },\n    ""net"": {\n        ""additional_params"": {\n            ""lanes"": 1,\n            ""radius_ring"": 30,\n            ""resolution"": 40,\n            ""speed_limit"": 30\n        },\n        ""inflows"": {\n            ""_InFlows__flows"": [],\n            ""num_flows"": 0\n        },\n        ""netfile"": null,\n        ""no_internal_links"": false,\n        ""osm_path"": null\n    },\n    ""scenario"": ""Figure8Scenario"",\n    ""sim"": {\n        ""emission_path"": null,\n        ""lateral_resolution"": null,\n        ""no_step_log"": true,\n        ""num_clients"": 1,\n        ""overtake_right"": false,\n        ""port"": null,\n        ""print_warnings"": true,\n        ""pxpm"": 2,\n        ""render"": false,\n        ""restart_instance"": false,\n        ""save_render"": false,\n        ""seed"": null,\n        ""show_radius"": false,\n        ""sight_radius"": 25,\n        ""sim_step"": 0.1,\n        ""teleport_time"": -1\n    },\n    ""simulator"": ""traci"",\n    ""veh"": [\n        {\n            ""acceleration_controller"": [\n                ""IDMController"",\n                {\n                    ""noise"": 0.2\n                }\n            ],\n            ""car_following_params"": {\n                ""controller_params"": {\n                    ""accel"": 1.0,\n                    ""carFollowModel"": ""IDM"",\n                    ""decel"": 1.5,\n                    ""impatience"": 0.5,\n                    ""maxSpeed"": 30,\n                    ""minGap"": 2.5,\n                    ""sigma"": 0.5,\n                    ""speedDev"": 0.1,\n                    ""speedFactor"": 1.0,\n                    ""tau"": 1.0\n                },\n                ""speed_mode"": 1\n            },\n            ""initial_speed"": 0,\n            ""lane_change_controller"": [\n                ""SimLaneChangeController"",\n                {}\n            ],\n            ""lane_change_params"": {\n                ""controller_params"": {\n                    ""laneChangeModel"": ""LC2013"",\n                    ""lcCooperative"": ""1.0"",\n                    ""lcKeepRight"": ""1.0"",\n                    ""lcSpeedGain"": ""1.0"",\n                    ""lcStrategic"": ""1.0""\n                },\n                ""lane_change_mode"": 512\n            },\n            ""num_vehicles"": 13,\n            ""routing_controller"": [\n                ""ContinuousRouter"",\n                {}\n            ],\n            ""veh_id"": ""human""\n        },\n        {\n            ""acceleration_controller"": [\n                ""RLController"",\n                {}\n            ],\n            ""car_following_params"": {\n                ""controller_params"": {\n                    ""accel"": 1.0,\n                    ""carFollowModel"": ""IDM"",\n                    ""decel"": 1.5,\n                    ""impatience"": 0.5,\n                    ""maxSpeed"": 30,\n                    ""minGap"": 2.5,\n                    ""sigma"": 0.5,\n                    ""speedDev"": 0.1,\n                    ""speedFactor"": 1.0,\n                    ""tau"": 1.0\n                },\n                ""speed_mode"": 1\n            },\n            ""initial_speed"": 0,\n            ""lane_change_controller"": [\n                ""SimLaneChangeController"",\n                {}\n            ],\n            ""lane_change_params"": {\n                ""controller_params"": {\n                    ""laneChangeModel"": ""LC2013"",\n                    ""lcCooperative"": ""1.0"",\n                    ""lcKeepRight"": ""1.0"",\n                    ""lcSpeedGain"": ""1.0"",\n                    ""lcStrategic"": ""1.0""\n                },\n                ""lane_change_mode"": 512\n            },\n            ""num_vehicles"": 1,\n            ""routing_controller"": [\n                ""ContinuousRouter"",\n                {}\n            ],\n            ""veh_id"": ""rl""\n        }\n    ]\n}'}, 'env': 'AccelEnv-v0', 'local_evaluator_tf_session_args': {'inter_op_parallelism_threads': 8, 'intra_op_parallelism_threads': 8}, 'model': {'free_log_std': False, 'custom_options': {}, 'framestack': True, 'channel_major': False, 'max_seq_len': 20, 'lstm_use_prev_action_reward': False, 'squash_to_range': False, 'dim': 84, 'grayscale': False, 'fcnet_hiddens': [100, 50, 25], 'use_lstm': False, 'custom_model': None, 'fcnet_activation': 'tanh', 'conv_filters': None, 'conv_activation': 'relu', 'lstm_cell_size': 256, 'zero_mean': True, 'custom_preprocessor': None}, 'output_compress_columns': ['obs', 'new_obs'], 'monitor': False, 'custom_resources_per_worker': {}, 'output_max_file_size': 67108864, 'num_workers': 1, 'clip_param': 0.3, 'kl_coeff': 0.2, 'multiagent': {'policy_graphs': {}, 'policy_mapping_fn': None, 'policies_to_train': None}, 'input_evaluation': None, 'output': None, 'collect_metrics_timeout': 180, 'num_cpus_per_worker': 1}",169.237.32.118,1,1384.27,9.929083585739136,"{'num_steps_sampled': 657600, 'load_time_ms': 1.261, 'default': {'kl': 0.007895007729530334, 'cur_lr': 0.0005000000237487257, 'total_loss': 1.0840798616409302, 'policy_loss': -0.016887929290533066, 'vf_explained_var': 0.9770873188972473, 'entropy': 2.2148313522338867, 'cur_kl_coeff': 0.5272546410560608, 'vf_loss': 1.0968050956726074}, 'sample_time_ms': 9584.944, 'grad_time_ms': 274.975, 'update_time_ms': 4.615, 'num_steps_trained': 657600}",382.71457254096805,2019-04-02_08-44-41,kronos,71,657600,0,4068.235001564026,{},657600,411,411,4068.235001564026,497.51931804559143,1600,1554194681,{},0b32d2eec3344b1fbde4822793b2e447,79.68052543675833
False,503,"{'input': 'sampler', 'callbacks': {'on_train_result': None, 'on_sample_end': None, 'on_episode_step': None, 'on_episode_start': None, 'on_episode_end': None}, 'sample_batch_size': 200, 'clip_actions': False, 'clip_rewards': None, 'tf_session_args': {'inter_op_parallelism_threads': 2, 'intra_op_parallelism_threads': 2, 'device_count': {'CPU': 1}, 'log_device_placement': False, 'allow_soft_placement': True, 'gpu_options': {'allow_growth': True}}, 'kl_target': 0.01, 'horizon': 1500, 'lr': 0.0005, 'sample_async': False, 'simple_optimizer': False, 'compress_observations': False, 'num_envs_per_worker': 1, 'gamma': 0.99, 'sgd_minibatch_size': 128, 'observation_filter': 'NoFilter', 'entropy_coeff': 0.0, 'batch_mode': 'truncate_episodes', 'straggler_mitigation': False, 'vf_share_layers': False, 'num_gpus': 0, 'synchronize_filters': True, 'num_sgd_iter': 10, 'train_batch_size': 1500, 'optimizer': {}, 'num_gpus_per_worker': 0, 'preprocessor_pref': 'deepmind', 'num_cpus_for_driver': 1, 'lr_schedule': None, 'use_gae': True, 'lambda': 0.97, 'vf_loss_coeff': 1.0, 'vf_clip_param': 1000000.0, 'log_level': 'INFO', 'env_config': {'run': 'PPO', 'flow_params': '{\n    ""env"": {\n        ""additional_params"": {\n            ""max_accel"": 3,\n            ""max_decel"": 3,\n            ""sort_vehicles"": false,\n            ""target_velocity"": 20\n        },\n        ""evaluate"": false,\n        ""horizon"": 1500,\n        ""sims_per_step"": 1,\n        ""warmup_steps"": 0\n    },\n    ""env_name"": ""AccelEnv"",\n    ""exp_tag"": ""figure_eight_0"",\n    ""initial"": {\n        ""additional_params"": {},\n        ""bunching"": 0,\n        ""edges_distribution"": ""all"",\n        ""lanes_distribution"": Infinity,\n        ""min_gap"": 0,\n        ""perturbation"": 0.0,\n        ""shuffle"": false,\n        ""spacing"": ""uniform"",\n        ""x0"": 0\n    },\n    ""net"": {\n        ""additional_params"": {\n            ""lanes"": 1,\n            ""radius_ring"": 30,\n            ""resolution"": 40,\n            ""speed_limit"": 30\n        },\n        ""inflows"": {\n            ""_InFlows__flows"": [],\n            ""num_flows"": 0\n        },\n        ""netfile"": null,\n        ""no_internal_links"": false,\n        ""osm_path"": null\n    },\n    ""scenario"": ""Figure8Scenario"",\n    ""sim"": {\n        ""emission_path"": null,\n        ""lateral_resolution"": null,\n        ""no_step_log"": true,\n        ""num_clients"": 1,\n        ""overtake_right"": false,\n        ""port"": null,\n        ""print_warnings"": true,\n        ""pxpm"": 2,\n        ""render"": false,\n        ""restart_instance"": false,\n        ""save_render"": false,\n        ""seed"": null,\n        ""show_radius"": false,\n        ""sight_radius"": 25,\n        ""sim_step"": 0.1,\n        ""teleport_time"": -1\n    },\n    ""simulator"": ""traci"",\n    ""veh"": [\n        {\n            ""acceleration_controller"": [\n                ""IDMController"",\n                {\n                    ""noise"": 0.2\n                }\n            ],\n            ""car_following_params"": {\n                ""controller_params"": {\n                    ""accel"": 1.0,\n                    ""carFollowModel"": ""IDM"",\n                    ""decel"": 1.5,\n                    ""impatience"": 0.5,\n                    ""maxSpeed"": 30,\n                    ""minGap"": 2.5,\n                    ""sigma"": 0.5,\n                    ""speedDev"": 0.1,\n                    ""speedFactor"": 1.0,\n                    ""tau"": 1.0\n                },\n                ""speed_mode"": 1\n            },\n            ""initial_speed"": 0,\n            ""lane_change_controller"": [\n                ""SimLaneChangeController"",\n                {}\n            ],\n            ""lane_change_params"": {\n                ""controller_params"": {\n                    ""laneChangeModel"": ""LC2013"",\n                    ""lcCooperative"": ""1.0"",\n                    ""lcKeepRight"": ""1.0"",\n                    ""lcSpeedGain"": ""1.0"",\n                    ""lcStrategic"": ""1.0""\n                },\n                ""lane_change_mode"": 512\n            },\n            ""num_vehicles"": 13,\n            ""routing_controller"": [\n                ""ContinuousRouter"",\n                {}\n            ],\n            ""veh_id"": ""human""\n        },\n        {\n            ""acceleration_controller"": [\n                ""RLController"",\n                {}\n            ],\n            ""car_following_params"": {\n                ""controller_params"": {\n                    ""accel"": 1.0,\n                    ""carFollowModel"": ""IDM"",\n                    ""decel"": 1.5,\n                    ""impatience"": 0.5,\n                    ""maxSpeed"": 30,\n                    ""minGap"": 2.5,\n                    ""sigma"": 0.5,\n                    ""speedDev"": 0.1,\n                    ""speedFactor"": 1.0,\n                    ""tau"": 1.0\n                },\n                ""speed_mode"": 1\n            },\n            ""initial_speed"": 0,\n            ""lane_change_controller"": [\n                ""SimLaneChangeController"",\n                {}\n            ],\n            ""lane_change_params"": {\n                ""controller_params"": {\n                    ""laneChangeModel"": ""LC2013"",\n                    ""lcCooperative"": ""1.0"",\n                    ""lcKeepRight"": ""1.0"",\n                    ""lcSpeedGain"": ""1.0"",\n                    ""lcStrategic"": ""1.0""\n                },\n                ""lane_change_mode"": 512\n            },\n            ""num_vehicles"": 1,\n            ""routing_controller"": [\n                ""ContinuousRouter"",\n                {}\n            ],\n            ""veh_id"": ""rl""\n        }\n    ]\n}'}, 'env': 'AccelEnv-v0', 'local_evaluator_tf_session_args': {'inter_op_parallelism_threads': 8, 'intra_op_parallelism_threads': 8}, 'model': {'free_log_std': False, 'custom_options': {}, 'framestack': True, 'channel_major': False, 'max_seq_len': 20, 'lstm_use_prev_action_reward': False, 'squash_to_range': False, 'dim': 84, 'grayscale': False, 'fcnet_hiddens': [100, 50, 25], 'use_lstm': False, 'custom_model': None, 'fcnet_activation': 'tanh', 'conv_filters': None, 'conv_activation': 'relu', 'lstm_cell_size': 256, 'zero_mean': True, 'custom_preprocessor': None}, 'output_compress_columns': ['obs', 'new_obs'], 'monitor': False, 'custom_resources_per_worker': {}, 'output_max_file_size': 67108864, 'num_workers': 1, 'clip_param': 0.3, 'kl_coeff': 0.2, 'multiagent': {'policy_graphs': {}, 'policy_mapping_fn': None, 'policies_to_train': None}, 'input_evaluation': None, 'output': None, 'collect_metrics_timeout': 180, 'num_cpus_per_worker': 1}",169.237.32.118,1,1379.18,9.854108572006226,"{'num_steps_sampled': 659200, 'load_time_ms': 1.259, 'default': {'kl': 0.014343172311782837, 'cur_lr': 0.0005000000237487257, 'total_loss': 0.2508549392223358, 'policy_loss': -0.02415127120912075, 'vf_explained_var': 0.9974163174629211, 'entropy': 2.254271984100342, 'cur_kl_coeff': 0.5272546410560608, 'vf_loss': 0.2674436867237091}, 'sample_time_ms': 9580.554, 'grad_time_ms': 276.18, 'update_time_ms': 4.739, 'num_steps_trained': 659200}",380.71269165860826,2019-04-02_08-44-50,kronos,71,659200,0,4078.089110136032,{},659200,412,412,4078.089110136032,497.51931804559143,1600,1554194690,{},0b32d2eec3344b1fbde4822793b2e447,79.68052543675833
False,504,"{'input': 'sampler', 'callbacks': {'on_train_result': None, 'on_sample_end': None, 'on_episode_step': None, 'on_episode_start': None, 'on_episode_end': None}, 'sample_batch_size': 200, 'clip_actions': False, 'clip_rewards': None, 'tf_session_args': {'inter_op_parallelism_threads': 2, 'intra_op_parallelism_threads': 2, 'device_count': {'CPU': 1}, 'log_device_placement': False, 'allow_soft_placement': True, 'gpu_options': {'allow_growth': True}}, 'kl_target': 0.01, 'horizon': 1500, 'lr': 0.0005, 'sample_async': False, 'simple_optimizer': False, 'compress_observations': False, 'num_envs_per_worker': 1, 'gamma': 0.99, 'sgd_minibatch_size': 128, 'observation_filter': 'NoFilter', 'entropy_coeff': 0.0, 'batch_mode': 'truncate_episodes', 'straggler_mitigation': False, 'vf_share_layers': False, 'num_gpus': 0, 'synchronize_filters': True, 'num_sgd_iter': 10, 'train_batch_size': 1500, 'optimizer': {}, 'num_gpus_per_worker': 0, 'preprocessor_pref': 'deepmind', 'num_cpus_for_driver': 1, 'lr_schedule': None, 'use_gae': True, 'lambda': 0.97, 'vf_loss_coeff': 1.0, 'vf_clip_param': 1000000.0, 'log_level': 'INFO', 'env_config': {'run': 'PPO', 'flow_params': '{\n    ""env"": {\n        ""additional_params"": {\n            ""max_accel"": 3,\n            ""max_decel"": 3,\n            ""sort_vehicles"": false,\n            ""target_velocity"": 20\n        },\n        ""evaluate"": false,\n        ""horizon"": 1500,\n        ""sims_per_step"": 1,\n        ""warmup_steps"": 0\n    },\n    ""env_name"": ""AccelEnv"",\n    ""exp_tag"": ""figure_eight_0"",\n    ""initial"": {\n        ""additional_params"": {},\n        ""bunching"": 0,\n        ""edges_distribution"": ""all"",\n        ""lanes_distribution"": Infinity,\n        ""min_gap"": 0,\n        ""perturbation"": 0.0,\n        ""shuffle"": false,\n        ""spacing"": ""uniform"",\n        ""x0"": 0\n    },\n    ""net"": {\n        ""additional_params"": {\n            ""lanes"": 1,\n            ""radius_ring"": 30,\n            ""resolution"": 40,\n            ""speed_limit"": 30\n        },\n        ""inflows"": {\n            ""_InFlows__flows"": [],\n            ""num_flows"": 0\n        },\n        ""netfile"": null,\n        ""no_internal_links"": false,\n        ""osm_path"": null\n    },\n    ""scenario"": ""Figure8Scenario"",\n    ""sim"": {\n        ""emission_path"": null,\n        ""lateral_resolution"": null,\n        ""no_step_log"": true,\n        ""num_clients"": 1,\n        ""overtake_right"": false,\n        ""port"": null,\n        ""print_warnings"": true,\n        ""pxpm"": 2,\n        ""render"": false,\n        ""restart_instance"": false,\n        ""save_render"": false,\n        ""seed"": null,\n        ""show_radius"": false,\n        ""sight_radius"": 25,\n        ""sim_step"": 0.1,\n        ""teleport_time"": -1\n    },\n    ""simulator"": ""traci"",\n    ""veh"": [\n        {\n            ""acceleration_controller"": [\n                ""IDMController"",\n                {\n                    ""noise"": 0.2\n                }\n            ],\n            ""car_following_params"": {\n                ""controller_params"": {\n                    ""accel"": 1.0,\n                    ""carFollowModel"": ""IDM"",\n                    ""decel"": 1.5,\n                    ""impatience"": 0.5,\n                    ""maxSpeed"": 30,\n                    ""minGap"": 2.5,\n                    ""sigma"": 0.5,\n                    ""speedDev"": 0.1,\n                    ""speedFactor"": 1.0,\n                    ""tau"": 1.0\n                },\n                ""speed_mode"": 1\n            },\n            ""initial_speed"": 0,\n            ""lane_change_controller"": [\n                ""SimLaneChangeController"",\n                {}\n            ],\n            ""lane_change_params"": {\n                ""controller_params"": {\n                    ""laneChangeModel"": ""LC2013"",\n                    ""lcCooperative"": ""1.0"",\n                    ""lcKeepRight"": ""1.0"",\n                    ""lcSpeedGain"": ""1.0"",\n                    ""lcStrategic"": ""1.0""\n                },\n                ""lane_change_mode"": 512\n            },\n            ""num_vehicles"": 13,\n            ""routing_controller"": [\n                ""ContinuousRouter"",\n                {}\n            ],\n            ""veh_id"": ""human""\n        },\n        {\n            ""acceleration_controller"": [\n                ""RLController"",\n                {}\n            ],\n            ""car_following_params"": {\n                ""controller_params"": {\n                    ""accel"": 1.0,\n                    ""carFollowModel"": ""IDM"",\n                    ""decel"": 1.5,\n                    ""impatience"": 0.5,\n                    ""maxSpeed"": 30,\n                    ""minGap"": 2.5,\n                    ""sigma"": 0.5,\n                    ""speedDev"": 0.1,\n                    ""speedFactor"": 1.0,\n                    ""tau"": 1.0\n                },\n                ""speed_mode"": 1\n            },\n            ""initial_speed"": 0,\n            ""lane_change_controller"": [\n                ""SimLaneChangeController"",\n                {}\n            ],\n            ""lane_change_params"": {\n                ""controller_params"": {\n                    ""laneChangeModel"": ""LC2013"",\n                    ""lcCooperative"": ""1.0"",\n                    ""lcKeepRight"": ""1.0"",\n                    ""lcSpeedGain"": ""1.0"",\n                    ""lcStrategic"": ""1.0""\n                },\n                ""lane_change_mode"": 512\n            },\n            ""num_vehicles"": 1,\n            ""routing_controller"": [\n                ""ContinuousRouter"",\n                {}\n            ],\n            ""veh_id"": ""rl""\n        }\n    ]\n}'}, 'env': 'AccelEnv-v0', 'local_evaluator_tf_session_args': {'inter_op_parallelism_threads': 8, 'intra_op_parallelism_threads': 8}, 'model': {'free_log_std': False, 'custom_options': {}, 'framestack': True, 'channel_major': False, 'max_seq_len': 20, 'lstm_use_prev_action_reward': False, 'squash_to_range': False, 'dim': 84, 'grayscale': False, 'fcnet_hiddens': [100, 50, 25], 'use_lstm': False, 'custom_model': None, 'fcnet_activation': 'tanh', 'conv_filters': None, 'conv_activation': 'relu', 'lstm_cell_size': 256, 'zero_mean': True, 'custom_preprocessor': None}, 'output_compress_columns': ['obs', 'new_obs'], 'monitor': False, 'custom_resources_per_worker': {}, 'output_max_file_size': 67108864, 'num_workers': 1, 'clip_param': 0.3, 'kl_coeff': 0.2, 'multiagent': {'policy_graphs': {}, 'policy_mapping_fn': None, 'policies_to_train': None}, 'input_evaluation': None, 'output': None, 'collect_metrics_timeout': 180, 'num_cpus_per_worker': 1}",169.237.32.118,1,1379.18,9.965972900390625,"{'num_steps_sampled': 660800, 'load_time_ms': 1.285, 'default': {'kl': 0.012073387391865253, 'cur_lr': 0.0005000000237487257, 'total_loss': 0.4702928364276886, 'policy_loss': -0.03327319398522377, 'vf_explained_var': 0.9819540977478027, 'entropy': 2.25508713722229, 'cur_kl_coeff': 0.5272546410560608, 'vf_loss': 0.49720028042793274}, 'sample_time_ms': 9602.863, 'grad_time_ms': 277.529, 'update_time_ms': 4.812, 'num_steps_trained': 660800}",380.625525775706,2019-04-02_08-45-00,kronos,71,660800,0,4088.0550830364227,{},660800,413,413,4088.0550830364227,497.51931804559143,1600,1554194700,{},0b32d2eec3344b1fbde4822793b2e447,79.68052543675833
False,505,"{'input': 'sampler', 'callbacks': {'on_train_result': None, 'on_sample_end': None, 'on_episode_step': None, 'on_episode_start': None, 'on_episode_end': None}, 'sample_batch_size': 200, 'clip_actions': False, 'clip_rewards': None, 'tf_session_args': {'inter_op_parallelism_threads': 2, 'intra_op_parallelism_threads': 2, 'device_count': {'CPU': 1}, 'log_device_placement': False, 'allow_soft_placement': True, 'gpu_options': {'allow_growth': True}}, 'kl_target': 0.01, 'horizon': 1500, 'lr': 0.0005, 'sample_async': False, 'simple_optimizer': False, 'compress_observations': False, 'num_envs_per_worker': 1, 'gamma': 0.99, 'sgd_minibatch_size': 128, 'observation_filter': 'NoFilter', 'entropy_coeff': 0.0, 'batch_mode': 'truncate_episodes', 'straggler_mitigation': False, 'vf_share_layers': False, 'num_gpus': 0, 'synchronize_filters': True, 'num_sgd_iter': 10, 'train_batch_size': 1500, 'optimizer': {}, 'num_gpus_per_worker': 0, 'preprocessor_pref': 'deepmind', 'num_cpus_for_driver': 1, 'lr_schedule': None, 'use_gae': True, 'lambda': 0.97, 'vf_loss_coeff': 1.0, 'vf_clip_param': 1000000.0, 'log_level': 'INFO', 'env_config': {'run': 'PPO', 'flow_params': '{\n    ""env"": {\n        ""additional_params"": {\n            ""max_accel"": 3,\n            ""max_decel"": 3,\n            ""sort_vehicles"": false,\n            ""target_velocity"": 20\n        },\n        ""evaluate"": false,\n        ""horizon"": 1500,\n        ""sims_per_step"": 1,\n        ""warmup_steps"": 0\n    },\n    ""env_name"": ""AccelEnv"",\n    ""exp_tag"": ""figure_eight_0"",\n    ""initial"": {\n        ""additional_params"": {},\n        ""bunching"": 0,\n        ""edges_distribution"": ""all"",\n        ""lanes_distribution"": Infinity,\n        ""min_gap"": 0,\n        ""perturbation"": 0.0,\n        ""shuffle"": false,\n        ""spacing"": ""uniform"",\n        ""x0"": 0\n    },\n    ""net"": {\n        ""additional_params"": {\n            ""lanes"": 1,\n            ""radius_ring"": 30,\n            ""resolution"": 40,\n            ""speed_limit"": 30\n        },\n        ""inflows"": {\n            ""_InFlows__flows"": [],\n            ""num_flows"": 0\n        },\n        ""netfile"": null,\n        ""no_internal_links"": false,\n        ""osm_path"": null\n    },\n    ""scenario"": ""Figure8Scenario"",\n    ""sim"": {\n        ""emission_path"": null,\n        ""lateral_resolution"": null,\n        ""no_step_log"": true,\n        ""num_clients"": 1,\n        ""overtake_right"": false,\n        ""port"": null,\n        ""print_warnings"": true,\n        ""pxpm"": 2,\n        ""render"": false,\n        ""restart_instance"": false,\n        ""save_render"": false,\n        ""seed"": null,\n        ""show_radius"": false,\n        ""sight_radius"": 25,\n        ""sim_step"": 0.1,\n        ""teleport_time"": -1\n    },\n    ""simulator"": ""traci"",\n    ""veh"": [\n        {\n            ""acceleration_controller"": [\n                ""IDMController"",\n                {\n                    ""noise"": 0.2\n                }\n            ],\n            ""car_following_params"": {\n                ""controller_params"": {\n                    ""accel"": 1.0,\n                    ""carFollowModel"": ""IDM"",\n                    ""decel"": 1.5,\n                    ""impatience"": 0.5,\n                    ""maxSpeed"": 30,\n                    ""minGap"": 2.5,\n                    ""sigma"": 0.5,\n                    ""speedDev"": 0.1,\n                    ""speedFactor"": 1.0,\n                    ""tau"": 1.0\n                },\n                ""speed_mode"": 1\n            },\n            ""initial_speed"": 0,\n            ""lane_change_controller"": [\n                ""SimLaneChangeController"",\n                {}\n            ],\n            ""lane_change_params"": {\n                ""controller_params"": {\n                    ""laneChangeModel"": ""LC2013"",\n                    ""lcCooperative"": ""1.0"",\n                    ""lcKeepRight"": ""1.0"",\n                    ""lcSpeedGain"": ""1.0"",\n                    ""lcStrategic"": ""1.0""\n                },\n                ""lane_change_mode"": 512\n            },\n            ""num_vehicles"": 13,\n            ""routing_controller"": [\n                ""ContinuousRouter"",\n                {}\n            ],\n            ""veh_id"": ""human""\n        },\n        {\n            ""acceleration_controller"": [\n                ""RLController"",\n                {}\n            ],\n            ""car_following_params"": {\n                ""controller_params"": {\n                    ""accel"": 1.0,\n                    ""carFollowModel"": ""IDM"",\n                    ""decel"": 1.5,\n                    ""impatience"": 0.5,\n                    ""maxSpeed"": 30,\n                    ""minGap"": 2.5,\n                    ""sigma"": 0.5,\n                    ""speedDev"": 0.1,\n                    ""speedFactor"": 1.0,\n                    ""tau"": 1.0\n                },\n                ""speed_mode"": 1\n            },\n            ""initial_speed"": 0,\n            ""lane_change_controller"": [\n                ""SimLaneChangeController"",\n                {}\n            ],\n            ""lane_change_params"": {\n                ""controller_params"": {\n                    ""laneChangeModel"": ""LC2013"",\n                    ""lcCooperative"": ""1.0"",\n                    ""lcKeepRight"": ""1.0"",\n                    ""lcSpeedGain"": ""1.0"",\n                    ""lcStrategic"": ""1.0""\n                },\n                ""lane_change_mode"": 512\n            },\n            ""num_vehicles"": 1,\n            ""routing_controller"": [\n                ""ContinuousRouter"",\n                {}\n            ],\n            ""veh_id"": ""rl""\n        }\n    ]\n}'}, 'env': 'AccelEnv-v0', 'local_evaluator_tf_session_args': {'inter_op_parallelism_threads': 8, 'intra_op_parallelism_threads': 8}, 'model': {'free_log_std': False, 'custom_options': {}, 'framestack': True, 'channel_major': False, 'max_seq_len': 20, 'lstm_use_prev_action_reward': False, 'squash_to_range': False, 'dim': 84, 'grayscale': False, 'fcnet_hiddens': [100, 50, 25], 'use_lstm': False, 'custom_model': None, 'fcnet_activation': 'tanh', 'conv_filters': None, 'conv_activation': 'relu', 'lstm_cell_size': 256, 'zero_mean': True, 'custom_preprocessor': None}, 'output_compress_columns': ['obs', 'new_obs'], 'monitor': False, 'custom_resources_per_worker': {}, 'output_max_file_size': 67108864, 'num_workers': 1, 'clip_param': 0.3, 'kl_coeff': 0.2, 'multiagent': {'policy_graphs': {}, 'policy_mapping_fn': None, 'policies_to_train': None}, 'input_evaluation': None, 'output': None, 'collect_metrics_timeout': 180, 'num_cpus_per_worker': 1}",169.237.32.118,1,1379.18,9.851839303970337,"{'num_steps_sampled': 662400, 'load_time_ms': 1.261, 'default': {'kl': 0.01109989732503891, 'cur_lr': 0.0005000000237487257, 'total_loss': 0.5237880349159241, 'policy_loss': -0.02274116314947605, 'vf_explained_var': 0.980302095413208, 'entropy': 2.2523741722106934, 'cur_kl_coeff': 0.5272546410560608, 'vf_loss': 0.5406766533851624}, 'sample_time_ms': 9594.192, 'grad_time_ms': 277.541, 'update_time_ms': 4.736, 'num_steps_trained': 662400}",379.6811802910299,2019-04-02_08-45-10,kronos,71,662400,0,4097.906922340393,{},662400,414,414,4097.906922340393,467.9840311786942,1600,1554194710,{},0b32d2eec3344b1fbde4822793b2e447,79.68052543675833
False,507,"{'input': 'sampler', 'callbacks': {'on_train_result': None, 'on_sample_end': None, 'on_episode_step': None, 'on_episode_start': None, 'on_episode_end': None}, 'sample_batch_size': 200, 'clip_actions': False, 'clip_rewards': None, 'tf_session_args': {'inter_op_parallelism_threads': 2, 'intra_op_parallelism_threads': 2, 'device_count': {'CPU': 1}, 'log_device_placement': False, 'allow_soft_placement': True, 'gpu_options': {'allow_growth': True}}, 'kl_target': 0.01, 'horizon': 1500, 'lr': 0.0005, 'sample_async': False, 'simple_optimizer': False, 'compress_observations': False, 'num_envs_per_worker': 1, 'gamma': 0.99, 'sgd_minibatch_size': 128, 'observation_filter': 'NoFilter', 'entropy_coeff': 0.0, 'batch_mode': 'truncate_episodes', 'straggler_mitigation': False, 'vf_share_layers': False, 'num_gpus': 0, 'synchronize_filters': True, 'num_sgd_iter': 10, 'train_batch_size': 1500, 'optimizer': {}, 'num_gpus_per_worker': 0, 'preprocessor_pref': 'deepmind', 'num_cpus_for_driver': 1, 'lr_schedule': None, 'use_gae': True, 'lambda': 0.97, 'vf_loss_coeff': 1.0, 'vf_clip_param': 1000000.0, 'log_level': 'INFO', 'env_config': {'run': 'PPO', 'flow_params': '{\n    ""env"": {\n        ""additional_params"": {\n            ""max_accel"": 3,\n            ""max_decel"": 3,\n            ""sort_vehicles"": false,\n            ""target_velocity"": 20\n        },\n        ""evaluate"": false,\n        ""horizon"": 1500,\n        ""sims_per_step"": 1,\n        ""warmup_steps"": 0\n    },\n    ""env_name"": ""AccelEnv"",\n    ""exp_tag"": ""figure_eight_0"",\n    ""initial"": {\n        ""additional_params"": {},\n        ""bunching"": 0,\n        ""edges_distribution"": ""all"",\n        ""lanes_distribution"": Infinity,\n        ""min_gap"": 0,\n        ""perturbation"": 0.0,\n        ""shuffle"": false,\n        ""spacing"": ""uniform"",\n        ""x0"": 0\n    },\n    ""net"": {\n        ""additional_params"": {\n            ""lanes"": 1,\n            ""radius_ring"": 30,\n            ""resolution"": 40,\n            ""speed_limit"": 30\n        },\n        ""inflows"": {\n            ""_InFlows__flows"": [],\n            ""num_flows"": 0\n        },\n        ""netfile"": null,\n        ""no_internal_links"": false,\n        ""osm_path"": null\n    },\n    ""scenario"": ""Figure8Scenario"",\n    ""sim"": {\n        ""emission_path"": null,\n        ""lateral_resolution"": null,\n        ""no_step_log"": true,\n        ""num_clients"": 1,\n        ""overtake_right"": false,\n        ""port"": null,\n        ""print_warnings"": true,\n        ""pxpm"": 2,\n        ""render"": false,\n        ""restart_instance"": false,\n        ""save_render"": false,\n        ""seed"": null,\n        ""show_radius"": false,\n        ""sight_radius"": 25,\n        ""sim_step"": 0.1,\n        ""teleport_time"": -1\n    },\n    ""simulator"": ""traci"",\n    ""veh"": [\n        {\n            ""acceleration_controller"": [\n                ""IDMController"",\n                {\n                    ""noise"": 0.2\n                }\n            ],\n            ""car_following_params"": {\n                ""controller_params"": {\n                    ""accel"": 1.0,\n                    ""carFollowModel"": ""IDM"",\n                    ""decel"": 1.5,\n                    ""impatience"": 0.5,\n                    ""maxSpeed"": 30,\n                    ""minGap"": 2.5,\n                    ""sigma"": 0.5,\n                    ""speedDev"": 0.1,\n                    ""speedFactor"": 1.0,\n                    ""tau"": 1.0\n                },\n                ""speed_mode"": 1\n            },\n            ""initial_speed"": 0,\n            ""lane_change_controller"": [\n                ""SimLaneChangeController"",\n                {}\n            ],\n            ""lane_change_params"": {\n                ""controller_params"": {\n                    ""laneChangeModel"": ""LC2013"",\n                    ""lcCooperative"": ""1.0"",\n                    ""lcKeepRight"": ""1.0"",\n                    ""lcSpeedGain"": ""1.0"",\n                    ""lcStrategic"": ""1.0""\n                },\n                ""lane_change_mode"": 512\n            },\n            ""num_vehicles"": 13,\n            ""routing_controller"": [\n                ""ContinuousRouter"",\n                {}\n            ],\n            ""veh_id"": ""human""\n        },\n        {\n            ""acceleration_controller"": [\n                ""RLController"",\n                {}\n            ],\n            ""car_following_params"": {\n                ""controller_params"": {\n                    ""accel"": 1.0,\n                    ""carFollowModel"": ""IDM"",\n                    ""decel"": 1.5,\n                    ""impatience"": 0.5,\n                    ""maxSpeed"": 30,\n                    ""minGap"": 2.5,\n                    ""sigma"": 0.5,\n                    ""speedDev"": 0.1,\n                    ""speedFactor"": 1.0,\n                    ""tau"": 1.0\n                },\n                ""speed_mode"": 1\n            },\n            ""initial_speed"": 0,\n            ""lane_change_controller"": [\n                ""SimLaneChangeController"",\n                {}\n            ],\n            ""lane_change_params"": {\n                ""controller_params"": {\n                    ""laneChangeModel"": ""LC2013"",\n                    ""lcCooperative"": ""1.0"",\n                    ""lcKeepRight"": ""1.0"",\n                    ""lcSpeedGain"": ""1.0"",\n                    ""lcStrategic"": ""1.0""\n                },\n                ""lane_change_mode"": 512\n            },\n            ""num_vehicles"": 1,\n            ""routing_controller"": [\n                ""ContinuousRouter"",\n                {}\n            ],\n            ""veh_id"": ""rl""\n        }\n    ]\n}'}, 'env': 'AccelEnv-v0', 'local_evaluator_tf_session_args': {'inter_op_parallelism_threads': 8, 'intra_op_parallelism_threads': 8}, 'model': {'free_log_std': False, 'custom_options': {}, 'framestack': True, 'channel_major': False, 'max_seq_len': 20, 'lstm_use_prev_action_reward': False, 'squash_to_range': False, 'dim': 84, 'grayscale': False, 'fcnet_hiddens': [100, 50, 25], 'use_lstm': False, 'custom_model': None, 'fcnet_activation': 'tanh', 'conv_filters': None, 'conv_activation': 'relu', 'lstm_cell_size': 256, 'zero_mean': True, 'custom_preprocessor': None}, 'output_compress_columns': ['obs', 'new_obs'], 'monitor': False, 'custom_resources_per_worker': {}, 'output_max_file_size': 67108864, 'num_workers': 1, 'clip_param': 0.3, 'kl_coeff': 0.2, 'multiagent': {'policy_graphs': {}, 'policy_mapping_fn': None, 'policies_to_train': None}, 'input_evaluation': None, 'output': None, 'collect_metrics_timeout': 180, 'num_cpus_per_worker': 1}",169.237.32.118,2,1390.69,9.812123775482178,"{'num_steps_sampled': 664000, 'load_time_ms': 1.241, 'default': {'kl': 0.00782768614590168, 'cur_lr': 0.0005000000237487257, 'total_loss': 2.1358888149261475, 'policy_loss': -0.0009910404914990067, 'vf_explained_var': 0.9597876667976379, 'entropy': 2.3054544925689697, 'cur_kl_coeff': 0.5272546410560608, 'vf_loss': 2.1327526569366455}, 'sample_time_ms': 9578.466, 'grad_time_ms': 276.336, 'update_time_ms': 4.827, 'num_steps_trained': 664000}",383.8204364273304,2019-04-02_08-45-20,kronos,71,664000,0,4107.719046115875,{},664000,415,415,4107.719046115875,467.9840311786942,1600,1554194720,{},0b32d2eec3344b1fbde4822793b2e447,79.68052543675833
False,508,"{'input': 'sampler', 'callbacks': {'on_train_result': None, 'on_sample_end': None, 'on_episode_step': None, 'on_episode_start': None, 'on_episode_end': None}, 'sample_batch_size': 200, 'clip_actions': False, 'clip_rewards': None, 'tf_session_args': {'inter_op_parallelism_threads': 2, 'intra_op_parallelism_threads': 2, 'device_count': {'CPU': 1}, 'log_device_placement': False, 'allow_soft_placement': True, 'gpu_options': {'allow_growth': True}}, 'kl_target': 0.01, 'horizon': 1500, 'lr': 0.0005, 'sample_async': False, 'simple_optimizer': False, 'compress_observations': False, 'num_envs_per_worker': 1, 'gamma': 0.99, 'sgd_minibatch_size': 128, 'observation_filter': 'NoFilter', 'entropy_coeff': 0.0, 'batch_mode': 'truncate_episodes', 'straggler_mitigation': False, 'vf_share_layers': False, 'num_gpus': 0, 'synchronize_filters': True, 'num_sgd_iter': 10, 'train_batch_size': 1500, 'optimizer': {}, 'num_gpus_per_worker': 0, 'preprocessor_pref': 'deepmind', 'num_cpus_for_driver': 1, 'lr_schedule': None, 'use_gae': True, 'lambda': 0.97, 'vf_loss_coeff': 1.0, 'vf_clip_param': 1000000.0, 'log_level': 'INFO', 'env_config': {'run': 'PPO', 'flow_params': '{\n    ""env"": {\n        ""additional_params"": {\n            ""max_accel"": 3,\n            ""max_decel"": 3,\n            ""sort_vehicles"": false,\n            ""target_velocity"": 20\n        },\n        ""evaluate"": false,\n        ""horizon"": 1500,\n        ""sims_per_step"": 1,\n        ""warmup_steps"": 0\n    },\n    ""env_name"": ""AccelEnv"",\n    ""exp_tag"": ""figure_eight_0"",\n    ""initial"": {\n        ""additional_params"": {},\n        ""bunching"": 0,\n        ""edges_distribution"": ""all"",\n        ""lanes_distribution"": Infinity,\n        ""min_gap"": 0,\n        ""perturbation"": 0.0,\n        ""shuffle"": false,\n        ""spacing"": ""uniform"",\n        ""x0"": 0\n    },\n    ""net"": {\n        ""additional_params"": {\n            ""lanes"": 1,\n            ""radius_ring"": 30,\n            ""resolution"": 40,\n            ""speed_limit"": 30\n        },\n        ""inflows"": {\n            ""_InFlows__flows"": [],\n            ""num_flows"": 0\n        },\n        ""netfile"": null,\n        ""no_internal_links"": false,\n        ""osm_path"": null\n    },\n    ""scenario"": ""Figure8Scenario"",\n    ""sim"": {\n        ""emission_path"": null,\n        ""lateral_resolution"": null,\n        ""no_step_log"": true,\n        ""num_clients"": 1,\n        ""overtake_right"": false,\n        ""port"": null,\n        ""print_warnings"": true,\n        ""pxpm"": 2,\n        ""render"": false,\n        ""restart_instance"": false,\n        ""save_render"": false,\n        ""seed"": null,\n        ""show_radius"": false,\n        ""sight_radius"": 25,\n        ""sim_step"": 0.1,\n        ""teleport_time"": -1\n    },\n    ""simulator"": ""traci"",\n    ""veh"": [\n        {\n            ""acceleration_controller"": [\n                ""IDMController"",\n                {\n                    ""noise"": 0.2\n                }\n            ],\n            ""car_following_params"": {\n                ""controller_params"": {\n                    ""accel"": 1.0,\n                    ""carFollowModel"": ""IDM"",\n                    ""decel"": 1.5,\n                    ""impatience"": 0.5,\n                    ""maxSpeed"": 30,\n                    ""minGap"": 2.5,\n                    ""sigma"": 0.5,\n                    ""speedDev"": 0.1,\n                    ""speedFactor"": 1.0,\n                    ""tau"": 1.0\n                },\n                ""speed_mode"": 1\n            },\n            ""initial_speed"": 0,\n            ""lane_change_controller"": [\n                ""SimLaneChangeController"",\n                {}\n            ],\n            ""lane_change_params"": {\n                ""controller_params"": {\n                    ""laneChangeModel"": ""LC2013"",\n                    ""lcCooperative"": ""1.0"",\n                    ""lcKeepRight"": ""1.0"",\n                    ""lcSpeedGain"": ""1.0"",\n                    ""lcStrategic"": ""1.0""\n                },\n                ""lane_change_mode"": 512\n            },\n            ""num_vehicles"": 13,\n            ""routing_controller"": [\n                ""ContinuousRouter"",\n                {}\n            ],\n            ""veh_id"": ""human""\n        },\n        {\n            ""acceleration_controller"": [\n                ""RLController"",\n                {}\n            ],\n            ""car_following_params"": {\n                ""controller_params"": {\n                    ""accel"": 1.0,\n                    ""carFollowModel"": ""IDM"",\n                    ""decel"": 1.5,\n                    ""impatience"": 0.5,\n                    ""maxSpeed"": 30,\n                    ""minGap"": 2.5,\n                    ""sigma"": 0.5,\n                    ""speedDev"": 0.1,\n                    ""speedFactor"": 1.0,\n                    ""tau"": 1.0\n                },\n                ""speed_mode"": 1\n            },\n            ""initial_speed"": 0,\n            ""lane_change_controller"": [\n                ""SimLaneChangeController"",\n                {}\n            ],\n            ""lane_change_params"": {\n                ""controller_params"": {\n                    ""laneChangeModel"": ""LC2013"",\n                    ""lcCooperative"": ""1.0"",\n                    ""lcKeepRight"": ""1.0"",\n                    ""lcSpeedGain"": ""1.0"",\n                    ""lcStrategic"": ""1.0""\n                },\n                ""lane_change_mode"": 512\n            },\n            ""num_vehicles"": 1,\n            ""routing_controller"": [\n                ""ContinuousRouter"",\n                {}\n            ],\n            ""veh_id"": ""rl""\n        }\n    ]\n}'}, 'env': 'AccelEnv-v0', 'local_evaluator_tf_session_args': {'inter_op_parallelism_threads': 8, 'intra_op_parallelism_threads': 8}, 'model': {'free_log_std': False, 'custom_options': {}, 'framestack': True, 'channel_major': False, 'max_seq_len': 20, 'lstm_use_prev_action_reward': False, 'squash_to_range': False, 'dim': 84, 'grayscale': False, 'fcnet_hiddens': [100, 50, 25], 'use_lstm': False, 'custom_model': None, 'fcnet_activation': 'tanh', 'conv_filters': None, 'conv_activation': 'relu', 'lstm_cell_size': 256, 'zero_mean': True, 'custom_preprocessor': None}, 'output_compress_columns': ['obs', 'new_obs'], 'monitor': False, 'custom_resources_per_worker': {}, 'output_max_file_size': 67108864, 'num_workers': 1, 'clip_param': 0.3, 'kl_coeff': 0.2, 'multiagent': {'policy_graphs': {}, 'policy_mapping_fn': None, 'policies_to_train': None}, 'input_evaluation': None, 'output': None, 'collect_metrics_timeout': 180, 'num_cpus_per_worker': 1}",169.237.32.118,1,1390.69,10.08711838722229,"{'num_steps_sampled': 665600, 'load_time_ms': 1.226, 'default': {'kl': 0.007984203286468983, 'cur_lr': 0.0005000000237487257, 'total_loss': 0.7142830491065979, 'policy_loss': -0.017668118700385094, 'vf_explained_var': 0.9765385985374451, 'entropy': 2.171095609664917, 'cur_kl_coeff': 0.5272546410560608, 'vf_loss': 0.727741539478302}, 'sample_time_ms': 9600.965, 'grad_time_ms': 275.681, 'update_time_ms': 4.893, 'num_steps_trained': 665600}",383.7333950030724,2019-04-02_08-45-30,kronos,71,665600,0,4117.8061645030975,{},665600,416,416,4117.8061645030975,467.9840311786942,1600,1554194730,{},0b32d2eec3344b1fbde4822793b2e447,79.68052543675833
False,510,"{'input': 'sampler', 'callbacks': {'on_train_result': None, 'on_sample_end': None, 'on_episode_step': None, 'on_episode_start': None, 'on_episode_end': None}, 'sample_batch_size': 200, 'clip_actions': False, 'clip_rewards': None, 'tf_session_args': {'inter_op_parallelism_threads': 2, 'intra_op_parallelism_threads': 2, 'device_count': {'CPU': 1}, 'log_device_placement': False, 'allow_soft_placement': True, 'gpu_options': {'allow_growth': True}}, 'kl_target': 0.01, 'horizon': 1500, 'lr': 0.0005, 'sample_async': False, 'simple_optimizer': False, 'compress_observations': False, 'num_envs_per_worker': 1, 'gamma': 0.99, 'sgd_minibatch_size': 128, 'observation_filter': 'NoFilter', 'entropy_coeff': 0.0, 'batch_mode': 'truncate_episodes', 'straggler_mitigation': False, 'vf_share_layers': False, 'num_gpus': 0, 'synchronize_filters': True, 'num_sgd_iter': 10, 'train_batch_size': 1500, 'optimizer': {}, 'num_gpus_per_worker': 0, 'preprocessor_pref': 'deepmind', 'num_cpus_for_driver': 1, 'lr_schedule': None, 'use_gae': True, 'lambda': 0.97, 'vf_loss_coeff': 1.0, 'vf_clip_param': 1000000.0, 'log_level': 'INFO', 'env_config': {'run': 'PPO', 'flow_params': '{\n    ""env"": {\n        ""additional_params"": {\n            ""max_accel"": 3,\n            ""max_decel"": 3,\n            ""sort_vehicles"": false,\n            ""target_velocity"": 20\n        },\n        ""evaluate"": false,\n        ""horizon"": 1500,\n        ""sims_per_step"": 1,\n        ""warmup_steps"": 0\n    },\n    ""env_name"": ""AccelEnv"",\n    ""exp_tag"": ""figure_eight_0"",\n    ""initial"": {\n        ""additional_params"": {},\n        ""bunching"": 0,\n        ""edges_distribution"": ""all"",\n        ""lanes_distribution"": Infinity,\n        ""min_gap"": 0,\n        ""perturbation"": 0.0,\n        ""shuffle"": false,\n        ""spacing"": ""uniform"",\n        ""x0"": 0\n    },\n    ""net"": {\n        ""additional_params"": {\n            ""lanes"": 1,\n            ""radius_ring"": 30,\n            ""resolution"": 40,\n            ""speed_limit"": 30\n        },\n        ""inflows"": {\n            ""_InFlows__flows"": [],\n            ""num_flows"": 0\n        },\n        ""netfile"": null,\n        ""no_internal_links"": false,\n        ""osm_path"": null\n    },\n    ""scenario"": ""Figure8Scenario"",\n    ""sim"": {\n        ""emission_path"": null,\n        ""lateral_resolution"": null,\n        ""no_step_log"": true,\n        ""num_clients"": 1,\n        ""overtake_right"": false,\n        ""port"": null,\n        ""print_warnings"": true,\n        ""pxpm"": 2,\n        ""render"": false,\n        ""restart_instance"": false,\n        ""save_render"": false,\n        ""seed"": null,\n        ""show_radius"": false,\n        ""sight_radius"": 25,\n        ""sim_step"": 0.1,\n        ""teleport_time"": -1\n    },\n    ""simulator"": ""traci"",\n    ""veh"": [\n        {\n            ""acceleration_controller"": [\n                ""IDMController"",\n                {\n                    ""noise"": 0.2\n                }\n            ],\n            ""car_following_params"": {\n                ""controller_params"": {\n                    ""accel"": 1.0,\n                    ""carFollowModel"": ""IDM"",\n                    ""decel"": 1.5,\n                    ""impatience"": 0.5,\n                    ""maxSpeed"": 30,\n                    ""minGap"": 2.5,\n                    ""sigma"": 0.5,\n                    ""speedDev"": 0.1,\n                    ""speedFactor"": 1.0,\n                    ""tau"": 1.0\n                },\n                ""speed_mode"": 1\n            },\n            ""initial_speed"": 0,\n            ""lane_change_controller"": [\n                ""SimLaneChangeController"",\n                {}\n            ],\n            ""lane_change_params"": {\n                ""controller_params"": {\n                    ""laneChangeModel"": ""LC2013"",\n                    ""lcCooperative"": ""1.0"",\n                    ""lcKeepRight"": ""1.0"",\n                    ""lcSpeedGain"": ""1.0"",\n                    ""lcStrategic"": ""1.0""\n                },\n                ""lane_change_mode"": 512\n            },\n            ""num_vehicles"": 13,\n            ""routing_controller"": [\n                ""ContinuousRouter"",\n                {}\n            ],\n            ""veh_id"": ""human""\n        },\n        {\n            ""acceleration_controller"": [\n                ""RLController"",\n                {}\n            ],\n            ""car_following_params"": {\n                ""controller_params"": {\n                    ""accel"": 1.0,\n                    ""carFollowModel"": ""IDM"",\n                    ""decel"": 1.5,\n                    ""impatience"": 0.5,\n                    ""maxSpeed"": 30,\n                    ""minGap"": 2.5,\n                    ""sigma"": 0.5,\n                    ""speedDev"": 0.1,\n                    ""speedFactor"": 1.0,\n                    ""tau"": 1.0\n                },\n                ""speed_mode"": 1\n            },\n            ""initial_speed"": 0,\n            ""lane_change_controller"": [\n                ""SimLaneChangeController"",\n                {}\n            ],\n            ""lane_change_params"": {\n                ""controller_params"": {\n                    ""laneChangeModel"": ""LC2013"",\n                    ""lcCooperative"": ""1.0"",\n                    ""lcKeepRight"": ""1.0"",\n                    ""lcSpeedGain"": ""1.0"",\n                    ""lcStrategic"": ""1.0""\n                },\n                ""lane_change_mode"": 512\n            },\n            ""num_vehicles"": 1,\n            ""routing_controller"": [\n                ""ContinuousRouter"",\n                {}\n            ],\n            ""veh_id"": ""rl""\n        }\n    ]\n}'}, 'env': 'AccelEnv-v0', 'local_evaluator_tf_session_args': {'inter_op_parallelism_threads': 8, 'intra_op_parallelism_threads': 8}, 'model': {'free_log_std': False, 'custom_options': {}, 'framestack': True, 'channel_major': False, 'max_seq_len': 20, 'lstm_use_prev_action_reward': False, 'squash_to_range': False, 'dim': 84, 'grayscale': False, 'fcnet_hiddens': [100, 50, 25], 'use_lstm': False, 'custom_model': None, 'fcnet_activation': 'tanh', 'conv_filters': None, 'conv_activation': 'relu', 'lstm_cell_size': 256, 'zero_mean': True, 'custom_preprocessor': None}, 'output_compress_columns': ['obs', 'new_obs'], 'monitor': False, 'custom_resources_per_worker': {}, 'output_max_file_size': 67108864, 'num_workers': 1, 'clip_param': 0.3, 'kl_coeff': 0.2, 'multiagent': {'policy_graphs': {}, 'policy_mapping_fn': None, 'policies_to_train': None}, 'input_evaluation': None, 'output': None, 'collect_metrics_timeout': 180, 'num_cpus_per_worker': 1}",169.237.32.118,2,1378.11,9.919747829437256,"{'num_steps_sampled': 667200, 'load_time_ms': 1.211, 'default': {'kl': 0.01239156723022461, 'cur_lr': 0.0005000000237487257, 'total_loss': 3.508514642715454, 'policy_loss': -0.03228045627474785, 'vf_explained_var': 0.8795395493507385, 'entropy': 2.1481921672821045, 'cur_kl_coeff': 0.5272546410560608, 'vf_loss': 3.534261703491211}, 'sample_time_ms': 9605.935, 'grad_time_ms': 275.684, 'update_time_ms': 4.835, 'num_steps_trained': 667200}",380.283528305914,2019-04-02_08-45-40,kronos,71,667200,0,4127.725912332535,{},667200,417,417,4127.725912332535,467.9840311786942,1600,1554194740,{},0b32d2eec3344b1fbde4822793b2e447,69.87981902623255
False,511,"{'input': 'sampler', 'callbacks': {'on_train_result': None, 'on_sample_end': None, 'on_episode_step': None, 'on_episode_start': None, 'on_episode_end': None}, 'sample_batch_size': 200, 'clip_actions': False, 'clip_rewards': None, 'tf_session_args': {'inter_op_parallelism_threads': 2, 'intra_op_parallelism_threads': 2, 'device_count': {'CPU': 1}, 'log_device_placement': False, 'allow_soft_placement': True, 'gpu_options': {'allow_growth': True}}, 'kl_target': 0.01, 'horizon': 1500, 'lr': 0.0005, 'sample_async': False, 'simple_optimizer': False, 'compress_observations': False, 'num_envs_per_worker': 1, 'gamma': 0.99, 'sgd_minibatch_size': 128, 'observation_filter': 'NoFilter', 'entropy_coeff': 0.0, 'batch_mode': 'truncate_episodes', 'straggler_mitigation': False, 'vf_share_layers': False, 'num_gpus': 0, 'synchronize_filters': True, 'num_sgd_iter': 10, 'train_batch_size': 1500, 'optimizer': {}, 'num_gpus_per_worker': 0, 'preprocessor_pref': 'deepmind', 'num_cpus_for_driver': 1, 'lr_schedule': None, 'use_gae': True, 'lambda': 0.97, 'vf_loss_coeff': 1.0, 'vf_clip_param': 1000000.0, 'log_level': 'INFO', 'env_config': {'run': 'PPO', 'flow_params': '{\n    ""env"": {\n        ""additional_params"": {\n            ""max_accel"": 3,\n            ""max_decel"": 3,\n            ""sort_vehicles"": false,\n            ""target_velocity"": 20\n        },\n        ""evaluate"": false,\n        ""horizon"": 1500,\n        ""sims_per_step"": 1,\n        ""warmup_steps"": 0\n    },\n    ""env_name"": ""AccelEnv"",\n    ""exp_tag"": ""figure_eight_0"",\n    ""initial"": {\n        ""additional_params"": {},\n        ""bunching"": 0,\n        ""edges_distribution"": ""all"",\n        ""lanes_distribution"": Infinity,\n        ""min_gap"": 0,\n        ""perturbation"": 0.0,\n        ""shuffle"": false,\n        ""spacing"": ""uniform"",\n        ""x0"": 0\n    },\n    ""net"": {\n        ""additional_params"": {\n            ""lanes"": 1,\n            ""radius_ring"": 30,\n            ""resolution"": 40,\n            ""speed_limit"": 30\n        },\n        ""inflows"": {\n            ""_InFlows__flows"": [],\n            ""num_flows"": 0\n        },\n        ""netfile"": null,\n        ""no_internal_links"": false,\n        ""osm_path"": null\n    },\n    ""scenario"": ""Figure8Scenario"",\n    ""sim"": {\n        ""emission_path"": null,\n        ""lateral_resolution"": null,\n        ""no_step_log"": true,\n        ""num_clients"": 1,\n        ""overtake_right"": false,\n        ""port"": null,\n        ""print_warnings"": true,\n        ""pxpm"": 2,\n        ""render"": false,\n        ""restart_instance"": false,\n        ""save_render"": false,\n        ""seed"": null,\n        ""show_radius"": false,\n        ""sight_radius"": 25,\n        ""sim_step"": 0.1,\n        ""teleport_time"": -1\n    },\n    ""simulator"": ""traci"",\n    ""veh"": [\n        {\n            ""acceleration_controller"": [\n                ""IDMController"",\n                {\n                    ""noise"": 0.2\n                }\n            ],\n            ""car_following_params"": {\n                ""controller_params"": {\n                    ""accel"": 1.0,\n                    ""carFollowModel"": ""IDM"",\n                    ""decel"": 1.5,\n                    ""impatience"": 0.5,\n                    ""maxSpeed"": 30,\n                    ""minGap"": 2.5,\n                    ""sigma"": 0.5,\n                    ""speedDev"": 0.1,\n                    ""speedFactor"": 1.0,\n                    ""tau"": 1.0\n                },\n                ""speed_mode"": 1\n            },\n            ""initial_speed"": 0,\n            ""lane_change_controller"": [\n                ""SimLaneChangeController"",\n                {}\n            ],\n            ""lane_change_params"": {\n                ""controller_params"": {\n                    ""laneChangeModel"": ""LC2013"",\n                    ""lcCooperative"": ""1.0"",\n                    ""lcKeepRight"": ""1.0"",\n                    ""lcSpeedGain"": ""1.0"",\n                    ""lcStrategic"": ""1.0""\n                },\n                ""lane_change_mode"": 512\n            },\n            ""num_vehicles"": 13,\n            ""routing_controller"": [\n                ""ContinuousRouter"",\n                {}\n            ],\n            ""veh_id"": ""human""\n        },\n        {\n            ""acceleration_controller"": [\n                ""RLController"",\n                {}\n            ],\n            ""car_following_params"": {\n                ""controller_params"": {\n                    ""accel"": 1.0,\n                    ""carFollowModel"": ""IDM"",\n                    ""decel"": 1.5,\n                    ""impatience"": 0.5,\n                    ""maxSpeed"": 30,\n                    ""minGap"": 2.5,\n                    ""sigma"": 0.5,\n                    ""speedDev"": 0.1,\n                    ""speedFactor"": 1.0,\n                    ""tau"": 1.0\n                },\n                ""speed_mode"": 1\n            },\n            ""initial_speed"": 0,\n            ""lane_change_controller"": [\n                ""SimLaneChangeController"",\n                {}\n            ],\n            ""lane_change_params"": {\n                ""controller_params"": {\n                    ""laneChangeModel"": ""LC2013"",\n                    ""lcCooperative"": ""1.0"",\n                    ""lcKeepRight"": ""1.0"",\n                    ""lcSpeedGain"": ""1.0"",\n                    ""lcStrategic"": ""1.0""\n                },\n                ""lane_change_mode"": 512\n            },\n            ""num_vehicles"": 1,\n            ""routing_controller"": [\n                ""ContinuousRouter"",\n                {}\n            ],\n            ""veh_id"": ""rl""\n        }\n    ]\n}'}, 'env': 'AccelEnv-v0', 'local_evaluator_tf_session_args': {'inter_op_parallelism_threads': 8, 'intra_op_parallelism_threads': 8}, 'model': {'free_log_std': False, 'custom_options': {}, 'framestack': True, 'channel_major': False, 'max_seq_len': 20, 'lstm_use_prev_action_reward': False, 'squash_to_range': False, 'dim': 84, 'grayscale': False, 'fcnet_hiddens': [100, 50, 25], 'use_lstm': False, 'custom_model': None, 'fcnet_activation': 'tanh', 'conv_filters': None, 'conv_activation': 'relu', 'lstm_cell_size': 256, 'zero_mean': True, 'custom_preprocessor': None}, 'output_compress_columns': ['obs', 'new_obs'], 'monitor': False, 'custom_resources_per_worker': {}, 'output_max_file_size': 67108864, 'num_workers': 1, 'clip_param': 0.3, 'kl_coeff': 0.2, 'multiagent': {'policy_graphs': {}, 'policy_mapping_fn': None, 'policies_to_train': None}, 'input_evaluation': None, 'output': None, 'collect_metrics_timeout': 180, 'num_cpus_per_worker': 1}",169.237.32.118,1,1386.11,9.920899152755737,"{'num_steps_sampled': 668800, 'load_time_ms': 1.112, 'default': {'kl': 0.008433698676526546, 'cur_lr': 0.0005000000237487257, 'total_loss': 0.2637573778629303, 'policy_loss': -0.014493006281554699, 'vf_explained_var': 0.9954809546470642, 'entropy': 2.2193872928619385, 'cur_kl_coeff': 0.5272546410560608, 'vf_loss': 0.2738037109375}, 'sample_time_ms': 9614.729, 'grad_time_ms': 274.797, 'update_time_ms': 4.767, 'num_steps_trained': 668800}",382.2518461545609,2019-04-02_08-45-50,kronos,71,668800,0,4137.6468114852905,{},668800,418,418,4137.6468114852905,467.9840311786942,1600,1554194750,{},0b32d2eec3344b1fbde4822793b2e447,69.87981902623255
False,512,"{'input': 'sampler', 'callbacks': {'on_train_result': None, 'on_sample_end': None, 'on_episode_step': None, 'on_episode_start': None, 'on_episode_end': None}, 'sample_batch_size': 200, 'clip_actions': False, 'clip_rewards': None, 'tf_session_args': {'inter_op_parallelism_threads': 2, 'intra_op_parallelism_threads': 2, 'device_count': {'CPU': 1}, 'log_device_placement': False, 'allow_soft_placement': True, 'gpu_options': {'allow_growth': True}}, 'kl_target': 0.01, 'horizon': 1500, 'lr': 0.0005, 'sample_async': False, 'simple_optimizer': False, 'compress_observations': False, 'num_envs_per_worker': 1, 'gamma': 0.99, 'sgd_minibatch_size': 128, 'observation_filter': 'NoFilter', 'entropy_coeff': 0.0, 'batch_mode': 'truncate_episodes', 'straggler_mitigation': False, 'vf_share_layers': False, 'num_gpus': 0, 'synchronize_filters': True, 'num_sgd_iter': 10, 'train_batch_size': 1500, 'optimizer': {}, 'num_gpus_per_worker': 0, 'preprocessor_pref': 'deepmind', 'num_cpus_for_driver': 1, 'lr_schedule': None, 'use_gae': True, 'lambda': 0.97, 'vf_loss_coeff': 1.0, 'vf_clip_param': 1000000.0, 'log_level': 'INFO', 'env_config': {'run': 'PPO', 'flow_params': '{\n    ""env"": {\n        ""additional_params"": {\n            ""max_accel"": 3,\n            ""max_decel"": 3,\n            ""sort_vehicles"": false,\n            ""target_velocity"": 20\n        },\n        ""evaluate"": false,\n        ""horizon"": 1500,\n        ""sims_per_step"": 1,\n        ""warmup_steps"": 0\n    },\n    ""env_name"": ""AccelEnv"",\n    ""exp_tag"": ""figure_eight_0"",\n    ""initial"": {\n        ""additional_params"": {},\n        ""bunching"": 0,\n        ""edges_distribution"": ""all"",\n        ""lanes_distribution"": Infinity,\n        ""min_gap"": 0,\n        ""perturbation"": 0.0,\n        ""shuffle"": false,\n        ""spacing"": ""uniform"",\n        ""x0"": 0\n    },\n    ""net"": {\n        ""additional_params"": {\n            ""lanes"": 1,\n            ""radius_ring"": 30,\n            ""resolution"": 40,\n            ""speed_limit"": 30\n        },\n        ""inflows"": {\n            ""_InFlows__flows"": [],\n            ""num_flows"": 0\n        },\n        ""netfile"": null,\n        ""no_internal_links"": false,\n        ""osm_path"": null\n    },\n    ""scenario"": ""Figure8Scenario"",\n    ""sim"": {\n        ""emission_path"": null,\n        ""lateral_resolution"": null,\n        ""no_step_log"": true,\n        ""num_clients"": 1,\n        ""overtake_right"": false,\n        ""port"": null,\n        ""print_warnings"": true,\n        ""pxpm"": 2,\n        ""render"": false,\n        ""restart_instance"": false,\n        ""save_render"": false,\n        ""seed"": null,\n        ""show_radius"": false,\n        ""sight_radius"": 25,\n        ""sim_step"": 0.1,\n        ""teleport_time"": -1\n    },\n    ""simulator"": ""traci"",\n    ""veh"": [\n        {\n            ""acceleration_controller"": [\n                ""IDMController"",\n                {\n                    ""noise"": 0.2\n                }\n            ],\n            ""car_following_params"": {\n                ""controller_params"": {\n                    ""accel"": 1.0,\n                    ""carFollowModel"": ""IDM"",\n                    ""decel"": 1.5,\n                    ""impatience"": 0.5,\n                    ""maxSpeed"": 30,\n                    ""minGap"": 2.5,\n                    ""sigma"": 0.5,\n                    ""speedDev"": 0.1,\n                    ""speedFactor"": 1.0,\n                    ""tau"": 1.0\n                },\n                ""speed_mode"": 1\n            },\n            ""initial_speed"": 0,\n            ""lane_change_controller"": [\n                ""SimLaneChangeController"",\n                {}\n            ],\n            ""lane_change_params"": {\n                ""controller_params"": {\n                    ""laneChangeModel"": ""LC2013"",\n                    ""lcCooperative"": ""1.0"",\n                    ""lcKeepRight"": ""1.0"",\n                    ""lcSpeedGain"": ""1.0"",\n                    ""lcStrategic"": ""1.0""\n                },\n                ""lane_change_mode"": 512\n            },\n            ""num_vehicles"": 13,\n            ""routing_controller"": [\n                ""ContinuousRouter"",\n                {}\n            ],\n            ""veh_id"": ""human""\n        },\n        {\n            ""acceleration_controller"": [\n                ""RLController"",\n                {}\n            ],\n            ""car_following_params"": {\n                ""controller_params"": {\n                    ""accel"": 1.0,\n                    ""carFollowModel"": ""IDM"",\n                    ""decel"": 1.5,\n                    ""impatience"": 0.5,\n                    ""maxSpeed"": 30,\n                    ""minGap"": 2.5,\n                    ""sigma"": 0.5,\n                    ""speedDev"": 0.1,\n                    ""speedFactor"": 1.0,\n                    ""tau"": 1.0\n                },\n                ""speed_mode"": 1\n            },\n            ""initial_speed"": 0,\n            ""lane_change_controller"": [\n                ""SimLaneChangeController"",\n                {}\n            ],\n            ""lane_change_params"": {\n                ""controller_params"": {\n                    ""laneChangeModel"": ""LC2013"",\n                    ""lcCooperative"": ""1.0"",\n                    ""lcKeepRight"": ""1.0"",\n                    ""lcSpeedGain"": ""1.0"",\n                    ""lcStrategic"": ""1.0""\n                },\n                ""lane_change_mode"": 512\n            },\n            ""num_vehicles"": 1,\n            ""routing_controller"": [\n                ""ContinuousRouter"",\n                {}\n            ],\n            ""veh_id"": ""rl""\n        }\n    ]\n}'}, 'env': 'AccelEnv-v0', 'local_evaluator_tf_session_args': {'inter_op_parallelism_threads': 8, 'intra_op_parallelism_threads': 8}, 'model': {'free_log_std': False, 'custom_options': {}, 'framestack': True, 'channel_major': False, 'max_seq_len': 20, 'lstm_use_prev_action_reward': False, 'squash_to_range': False, 'dim': 84, 'grayscale': False, 'fcnet_hiddens': [100, 50, 25], 'use_lstm': False, 'custom_model': None, 'fcnet_activation': 'tanh', 'conv_filters': None, 'conv_activation': 'relu', 'lstm_cell_size': 256, 'zero_mean': True, 'custom_preprocessor': None}, 'output_compress_columns': ['obs', 'new_obs'], 'monitor': False, 'custom_resources_per_worker': {}, 'output_max_file_size': 67108864, 'num_workers': 1, 'clip_param': 0.3, 'kl_coeff': 0.2, 'multiagent': {'policy_graphs': {}, 'policy_mapping_fn': None, 'policies_to_train': None}, 'input_evaluation': None, 'output': None, 'collect_metrics_timeout': 180, 'num_cpus_per_worker': 1}",169.237.32.118,1,1386.11,9.922462224960327,"{'num_steps_sampled': 670400, 'load_time_ms': 1.088, 'default': {'kl': 0.008208135142922401, 'cur_lr': 0.0005000000237487257, 'total_loss': 0.6248868107795715, 'policy_loss': -0.008125262334942818, 'vf_explained_var': 0.9877862930297852, 'entropy': 2.3071320056915283, 'cur_kl_coeff': 0.5272546410560608, 'vf_loss': 0.6286842226982117}, 'sample_time_ms': 9621.222, 'grad_time_ms': 275.159, 'update_time_ms': 4.762, 'num_steps_trained': 670400}",382.65820554114123,2019-04-02_08-46-00,kronos,71,670400,0,4147.569273710251,{},670400,419,419,4147.569273710251,467.9840311786942,1600,1554194760,{},0b32d2eec3344b1fbde4822793b2e447,69.87981902623255
False,513,"{'input': 'sampler', 'callbacks': {'on_train_result': None, 'on_sample_end': None, 'on_episode_step': None, 'on_episode_start': None, 'on_episode_end': None}, 'sample_batch_size': 200, 'clip_actions': False, 'clip_rewards': None, 'tf_session_args': {'inter_op_parallelism_threads': 2, 'intra_op_parallelism_threads': 2, 'device_count': {'CPU': 1}, 'log_device_placement': False, 'allow_soft_placement': True, 'gpu_options': {'allow_growth': True}}, 'kl_target': 0.01, 'horizon': 1500, 'lr': 0.0005, 'sample_async': False, 'simple_optimizer': False, 'compress_observations': False, 'num_envs_per_worker': 1, 'gamma': 0.99, 'sgd_minibatch_size': 128, 'observation_filter': 'NoFilter', 'entropy_coeff': 0.0, 'batch_mode': 'truncate_episodes', 'straggler_mitigation': False, 'vf_share_layers': False, 'num_gpus': 0, 'synchronize_filters': True, 'num_sgd_iter': 10, 'train_batch_size': 1500, 'optimizer': {}, 'num_gpus_per_worker': 0, 'preprocessor_pref': 'deepmind', 'num_cpus_for_driver': 1, 'lr_schedule': None, 'use_gae': True, 'lambda': 0.97, 'vf_loss_coeff': 1.0, 'vf_clip_param': 1000000.0, 'log_level': 'INFO', 'env_config': {'run': 'PPO', 'flow_params': '{\n    ""env"": {\n        ""additional_params"": {\n            ""max_accel"": 3,\n            ""max_decel"": 3,\n            ""sort_vehicles"": false,\n            ""target_velocity"": 20\n        },\n        ""evaluate"": false,\n        ""horizon"": 1500,\n        ""sims_per_step"": 1,\n        ""warmup_steps"": 0\n    },\n    ""env_name"": ""AccelEnv"",\n    ""exp_tag"": ""figure_eight_0"",\n    ""initial"": {\n        ""additional_params"": {},\n        ""bunching"": 0,\n        ""edges_distribution"": ""all"",\n        ""lanes_distribution"": Infinity,\n        ""min_gap"": 0,\n        ""perturbation"": 0.0,\n        ""shuffle"": false,\n        ""spacing"": ""uniform"",\n        ""x0"": 0\n    },\n    ""net"": {\n        ""additional_params"": {\n            ""lanes"": 1,\n            ""radius_ring"": 30,\n            ""resolution"": 40,\n            ""speed_limit"": 30\n        },\n        ""inflows"": {\n            ""_InFlows__flows"": [],\n            ""num_flows"": 0\n        },\n        ""netfile"": null,\n        ""no_internal_links"": false,\n        ""osm_path"": null\n    },\n    ""scenario"": ""Figure8Scenario"",\n    ""sim"": {\n        ""emission_path"": null,\n        ""lateral_resolution"": null,\n        ""no_step_log"": true,\n        ""num_clients"": 1,\n        ""overtake_right"": false,\n        ""port"": null,\n        ""print_warnings"": true,\n        ""pxpm"": 2,\n        ""render"": false,\n        ""restart_instance"": false,\n        ""save_render"": false,\n        ""seed"": null,\n        ""show_radius"": false,\n        ""sight_radius"": 25,\n        ""sim_step"": 0.1,\n        ""teleport_time"": -1\n    },\n    ""simulator"": ""traci"",\n    ""veh"": [\n        {\n            ""acceleration_controller"": [\n                ""IDMController"",\n                {\n                    ""noise"": 0.2\n                }\n            ],\n            ""car_following_params"": {\n                ""controller_params"": {\n                    ""accel"": 1.0,\n                    ""carFollowModel"": ""IDM"",\n                    ""decel"": 1.5,\n                    ""impatience"": 0.5,\n                    ""maxSpeed"": 30,\n                    ""minGap"": 2.5,\n                    ""sigma"": 0.5,\n                    ""speedDev"": 0.1,\n                    ""speedFactor"": 1.0,\n                    ""tau"": 1.0\n                },\n                ""speed_mode"": 1\n            },\n            ""initial_speed"": 0,\n            ""lane_change_controller"": [\n                ""SimLaneChangeController"",\n                {}\n            ],\n            ""lane_change_params"": {\n                ""controller_params"": {\n                    ""laneChangeModel"": ""LC2013"",\n                    ""lcCooperative"": ""1.0"",\n                    ""lcKeepRight"": ""1.0"",\n                    ""lcSpeedGain"": ""1.0"",\n                    ""lcStrategic"": ""1.0""\n                },\n                ""lane_change_mode"": 512\n            },\n            ""num_vehicles"": 13,\n            ""routing_controller"": [\n                ""ContinuousRouter"",\n                {}\n            ],\n            ""veh_id"": ""human""\n        },\n        {\n            ""acceleration_controller"": [\n                ""RLController"",\n                {}\n            ],\n            ""car_following_params"": {\n                ""controller_params"": {\n                    ""accel"": 1.0,\n                    ""carFollowModel"": ""IDM"",\n                    ""decel"": 1.5,\n                    ""impatience"": 0.5,\n                    ""maxSpeed"": 30,\n                    ""minGap"": 2.5,\n                    ""sigma"": 0.5,\n                    ""speedDev"": 0.1,\n                    ""speedFactor"": 1.0,\n                    ""tau"": 1.0\n                },\n                ""speed_mode"": 1\n            },\n            ""initial_speed"": 0,\n            ""lane_change_controller"": [\n                ""SimLaneChangeController"",\n                {}\n            ],\n            ""lane_change_params"": {\n                ""controller_params"": {\n                    ""laneChangeModel"": ""LC2013"",\n                    ""lcCooperative"": ""1.0"",\n                    ""lcKeepRight"": ""1.0"",\n                    ""lcSpeedGain"": ""1.0"",\n                    ""lcStrategic"": ""1.0""\n                },\n                ""lane_change_mode"": 512\n            },\n            ""num_vehicles"": 1,\n            ""routing_controller"": [\n                ""ContinuousRouter"",\n                {}\n            ],\n            ""veh_id"": ""rl""\n        }\n    ]\n}'}, 'env': 'AccelEnv-v0', 'local_evaluator_tf_session_args': {'inter_op_parallelism_threads': 8, 'intra_op_parallelism_threads': 8}, 'model': {'free_log_std': False, 'custom_options': {}, 'framestack': True, 'channel_major': False, 'max_seq_len': 20, 'lstm_use_prev_action_reward': False, 'squash_to_range': False, 'dim': 84, 'grayscale': False, 'fcnet_hiddens': [100, 50, 25], 'use_lstm': False, 'custom_model': None, 'fcnet_activation': 'tanh', 'conv_filters': None, 'conv_activation': 'relu', 'lstm_cell_size': 256, 'zero_mean': True, 'custom_preprocessor': None}, 'output_compress_columns': ['obs', 'new_obs'], 'monitor': False, 'custom_resources_per_worker': {}, 'output_max_file_size': 67108864, 'num_workers': 1, 'clip_param': 0.3, 'kl_coeff': 0.2, 'multiagent': {'policy_graphs': {}, 'policy_mapping_fn': None, 'policies_to_train': None}, 'input_evaluation': None, 'output': None, 'collect_metrics_timeout': 180, 'num_cpus_per_worker': 1}",169.237.32.118,1,1386.11,9.793888568878174,"{'num_steps_sampled': 672000, 'load_time_ms': 1.09, 'default': {'kl': 0.007020595949143171, 'cur_lr': 0.0005000000237487257, 'total_loss': 0.48702558875083923, 'policy_loss': -0.00747058168053627, 'vf_explained_var': 0.9804659485816956, 'entropy': 2.057785749435425, 'cur_kl_coeff': 0.5272546410560608, 'vf_loss': 0.49079450964927673}, 'sample_time_ms': 9619.001, 'grad_time_ms': 275.498, 'update_time_ms': 5.048, 'num_steps_trained': 672000}",382.12168630171067,2019-04-02_08-46-10,kronos,71,672000,0,4157.363162279129,{},672000,420,420,4157.363162279129,467.9840311786942,1600,1554194770,{},0b32d2eec3344b1fbde4822793b2e447,69.87981902623255
False,515,"{'input': 'sampler', 'callbacks': {'on_train_result': None, 'on_sample_end': None, 'on_episode_step': None, 'on_episode_start': None, 'on_episode_end': None}, 'sample_batch_size': 200, 'clip_actions': False, 'clip_rewards': None, 'tf_session_args': {'inter_op_parallelism_threads': 2, 'intra_op_parallelism_threads': 2, 'device_count': {'CPU': 1}, 'log_device_placement': False, 'allow_soft_placement': True, 'gpu_options': {'allow_growth': True}}, 'kl_target': 0.01, 'horizon': 1500, 'lr': 0.0005, 'sample_async': False, 'simple_optimizer': False, 'compress_observations': False, 'num_envs_per_worker': 1, 'gamma': 0.99, 'sgd_minibatch_size': 128, 'observation_filter': 'NoFilter', 'entropy_coeff': 0.0, 'batch_mode': 'truncate_episodes', 'straggler_mitigation': False, 'vf_share_layers': False, 'num_gpus': 0, 'synchronize_filters': True, 'num_sgd_iter': 10, 'train_batch_size': 1500, 'optimizer': {}, 'num_gpus_per_worker': 0, 'preprocessor_pref': 'deepmind', 'num_cpus_for_driver': 1, 'lr_schedule': None, 'use_gae': True, 'lambda': 0.97, 'vf_loss_coeff': 1.0, 'vf_clip_param': 1000000.0, 'log_level': 'INFO', 'env_config': {'run': 'PPO', 'flow_params': '{\n    ""env"": {\n        ""additional_params"": {\n            ""max_accel"": 3,\n            ""max_decel"": 3,\n            ""sort_vehicles"": false,\n            ""target_velocity"": 20\n        },\n        ""evaluate"": false,\n        ""horizon"": 1500,\n        ""sims_per_step"": 1,\n        ""warmup_steps"": 0\n    },\n    ""env_name"": ""AccelEnv"",\n    ""exp_tag"": ""figure_eight_0"",\n    ""initial"": {\n        ""additional_params"": {},\n        ""bunching"": 0,\n        ""edges_distribution"": ""all"",\n        ""lanes_distribution"": Infinity,\n        ""min_gap"": 0,\n        ""perturbation"": 0.0,\n        ""shuffle"": false,\n        ""spacing"": ""uniform"",\n        ""x0"": 0\n    },\n    ""net"": {\n        ""additional_params"": {\n            ""lanes"": 1,\n            ""radius_ring"": 30,\n            ""resolution"": 40,\n            ""speed_limit"": 30\n        },\n        ""inflows"": {\n            ""_InFlows__flows"": [],\n            ""num_flows"": 0\n        },\n        ""netfile"": null,\n        ""no_internal_links"": false,\n        ""osm_path"": null\n    },\n    ""scenario"": ""Figure8Scenario"",\n    ""sim"": {\n        ""emission_path"": null,\n        ""lateral_resolution"": null,\n        ""no_step_log"": true,\n        ""num_clients"": 1,\n        ""overtake_right"": false,\n        ""port"": null,\n        ""print_warnings"": true,\n        ""pxpm"": 2,\n        ""render"": false,\n        ""restart_instance"": false,\n        ""save_render"": false,\n        ""seed"": null,\n        ""show_radius"": false,\n        ""sight_radius"": 25,\n        ""sim_step"": 0.1,\n        ""teleport_time"": -1\n    },\n    ""simulator"": ""traci"",\n    ""veh"": [\n        {\n            ""acceleration_controller"": [\n                ""IDMController"",\n                {\n                    ""noise"": 0.2\n                }\n            ],\n            ""car_following_params"": {\n                ""controller_params"": {\n                    ""accel"": 1.0,\n                    ""carFollowModel"": ""IDM"",\n                    ""decel"": 1.5,\n                    ""impatience"": 0.5,\n                    ""maxSpeed"": 30,\n                    ""minGap"": 2.5,\n                    ""sigma"": 0.5,\n                    ""speedDev"": 0.1,\n                    ""speedFactor"": 1.0,\n                    ""tau"": 1.0\n                },\n                ""speed_mode"": 1\n            },\n            ""initial_speed"": 0,\n            ""lane_change_controller"": [\n                ""SimLaneChangeController"",\n                {}\n            ],\n            ""lane_change_params"": {\n                ""controller_params"": {\n                    ""laneChangeModel"": ""LC2013"",\n                    ""lcCooperative"": ""1.0"",\n                    ""lcKeepRight"": ""1.0"",\n                    ""lcSpeedGain"": ""1.0"",\n                    ""lcStrategic"": ""1.0""\n                },\n                ""lane_change_mode"": 512\n            },\n            ""num_vehicles"": 13,\n            ""routing_controller"": [\n                ""ContinuousRouter"",\n                {}\n            ],\n            ""veh_id"": ""human""\n        },\n        {\n            ""acceleration_controller"": [\n                ""RLController"",\n                {}\n            ],\n            ""car_following_params"": {\n                ""controller_params"": {\n                    ""accel"": 1.0,\n                    ""carFollowModel"": ""IDM"",\n                    ""decel"": 1.5,\n                    ""impatience"": 0.5,\n                    ""maxSpeed"": 30,\n                    ""minGap"": 2.5,\n                    ""sigma"": 0.5,\n                    ""speedDev"": 0.1,\n                    ""speedFactor"": 1.0,\n                    ""tau"": 1.0\n                },\n                ""speed_mode"": 1\n            },\n            ""initial_speed"": 0,\n            ""lane_change_controller"": [\n                ""SimLaneChangeController"",\n                {}\n            ],\n            ""lane_change_params"": {\n                ""controller_params"": {\n                    ""laneChangeModel"": ""LC2013"",\n                    ""lcCooperative"": ""1.0"",\n                    ""lcKeepRight"": ""1.0"",\n                    ""lcSpeedGain"": ""1.0"",\n                    ""lcStrategic"": ""1.0""\n                },\n                ""lane_change_mode"": 512\n            },\n            ""num_vehicles"": 1,\n            ""routing_controller"": [\n                ""ContinuousRouter"",\n                {}\n            ],\n            ""veh_id"": ""rl""\n        }\n    ]\n}'}, 'env': 'AccelEnv-v0', 'local_evaluator_tf_session_args': {'inter_op_parallelism_threads': 8, 'intra_op_parallelism_threads': 8}, 'model': {'free_log_std': False, 'custom_options': {}, 'framestack': True, 'channel_major': False, 'max_seq_len': 20, 'lstm_use_prev_action_reward': False, 'squash_to_range': False, 'dim': 84, 'grayscale': False, 'fcnet_hiddens': [100, 50, 25], 'use_lstm': False, 'custom_model': None, 'fcnet_activation': 'tanh', 'conv_filters': None, 'conv_activation': 'relu', 'lstm_cell_size': 256, 'zero_mean': True, 'custom_preprocessor': None}, 'output_compress_columns': ['obs', 'new_obs'], 'monitor': False, 'custom_resources_per_worker': {}, 'output_max_file_size': 67108864, 'num_workers': 1, 'clip_param': 0.3, 'kl_coeff': 0.2, 'multiagent': {'policy_graphs': {}, 'policy_mapping_fn': None, 'policies_to_train': None}, 'input_evaluation': None, 'output': None, 'collect_metrics_timeout': 180, 'num_cpus_per_worker': 1}",169.237.32.118,2,1382.65,10.002554655075073,"{'num_steps_sampled': 673600, 'load_time_ms': 1.143, 'default': {'kl': 0.0072324094362556934, 'cur_lr': 0.0005000000237487257, 'total_loss': 3.99527907371521, 'policy_loss': -0.006058306898921728, 'vf_explained_var': 0.9177634716033936, 'entropy': 2.1145310401916504, 'cur_kl_coeff': 0.5272546410560608, 'vf_loss': 3.9975240230560303}, 'sample_time_ms': 9623.651, 'grad_time_ms': 278.033, 'update_time_ms': 5.124, 'num_steps_trained': 673600}",380.8204274033671,2019-04-02_08-46-20,kronos,71,673600,0,4167.365716934204,{},673600,421,421,4167.365716934204,467.9840311786942,1600,1554194780,{},0b32d2eec3344b1fbde4822793b2e447,69.87981902623255
False,516,"{'input': 'sampler', 'callbacks': {'on_train_result': None, 'on_sample_end': None, 'on_episode_step': None, 'on_episode_start': None, 'on_episode_end': None}, 'sample_batch_size': 200, 'clip_actions': False, 'clip_rewards': None, 'tf_session_args': {'inter_op_parallelism_threads': 2, 'intra_op_parallelism_threads': 2, 'device_count': {'CPU': 1}, 'log_device_placement': False, 'allow_soft_placement': True, 'gpu_options': {'allow_growth': True}}, 'kl_target': 0.01, 'horizon': 1500, 'lr': 0.0005, 'sample_async': False, 'simple_optimizer': False, 'compress_observations': False, 'num_envs_per_worker': 1, 'gamma': 0.99, 'sgd_minibatch_size': 128, 'observation_filter': 'NoFilter', 'entropy_coeff': 0.0, 'batch_mode': 'truncate_episodes', 'straggler_mitigation': False, 'vf_share_layers': False, 'num_gpus': 0, 'synchronize_filters': True, 'num_sgd_iter': 10, 'train_batch_size': 1500, 'optimizer': {}, 'num_gpus_per_worker': 0, 'preprocessor_pref': 'deepmind', 'num_cpus_for_driver': 1, 'lr_schedule': None, 'use_gae': True, 'lambda': 0.97, 'vf_loss_coeff': 1.0, 'vf_clip_param': 1000000.0, 'log_level': 'INFO', 'env_config': {'run': 'PPO', 'flow_params': '{\n    ""env"": {\n        ""additional_params"": {\n            ""max_accel"": 3,\n            ""max_decel"": 3,\n            ""sort_vehicles"": false,\n            ""target_velocity"": 20\n        },\n        ""evaluate"": false,\n        ""horizon"": 1500,\n        ""sims_per_step"": 1,\n        ""warmup_steps"": 0\n    },\n    ""env_name"": ""AccelEnv"",\n    ""exp_tag"": ""figure_eight_0"",\n    ""initial"": {\n        ""additional_params"": {},\n        ""bunching"": 0,\n        ""edges_distribution"": ""all"",\n        ""lanes_distribution"": Infinity,\n        ""min_gap"": 0,\n        ""perturbation"": 0.0,\n        ""shuffle"": false,\n        ""spacing"": ""uniform"",\n        ""x0"": 0\n    },\n    ""net"": {\n        ""additional_params"": {\n            ""lanes"": 1,\n            ""radius_ring"": 30,\n            ""resolution"": 40,\n            ""speed_limit"": 30\n        },\n        ""inflows"": {\n            ""_InFlows__flows"": [],\n            ""num_flows"": 0\n        },\n        ""netfile"": null,\n        ""no_internal_links"": false,\n        ""osm_path"": null\n    },\n    ""scenario"": ""Figure8Scenario"",\n    ""sim"": {\n        ""emission_path"": null,\n        ""lateral_resolution"": null,\n        ""no_step_log"": true,\n        ""num_clients"": 1,\n        ""overtake_right"": false,\n        ""port"": null,\n        ""print_warnings"": true,\n        ""pxpm"": 2,\n        ""render"": false,\n        ""restart_instance"": false,\n        ""save_render"": false,\n        ""seed"": null,\n        ""show_radius"": false,\n        ""sight_radius"": 25,\n        ""sim_step"": 0.1,\n        ""teleport_time"": -1\n    },\n    ""simulator"": ""traci"",\n    ""veh"": [\n        {\n            ""acceleration_controller"": [\n                ""IDMController"",\n                {\n                    ""noise"": 0.2\n                }\n            ],\n            ""car_following_params"": {\n                ""controller_params"": {\n                    ""accel"": 1.0,\n                    ""carFollowModel"": ""IDM"",\n                    ""decel"": 1.5,\n                    ""impatience"": 0.5,\n                    ""maxSpeed"": 30,\n                    ""minGap"": 2.5,\n                    ""sigma"": 0.5,\n                    ""speedDev"": 0.1,\n                    ""speedFactor"": 1.0,\n                    ""tau"": 1.0\n                },\n                ""speed_mode"": 1\n            },\n            ""initial_speed"": 0,\n            ""lane_change_controller"": [\n                ""SimLaneChangeController"",\n                {}\n            ],\n            ""lane_change_params"": {\n                ""controller_params"": {\n                    ""laneChangeModel"": ""LC2013"",\n                    ""lcCooperative"": ""1.0"",\n                    ""lcKeepRight"": ""1.0"",\n                    ""lcSpeedGain"": ""1.0"",\n                    ""lcStrategic"": ""1.0""\n                },\n                ""lane_change_mode"": 512\n            },\n            ""num_vehicles"": 13,\n            ""routing_controller"": [\n                ""ContinuousRouter"",\n                {}\n            ],\n            ""veh_id"": ""human""\n        },\n        {\n            ""acceleration_controller"": [\n                ""RLController"",\n                {}\n            ],\n            ""car_following_params"": {\n                ""controller_params"": {\n                    ""accel"": 1.0,\n                    ""carFollowModel"": ""IDM"",\n                    ""decel"": 1.5,\n                    ""impatience"": 0.5,\n                    ""maxSpeed"": 30,\n                    ""minGap"": 2.5,\n                    ""sigma"": 0.5,\n                    ""speedDev"": 0.1,\n                    ""speedFactor"": 1.0,\n                    ""tau"": 1.0\n                },\n                ""speed_mode"": 1\n            },\n            ""initial_speed"": 0,\n            ""lane_change_controller"": [\n                ""SimLaneChangeController"",\n                {}\n            ],\n            ""lane_change_params"": {\n                ""controller_params"": {\n                    ""laneChangeModel"": ""LC2013"",\n                    ""lcCooperative"": ""1.0"",\n                    ""lcKeepRight"": ""1.0"",\n                    ""lcSpeedGain"": ""1.0"",\n                    ""lcStrategic"": ""1.0""\n                },\n                ""lane_change_mode"": 512\n            },\n            ""num_vehicles"": 1,\n            ""routing_controller"": [\n                ""ContinuousRouter"",\n                {}\n            ],\n            ""veh_id"": ""rl""\n        }\n    ]\n}'}, 'env': 'AccelEnv-v0', 'local_evaluator_tf_session_args': {'inter_op_parallelism_threads': 8, 'intra_op_parallelism_threads': 8}, 'model': {'free_log_std': False, 'custom_options': {}, 'framestack': True, 'channel_major': False, 'max_seq_len': 20, 'lstm_use_prev_action_reward': False, 'squash_to_range': False, 'dim': 84, 'grayscale': False, 'fcnet_hiddens': [100, 50, 25], 'use_lstm': False, 'custom_model': None, 'fcnet_activation': 'tanh', 'conv_filters': None, 'conv_activation': 'relu', 'lstm_cell_size': 256, 'zero_mean': True, 'custom_preprocessor': None}, 'output_compress_columns': ['obs', 'new_obs'], 'monitor': False, 'custom_resources_per_worker': {}, 'output_max_file_size': 67108864, 'num_workers': 1, 'clip_param': 0.3, 'kl_coeff': 0.2, 'multiagent': {'policy_graphs': {}, 'policy_mapping_fn': None, 'policies_to_train': None}, 'input_evaluation': None, 'output': None, 'collect_metrics_timeout': 180, 'num_cpus_per_worker': 1}",169.237.32.118,1,1382.65,9.944633483886719,"{'num_steps_sampled': 675200, 'load_time_ms': 1.136, 'default': {'kl': 0.006881469860672951, 'cur_lr': 0.0005000000237487257, 'total_loss': 0.6495654582977295, 'policy_loss': -0.020644987002015114, 'vf_explained_var': 0.9857692718505859, 'entropy': 2.1906120777130127, 'cur_kl_coeff': 0.5272546410560608, 'vf_loss': 0.6665821671485901}, 'sample_time_ms': 9633.701, 'grad_time_ms': 277.134, 'update_time_ms': 5.005, 'num_steps_trained': 675200}",380.304681805598,2019-04-02_08-46-30,kronos,71,675200,0,4177.310350418091,{},675200,422,422,4177.310350418091,467.9840311786942,1600,1554194790,{},0b32d2eec3344b1fbde4822793b2e447,69.87981902623255
False,517,"{'input': 'sampler', 'callbacks': {'on_train_result': None, 'on_sample_end': None, 'on_episode_step': None, 'on_episode_start': None, 'on_episode_end': None}, 'sample_batch_size': 200, 'clip_actions': False, 'clip_rewards': None, 'tf_session_args': {'inter_op_parallelism_threads': 2, 'intra_op_parallelism_threads': 2, 'device_count': {'CPU': 1}, 'log_device_placement': False, 'allow_soft_placement': True, 'gpu_options': {'allow_growth': True}}, 'kl_target': 0.01, 'horizon': 1500, 'lr': 0.0005, 'sample_async': False, 'simple_optimizer': False, 'compress_observations': False, 'num_envs_per_worker': 1, 'gamma': 0.99, 'sgd_minibatch_size': 128, 'observation_filter': 'NoFilter', 'entropy_coeff': 0.0, 'batch_mode': 'truncate_episodes', 'straggler_mitigation': False, 'vf_share_layers': False, 'num_gpus': 0, 'synchronize_filters': True, 'num_sgd_iter': 10, 'train_batch_size': 1500, 'optimizer': {}, 'num_gpus_per_worker': 0, 'preprocessor_pref': 'deepmind', 'num_cpus_for_driver': 1, 'lr_schedule': None, 'use_gae': True, 'lambda': 0.97, 'vf_loss_coeff': 1.0, 'vf_clip_param': 1000000.0, 'log_level': 'INFO', 'env_config': {'run': 'PPO', 'flow_params': '{\n    ""env"": {\n        ""additional_params"": {\n            ""max_accel"": 3,\n            ""max_decel"": 3,\n            ""sort_vehicles"": false,\n            ""target_velocity"": 20\n        },\n        ""evaluate"": false,\n        ""horizon"": 1500,\n        ""sims_per_step"": 1,\n        ""warmup_steps"": 0\n    },\n    ""env_name"": ""AccelEnv"",\n    ""exp_tag"": ""figure_eight_0"",\n    ""initial"": {\n        ""additional_params"": {},\n        ""bunching"": 0,\n        ""edges_distribution"": ""all"",\n        ""lanes_distribution"": Infinity,\n        ""min_gap"": 0,\n        ""perturbation"": 0.0,\n        ""shuffle"": false,\n        ""spacing"": ""uniform"",\n        ""x0"": 0\n    },\n    ""net"": {\n        ""additional_params"": {\n            ""lanes"": 1,\n            ""radius_ring"": 30,\n            ""resolution"": 40,\n            ""speed_limit"": 30\n        },\n        ""inflows"": {\n            ""_InFlows__flows"": [],\n            ""num_flows"": 0\n        },\n        ""netfile"": null,\n        ""no_internal_links"": false,\n        ""osm_path"": null\n    },\n    ""scenario"": ""Figure8Scenario"",\n    ""sim"": {\n        ""emission_path"": null,\n        ""lateral_resolution"": null,\n        ""no_step_log"": true,\n        ""num_clients"": 1,\n        ""overtake_right"": false,\n        ""port"": null,\n        ""print_warnings"": true,\n        ""pxpm"": 2,\n        ""render"": false,\n        ""restart_instance"": false,\n        ""save_render"": false,\n        ""seed"": null,\n        ""show_radius"": false,\n        ""sight_radius"": 25,\n        ""sim_step"": 0.1,\n        ""teleport_time"": -1\n    },\n    ""simulator"": ""traci"",\n    ""veh"": [\n        {\n            ""acceleration_controller"": [\n                ""IDMController"",\n                {\n                    ""noise"": 0.2\n                }\n            ],\n            ""car_following_params"": {\n                ""controller_params"": {\n                    ""accel"": 1.0,\n                    ""carFollowModel"": ""IDM"",\n                    ""decel"": 1.5,\n                    ""impatience"": 0.5,\n                    ""maxSpeed"": 30,\n                    ""minGap"": 2.5,\n                    ""sigma"": 0.5,\n                    ""speedDev"": 0.1,\n                    ""speedFactor"": 1.0,\n                    ""tau"": 1.0\n                },\n                ""speed_mode"": 1\n            },\n            ""initial_speed"": 0,\n            ""lane_change_controller"": [\n                ""SimLaneChangeController"",\n                {}\n            ],\n            ""lane_change_params"": {\n                ""controller_params"": {\n                    ""laneChangeModel"": ""LC2013"",\n                    ""lcCooperative"": ""1.0"",\n                    ""lcKeepRight"": ""1.0"",\n                    ""lcSpeedGain"": ""1.0"",\n                    ""lcStrategic"": ""1.0""\n                },\n                ""lane_change_mode"": 512\n            },\n            ""num_vehicles"": 13,\n            ""routing_controller"": [\n                ""ContinuousRouter"",\n                {}\n            ],\n            ""veh_id"": ""human""\n        },\n        {\n            ""acceleration_controller"": [\n                ""RLController"",\n                {}\n            ],\n            ""car_following_params"": {\n                ""controller_params"": {\n                    ""accel"": 1.0,\n                    ""carFollowModel"": ""IDM"",\n                    ""decel"": 1.5,\n                    ""impatience"": 0.5,\n                    ""maxSpeed"": 30,\n                    ""minGap"": 2.5,\n                    ""sigma"": 0.5,\n                    ""speedDev"": 0.1,\n                    ""speedFactor"": 1.0,\n                    ""tau"": 1.0\n                },\n                ""speed_mode"": 1\n            },\n            ""initial_speed"": 0,\n            ""lane_change_controller"": [\n                ""SimLaneChangeController"",\n                {}\n            ],\n            ""lane_change_params"": {\n                ""controller_params"": {\n                    ""laneChangeModel"": ""LC2013"",\n                    ""lcCooperative"": ""1.0"",\n                    ""lcKeepRight"": ""1.0"",\n                    ""lcSpeedGain"": ""1.0"",\n                    ""lcStrategic"": ""1.0""\n                },\n                ""lane_change_mode"": 512\n            },\n            ""num_vehicles"": 1,\n            ""routing_controller"": [\n                ""ContinuousRouter"",\n                {}\n            ],\n            ""veh_id"": ""rl""\n        }\n    ]\n}'}, 'env': 'AccelEnv-v0', 'local_evaluator_tf_session_args': {'inter_op_parallelism_threads': 8, 'intra_op_parallelism_threads': 8}, 'model': {'free_log_std': False, 'custom_options': {}, 'framestack': True, 'channel_major': False, 'max_seq_len': 20, 'lstm_use_prev_action_reward': False, 'squash_to_range': False, 'dim': 84, 'grayscale': False, 'fcnet_hiddens': [100, 50, 25], 'use_lstm': False, 'custom_model': None, 'fcnet_activation': 'tanh', 'conv_filters': None, 'conv_activation': 'relu', 'lstm_cell_size': 256, 'zero_mean': True, 'custom_preprocessor': None}, 'output_compress_columns': ['obs', 'new_obs'], 'monitor': False, 'custom_resources_per_worker': {}, 'output_max_file_size': 67108864, 'num_workers': 1, 'clip_param': 0.3, 'kl_coeff': 0.2, 'multiagent': {'policy_graphs': {}, 'policy_mapping_fn': None, 'policies_to_train': None}, 'input_evaluation': None, 'output': None, 'collect_metrics_timeout': 180, 'num_cpus_per_worker': 1}",169.237.32.118,1,1382.65,9.836028337478638,"{'num_steps_sampled': 676800, 'load_time_ms': 1.124, 'default': {'kl': 0.005786424037069082, 'cur_lr': 0.0005000000237487257, 'total_loss': 0.34303560853004456, 'policy_loss': -0.005008448380976915, 'vf_explained_var': 0.9908711910247803, 'entropy': 2.1752090454101562, 'cur_kl_coeff': 0.5272546410560608, 'vf_loss': 0.34499314427375793}, 'sample_time_ms': 9621.807, 'grad_time_ms': 276.213, 'update_time_ms': 4.882, 'num_steps_trained': 676800}",379.9781556160667,2019-04-02_08-46-40,kronos,71,676800,0,4187.1463787555695,{},676800,423,423,4187.1463787555695,467.9840311786942,1600,1554194800,{},0b32d2eec3344b1fbde4822793b2e447,69.87981902623255
False,518,"{'input': 'sampler', 'callbacks': {'on_train_result': None, 'on_sample_end': None, 'on_episode_step': None, 'on_episode_start': None, 'on_episode_end': None}, 'sample_batch_size': 200, 'clip_actions': False, 'clip_rewards': None, 'tf_session_args': {'inter_op_parallelism_threads': 2, 'intra_op_parallelism_threads': 2, 'device_count': {'CPU': 1}, 'log_device_placement': False, 'allow_soft_placement': True, 'gpu_options': {'allow_growth': True}}, 'kl_target': 0.01, 'horizon': 1500, 'lr': 0.0005, 'sample_async': False, 'simple_optimizer': False, 'compress_observations': False, 'num_envs_per_worker': 1, 'gamma': 0.99, 'sgd_minibatch_size': 128, 'observation_filter': 'NoFilter', 'entropy_coeff': 0.0, 'batch_mode': 'truncate_episodes', 'straggler_mitigation': False, 'vf_share_layers': False, 'num_gpus': 0, 'synchronize_filters': True, 'num_sgd_iter': 10, 'train_batch_size': 1500, 'optimizer': {}, 'num_gpus_per_worker': 0, 'preprocessor_pref': 'deepmind', 'num_cpus_for_driver': 1, 'lr_schedule': None, 'use_gae': True, 'lambda': 0.97, 'vf_loss_coeff': 1.0, 'vf_clip_param': 1000000.0, 'log_level': 'INFO', 'env_config': {'run': 'PPO', 'flow_params': '{\n    ""env"": {\n        ""additional_params"": {\n            ""max_accel"": 3,\n            ""max_decel"": 3,\n            ""sort_vehicles"": false,\n            ""target_velocity"": 20\n        },\n        ""evaluate"": false,\n        ""horizon"": 1500,\n        ""sims_per_step"": 1,\n        ""warmup_steps"": 0\n    },\n    ""env_name"": ""AccelEnv"",\n    ""exp_tag"": ""figure_eight_0"",\n    ""initial"": {\n        ""additional_params"": {},\n        ""bunching"": 0,\n        ""edges_distribution"": ""all"",\n        ""lanes_distribution"": Infinity,\n        ""min_gap"": 0,\n        ""perturbation"": 0.0,\n        ""shuffle"": false,\n        ""spacing"": ""uniform"",\n        ""x0"": 0\n    },\n    ""net"": {\n        ""additional_params"": {\n            ""lanes"": 1,\n            ""radius_ring"": 30,\n            ""resolution"": 40,\n            ""speed_limit"": 30\n        },\n        ""inflows"": {\n            ""_InFlows__flows"": [],\n            ""num_flows"": 0\n        },\n        ""netfile"": null,\n        ""no_internal_links"": false,\n        ""osm_path"": null\n    },\n    ""scenario"": ""Figure8Scenario"",\n    ""sim"": {\n        ""emission_path"": null,\n        ""lateral_resolution"": null,\n        ""no_step_log"": true,\n        ""num_clients"": 1,\n        ""overtake_right"": false,\n        ""port"": null,\n        ""print_warnings"": true,\n        ""pxpm"": 2,\n        ""render"": false,\n        ""restart_instance"": false,\n        ""save_render"": false,\n        ""seed"": null,\n        ""show_radius"": false,\n        ""sight_radius"": 25,\n        ""sim_step"": 0.1,\n        ""teleport_time"": -1\n    },\n    ""simulator"": ""traci"",\n    ""veh"": [\n        {\n            ""acceleration_controller"": [\n                ""IDMController"",\n                {\n                    ""noise"": 0.2\n                }\n            ],\n            ""car_following_params"": {\n                ""controller_params"": {\n                    ""accel"": 1.0,\n                    ""carFollowModel"": ""IDM"",\n                    ""decel"": 1.5,\n                    ""impatience"": 0.5,\n                    ""maxSpeed"": 30,\n                    ""minGap"": 2.5,\n                    ""sigma"": 0.5,\n                    ""speedDev"": 0.1,\n                    ""speedFactor"": 1.0,\n                    ""tau"": 1.0\n                },\n                ""speed_mode"": 1\n            },\n            ""initial_speed"": 0,\n            ""lane_change_controller"": [\n                ""SimLaneChangeController"",\n                {}\n            ],\n            ""lane_change_params"": {\n                ""controller_params"": {\n                    ""laneChangeModel"": ""LC2013"",\n                    ""lcCooperative"": ""1.0"",\n                    ""lcKeepRight"": ""1.0"",\n                    ""lcSpeedGain"": ""1.0"",\n                    ""lcStrategic"": ""1.0""\n                },\n                ""lane_change_mode"": 512\n            },\n            ""num_vehicles"": 13,\n            ""routing_controller"": [\n                ""ContinuousRouter"",\n                {}\n            ],\n            ""veh_id"": ""human""\n        },\n        {\n            ""acceleration_controller"": [\n                ""RLController"",\n                {}\n            ],\n            ""car_following_params"": {\n                ""controller_params"": {\n                    ""accel"": 1.0,\n                    ""carFollowModel"": ""IDM"",\n                    ""decel"": 1.5,\n                    ""impatience"": 0.5,\n                    ""maxSpeed"": 30,\n                    ""minGap"": 2.5,\n                    ""sigma"": 0.5,\n                    ""speedDev"": 0.1,\n                    ""speedFactor"": 1.0,\n                    ""tau"": 1.0\n                },\n                ""speed_mode"": 1\n            },\n            ""initial_speed"": 0,\n            ""lane_change_controller"": [\n                ""SimLaneChangeController"",\n                {}\n            ],\n            ""lane_change_params"": {\n                ""controller_params"": {\n                    ""laneChangeModel"": ""LC2013"",\n                    ""lcCooperative"": ""1.0"",\n                    ""lcKeepRight"": ""1.0"",\n                    ""lcSpeedGain"": ""1.0"",\n                    ""lcStrategic"": ""1.0""\n                },\n                ""lane_change_mode"": 512\n            },\n            ""num_vehicles"": 1,\n            ""routing_controller"": [\n                ""ContinuousRouter"",\n                {}\n            ],\n            ""veh_id"": ""rl""\n        }\n    ]\n}'}, 'env': 'AccelEnv-v0', 'local_evaluator_tf_session_args': {'inter_op_parallelism_threads': 8, 'intra_op_parallelism_threads': 8}, 'model': {'free_log_std': False, 'custom_options': {}, 'framestack': True, 'channel_major': False, 'max_seq_len': 20, 'lstm_use_prev_action_reward': False, 'squash_to_range': False, 'dim': 84, 'grayscale': False, 'fcnet_hiddens': [100, 50, 25], 'use_lstm': False, 'custom_model': None, 'fcnet_activation': 'tanh', 'conv_filters': None, 'conv_activation': 'relu', 'lstm_cell_size': 256, 'zero_mean': True, 'custom_preprocessor': None}, 'output_compress_columns': ['obs', 'new_obs'], 'monitor': False, 'custom_resources_per_worker': {}, 'output_max_file_size': 67108864, 'num_workers': 1, 'clip_param': 0.3, 'kl_coeff': 0.2, 'multiagent': {'policy_graphs': {}, 'policy_mapping_fn': None, 'policies_to_train': None}, 'input_evaluation': None, 'output': None, 'collect_metrics_timeout': 180, 'num_cpus_per_worker': 1}",169.237.32.118,1,1382.65,10.025670051574707,"{'num_steps_sampled': 678400, 'load_time_ms': 1.153, 'default': {'kl': 0.010499893687665462, 'cur_lr': 0.0005000000237487257, 'total_loss': 0.41137829422950745, 'policy_loss': -0.018085891380906105, 'vf_explained_var': 0.9901015162467957, 'entropy': 2.0953972339630127, 'cur_kl_coeff': 0.5272546410560608, 'vf_loss': 0.4239281117916107}, 'sample_time_ms': 9639.133, 'grad_time_ms': 276.148, 'update_time_ms': 4.91, 'num_steps_trained': 678400}",379.748584485942,2019-04-02_08-46-50,kronos,71,678400,0,4197.172048807144,{},678400,424,424,4197.172048807144,467.9840311786942,1600,1554194810,{},0b32d2eec3344b1fbde4822793b2e447,69.87981902623255
False,519,"{'input': 'sampler', 'callbacks': {'on_train_result': None, 'on_sample_end': None, 'on_episode_step': None, 'on_episode_start': None, 'on_episode_end': None}, 'sample_batch_size': 200, 'clip_actions': False, 'clip_rewards': None, 'tf_session_args': {'inter_op_parallelism_threads': 2, 'intra_op_parallelism_threads': 2, 'device_count': {'CPU': 1}, 'log_device_placement': False, 'allow_soft_placement': True, 'gpu_options': {'allow_growth': True}}, 'kl_target': 0.01, 'horizon': 1500, 'lr': 0.0005, 'sample_async': False, 'simple_optimizer': False, 'compress_observations': False, 'num_envs_per_worker': 1, 'gamma': 0.99, 'sgd_minibatch_size': 128, 'observation_filter': 'NoFilter', 'entropy_coeff': 0.0, 'batch_mode': 'truncate_episodes', 'straggler_mitigation': False, 'vf_share_layers': False, 'num_gpus': 0, 'synchronize_filters': True, 'num_sgd_iter': 10, 'train_batch_size': 1500, 'optimizer': {}, 'num_gpus_per_worker': 0, 'preprocessor_pref': 'deepmind', 'num_cpus_for_driver': 1, 'lr_schedule': None, 'use_gae': True, 'lambda': 0.97, 'vf_loss_coeff': 1.0, 'vf_clip_param': 1000000.0, 'log_level': 'INFO', 'env_config': {'run': 'PPO', 'flow_params': '{\n    ""env"": {\n        ""additional_params"": {\n            ""max_accel"": 3,\n            ""max_decel"": 3,\n            ""sort_vehicles"": false,\n            ""target_velocity"": 20\n        },\n        ""evaluate"": false,\n        ""horizon"": 1500,\n        ""sims_per_step"": 1,\n        ""warmup_steps"": 0\n    },\n    ""env_name"": ""AccelEnv"",\n    ""exp_tag"": ""figure_eight_0"",\n    ""initial"": {\n        ""additional_params"": {},\n        ""bunching"": 0,\n        ""edges_distribution"": ""all"",\n        ""lanes_distribution"": Infinity,\n        ""min_gap"": 0,\n        ""perturbation"": 0.0,\n        ""shuffle"": false,\n        ""spacing"": ""uniform"",\n        ""x0"": 0\n    },\n    ""net"": {\n        ""additional_params"": {\n            ""lanes"": 1,\n            ""radius_ring"": 30,\n            ""resolution"": 40,\n            ""speed_limit"": 30\n        },\n        ""inflows"": {\n            ""_InFlows__flows"": [],\n            ""num_flows"": 0\n        },\n        ""netfile"": null,\n        ""no_internal_links"": false,\n        ""osm_path"": null\n    },\n    ""scenario"": ""Figure8Scenario"",\n    ""sim"": {\n        ""emission_path"": null,\n        ""lateral_resolution"": null,\n        ""no_step_log"": true,\n        ""num_clients"": 1,\n        ""overtake_right"": false,\n        ""port"": null,\n        ""print_warnings"": true,\n        ""pxpm"": 2,\n        ""render"": false,\n        ""restart_instance"": false,\n        ""save_render"": false,\n        ""seed"": null,\n        ""show_radius"": false,\n        ""sight_radius"": 25,\n        ""sim_step"": 0.1,\n        ""teleport_time"": -1\n    },\n    ""simulator"": ""traci"",\n    ""veh"": [\n        {\n            ""acceleration_controller"": [\n                ""IDMController"",\n                {\n                    ""noise"": 0.2\n                }\n            ],\n            ""car_following_params"": {\n                ""controller_params"": {\n                    ""accel"": 1.0,\n                    ""carFollowModel"": ""IDM"",\n                    ""decel"": 1.5,\n                    ""impatience"": 0.5,\n                    ""maxSpeed"": 30,\n                    ""minGap"": 2.5,\n                    ""sigma"": 0.5,\n                    ""speedDev"": 0.1,\n                    ""speedFactor"": 1.0,\n                    ""tau"": 1.0\n                },\n                ""speed_mode"": 1\n            },\n            ""initial_speed"": 0,\n            ""lane_change_controller"": [\n                ""SimLaneChangeController"",\n                {}\n            ],\n            ""lane_change_params"": {\n                ""controller_params"": {\n                    ""laneChangeModel"": ""LC2013"",\n                    ""lcCooperative"": ""1.0"",\n                    ""lcKeepRight"": ""1.0"",\n                    ""lcSpeedGain"": ""1.0"",\n                    ""lcStrategic"": ""1.0""\n                },\n                ""lane_change_mode"": 512\n            },\n            ""num_vehicles"": 13,\n            ""routing_controller"": [\n                ""ContinuousRouter"",\n                {}\n            ],\n            ""veh_id"": ""human""\n        },\n        {\n            ""acceleration_controller"": [\n                ""RLController"",\n                {}\n            ],\n            ""car_following_params"": {\n                ""controller_params"": {\n                    ""accel"": 1.0,\n                    ""carFollowModel"": ""IDM"",\n                    ""decel"": 1.5,\n                    ""impatience"": 0.5,\n                    ""maxSpeed"": 30,\n                    ""minGap"": 2.5,\n                    ""sigma"": 0.5,\n                    ""speedDev"": 0.1,\n                    ""speedFactor"": 1.0,\n                    ""tau"": 1.0\n                },\n                ""speed_mode"": 1\n            },\n            ""initial_speed"": 0,\n            ""lane_change_controller"": [\n                ""SimLaneChangeController"",\n                {}\n            ],\n            ""lane_change_params"": {\n                ""controller_params"": {\n                    ""laneChangeModel"": ""LC2013"",\n                    ""lcCooperative"": ""1.0"",\n                    ""lcKeepRight"": ""1.0"",\n                    ""lcSpeedGain"": ""1.0"",\n                    ""lcStrategic"": ""1.0""\n                },\n                ""lane_change_mode"": 512\n            },\n            ""num_vehicles"": 1,\n            ""routing_controller"": [\n                ""ContinuousRouter"",\n                {}\n            ],\n            ""veh_id"": ""rl""\n        }\n    ]\n}'}, 'env': 'AccelEnv-v0', 'local_evaluator_tf_session_args': {'inter_op_parallelism_threads': 8, 'intra_op_parallelism_threads': 8}, 'model': {'free_log_std': False, 'custom_options': {}, 'framestack': True, 'channel_major': False, 'max_seq_len': 20, 'lstm_use_prev_action_reward': False, 'squash_to_range': False, 'dim': 84, 'grayscale': False, 'fcnet_hiddens': [100, 50, 25], 'use_lstm': False, 'custom_model': None, 'fcnet_activation': 'tanh', 'conv_filters': None, 'conv_activation': 'relu', 'lstm_cell_size': 256, 'zero_mean': True, 'custom_preprocessor': None}, 'output_compress_columns': ['obs', 'new_obs'], 'monitor': False, 'custom_resources_per_worker': {}, 'output_max_file_size': 67108864, 'num_workers': 1, 'clip_param': 0.3, 'kl_coeff': 0.2, 'multiagent': {'policy_graphs': {}, 'policy_mapping_fn': None, 'policies_to_train': None}, 'input_evaluation': None, 'output': None, 'collect_metrics_timeout': 180, 'num_cpus_per_worker': 1}",169.237.32.118,1,1382.65,10.02010989189148,"{'num_steps_sampled': 680000, 'load_time_ms': 1.157, 'default': {'kl': 0.011971533298492432, 'cur_lr': 0.0005000000237487257, 'total_loss': 0.42626407742500305, 'policy_loss': -0.01616411842405796, 'vf_explained_var': 0.993294894695282, 'entropy': 2.201017379760742, 'cur_kl_coeff': 0.5272546410560608, 'vf_loss': 0.43611612915992737}, 'sample_time_ms': 9661.113, 'grad_time_ms': 275.086, 'update_time_ms': 4.794, 'num_steps_trained': 680000}",379.46076724612203,2019-04-02_08-47-00,kronos,71,680000,0,4207.192158699036,{},680000,425,425,4207.192158699036,467.9840311786942,1600,1554194820,{},0b32d2eec3344b1fbde4822793b2e447,69.87981902623255
False,520,"{'input': 'sampler', 'callbacks': {'on_train_result': None, 'on_sample_end': None, 'on_episode_step': None, 'on_episode_start': None, 'on_episode_end': None}, 'sample_batch_size': 200, 'clip_actions': False, 'clip_rewards': None, 'tf_session_args': {'inter_op_parallelism_threads': 2, 'intra_op_parallelism_threads': 2, 'device_count': {'CPU': 1}, 'log_device_placement': False, 'allow_soft_placement': True, 'gpu_options': {'allow_growth': True}}, 'kl_target': 0.01, 'horizon': 1500, 'lr': 0.0005, 'sample_async': False, 'simple_optimizer': False, 'compress_observations': False, 'num_envs_per_worker': 1, 'gamma': 0.99, 'sgd_minibatch_size': 128, 'observation_filter': 'NoFilter', 'entropy_coeff': 0.0, 'batch_mode': 'truncate_episodes', 'straggler_mitigation': False, 'vf_share_layers': False, 'num_gpus': 0, 'synchronize_filters': True, 'num_sgd_iter': 10, 'train_batch_size': 1500, 'optimizer': {}, 'num_gpus_per_worker': 0, 'preprocessor_pref': 'deepmind', 'num_cpus_for_driver': 1, 'lr_schedule': None, 'use_gae': True, 'lambda': 0.97, 'vf_loss_coeff': 1.0, 'vf_clip_param': 1000000.0, 'log_level': 'INFO', 'env_config': {'run': 'PPO', 'flow_params': '{\n    ""env"": {\n        ""additional_params"": {\n            ""max_accel"": 3,\n            ""max_decel"": 3,\n            ""sort_vehicles"": false,\n            ""target_velocity"": 20\n        },\n        ""evaluate"": false,\n        ""horizon"": 1500,\n        ""sims_per_step"": 1,\n        ""warmup_steps"": 0\n    },\n    ""env_name"": ""AccelEnv"",\n    ""exp_tag"": ""figure_eight_0"",\n    ""initial"": {\n        ""additional_params"": {},\n        ""bunching"": 0,\n        ""edges_distribution"": ""all"",\n        ""lanes_distribution"": Infinity,\n        ""min_gap"": 0,\n        ""perturbation"": 0.0,\n        ""shuffle"": false,\n        ""spacing"": ""uniform"",\n        ""x0"": 0\n    },\n    ""net"": {\n        ""additional_params"": {\n            ""lanes"": 1,\n            ""radius_ring"": 30,\n            ""resolution"": 40,\n            ""speed_limit"": 30\n        },\n        ""inflows"": {\n            ""_InFlows__flows"": [],\n            ""num_flows"": 0\n        },\n        ""netfile"": null,\n        ""no_internal_links"": false,\n        ""osm_path"": null\n    },\n    ""scenario"": ""Figure8Scenario"",\n    ""sim"": {\n        ""emission_path"": null,\n        ""lateral_resolution"": null,\n        ""no_step_log"": true,\n        ""num_clients"": 1,\n        ""overtake_right"": false,\n        ""port"": null,\n        ""print_warnings"": true,\n        ""pxpm"": 2,\n        ""render"": false,\n        ""restart_instance"": false,\n        ""save_render"": false,\n        ""seed"": null,\n        ""show_radius"": false,\n        ""sight_radius"": 25,\n        ""sim_step"": 0.1,\n        ""teleport_time"": -1\n    },\n    ""simulator"": ""traci"",\n    ""veh"": [\n        {\n            ""acceleration_controller"": [\n                ""IDMController"",\n                {\n                    ""noise"": 0.2\n                }\n            ],\n            ""car_following_params"": {\n                ""controller_params"": {\n                    ""accel"": 1.0,\n                    ""carFollowModel"": ""IDM"",\n                    ""decel"": 1.5,\n                    ""impatience"": 0.5,\n                    ""maxSpeed"": 30,\n                    ""minGap"": 2.5,\n                    ""sigma"": 0.5,\n                    ""speedDev"": 0.1,\n                    ""speedFactor"": 1.0,\n                    ""tau"": 1.0\n                },\n                ""speed_mode"": 1\n            },\n            ""initial_speed"": 0,\n            ""lane_change_controller"": [\n                ""SimLaneChangeController"",\n                {}\n            ],\n            ""lane_change_params"": {\n                ""controller_params"": {\n                    ""laneChangeModel"": ""LC2013"",\n                    ""lcCooperative"": ""1.0"",\n                    ""lcKeepRight"": ""1.0"",\n                    ""lcSpeedGain"": ""1.0"",\n                    ""lcStrategic"": ""1.0""\n                },\n                ""lane_change_mode"": 512\n            },\n            ""num_vehicles"": 13,\n            ""routing_controller"": [\n                ""ContinuousRouter"",\n                {}\n            ],\n            ""veh_id"": ""human""\n        },\n        {\n            ""acceleration_controller"": [\n                ""RLController"",\n                {}\n            ],\n            ""car_following_params"": {\n                ""controller_params"": {\n                    ""accel"": 1.0,\n                    ""carFollowModel"": ""IDM"",\n                    ""decel"": 1.5,\n                    ""impatience"": 0.5,\n                    ""maxSpeed"": 30,\n                    ""minGap"": 2.5,\n                    ""sigma"": 0.5,\n                    ""speedDev"": 0.1,\n                    ""speedFactor"": 1.0,\n                    ""tau"": 1.0\n                },\n                ""speed_mode"": 1\n            },\n            ""initial_speed"": 0,\n            ""lane_change_controller"": [\n                ""SimLaneChangeController"",\n                {}\n            ],\n            ""lane_change_params"": {\n                ""controller_params"": {\n                    ""laneChangeModel"": ""LC2013"",\n                    ""lcCooperative"": ""1.0"",\n                    ""lcKeepRight"": ""1.0"",\n                    ""lcSpeedGain"": ""1.0"",\n                    ""lcStrategic"": ""1.0""\n                },\n                ""lane_change_mode"": 512\n            },\n            ""num_vehicles"": 1,\n            ""routing_controller"": [\n                ""ContinuousRouter"",\n                {}\n            ],\n            ""veh_id"": ""rl""\n        }\n    ]\n}'}, 'env': 'AccelEnv-v0', 'local_evaluator_tf_session_args': {'inter_op_parallelism_threads': 8, 'intra_op_parallelism_threads': 8}, 'model': {'free_log_std': False, 'custom_options': {}, 'framestack': True, 'channel_major': False, 'max_seq_len': 20, 'lstm_use_prev_action_reward': False, 'squash_to_range': False, 'dim': 84, 'grayscale': False, 'fcnet_hiddens': [100, 50, 25], 'use_lstm': False, 'custom_model': None, 'fcnet_activation': 'tanh', 'conv_filters': None, 'conv_activation': 'relu', 'lstm_cell_size': 256, 'zero_mean': True, 'custom_preprocessor': None}, 'output_compress_columns': ['obs', 'new_obs'], 'monitor': False, 'custom_resources_per_worker': {}, 'output_max_file_size': 67108864, 'num_workers': 1, 'clip_param': 0.3, 'kl_coeff': 0.2, 'multiagent': {'policy_graphs': {}, 'policy_mapping_fn': None, 'policies_to_train': None}, 'input_evaluation': None, 'output': None, 'collect_metrics_timeout': 180, 'num_cpus_per_worker': 1}",169.237.32.118,1,1382.65,9.999046802520752,"{'num_steps_sampled': 681600, 'load_time_ms': 1.139, 'default': {'kl': 0.0077066924422979355, 'cur_lr': 0.0005000000237487257, 'total_loss': 0.5621330738067627, 'policy_loss': -0.01461467519402504, 'vf_explained_var': 0.9863511919975281, 'entropy': 2.2849700450897217, 'cur_kl_coeff': 0.5272546410560608, 'vf_loss': 0.5726844072341919}, 'sample_time_ms': 9648.979, 'grad_time_ms': 278.416, 'update_time_ms': 4.816, 'num_steps_trained': 681600}",379.6162436070668,2019-04-02_08-47-10,kronos,71,681600,0,4217.191205501556,{},681600,426,426,4217.191205501556,467.9840311786942,1600,1554194830,{},0b32d2eec3344b1fbde4822793b2e447,69.87981902623255
False,521,"{'input': 'sampler', 'callbacks': {'on_train_result': None, 'on_sample_end': None, 'on_episode_step': None, 'on_episode_start': None, 'on_episode_end': None}, 'sample_batch_size': 200, 'clip_actions': False, 'clip_rewards': None, 'tf_session_args': {'inter_op_parallelism_threads': 2, 'intra_op_parallelism_threads': 2, 'device_count': {'CPU': 1}, 'log_device_placement': False, 'allow_soft_placement': True, 'gpu_options': {'allow_growth': True}}, 'kl_target': 0.01, 'horizon': 1500, 'lr': 0.0005, 'sample_async': False, 'simple_optimizer': False, 'compress_observations': False, 'num_envs_per_worker': 1, 'gamma': 0.99, 'sgd_minibatch_size': 128, 'observation_filter': 'NoFilter', 'entropy_coeff': 0.0, 'batch_mode': 'truncate_episodes', 'straggler_mitigation': False, 'vf_share_layers': False, 'num_gpus': 0, 'synchronize_filters': True, 'num_sgd_iter': 10, 'train_batch_size': 1500, 'optimizer': {}, 'num_gpus_per_worker': 0, 'preprocessor_pref': 'deepmind', 'num_cpus_for_driver': 1, 'lr_schedule': None, 'use_gae': True, 'lambda': 0.97, 'vf_loss_coeff': 1.0, 'vf_clip_param': 1000000.0, 'log_level': 'INFO', 'env_config': {'run': 'PPO', 'flow_params': '{\n    ""env"": {\n        ""additional_params"": {\n            ""max_accel"": 3,\n            ""max_decel"": 3,\n            ""sort_vehicles"": false,\n            ""target_velocity"": 20\n        },\n        ""evaluate"": false,\n        ""horizon"": 1500,\n        ""sims_per_step"": 1,\n        ""warmup_steps"": 0\n    },\n    ""env_name"": ""AccelEnv"",\n    ""exp_tag"": ""figure_eight_0"",\n    ""initial"": {\n        ""additional_params"": {},\n        ""bunching"": 0,\n        ""edges_distribution"": ""all"",\n        ""lanes_distribution"": Infinity,\n        ""min_gap"": 0,\n        ""perturbation"": 0.0,\n        ""shuffle"": false,\n        ""spacing"": ""uniform"",\n        ""x0"": 0\n    },\n    ""net"": {\n        ""additional_params"": {\n            ""lanes"": 1,\n            ""radius_ring"": 30,\n            ""resolution"": 40,\n            ""speed_limit"": 30\n        },\n        ""inflows"": {\n            ""_InFlows__flows"": [],\n            ""num_flows"": 0\n        },\n        ""netfile"": null,\n        ""no_internal_links"": false,\n        ""osm_path"": null\n    },\n    ""scenario"": ""Figure8Scenario"",\n    ""sim"": {\n        ""emission_path"": null,\n        ""lateral_resolution"": null,\n        ""no_step_log"": true,\n        ""num_clients"": 1,\n        ""overtake_right"": false,\n        ""port"": null,\n        ""print_warnings"": true,\n        ""pxpm"": 2,\n        ""render"": false,\n        ""restart_instance"": false,\n        ""save_render"": false,\n        ""seed"": null,\n        ""show_radius"": false,\n        ""sight_radius"": 25,\n        ""sim_step"": 0.1,\n        ""teleport_time"": -1\n    },\n    ""simulator"": ""traci"",\n    ""veh"": [\n        {\n            ""acceleration_controller"": [\n                ""IDMController"",\n                {\n                    ""noise"": 0.2\n                }\n            ],\n            ""car_following_params"": {\n                ""controller_params"": {\n                    ""accel"": 1.0,\n                    ""carFollowModel"": ""IDM"",\n                    ""decel"": 1.5,\n                    ""impatience"": 0.5,\n                    ""maxSpeed"": 30,\n                    ""minGap"": 2.5,\n                    ""sigma"": 0.5,\n                    ""speedDev"": 0.1,\n                    ""speedFactor"": 1.0,\n                    ""tau"": 1.0\n                },\n                ""speed_mode"": 1\n            },\n            ""initial_speed"": 0,\n            ""lane_change_controller"": [\n                ""SimLaneChangeController"",\n                {}\n            ],\n            ""lane_change_params"": {\n                ""controller_params"": {\n                    ""laneChangeModel"": ""LC2013"",\n                    ""lcCooperative"": ""1.0"",\n                    ""lcKeepRight"": ""1.0"",\n                    ""lcSpeedGain"": ""1.0"",\n                    ""lcStrategic"": ""1.0""\n                },\n                ""lane_change_mode"": 512\n            },\n            ""num_vehicles"": 13,\n            ""routing_controller"": [\n                ""ContinuousRouter"",\n                {}\n            ],\n            ""veh_id"": ""human""\n        },\n        {\n            ""acceleration_controller"": [\n                ""RLController"",\n                {}\n            ],\n            ""car_following_params"": {\n                ""controller_params"": {\n                    ""accel"": 1.0,\n                    ""carFollowModel"": ""IDM"",\n                    ""decel"": 1.5,\n                    ""impatience"": 0.5,\n                    ""maxSpeed"": 30,\n                    ""minGap"": 2.5,\n                    ""sigma"": 0.5,\n                    ""speedDev"": 0.1,\n                    ""speedFactor"": 1.0,\n                    ""tau"": 1.0\n                },\n                ""speed_mode"": 1\n            },\n            ""initial_speed"": 0,\n            ""lane_change_controller"": [\n                ""SimLaneChangeController"",\n                {}\n            ],\n            ""lane_change_params"": {\n                ""controller_params"": {\n                    ""laneChangeModel"": ""LC2013"",\n                    ""lcCooperative"": ""1.0"",\n                    ""lcKeepRight"": ""1.0"",\n                    ""lcSpeedGain"": ""1.0"",\n                    ""lcStrategic"": ""1.0""\n                },\n                ""lane_change_mode"": 512\n            },\n            ""num_vehicles"": 1,\n            ""routing_controller"": [\n                ""ContinuousRouter"",\n                {}\n            ],\n            ""veh_id"": ""rl""\n        }\n    ]\n}'}, 'env': 'AccelEnv-v0', 'local_evaluator_tf_session_args': {'inter_op_parallelism_threads': 8, 'intra_op_parallelism_threads': 8}, 'model': {'free_log_std': False, 'custom_options': {}, 'framestack': True, 'channel_major': False, 'max_seq_len': 20, 'lstm_use_prev_action_reward': False, 'squash_to_range': False, 'dim': 84, 'grayscale': False, 'fcnet_hiddens': [100, 50, 25], 'use_lstm': False, 'custom_model': None, 'fcnet_activation': 'tanh', 'conv_filters': None, 'conv_activation': 'relu', 'lstm_cell_size': 256, 'zero_mean': True, 'custom_preprocessor': None}, 'output_compress_columns': ['obs', 'new_obs'], 'monitor': False, 'custom_resources_per_worker': {}, 'output_max_file_size': 67108864, 'num_workers': 1, 'clip_param': 0.3, 'kl_coeff': 0.2, 'multiagent': {'policy_graphs': {}, 'policy_mapping_fn': None, 'policies_to_train': None}, 'input_evaluation': None, 'output': None, 'collect_metrics_timeout': 180, 'num_cpus_per_worker': 1}",169.237.32.118,1,1384.97,9.986765146255493,"{'num_steps_sampled': 683200, 'load_time_ms': 1.151, 'default': {'kl': 0.00978986918926239, 'cur_lr': 0.0005000000237487257, 'total_loss': 0.3677225112915039, 'policy_loss': -0.012511558830738068, 'vf_explained_var': 0.9907963275909424, 'entropy': 2.2285854816436768, 'cur_kl_coeff': 0.5272546410560608, 'vf_loss': 0.37507233023643494}, 'sample_time_ms': 9655.674, 'grad_time_ms': 278.278, 'update_time_ms': 4.852, 'num_steps_trained': 683200}",379.71717697800864,2019-04-02_08-47-20,kronos,71,683200,0,4227.177970647812,{},683200,427,427,4227.177970647812,467.9840311786942,1600,1554194840,{},0b32d2eec3344b1fbde4822793b2e447,69.87981902623255
False,523,"{'input': 'sampler', 'callbacks': {'on_train_result': None, 'on_sample_end': None, 'on_episode_step': None, 'on_episode_start': None, 'on_episode_end': None}, 'sample_batch_size': 200, 'clip_actions': False, 'clip_rewards': None, 'tf_session_args': {'inter_op_parallelism_threads': 2, 'intra_op_parallelism_threads': 2, 'device_count': {'CPU': 1}, 'log_device_placement': False, 'allow_soft_placement': True, 'gpu_options': {'allow_growth': True}}, 'kl_target': 0.01, 'horizon': 1500, 'lr': 0.0005, 'sample_async': False, 'simple_optimizer': False, 'compress_observations': False, 'num_envs_per_worker': 1, 'gamma': 0.99, 'sgd_minibatch_size': 128, 'observation_filter': 'NoFilter', 'entropy_coeff': 0.0, 'batch_mode': 'truncate_episodes', 'straggler_mitigation': False, 'vf_share_layers': False, 'num_gpus': 0, 'synchronize_filters': True, 'num_sgd_iter': 10, 'train_batch_size': 1500, 'optimizer': {}, 'num_gpus_per_worker': 0, 'preprocessor_pref': 'deepmind', 'num_cpus_for_driver': 1, 'lr_schedule': None, 'use_gae': True, 'lambda': 0.97, 'vf_loss_coeff': 1.0, 'vf_clip_param': 1000000.0, 'log_level': 'INFO', 'env_config': {'run': 'PPO', 'flow_params': '{\n    ""env"": {\n        ""additional_params"": {\n            ""max_accel"": 3,\n            ""max_decel"": 3,\n            ""sort_vehicles"": false,\n            ""target_velocity"": 20\n        },\n        ""evaluate"": false,\n        ""horizon"": 1500,\n        ""sims_per_step"": 1,\n        ""warmup_steps"": 0\n    },\n    ""env_name"": ""AccelEnv"",\n    ""exp_tag"": ""figure_eight_0"",\n    ""initial"": {\n        ""additional_params"": {},\n        ""bunching"": 0,\n        ""edges_distribution"": ""all"",\n        ""lanes_distribution"": Infinity,\n        ""min_gap"": 0,\n        ""perturbation"": 0.0,\n        ""shuffle"": false,\n        ""spacing"": ""uniform"",\n        ""x0"": 0\n    },\n    ""net"": {\n        ""additional_params"": {\n            ""lanes"": 1,\n            ""radius_ring"": 30,\n            ""resolution"": 40,\n            ""speed_limit"": 30\n        },\n        ""inflows"": {\n            ""_InFlows__flows"": [],\n            ""num_flows"": 0\n        },\n        ""netfile"": null,\n        ""no_internal_links"": false,\n        ""osm_path"": null\n    },\n    ""scenario"": ""Figure8Scenario"",\n    ""sim"": {\n        ""emission_path"": null,\n        ""lateral_resolution"": null,\n        ""no_step_log"": true,\n        ""num_clients"": 1,\n        ""overtake_right"": false,\n        ""port"": null,\n        ""print_warnings"": true,\n        ""pxpm"": 2,\n        ""render"": false,\n        ""restart_instance"": false,\n        ""save_render"": false,\n        ""seed"": null,\n        ""show_radius"": false,\n        ""sight_radius"": 25,\n        ""sim_step"": 0.1,\n        ""teleport_time"": -1\n    },\n    ""simulator"": ""traci"",\n    ""veh"": [\n        {\n            ""acceleration_controller"": [\n                ""IDMController"",\n                {\n                    ""noise"": 0.2\n                }\n            ],\n            ""car_following_params"": {\n                ""controller_params"": {\n                    ""accel"": 1.0,\n                    ""carFollowModel"": ""IDM"",\n                    ""decel"": 1.5,\n                    ""impatience"": 0.5,\n                    ""maxSpeed"": 30,\n                    ""minGap"": 2.5,\n                    ""sigma"": 0.5,\n                    ""speedDev"": 0.1,\n                    ""speedFactor"": 1.0,\n                    ""tau"": 1.0\n                },\n                ""speed_mode"": 1\n            },\n            ""initial_speed"": 0,\n            ""lane_change_controller"": [\n                ""SimLaneChangeController"",\n                {}\n            ],\n            ""lane_change_params"": {\n                ""controller_params"": {\n                    ""laneChangeModel"": ""LC2013"",\n                    ""lcCooperative"": ""1.0"",\n                    ""lcKeepRight"": ""1.0"",\n                    ""lcSpeedGain"": ""1.0"",\n                    ""lcStrategic"": ""1.0""\n                },\n                ""lane_change_mode"": 512\n            },\n            ""num_vehicles"": 13,\n            ""routing_controller"": [\n                ""ContinuousRouter"",\n                {}\n            ],\n            ""veh_id"": ""human""\n        },\n        {\n            ""acceleration_controller"": [\n                ""RLController"",\n                {}\n            ],\n            ""car_following_params"": {\n                ""controller_params"": {\n                    ""accel"": 1.0,\n                    ""carFollowModel"": ""IDM"",\n                    ""decel"": 1.5,\n                    ""impatience"": 0.5,\n                    ""maxSpeed"": 30,\n                    ""minGap"": 2.5,\n                    ""sigma"": 0.5,\n                    ""speedDev"": 0.1,\n                    ""speedFactor"": 1.0,\n                    ""tau"": 1.0\n                },\n                ""speed_mode"": 1\n            },\n            ""initial_speed"": 0,\n            ""lane_change_controller"": [\n                ""SimLaneChangeController"",\n                {}\n            ],\n            ""lane_change_params"": {\n                ""controller_params"": {\n                    ""laneChangeModel"": ""LC2013"",\n                    ""lcCooperative"": ""1.0"",\n                    ""lcKeepRight"": ""1.0"",\n                    ""lcSpeedGain"": ""1.0"",\n                    ""lcStrategic"": ""1.0""\n                },\n                ""lane_change_mode"": 512\n            },\n            ""num_vehicles"": 1,\n            ""routing_controller"": [\n                ""ContinuousRouter"",\n                {}\n            ],\n            ""veh_id"": ""rl""\n        }\n    ]\n}'}, 'env': 'AccelEnv-v0', 'local_evaluator_tf_session_args': {'inter_op_parallelism_threads': 8, 'intra_op_parallelism_threads': 8}, 'model': {'free_log_std': False, 'custom_options': {}, 'framestack': True, 'channel_major': False, 'max_seq_len': 20, 'lstm_use_prev_action_reward': False, 'squash_to_range': False, 'dim': 84, 'grayscale': False, 'fcnet_hiddens': [100, 50, 25], 'use_lstm': False, 'custom_model': None, 'fcnet_activation': 'tanh', 'conv_filters': None, 'conv_activation': 'relu', 'lstm_cell_size': 256, 'zero_mean': True, 'custom_preprocessor': None}, 'output_compress_columns': ['obs', 'new_obs'], 'monitor': False, 'custom_resources_per_worker': {}, 'output_max_file_size': 67108864, 'num_workers': 1, 'clip_param': 0.3, 'kl_coeff': 0.2, 'multiagent': {'policy_graphs': {}, 'policy_mapping_fn': None, 'policies_to_train': None}, 'input_evaluation': None, 'output': None, 'collect_metrics_timeout': 180, 'num_cpus_per_worker': 1}",169.237.32.118,2,1385.46,9.755756139755249,"{'num_steps_sampled': 684800, 'load_time_ms': 1.146, 'default': {'kl': 0.010782907716929913, 'cur_lr': 0.0005000000237487257, 'total_loss': 2.0147817134857178, 'policy_loss': -0.01569417305290699, 'vf_explained_var': 0.9690569043159485, 'entropy': 2.3054065704345703, 'cur_kl_coeff': 0.5272546410560608, 'vf_loss': 2.0247905254364014}, 'sample_time_ms': 9639.578, 'grad_time_ms': 277.785, 'update_time_ms': 4.922, 'num_steps_trained': 684800}",379.53342505384285,2019-04-02_08-47-30,kronos,71,684800,0,4236.933726787567,{},684800,428,428,4236.933726787567,467.9840311786942,1600,1554194850,{},0b32d2eec3344b1fbde4822793b2e447,69.87981902623255
False,524,"{'input': 'sampler', 'callbacks': {'on_train_result': None, 'on_sample_end': None, 'on_episode_step': None, 'on_episode_start': None, 'on_episode_end': None}, 'sample_batch_size': 200, 'clip_actions': False, 'clip_rewards': None, 'tf_session_args': {'inter_op_parallelism_threads': 2, 'intra_op_parallelism_threads': 2, 'device_count': {'CPU': 1}, 'log_device_placement': False, 'allow_soft_placement': True, 'gpu_options': {'allow_growth': True}}, 'kl_target': 0.01, 'horizon': 1500, 'lr': 0.0005, 'sample_async': False, 'simple_optimizer': False, 'compress_observations': False, 'num_envs_per_worker': 1, 'gamma': 0.99, 'sgd_minibatch_size': 128, 'observation_filter': 'NoFilter', 'entropy_coeff': 0.0, 'batch_mode': 'truncate_episodes', 'straggler_mitigation': False, 'vf_share_layers': False, 'num_gpus': 0, 'synchronize_filters': True, 'num_sgd_iter': 10, 'train_batch_size': 1500, 'optimizer': {}, 'num_gpus_per_worker': 0, 'preprocessor_pref': 'deepmind', 'num_cpus_for_driver': 1, 'lr_schedule': None, 'use_gae': True, 'lambda': 0.97, 'vf_loss_coeff': 1.0, 'vf_clip_param': 1000000.0, 'log_level': 'INFO', 'env_config': {'run': 'PPO', 'flow_params': '{\n    ""env"": {\n        ""additional_params"": {\n            ""max_accel"": 3,\n            ""max_decel"": 3,\n            ""sort_vehicles"": false,\n            ""target_velocity"": 20\n        },\n        ""evaluate"": false,\n        ""horizon"": 1500,\n        ""sims_per_step"": 1,\n        ""warmup_steps"": 0\n    },\n    ""env_name"": ""AccelEnv"",\n    ""exp_tag"": ""figure_eight_0"",\n    ""initial"": {\n        ""additional_params"": {},\n        ""bunching"": 0,\n        ""edges_distribution"": ""all"",\n        ""lanes_distribution"": Infinity,\n        ""min_gap"": 0,\n        ""perturbation"": 0.0,\n        ""shuffle"": false,\n        ""spacing"": ""uniform"",\n        ""x0"": 0\n    },\n    ""net"": {\n        ""additional_params"": {\n            ""lanes"": 1,\n            ""radius_ring"": 30,\n            ""resolution"": 40,\n            ""speed_limit"": 30\n        },\n        ""inflows"": {\n            ""_InFlows__flows"": [],\n            ""num_flows"": 0\n        },\n        ""netfile"": null,\n        ""no_internal_links"": false,\n        ""osm_path"": null\n    },\n    ""scenario"": ""Figure8Scenario"",\n    ""sim"": {\n        ""emission_path"": null,\n        ""lateral_resolution"": null,\n        ""no_step_log"": true,\n        ""num_clients"": 1,\n        ""overtake_right"": false,\n        ""port"": null,\n        ""print_warnings"": true,\n        ""pxpm"": 2,\n        ""render"": false,\n        ""restart_instance"": false,\n        ""save_render"": false,\n        ""seed"": null,\n        ""show_radius"": false,\n        ""sight_radius"": 25,\n        ""sim_step"": 0.1,\n        ""teleport_time"": -1\n    },\n    ""simulator"": ""traci"",\n    ""veh"": [\n        {\n            ""acceleration_controller"": [\n                ""IDMController"",\n                {\n                    ""noise"": 0.2\n                }\n            ],\n            ""car_following_params"": {\n                ""controller_params"": {\n                    ""accel"": 1.0,\n                    ""carFollowModel"": ""IDM"",\n                    ""decel"": 1.5,\n                    ""impatience"": 0.5,\n                    ""maxSpeed"": 30,\n                    ""minGap"": 2.5,\n                    ""sigma"": 0.5,\n                    ""speedDev"": 0.1,\n                    ""speedFactor"": 1.0,\n                    ""tau"": 1.0\n                },\n                ""speed_mode"": 1\n            },\n            ""initial_speed"": 0,\n            ""lane_change_controller"": [\n                ""SimLaneChangeController"",\n                {}\n            ],\n            ""lane_change_params"": {\n                ""controller_params"": {\n                    ""laneChangeModel"": ""LC2013"",\n                    ""lcCooperative"": ""1.0"",\n                    ""lcKeepRight"": ""1.0"",\n                    ""lcSpeedGain"": ""1.0"",\n                    ""lcStrategic"": ""1.0""\n                },\n                ""lane_change_mode"": 512\n            },\n            ""num_vehicles"": 13,\n            ""routing_controller"": [\n                ""ContinuousRouter"",\n                {}\n            ],\n            ""veh_id"": ""human""\n        },\n        {\n            ""acceleration_controller"": [\n                ""RLController"",\n                {}\n            ],\n            ""car_following_params"": {\n                ""controller_params"": {\n                    ""accel"": 1.0,\n                    ""carFollowModel"": ""IDM"",\n                    ""decel"": 1.5,\n                    ""impatience"": 0.5,\n                    ""maxSpeed"": 30,\n                    ""minGap"": 2.5,\n                    ""sigma"": 0.5,\n                    ""speedDev"": 0.1,\n                    ""speedFactor"": 1.0,\n                    ""tau"": 1.0\n                },\n                ""speed_mode"": 1\n            },\n            ""initial_speed"": 0,\n            ""lane_change_controller"": [\n                ""SimLaneChangeController"",\n                {}\n            ],\n            ""lane_change_params"": {\n                ""controller_params"": {\n                    ""laneChangeModel"": ""LC2013"",\n                    ""lcCooperative"": ""1.0"",\n                    ""lcKeepRight"": ""1.0"",\n                    ""lcSpeedGain"": ""1.0"",\n                    ""lcStrategic"": ""1.0""\n                },\n                ""lane_change_mode"": 512\n            },\n            ""num_vehicles"": 1,\n            ""routing_controller"": [\n                ""ContinuousRouter"",\n                {}\n            ],\n            ""veh_id"": ""rl""\n        }\n    ]\n}'}, 'env': 'AccelEnv-v0', 'local_evaluator_tf_session_args': {'inter_op_parallelism_threads': 8, 'intra_op_parallelism_threads': 8}, 'model': {'free_log_std': False, 'custom_options': {}, 'framestack': True, 'channel_major': False, 'max_seq_len': 20, 'lstm_use_prev_action_reward': False, 'squash_to_range': False, 'dim': 84, 'grayscale': False, 'fcnet_hiddens': [100, 50, 25], 'use_lstm': False, 'custom_model': None, 'fcnet_activation': 'tanh', 'conv_filters': None, 'conv_activation': 'relu', 'lstm_cell_size': 256, 'zero_mean': True, 'custom_preprocessor': None}, 'output_compress_columns': ['obs', 'new_obs'], 'monitor': False, 'custom_resources_per_worker': {}, 'output_max_file_size': 67108864, 'num_workers': 1, 'clip_param': 0.3, 'kl_coeff': 0.2, 'multiagent': {'policy_graphs': {}, 'policy_mapping_fn': None, 'policies_to_train': None}, 'input_evaluation': None, 'output': None, 'collect_metrics_timeout': 180, 'num_cpus_per_worker': 1}",169.237.32.118,1,1385.46,9.80859088897705,"{'num_steps_sampled': 686400, 'load_time_ms': 1.171, 'default': {'kl': 0.005084719974547625, 'cur_lr': 0.0005000000237487257, 'total_loss': 0.7800202965736389, 'policy_loss': -0.008939158171415329, 'vf_explained_var': 0.9715713858604431, 'entropy': 2.158259391784668, 'cur_kl_coeff': 0.5272546410560608, 'vf_loss': 0.786278486251831}, 'sample_time_ms': 9628.386, 'grad_time_ms': 277.535, 'update_time_ms': 4.968, 'num_steps_trained': 686400}",379.52147341864116,2019-04-02_08-47-39,kronos,71,686400,0,4246.742317676544,{},686400,429,429,4246.742317676544,467.9840311786942,1600,1554194859,{},0b32d2eec3344b1fbde4822793b2e447,69.87981902623255
False,525,"{'input': 'sampler', 'callbacks': {'on_train_result': None, 'on_sample_end': None, 'on_episode_step': None, 'on_episode_start': None, 'on_episode_end': None}, 'sample_batch_size': 200, 'clip_actions': False, 'clip_rewards': None, 'tf_session_args': {'inter_op_parallelism_threads': 2, 'intra_op_parallelism_threads': 2, 'device_count': {'CPU': 1}, 'log_device_placement': False, 'allow_soft_placement': True, 'gpu_options': {'allow_growth': True}}, 'kl_target': 0.01, 'horizon': 1500, 'lr': 0.0005, 'sample_async': False, 'simple_optimizer': False, 'compress_observations': False, 'num_envs_per_worker': 1, 'gamma': 0.99, 'sgd_minibatch_size': 128, 'observation_filter': 'NoFilter', 'entropy_coeff': 0.0, 'batch_mode': 'truncate_episodes', 'straggler_mitigation': False, 'vf_share_layers': False, 'num_gpus': 0, 'synchronize_filters': True, 'num_sgd_iter': 10, 'train_batch_size': 1500, 'optimizer': {}, 'num_gpus_per_worker': 0, 'preprocessor_pref': 'deepmind', 'num_cpus_for_driver': 1, 'lr_schedule': None, 'use_gae': True, 'lambda': 0.97, 'vf_loss_coeff': 1.0, 'vf_clip_param': 1000000.0, 'log_level': 'INFO', 'env_config': {'run': 'PPO', 'flow_params': '{\n    ""env"": {\n        ""additional_params"": {\n            ""max_accel"": 3,\n            ""max_decel"": 3,\n            ""sort_vehicles"": false,\n            ""target_velocity"": 20\n        },\n        ""evaluate"": false,\n        ""horizon"": 1500,\n        ""sims_per_step"": 1,\n        ""warmup_steps"": 0\n    },\n    ""env_name"": ""AccelEnv"",\n    ""exp_tag"": ""figure_eight_0"",\n    ""initial"": {\n        ""additional_params"": {},\n        ""bunching"": 0,\n        ""edges_distribution"": ""all"",\n        ""lanes_distribution"": Infinity,\n        ""min_gap"": 0,\n        ""perturbation"": 0.0,\n        ""shuffle"": false,\n        ""spacing"": ""uniform"",\n        ""x0"": 0\n    },\n    ""net"": {\n        ""additional_params"": {\n            ""lanes"": 1,\n            ""radius_ring"": 30,\n            ""resolution"": 40,\n            ""speed_limit"": 30\n        },\n        ""inflows"": {\n            ""_InFlows__flows"": [],\n            ""num_flows"": 0\n        },\n        ""netfile"": null,\n        ""no_internal_links"": false,\n        ""osm_path"": null\n    },\n    ""scenario"": ""Figure8Scenario"",\n    ""sim"": {\n        ""emission_path"": null,\n        ""lateral_resolution"": null,\n        ""no_step_log"": true,\n        ""num_clients"": 1,\n        ""overtake_right"": false,\n        ""port"": null,\n        ""print_warnings"": true,\n        ""pxpm"": 2,\n        ""render"": false,\n        ""restart_instance"": false,\n        ""save_render"": false,\n        ""seed"": null,\n        ""show_radius"": false,\n        ""sight_radius"": 25,\n        ""sim_step"": 0.1,\n        ""teleport_time"": -1\n    },\n    ""simulator"": ""traci"",\n    ""veh"": [\n        {\n            ""acceleration_controller"": [\n                ""IDMController"",\n                {\n                    ""noise"": 0.2\n                }\n            ],\n            ""car_following_params"": {\n                ""controller_params"": {\n                    ""accel"": 1.0,\n                    ""carFollowModel"": ""IDM"",\n                    ""decel"": 1.5,\n                    ""impatience"": 0.5,\n                    ""maxSpeed"": 30,\n                    ""minGap"": 2.5,\n                    ""sigma"": 0.5,\n                    ""speedDev"": 0.1,\n                    ""speedFactor"": 1.0,\n                    ""tau"": 1.0\n                },\n                ""speed_mode"": 1\n            },\n            ""initial_speed"": 0,\n            ""lane_change_controller"": [\n                ""SimLaneChangeController"",\n                {}\n            ],\n            ""lane_change_params"": {\n                ""controller_params"": {\n                    ""laneChangeModel"": ""LC2013"",\n                    ""lcCooperative"": ""1.0"",\n                    ""lcKeepRight"": ""1.0"",\n                    ""lcSpeedGain"": ""1.0"",\n                    ""lcStrategic"": ""1.0""\n                },\n                ""lane_change_mode"": 512\n            },\n            ""num_vehicles"": 13,\n            ""routing_controller"": [\n                ""ContinuousRouter"",\n                {}\n            ],\n            ""veh_id"": ""human""\n        },\n        {\n            ""acceleration_controller"": [\n                ""RLController"",\n                {}\n            ],\n            ""car_following_params"": {\n                ""controller_params"": {\n                    ""accel"": 1.0,\n                    ""carFollowModel"": ""IDM"",\n                    ""decel"": 1.5,\n                    ""impatience"": 0.5,\n                    ""maxSpeed"": 30,\n                    ""minGap"": 2.5,\n                    ""sigma"": 0.5,\n                    ""speedDev"": 0.1,\n                    ""speedFactor"": 1.0,\n                    ""tau"": 1.0\n                },\n                ""speed_mode"": 1\n            },\n            ""initial_speed"": 0,\n            ""lane_change_controller"": [\n                ""SimLaneChangeController"",\n                {}\n            ],\n            ""lane_change_params"": {\n                ""controller_params"": {\n                    ""laneChangeModel"": ""LC2013"",\n                    ""lcCooperative"": ""1.0"",\n                    ""lcKeepRight"": ""1.0"",\n                    ""lcSpeedGain"": ""1.0"",\n                    ""lcStrategic"": ""1.0""\n                },\n                ""lane_change_mode"": 512\n            },\n            ""num_vehicles"": 1,\n            ""routing_controller"": [\n                ""ContinuousRouter"",\n                {}\n            ],\n            ""veh_id"": ""rl""\n        }\n    ]\n}'}, 'env': 'AccelEnv-v0', 'local_evaluator_tf_session_args': {'inter_op_parallelism_threads': 8, 'intra_op_parallelism_threads': 8}, 'model': {'free_log_std': False, 'custom_options': {}, 'framestack': True, 'channel_major': False, 'max_seq_len': 20, 'lstm_use_prev_action_reward': False, 'squash_to_range': False, 'dim': 84, 'grayscale': False, 'fcnet_hiddens': [100, 50, 25], 'use_lstm': False, 'custom_model': None, 'fcnet_activation': 'tanh', 'conv_filters': None, 'conv_activation': 'relu', 'lstm_cell_size': 256, 'zero_mean': True, 'custom_preprocessor': None}, 'output_compress_columns': ['obs', 'new_obs'], 'monitor': False, 'custom_resources_per_worker': {}, 'output_max_file_size': 67108864, 'num_workers': 1, 'clip_param': 0.3, 'kl_coeff': 0.2, 'multiagent': {'policy_graphs': {}, 'policy_mapping_fn': None, 'policies_to_train': None}, 'input_evaluation': None, 'output': None, 'collect_metrics_timeout': 180, 'num_cpus_per_worker': 1}",169.237.32.118,1,1385.46,9.90996241569519,"{'num_steps_sampled': 688000, 'load_time_ms': 1.162, 'default': {'kl': 0.004766687285155058, 'cur_lr': 0.0005000000237487257, 'total_loss': 0.9832687973976135, 'policy_loss': -0.004724530968815088, 'vf_explained_var': 0.9528989195823669, 'entropy': 2.0536961555480957, 'cur_kl_coeff': 0.5272546410560608, 'vf_loss': 0.9854801297187805}, 'sample_time_ms': 9640.109, 'grad_time_ms': 277.695, 'update_time_ms': 4.685, 'num_steps_trained': 688000}",379.24213470646697,2019-04-02_08-47-49,kronos,71,688000,0,4256.652280092239,{},688000,430,430,4256.652280092239,467.9840311786942,1600,1554194869,{},0b32d2eec3344b1fbde4822793b2e447,69.87981902623255
False,526,"{'input': 'sampler', 'callbacks': {'on_train_result': None, 'on_sample_end': None, 'on_episode_step': None, 'on_episode_start': None, 'on_episode_end': None}, 'sample_batch_size': 200, 'clip_actions': False, 'clip_rewards': None, 'tf_session_args': {'inter_op_parallelism_threads': 2, 'intra_op_parallelism_threads': 2, 'device_count': {'CPU': 1}, 'log_device_placement': False, 'allow_soft_placement': True, 'gpu_options': {'allow_growth': True}}, 'kl_target': 0.01, 'horizon': 1500, 'lr': 0.0005, 'sample_async': False, 'simple_optimizer': False, 'compress_observations': False, 'num_envs_per_worker': 1, 'gamma': 0.99, 'sgd_minibatch_size': 128, 'observation_filter': 'NoFilter', 'entropy_coeff': 0.0, 'batch_mode': 'truncate_episodes', 'straggler_mitigation': False, 'vf_share_layers': False, 'num_gpus': 0, 'synchronize_filters': True, 'num_sgd_iter': 10, 'train_batch_size': 1500, 'optimizer': {}, 'num_gpus_per_worker': 0, 'preprocessor_pref': 'deepmind', 'num_cpus_for_driver': 1, 'lr_schedule': None, 'use_gae': True, 'lambda': 0.97, 'vf_loss_coeff': 1.0, 'vf_clip_param': 1000000.0, 'log_level': 'INFO', 'env_config': {'run': 'PPO', 'flow_params': '{\n    ""env"": {\n        ""additional_params"": {\n            ""max_accel"": 3,\n            ""max_decel"": 3,\n            ""sort_vehicles"": false,\n            ""target_velocity"": 20\n        },\n        ""evaluate"": false,\n        ""horizon"": 1500,\n        ""sims_per_step"": 1,\n        ""warmup_steps"": 0\n    },\n    ""env_name"": ""AccelEnv"",\n    ""exp_tag"": ""figure_eight_0"",\n    ""initial"": {\n        ""additional_params"": {},\n        ""bunching"": 0,\n        ""edges_distribution"": ""all"",\n        ""lanes_distribution"": Infinity,\n        ""min_gap"": 0,\n        ""perturbation"": 0.0,\n        ""shuffle"": false,\n        ""spacing"": ""uniform"",\n        ""x0"": 0\n    },\n    ""net"": {\n        ""additional_params"": {\n            ""lanes"": 1,\n            ""radius_ring"": 30,\n            ""resolution"": 40,\n            ""speed_limit"": 30\n        },\n        ""inflows"": {\n            ""_InFlows__flows"": [],\n            ""num_flows"": 0\n        },\n        ""netfile"": null,\n        ""no_internal_links"": false,\n        ""osm_path"": null\n    },\n    ""scenario"": ""Figure8Scenario"",\n    ""sim"": {\n        ""emission_path"": null,\n        ""lateral_resolution"": null,\n        ""no_step_log"": true,\n        ""num_clients"": 1,\n        ""overtake_right"": false,\n        ""port"": null,\n        ""print_warnings"": true,\n        ""pxpm"": 2,\n        ""render"": false,\n        ""restart_instance"": false,\n        ""save_render"": false,\n        ""seed"": null,\n        ""show_radius"": false,\n        ""sight_radius"": 25,\n        ""sim_step"": 0.1,\n        ""teleport_time"": -1\n    },\n    ""simulator"": ""traci"",\n    ""veh"": [\n        {\n            ""acceleration_controller"": [\n                ""IDMController"",\n                {\n                    ""noise"": 0.2\n                }\n            ],\n            ""car_following_params"": {\n                ""controller_params"": {\n                    ""accel"": 1.0,\n                    ""carFollowModel"": ""IDM"",\n                    ""decel"": 1.5,\n                    ""impatience"": 0.5,\n                    ""maxSpeed"": 30,\n                    ""minGap"": 2.5,\n                    ""sigma"": 0.5,\n                    ""speedDev"": 0.1,\n                    ""speedFactor"": 1.0,\n                    ""tau"": 1.0\n                },\n                ""speed_mode"": 1\n            },\n            ""initial_speed"": 0,\n            ""lane_change_controller"": [\n                ""SimLaneChangeController"",\n                {}\n            ],\n            ""lane_change_params"": {\n                ""controller_params"": {\n                    ""laneChangeModel"": ""LC2013"",\n                    ""lcCooperative"": ""1.0"",\n                    ""lcKeepRight"": ""1.0"",\n                    ""lcSpeedGain"": ""1.0"",\n                    ""lcStrategic"": ""1.0""\n                },\n                ""lane_change_mode"": 512\n            },\n            ""num_vehicles"": 13,\n            ""routing_controller"": [\n                ""ContinuousRouter"",\n                {}\n            ],\n            ""veh_id"": ""human""\n        },\n        {\n            ""acceleration_controller"": [\n                ""RLController"",\n                {}\n            ],\n            ""car_following_params"": {\n                ""controller_params"": {\n                    ""accel"": 1.0,\n                    ""carFollowModel"": ""IDM"",\n                    ""decel"": 1.5,\n                    ""impatience"": 0.5,\n                    ""maxSpeed"": 30,\n                    ""minGap"": 2.5,\n                    ""sigma"": 0.5,\n                    ""speedDev"": 0.1,\n                    ""speedFactor"": 1.0,\n                    ""tau"": 1.0\n                },\n                ""speed_mode"": 1\n            },\n            ""initial_speed"": 0,\n            ""lane_change_controller"": [\n                ""SimLaneChangeController"",\n                {}\n            ],\n            ""lane_change_params"": {\n                ""controller_params"": {\n                    ""laneChangeModel"": ""LC2013"",\n                    ""lcCooperative"": ""1.0"",\n                    ""lcKeepRight"": ""1.0"",\n                    ""lcSpeedGain"": ""1.0"",\n                    ""lcStrategic"": ""1.0""\n                },\n                ""lane_change_mode"": 512\n            },\n            ""num_vehicles"": 1,\n            ""routing_controller"": [\n                ""ContinuousRouter"",\n                {}\n            ],\n            ""veh_id"": ""rl""\n        }\n    ]\n}'}, 'env': 'AccelEnv-v0', 'local_evaluator_tf_session_args': {'inter_op_parallelism_threads': 8, 'intra_op_parallelism_threads': 8}, 'model': {'free_log_std': False, 'custom_options': {}, 'framestack': True, 'channel_major': False, 'max_seq_len': 20, 'lstm_use_prev_action_reward': False, 'squash_to_range': False, 'dim': 84, 'grayscale': False, 'fcnet_hiddens': [100, 50, 25], 'use_lstm': False, 'custom_model': None, 'fcnet_activation': 'tanh', 'conv_filters': None, 'conv_activation': 'relu', 'lstm_cell_size': 256, 'zero_mean': True, 'custom_preprocessor': None}, 'output_compress_columns': ['obs', 'new_obs'], 'monitor': False, 'custom_resources_per_worker': {}, 'output_max_file_size': 67108864, 'num_workers': 1, 'clip_param': 0.3, 'kl_coeff': 0.2, 'multiagent': {'policy_graphs': {}, 'policy_mapping_fn': None, 'policies_to_train': None}, 'input_evaluation': None, 'output': None, 'collect_metrics_timeout': 180, 'num_cpus_per_worker': 1}",169.237.32.118,1,1385.46,9.79355263710022,"{'num_steps_sampled': 689600, 'load_time_ms': 1.146, 'default': {'kl': 0.05198068544268608, 'cur_lr': 0.0005000000237487257, 'total_loss': 1.6679872274398804, 'policy_loss': -0.0562199167907238, 'vf_explained_var': 0.9547680020332336, 'entropy': 2.171826124191284, 'cur_kl_coeff': 0.2636273205280304, 'vf_loss': 1.7105034589767456}, 'sample_time_ms': 9620.985, 'grad_time_ms': 275.952, 'update_time_ms': 4.664, 'num_steps_trained': 689600}",378.89420177231455,2019-04-02_08-47-59,kronos,71,689600,0,4266.44583272934,{},689600,431,431,4266.44583272934,467.9840311786942,1600,1554194879,{},0b32d2eec3344b1fbde4822793b2e447,69.87981902623255
False,527,"{'input': 'sampler', 'callbacks': {'on_train_result': None, 'on_sample_end': None, 'on_episode_step': None, 'on_episode_start': None, 'on_episode_end': None}, 'sample_batch_size': 200, 'clip_actions': False, 'clip_rewards': None, 'tf_session_args': {'inter_op_parallelism_threads': 2, 'intra_op_parallelism_threads': 2, 'device_count': {'CPU': 1}, 'log_device_placement': False, 'allow_soft_placement': True, 'gpu_options': {'allow_growth': True}}, 'kl_target': 0.01, 'horizon': 1500, 'lr': 0.0005, 'sample_async': False, 'simple_optimizer': False, 'compress_observations': False, 'num_envs_per_worker': 1, 'gamma': 0.99, 'sgd_minibatch_size': 128, 'observation_filter': 'NoFilter', 'entropy_coeff': 0.0, 'batch_mode': 'truncate_episodes', 'straggler_mitigation': False, 'vf_share_layers': False, 'num_gpus': 0, 'synchronize_filters': True, 'num_sgd_iter': 10, 'train_batch_size': 1500, 'optimizer': {}, 'num_gpus_per_worker': 0, 'preprocessor_pref': 'deepmind', 'num_cpus_for_driver': 1, 'lr_schedule': None, 'use_gae': True, 'lambda': 0.97, 'vf_loss_coeff': 1.0, 'vf_clip_param': 1000000.0, 'log_level': 'INFO', 'env_config': {'run': 'PPO', 'flow_params': '{\n    ""env"": {\n        ""additional_params"": {\n            ""max_accel"": 3,\n            ""max_decel"": 3,\n            ""sort_vehicles"": false,\n            ""target_velocity"": 20\n        },\n        ""evaluate"": false,\n        ""horizon"": 1500,\n        ""sims_per_step"": 1,\n        ""warmup_steps"": 0\n    },\n    ""env_name"": ""AccelEnv"",\n    ""exp_tag"": ""figure_eight_0"",\n    ""initial"": {\n        ""additional_params"": {},\n        ""bunching"": 0,\n        ""edges_distribution"": ""all"",\n        ""lanes_distribution"": Infinity,\n        ""min_gap"": 0,\n        ""perturbation"": 0.0,\n        ""shuffle"": false,\n        ""spacing"": ""uniform"",\n        ""x0"": 0\n    },\n    ""net"": {\n        ""additional_params"": {\n            ""lanes"": 1,\n            ""radius_ring"": 30,\n            ""resolution"": 40,\n            ""speed_limit"": 30\n        },\n        ""inflows"": {\n            ""_InFlows__flows"": [],\n            ""num_flows"": 0\n        },\n        ""netfile"": null,\n        ""no_internal_links"": false,\n        ""osm_path"": null\n    },\n    ""scenario"": ""Figure8Scenario"",\n    ""sim"": {\n        ""emission_path"": null,\n        ""lateral_resolution"": null,\n        ""no_step_log"": true,\n        ""num_clients"": 1,\n        ""overtake_right"": false,\n        ""port"": null,\n        ""print_warnings"": true,\n        ""pxpm"": 2,\n        ""render"": false,\n        ""restart_instance"": false,\n        ""save_render"": false,\n        ""seed"": null,\n        ""show_radius"": false,\n        ""sight_radius"": 25,\n        ""sim_step"": 0.1,\n        ""teleport_time"": -1\n    },\n    ""simulator"": ""traci"",\n    ""veh"": [\n        {\n            ""acceleration_controller"": [\n                ""IDMController"",\n                {\n                    ""noise"": 0.2\n                }\n            ],\n            ""car_following_params"": {\n                ""controller_params"": {\n                    ""accel"": 1.0,\n                    ""carFollowModel"": ""IDM"",\n                    ""decel"": 1.5,\n                    ""impatience"": 0.5,\n                    ""maxSpeed"": 30,\n                    ""minGap"": 2.5,\n                    ""sigma"": 0.5,\n                    ""speedDev"": 0.1,\n                    ""speedFactor"": 1.0,\n                    ""tau"": 1.0\n                },\n                ""speed_mode"": 1\n            },\n            ""initial_speed"": 0,\n            ""lane_change_controller"": [\n                ""SimLaneChangeController"",\n                {}\n            ],\n            ""lane_change_params"": {\n                ""controller_params"": {\n                    ""laneChangeModel"": ""LC2013"",\n                    ""lcCooperative"": ""1.0"",\n                    ""lcKeepRight"": ""1.0"",\n                    ""lcSpeedGain"": ""1.0"",\n                    ""lcStrategic"": ""1.0""\n                },\n                ""lane_change_mode"": 512\n            },\n            ""num_vehicles"": 13,\n            ""routing_controller"": [\n                ""ContinuousRouter"",\n                {}\n            ],\n            ""veh_id"": ""human""\n        },\n        {\n            ""acceleration_controller"": [\n                ""RLController"",\n                {}\n            ],\n            ""car_following_params"": {\n                ""controller_params"": {\n                    ""accel"": 1.0,\n                    ""carFollowModel"": ""IDM"",\n                    ""decel"": 1.5,\n                    ""impatience"": 0.5,\n                    ""maxSpeed"": 30,\n                    ""minGap"": 2.5,\n                    ""sigma"": 0.5,\n                    ""speedDev"": 0.1,\n                    ""speedFactor"": 1.0,\n                    ""tau"": 1.0\n                },\n                ""speed_mode"": 1\n            },\n            ""initial_speed"": 0,\n            ""lane_change_controller"": [\n                ""SimLaneChangeController"",\n                {}\n            ],\n            ""lane_change_params"": {\n                ""controller_params"": {\n                    ""laneChangeModel"": ""LC2013"",\n                    ""lcCooperative"": ""1.0"",\n                    ""lcKeepRight"": ""1.0"",\n                    ""lcSpeedGain"": ""1.0"",\n                    ""lcStrategic"": ""1.0""\n                },\n                ""lane_change_mode"": 512\n            },\n            ""num_vehicles"": 1,\n            ""routing_controller"": [\n                ""ContinuousRouter"",\n                {}\n            ],\n            ""veh_id"": ""rl""\n        }\n    ]\n}'}, 'env': 'AccelEnv-v0', 'local_evaluator_tf_session_args': {'inter_op_parallelism_threads': 8, 'intra_op_parallelism_threads': 8}, 'model': {'free_log_std': False, 'custom_options': {}, 'framestack': True, 'channel_major': False, 'max_seq_len': 20, 'lstm_use_prev_action_reward': False, 'squash_to_range': False, 'dim': 84, 'grayscale': False, 'fcnet_hiddens': [100, 50, 25], 'use_lstm': False, 'custom_model': None, 'fcnet_activation': 'tanh', 'conv_filters': None, 'conv_activation': 'relu', 'lstm_cell_size': 256, 'zero_mean': True, 'custom_preprocessor': None}, 'output_compress_columns': ['obs', 'new_obs'], 'monitor': False, 'custom_resources_per_worker': {}, 'output_max_file_size': 67108864, 'num_workers': 1, 'clip_param': 0.3, 'kl_coeff': 0.2, 'multiagent': {'policy_graphs': {}, 'policy_mapping_fn': None, 'policies_to_train': None}, 'input_evaluation': None, 'output': None, 'collect_metrics_timeout': 180, 'num_cpus_per_worker': 1}",169.237.32.118,1,1385.46,9.762685298919678,"{'num_steps_sampled': 691200, 'load_time_ms': 1.138, 'default': {'kl': 0.00878289993852377, 'cur_lr': 0.0005000000237487257, 'total_loss': 1.4277195930480957, 'policy_loss': -0.012191182933747768, 'vf_explained_var': 0.9672606587409973, 'entropy': 2.2447264194488525, 'cur_kl_coeff': 0.3954410254955292, 'vf_loss': 1.436437726020813}, 'sample_time_ms': 9605.203, 'grad_time_ms': 273.625, 'update_time_ms': 4.62, 'num_steps_trained': 691200}",378.4595015273891,2019-04-02_08-48-09,kronos,71,691200,0,4276.208518028259,{},691200,432,432,4276.208518028259,467.9840311786942,1600,1554194889,{},0b32d2eec3344b1fbde4822793b2e447,69.87981902623255
False,528,"{'input': 'sampler', 'callbacks': {'on_train_result': None, 'on_sample_end': None, 'on_episode_step': None, 'on_episode_start': None, 'on_episode_end': None}, 'sample_batch_size': 200, 'clip_actions': False, 'clip_rewards': None, 'tf_session_args': {'inter_op_parallelism_threads': 2, 'intra_op_parallelism_threads': 2, 'device_count': {'CPU': 1}, 'log_device_placement': False, 'allow_soft_placement': True, 'gpu_options': {'allow_growth': True}}, 'kl_target': 0.01, 'horizon': 1500, 'lr': 0.0005, 'sample_async': False, 'simple_optimizer': False, 'compress_observations': False, 'num_envs_per_worker': 1, 'gamma': 0.99, 'sgd_minibatch_size': 128, 'observation_filter': 'NoFilter', 'entropy_coeff': 0.0, 'batch_mode': 'truncate_episodes', 'straggler_mitigation': False, 'vf_share_layers': False, 'num_gpus': 0, 'synchronize_filters': True, 'num_sgd_iter': 10, 'train_batch_size': 1500, 'optimizer': {}, 'num_gpus_per_worker': 0, 'preprocessor_pref': 'deepmind', 'num_cpus_for_driver': 1, 'lr_schedule': None, 'use_gae': True, 'lambda': 0.97, 'vf_loss_coeff': 1.0, 'vf_clip_param': 1000000.0, 'log_level': 'INFO', 'env_config': {'run': 'PPO', 'flow_params': '{\n    ""env"": {\n        ""additional_params"": {\n            ""max_accel"": 3,\n            ""max_decel"": 3,\n            ""sort_vehicles"": false,\n            ""target_velocity"": 20\n        },\n        ""evaluate"": false,\n        ""horizon"": 1500,\n        ""sims_per_step"": 1,\n        ""warmup_steps"": 0\n    },\n    ""env_name"": ""AccelEnv"",\n    ""exp_tag"": ""figure_eight_0"",\n    ""initial"": {\n        ""additional_params"": {},\n        ""bunching"": 0,\n        ""edges_distribution"": ""all"",\n        ""lanes_distribution"": Infinity,\n        ""min_gap"": 0,\n        ""perturbation"": 0.0,\n        ""shuffle"": false,\n        ""spacing"": ""uniform"",\n        ""x0"": 0\n    },\n    ""net"": {\n        ""additional_params"": {\n            ""lanes"": 1,\n            ""radius_ring"": 30,\n            ""resolution"": 40,\n            ""speed_limit"": 30\n        },\n        ""inflows"": {\n            ""_InFlows__flows"": [],\n            ""num_flows"": 0\n        },\n        ""netfile"": null,\n        ""no_internal_links"": false,\n        ""osm_path"": null\n    },\n    ""scenario"": ""Figure8Scenario"",\n    ""sim"": {\n        ""emission_path"": null,\n        ""lateral_resolution"": null,\n        ""no_step_log"": true,\n        ""num_clients"": 1,\n        ""overtake_right"": false,\n        ""port"": null,\n        ""print_warnings"": true,\n        ""pxpm"": 2,\n        ""render"": false,\n        ""restart_instance"": false,\n        ""save_render"": false,\n        ""seed"": null,\n        ""show_radius"": false,\n        ""sight_radius"": 25,\n        ""sim_step"": 0.1,\n        ""teleport_time"": -1\n    },\n    ""simulator"": ""traci"",\n    ""veh"": [\n        {\n            ""acceleration_controller"": [\n                ""IDMController"",\n                {\n                    ""noise"": 0.2\n                }\n            ],\n            ""car_following_params"": {\n                ""controller_params"": {\n                    ""accel"": 1.0,\n                    ""carFollowModel"": ""IDM"",\n                    ""decel"": 1.5,\n                    ""impatience"": 0.5,\n                    ""maxSpeed"": 30,\n                    ""minGap"": 2.5,\n                    ""sigma"": 0.5,\n                    ""speedDev"": 0.1,\n                    ""speedFactor"": 1.0,\n                    ""tau"": 1.0\n                },\n                ""speed_mode"": 1\n            },\n            ""initial_speed"": 0,\n            ""lane_change_controller"": [\n                ""SimLaneChangeController"",\n                {}\n            ],\n            ""lane_change_params"": {\n                ""controller_params"": {\n                    ""laneChangeModel"": ""LC2013"",\n                    ""lcCooperative"": ""1.0"",\n                    ""lcKeepRight"": ""1.0"",\n                    ""lcSpeedGain"": ""1.0"",\n                    ""lcStrategic"": ""1.0""\n                },\n                ""lane_change_mode"": 512\n            },\n            ""num_vehicles"": 13,\n            ""routing_controller"": [\n                ""ContinuousRouter"",\n                {}\n            ],\n            ""veh_id"": ""human""\n        },\n        {\n            ""acceleration_controller"": [\n                ""RLController"",\n                {}\n            ],\n            ""car_following_params"": {\n                ""controller_params"": {\n                    ""accel"": 1.0,\n                    ""carFollowModel"": ""IDM"",\n                    ""decel"": 1.5,\n                    ""impatience"": 0.5,\n                    ""maxSpeed"": 30,\n                    ""minGap"": 2.5,\n                    ""sigma"": 0.5,\n                    ""speedDev"": 0.1,\n                    ""speedFactor"": 1.0,\n                    ""tau"": 1.0\n                },\n                ""speed_mode"": 1\n            },\n            ""initial_speed"": 0,\n            ""lane_change_controller"": [\n                ""SimLaneChangeController"",\n                {}\n            ],\n            ""lane_change_params"": {\n                ""controller_params"": {\n                    ""laneChangeModel"": ""LC2013"",\n                    ""lcCooperative"": ""1.0"",\n                    ""lcKeepRight"": ""1.0"",\n                    ""lcSpeedGain"": ""1.0"",\n                    ""lcStrategic"": ""1.0""\n                },\n                ""lane_change_mode"": 512\n            },\n            ""num_vehicles"": 1,\n            ""routing_controller"": [\n                ""ContinuousRouter"",\n                {}\n            ],\n            ""veh_id"": ""rl""\n        }\n    ]\n}'}, 'env': 'AccelEnv-v0', 'local_evaluator_tf_session_args': {'inter_op_parallelism_threads': 8, 'intra_op_parallelism_threads': 8}, 'model': {'free_log_std': False, 'custom_options': {}, 'framestack': True, 'channel_major': False, 'max_seq_len': 20, 'lstm_use_prev_action_reward': False, 'squash_to_range': False, 'dim': 84, 'grayscale': False, 'fcnet_hiddens': [100, 50, 25], 'use_lstm': False, 'custom_model': None, 'fcnet_activation': 'tanh', 'conv_filters': None, 'conv_activation': 'relu', 'lstm_cell_size': 256, 'zero_mean': True, 'custom_preprocessor': None}, 'output_compress_columns': ['obs', 'new_obs'], 'monitor': False, 'custom_resources_per_worker': {}, 'output_max_file_size': 67108864, 'num_workers': 1, 'clip_param': 0.3, 'kl_coeff': 0.2, 'multiagent': {'policy_graphs': {}, 'policy_mapping_fn': None, 'policies_to_train': None}, 'input_evaluation': None, 'output': None, 'collect_metrics_timeout': 180, 'num_cpus_per_worker': 1}",169.237.32.118,1,1385.46,9.850258350372314,"{'num_steps_sampled': 692800, 'load_time_ms': 1.153, 'default': {'kl': 0.0079733207821846, 'cur_lr': 0.0005000000237487257, 'total_loss': 0.7371017336845398, 'policy_loss': -0.011059257201850414, 'vf_explained_var': 0.9712904095649719, 'entropy': 2.2435920238494873, 'cur_kl_coeff': 0.3954410254955292, 'vf_loss': 0.7450079321861267}, 'sample_time_ms': 9606.948, 'grad_time_ms': 273.282, 'update_time_ms': 4.604, 'num_steps_trained': 692800}",378.1979864327381,2019-04-02_08-48-19,kronos,71,692800,0,4286.058776378632,{},692800,433,433,4286.058776378632,467.9840311786942,1600,1554194899,{},0b32d2eec3344b1fbde4822793b2e447,69.87981902623255
False,529,"{'input': 'sampler', 'callbacks': {'on_train_result': None, 'on_sample_end': None, 'on_episode_step': None, 'on_episode_start': None, 'on_episode_end': None}, 'sample_batch_size': 200, 'clip_actions': False, 'clip_rewards': None, 'tf_session_args': {'inter_op_parallelism_threads': 2, 'intra_op_parallelism_threads': 2, 'device_count': {'CPU': 1}, 'log_device_placement': False, 'allow_soft_placement': True, 'gpu_options': {'allow_growth': True}}, 'kl_target': 0.01, 'horizon': 1500, 'lr': 0.0005, 'sample_async': False, 'simple_optimizer': False, 'compress_observations': False, 'num_envs_per_worker': 1, 'gamma': 0.99, 'sgd_minibatch_size': 128, 'observation_filter': 'NoFilter', 'entropy_coeff': 0.0, 'batch_mode': 'truncate_episodes', 'straggler_mitigation': False, 'vf_share_layers': False, 'num_gpus': 0, 'synchronize_filters': True, 'num_sgd_iter': 10, 'train_batch_size': 1500, 'optimizer': {}, 'num_gpus_per_worker': 0, 'preprocessor_pref': 'deepmind', 'num_cpus_for_driver': 1, 'lr_schedule': None, 'use_gae': True, 'lambda': 0.97, 'vf_loss_coeff': 1.0, 'vf_clip_param': 1000000.0, 'log_level': 'INFO', 'env_config': {'run': 'PPO', 'flow_params': '{\n    ""env"": {\n        ""additional_params"": {\n            ""max_accel"": 3,\n            ""max_decel"": 3,\n            ""sort_vehicles"": false,\n            ""target_velocity"": 20\n        },\n        ""evaluate"": false,\n        ""horizon"": 1500,\n        ""sims_per_step"": 1,\n        ""warmup_steps"": 0\n    },\n    ""env_name"": ""AccelEnv"",\n    ""exp_tag"": ""figure_eight_0"",\n    ""initial"": {\n        ""additional_params"": {},\n        ""bunching"": 0,\n        ""edges_distribution"": ""all"",\n        ""lanes_distribution"": Infinity,\n        ""min_gap"": 0,\n        ""perturbation"": 0.0,\n        ""shuffle"": false,\n        ""spacing"": ""uniform"",\n        ""x0"": 0\n    },\n    ""net"": {\n        ""additional_params"": {\n            ""lanes"": 1,\n            ""radius_ring"": 30,\n            ""resolution"": 40,\n            ""speed_limit"": 30\n        },\n        ""inflows"": {\n            ""_InFlows__flows"": [],\n            ""num_flows"": 0\n        },\n        ""netfile"": null,\n        ""no_internal_links"": false,\n        ""osm_path"": null\n    },\n    ""scenario"": ""Figure8Scenario"",\n    ""sim"": {\n        ""emission_path"": null,\n        ""lateral_resolution"": null,\n        ""no_step_log"": true,\n        ""num_clients"": 1,\n        ""overtake_right"": false,\n        ""port"": null,\n        ""print_warnings"": true,\n        ""pxpm"": 2,\n        ""render"": false,\n        ""restart_instance"": false,\n        ""save_render"": false,\n        ""seed"": null,\n        ""show_radius"": false,\n        ""sight_radius"": 25,\n        ""sim_step"": 0.1,\n        ""teleport_time"": -1\n    },\n    ""simulator"": ""traci"",\n    ""veh"": [\n        {\n            ""acceleration_controller"": [\n                ""IDMController"",\n                {\n                    ""noise"": 0.2\n                }\n            ],\n            ""car_following_params"": {\n                ""controller_params"": {\n                    ""accel"": 1.0,\n                    ""carFollowModel"": ""IDM"",\n                    ""decel"": 1.5,\n                    ""impatience"": 0.5,\n                    ""maxSpeed"": 30,\n                    ""minGap"": 2.5,\n                    ""sigma"": 0.5,\n                    ""speedDev"": 0.1,\n                    ""speedFactor"": 1.0,\n                    ""tau"": 1.0\n                },\n                ""speed_mode"": 1\n            },\n            ""initial_speed"": 0,\n            ""lane_change_controller"": [\n                ""SimLaneChangeController"",\n                {}\n            ],\n            ""lane_change_params"": {\n                ""controller_params"": {\n                    ""laneChangeModel"": ""LC2013"",\n                    ""lcCooperative"": ""1.0"",\n                    ""lcKeepRight"": ""1.0"",\n                    ""lcSpeedGain"": ""1.0"",\n                    ""lcStrategic"": ""1.0""\n                },\n                ""lane_change_mode"": 512\n            },\n            ""num_vehicles"": 13,\n            ""routing_controller"": [\n                ""ContinuousRouter"",\n                {}\n            ],\n            ""veh_id"": ""human""\n        },\n        {\n            ""acceleration_controller"": [\n                ""RLController"",\n                {}\n            ],\n            ""car_following_params"": {\n                ""controller_params"": {\n                    ""accel"": 1.0,\n                    ""carFollowModel"": ""IDM"",\n                    ""decel"": 1.5,\n                    ""impatience"": 0.5,\n                    ""maxSpeed"": 30,\n                    ""minGap"": 2.5,\n                    ""sigma"": 0.5,\n                    ""speedDev"": 0.1,\n                    ""speedFactor"": 1.0,\n                    ""tau"": 1.0\n                },\n                ""speed_mode"": 1\n            },\n            ""initial_speed"": 0,\n            ""lane_change_controller"": [\n                ""SimLaneChangeController"",\n                {}\n            ],\n            ""lane_change_params"": {\n                ""controller_params"": {\n                    ""laneChangeModel"": ""LC2013"",\n                    ""lcCooperative"": ""1.0"",\n                    ""lcKeepRight"": ""1.0"",\n                    ""lcSpeedGain"": ""1.0"",\n                    ""lcStrategic"": ""1.0""\n                },\n                ""lane_change_mode"": 512\n            },\n            ""num_vehicles"": 1,\n            ""routing_controller"": [\n                ""ContinuousRouter"",\n                {}\n            ],\n            ""veh_id"": ""rl""\n        }\n    ]\n}'}, 'env': 'AccelEnv-v0', 'local_evaluator_tf_session_args': {'inter_op_parallelism_threads': 8, 'intra_op_parallelism_threads': 8}, 'model': {'free_log_std': False, 'custom_options': {}, 'framestack': True, 'channel_major': False, 'max_seq_len': 20, 'lstm_use_prev_action_reward': False, 'squash_to_range': False, 'dim': 84, 'grayscale': False, 'fcnet_hiddens': [100, 50, 25], 'use_lstm': False, 'custom_model': None, 'fcnet_activation': 'tanh', 'conv_filters': None, 'conv_activation': 'relu', 'lstm_cell_size': 256, 'zero_mean': True, 'custom_preprocessor': None}, 'output_compress_columns': ['obs', 'new_obs'], 'monitor': False, 'custom_resources_per_worker': {}, 'output_max_file_size': 67108864, 'num_workers': 1, 'clip_param': 0.3, 'kl_coeff': 0.2, 'multiagent': {'policy_graphs': {}, 'policy_mapping_fn': None, 'policies_to_train': None}, 'input_evaluation': None, 'output': None, 'collect_metrics_timeout': 180, 'num_cpus_per_worker': 1}",169.237.32.118,1,1385.46,9.861032247543335,"{'num_steps_sampled': 694400, 'load_time_ms': 1.127, 'default': {'kl': 0.005606317427009344, 'cur_lr': 0.0005000000237487257, 'total_loss': 0.9589423537254333, 'policy_loss': -0.004613287281244993, 'vf_explained_var': 0.9673143029212952, 'entropy': 2.2875077724456787, 'cur_kl_coeff': 0.3954410254955292, 'vf_loss': 0.9613385796546936}, 'sample_time_ms': 9591.917, 'grad_time_ms': 271.883, 'update_time_ms': 4.668, 'num_steps_trained': 694400}",378.2166871779454,2019-04-02_08-48-29,kronos,71,694400,0,4295.919808626175,{},694400,434,434,4295.919808626175,467.9840311786942,1600,1554194909,{},0b32d2eec3344b1fbde4822793b2e447,69.87981902623255
False,530,"{'input': 'sampler', 'callbacks': {'on_train_result': None, 'on_sample_end': None, 'on_episode_step': None, 'on_episode_start': None, 'on_episode_end': None}, 'sample_batch_size': 200, 'clip_actions': False, 'clip_rewards': None, 'tf_session_args': {'inter_op_parallelism_threads': 2, 'intra_op_parallelism_threads': 2, 'device_count': {'CPU': 1}, 'log_device_placement': False, 'allow_soft_placement': True, 'gpu_options': {'allow_growth': True}}, 'kl_target': 0.01, 'horizon': 1500, 'lr': 0.0005, 'sample_async': False, 'simple_optimizer': False, 'compress_observations': False, 'num_envs_per_worker': 1, 'gamma': 0.99, 'sgd_minibatch_size': 128, 'observation_filter': 'NoFilter', 'entropy_coeff': 0.0, 'batch_mode': 'truncate_episodes', 'straggler_mitigation': False, 'vf_share_layers': False, 'num_gpus': 0, 'synchronize_filters': True, 'num_sgd_iter': 10, 'train_batch_size': 1500, 'optimizer': {}, 'num_gpus_per_worker': 0, 'preprocessor_pref': 'deepmind', 'num_cpus_for_driver': 1, 'lr_schedule': None, 'use_gae': True, 'lambda': 0.97, 'vf_loss_coeff': 1.0, 'vf_clip_param': 1000000.0, 'log_level': 'INFO', 'env_config': {'run': 'PPO', 'flow_params': '{\n    ""env"": {\n        ""additional_params"": {\n            ""max_accel"": 3,\n            ""max_decel"": 3,\n            ""sort_vehicles"": false,\n            ""target_velocity"": 20\n        },\n        ""evaluate"": false,\n        ""horizon"": 1500,\n        ""sims_per_step"": 1,\n        ""warmup_steps"": 0\n    },\n    ""env_name"": ""AccelEnv"",\n    ""exp_tag"": ""figure_eight_0"",\n    ""initial"": {\n        ""additional_params"": {},\n        ""bunching"": 0,\n        ""edges_distribution"": ""all"",\n        ""lanes_distribution"": Infinity,\n        ""min_gap"": 0,\n        ""perturbation"": 0.0,\n        ""shuffle"": false,\n        ""spacing"": ""uniform"",\n        ""x0"": 0\n    },\n    ""net"": {\n        ""additional_params"": {\n            ""lanes"": 1,\n            ""radius_ring"": 30,\n            ""resolution"": 40,\n            ""speed_limit"": 30\n        },\n        ""inflows"": {\n            ""_InFlows__flows"": [],\n            ""num_flows"": 0\n        },\n        ""netfile"": null,\n        ""no_internal_links"": false,\n        ""osm_path"": null\n    },\n    ""scenario"": ""Figure8Scenario"",\n    ""sim"": {\n        ""emission_path"": null,\n        ""lateral_resolution"": null,\n        ""no_step_log"": true,\n        ""num_clients"": 1,\n        ""overtake_right"": false,\n        ""port"": null,\n        ""print_warnings"": true,\n        ""pxpm"": 2,\n        ""render"": false,\n        ""restart_instance"": false,\n        ""save_render"": false,\n        ""seed"": null,\n        ""show_radius"": false,\n        ""sight_radius"": 25,\n        ""sim_step"": 0.1,\n        ""teleport_time"": -1\n    },\n    ""simulator"": ""traci"",\n    ""veh"": [\n        {\n            ""acceleration_controller"": [\n                ""IDMController"",\n                {\n                    ""noise"": 0.2\n                }\n            ],\n            ""car_following_params"": {\n                ""controller_params"": {\n                    ""accel"": 1.0,\n                    ""carFollowModel"": ""IDM"",\n                    ""decel"": 1.5,\n                    ""impatience"": 0.5,\n                    ""maxSpeed"": 30,\n                    ""minGap"": 2.5,\n                    ""sigma"": 0.5,\n                    ""speedDev"": 0.1,\n                    ""speedFactor"": 1.0,\n                    ""tau"": 1.0\n                },\n                ""speed_mode"": 1\n            },\n            ""initial_speed"": 0,\n            ""lane_change_controller"": [\n                ""SimLaneChangeController"",\n                {}\n            ],\n            ""lane_change_params"": {\n                ""controller_params"": {\n                    ""laneChangeModel"": ""LC2013"",\n                    ""lcCooperative"": ""1.0"",\n                    ""lcKeepRight"": ""1.0"",\n                    ""lcSpeedGain"": ""1.0"",\n                    ""lcStrategic"": ""1.0""\n                },\n                ""lane_change_mode"": 512\n            },\n            ""num_vehicles"": 13,\n            ""routing_controller"": [\n                ""ContinuousRouter"",\n                {}\n            ],\n            ""veh_id"": ""human""\n        },\n        {\n            ""acceleration_controller"": [\n                ""RLController"",\n                {}\n            ],\n            ""car_following_params"": {\n                ""controller_params"": {\n                    ""accel"": 1.0,\n                    ""carFollowModel"": ""IDM"",\n                    ""decel"": 1.5,\n                    ""impatience"": 0.5,\n                    ""maxSpeed"": 30,\n                    ""minGap"": 2.5,\n                    ""sigma"": 0.5,\n                    ""speedDev"": 0.1,\n                    ""speedFactor"": 1.0,\n                    ""tau"": 1.0\n                },\n                ""speed_mode"": 1\n            },\n            ""initial_speed"": 0,\n            ""lane_change_controller"": [\n                ""SimLaneChangeController"",\n                {}\n            ],\n            ""lane_change_params"": {\n                ""controller_params"": {\n                    ""laneChangeModel"": ""LC2013"",\n                    ""lcCooperative"": ""1.0"",\n                    ""lcKeepRight"": ""1.0"",\n                    ""lcSpeedGain"": ""1.0"",\n                    ""lcStrategic"": ""1.0""\n                },\n                ""lane_change_mode"": 512\n            },\n            ""num_vehicles"": 1,\n            ""routing_controller"": [\n                ""ContinuousRouter"",\n                {}\n            ],\n            ""veh_id"": ""rl""\n        }\n    ]\n}'}, 'env': 'AccelEnv-v0', 'local_evaluator_tf_session_args': {'inter_op_parallelism_threads': 8, 'intra_op_parallelism_threads': 8}, 'model': {'free_log_std': False, 'custom_options': {}, 'framestack': True, 'channel_major': False, 'max_seq_len': 20, 'lstm_use_prev_action_reward': False, 'squash_to_range': False, 'dim': 84, 'grayscale': False, 'fcnet_hiddens': [100, 50, 25], 'use_lstm': False, 'custom_model': None, 'fcnet_activation': 'tanh', 'conv_filters': None, 'conv_activation': 'relu', 'lstm_cell_size': 256, 'zero_mean': True, 'custom_preprocessor': None}, 'output_compress_columns': ['obs', 'new_obs'], 'monitor': False, 'custom_resources_per_worker': {}, 'output_max_file_size': 67108864, 'num_workers': 1, 'clip_param': 0.3, 'kl_coeff': 0.2, 'multiagent': {'policy_graphs': {}, 'policy_mapping_fn': None, 'policies_to_train': None}, 'input_evaluation': None, 'output': None, 'collect_metrics_timeout': 180, 'num_cpus_per_worker': 1}",169.237.32.118,1,1385.46,9.9365873336792,"{'num_steps_sampled': 696000, 'load_time_ms': 1.11, 'default': {'kl': 0.011293075978755951, 'cur_lr': 0.0005000000237487257, 'total_loss': 0.39192888140678406, 'policy_loss': -0.025996869429945946, 'vf_explained_var': 0.9862772822380066, 'entropy': 2.1508443355560303, 'cur_kl_coeff': 0.3954410254955292, 'vf_loss': 0.41346001625061035}, 'sample_time_ms': 9581.608, 'grad_time_ms': 273.714, 'update_time_ms': 4.809, 'num_steps_trained': 696000}",378.21312712799715,2019-04-02_08-48-39,kronos,71,696000,0,4305.856395959854,{},696000,435,435,4305.856395959854,467.9840311786942,1600,1554194919,{},0b32d2eec3344b1fbde4822793b2e447,69.87981902623255
False,531,"{'input': 'sampler', 'callbacks': {'on_train_result': None, 'on_sample_end': None, 'on_episode_step': None, 'on_episode_start': None, 'on_episode_end': None}, 'sample_batch_size': 200, 'clip_actions': False, 'clip_rewards': None, 'tf_session_args': {'inter_op_parallelism_threads': 2, 'intra_op_parallelism_threads': 2, 'device_count': {'CPU': 1}, 'log_device_placement': False, 'allow_soft_placement': True, 'gpu_options': {'allow_growth': True}}, 'kl_target': 0.01, 'horizon': 1500, 'lr': 0.0005, 'sample_async': False, 'simple_optimizer': False, 'compress_observations': False, 'num_envs_per_worker': 1, 'gamma': 0.99, 'sgd_minibatch_size': 128, 'observation_filter': 'NoFilter', 'entropy_coeff': 0.0, 'batch_mode': 'truncate_episodes', 'straggler_mitigation': False, 'vf_share_layers': False, 'num_gpus': 0, 'synchronize_filters': True, 'num_sgd_iter': 10, 'train_batch_size': 1500, 'optimizer': {}, 'num_gpus_per_worker': 0, 'preprocessor_pref': 'deepmind', 'num_cpus_for_driver': 1, 'lr_schedule': None, 'use_gae': True, 'lambda': 0.97, 'vf_loss_coeff': 1.0, 'vf_clip_param': 1000000.0, 'log_level': 'INFO', 'env_config': {'run': 'PPO', 'flow_params': '{\n    ""env"": {\n        ""additional_params"": {\n            ""max_accel"": 3,\n            ""max_decel"": 3,\n            ""sort_vehicles"": false,\n            ""target_velocity"": 20\n        },\n        ""evaluate"": false,\n        ""horizon"": 1500,\n        ""sims_per_step"": 1,\n        ""warmup_steps"": 0\n    },\n    ""env_name"": ""AccelEnv"",\n    ""exp_tag"": ""figure_eight_0"",\n    ""initial"": {\n        ""additional_params"": {},\n        ""bunching"": 0,\n        ""edges_distribution"": ""all"",\n        ""lanes_distribution"": Infinity,\n        ""min_gap"": 0,\n        ""perturbation"": 0.0,\n        ""shuffle"": false,\n        ""spacing"": ""uniform"",\n        ""x0"": 0\n    },\n    ""net"": {\n        ""additional_params"": {\n            ""lanes"": 1,\n            ""radius_ring"": 30,\n            ""resolution"": 40,\n            ""speed_limit"": 30\n        },\n        ""inflows"": {\n            ""_InFlows__flows"": [],\n            ""num_flows"": 0\n        },\n        ""netfile"": null,\n        ""no_internal_links"": false,\n        ""osm_path"": null\n    },\n    ""scenario"": ""Figure8Scenario"",\n    ""sim"": {\n        ""emission_path"": null,\n        ""lateral_resolution"": null,\n        ""no_step_log"": true,\n        ""num_clients"": 1,\n        ""overtake_right"": false,\n        ""port"": null,\n        ""print_warnings"": true,\n        ""pxpm"": 2,\n        ""render"": false,\n        ""restart_instance"": false,\n        ""save_render"": false,\n        ""seed"": null,\n        ""show_radius"": false,\n        ""sight_radius"": 25,\n        ""sim_step"": 0.1,\n        ""teleport_time"": -1\n    },\n    ""simulator"": ""traci"",\n    ""veh"": [\n        {\n            ""acceleration_controller"": [\n                ""IDMController"",\n                {\n                    ""noise"": 0.2\n                }\n            ],\n            ""car_following_params"": {\n                ""controller_params"": {\n                    ""accel"": 1.0,\n                    ""carFollowModel"": ""IDM"",\n                    ""decel"": 1.5,\n                    ""impatience"": 0.5,\n                    ""maxSpeed"": 30,\n                    ""minGap"": 2.5,\n                    ""sigma"": 0.5,\n                    ""speedDev"": 0.1,\n                    ""speedFactor"": 1.0,\n                    ""tau"": 1.0\n                },\n                ""speed_mode"": 1\n            },\n            ""initial_speed"": 0,\n            ""lane_change_controller"": [\n                ""SimLaneChangeController"",\n                {}\n            ],\n            ""lane_change_params"": {\n                ""controller_params"": {\n                    ""laneChangeModel"": ""LC2013"",\n                    ""lcCooperative"": ""1.0"",\n                    ""lcKeepRight"": ""1.0"",\n                    ""lcSpeedGain"": ""1.0"",\n                    ""lcStrategic"": ""1.0""\n                },\n                ""lane_change_mode"": 512\n            },\n            ""num_vehicles"": 13,\n            ""routing_controller"": [\n                ""ContinuousRouter"",\n                {}\n            ],\n            ""veh_id"": ""human""\n        },\n        {\n            ""acceleration_controller"": [\n                ""RLController"",\n                {}\n            ],\n            ""car_following_params"": {\n                ""controller_params"": {\n                    ""accel"": 1.0,\n                    ""carFollowModel"": ""IDM"",\n                    ""decel"": 1.5,\n                    ""impatience"": 0.5,\n                    ""maxSpeed"": 30,\n                    ""minGap"": 2.5,\n                    ""sigma"": 0.5,\n                    ""speedDev"": 0.1,\n                    ""speedFactor"": 1.0,\n                    ""tau"": 1.0\n                },\n                ""speed_mode"": 1\n            },\n            ""initial_speed"": 0,\n            ""lane_change_controller"": [\n                ""SimLaneChangeController"",\n                {}\n            ],\n            ""lane_change_params"": {\n                ""controller_params"": {\n                    ""laneChangeModel"": ""LC2013"",\n                    ""lcCooperative"": ""1.0"",\n                    ""lcKeepRight"": ""1.0"",\n                    ""lcSpeedGain"": ""1.0"",\n                    ""lcStrategic"": ""1.0""\n                },\n                ""lane_change_mode"": 512\n            },\n            ""num_vehicles"": 1,\n            ""routing_controller"": [\n                ""ContinuousRouter"",\n                {}\n            ],\n            ""veh_id"": ""rl""\n        }\n    ]\n}'}, 'env': 'AccelEnv-v0', 'local_evaluator_tf_session_args': {'inter_op_parallelism_threads': 8, 'intra_op_parallelism_threads': 8}, 'model': {'free_log_std': False, 'custom_options': {}, 'framestack': True, 'channel_major': False, 'max_seq_len': 20, 'lstm_use_prev_action_reward': False, 'squash_to_range': False, 'dim': 84, 'grayscale': False, 'fcnet_hiddens': [100, 50, 25], 'use_lstm': False, 'custom_model': None, 'fcnet_activation': 'tanh', 'conv_filters': None, 'conv_activation': 'relu', 'lstm_cell_size': 256, 'zero_mean': True, 'custom_preprocessor': None}, 'output_compress_columns': ['obs', 'new_obs'], 'monitor': False, 'custom_resources_per_worker': {}, 'output_max_file_size': 67108864, 'num_workers': 1, 'clip_param': 0.3, 'kl_coeff': 0.2, 'multiagent': {'policy_graphs': {}, 'policy_mapping_fn': None, 'policies_to_train': None}, 'input_evaluation': None, 'output': None, 'collect_metrics_timeout': 180, 'num_cpus_per_worker': 1}",169.237.32.118,1,1385.46,9.938364505767822,"{'num_steps_sampled': 697600, 'load_time_ms': 1.12, 'default': {'kl': 0.010552843101322651, 'cur_lr': 0.0005000000237487257, 'total_loss': 0.3220874071121216, 'policy_loss': -0.0241568461060524, 'vf_explained_var': 0.9869506359100342, 'entropy': 2.13214373588562, 'cur_kl_coeff': 0.3954410254955292, 'vf_loss': 0.3420712649822235}, 'sample_time_ms': 9576.033, 'grad_time_ms': 273.104, 'update_time_ms': 4.859, 'num_steps_trained': 697600}",378.4614850771628,2019-04-02_08-48-49,kronos,71,697600,0,4315.794760465622,{},697600,436,436,4315.794760465622,467.9840311786942,1600,1554194929,{},0b32d2eec3344b1fbde4822793b2e447,69.87981902623255
False,532,"{'input': 'sampler', 'callbacks': {'on_train_result': None, 'on_sample_end': None, 'on_episode_step': None, 'on_episode_start': None, 'on_episode_end': None}, 'sample_batch_size': 200, 'clip_actions': False, 'clip_rewards': None, 'tf_session_args': {'inter_op_parallelism_threads': 2, 'intra_op_parallelism_threads': 2, 'device_count': {'CPU': 1}, 'log_device_placement': False, 'allow_soft_placement': True, 'gpu_options': {'allow_growth': True}}, 'kl_target': 0.01, 'horizon': 1500, 'lr': 0.0005, 'sample_async': False, 'simple_optimizer': False, 'compress_observations': False, 'num_envs_per_worker': 1, 'gamma': 0.99, 'sgd_minibatch_size': 128, 'observation_filter': 'NoFilter', 'entropy_coeff': 0.0, 'batch_mode': 'truncate_episodes', 'straggler_mitigation': False, 'vf_share_layers': False, 'num_gpus': 0, 'synchronize_filters': True, 'num_sgd_iter': 10, 'train_batch_size': 1500, 'optimizer': {}, 'num_gpus_per_worker': 0, 'preprocessor_pref': 'deepmind', 'num_cpus_for_driver': 1, 'lr_schedule': None, 'use_gae': True, 'lambda': 0.97, 'vf_loss_coeff': 1.0, 'vf_clip_param': 1000000.0, 'log_level': 'INFO', 'env_config': {'run': 'PPO', 'flow_params': '{\n    ""env"": {\n        ""additional_params"": {\n            ""max_accel"": 3,\n            ""max_decel"": 3,\n            ""sort_vehicles"": false,\n            ""target_velocity"": 20\n        },\n        ""evaluate"": false,\n        ""horizon"": 1500,\n        ""sims_per_step"": 1,\n        ""warmup_steps"": 0\n    },\n    ""env_name"": ""AccelEnv"",\n    ""exp_tag"": ""figure_eight_0"",\n    ""initial"": {\n        ""additional_params"": {},\n        ""bunching"": 0,\n        ""edges_distribution"": ""all"",\n        ""lanes_distribution"": Infinity,\n        ""min_gap"": 0,\n        ""perturbation"": 0.0,\n        ""shuffle"": false,\n        ""spacing"": ""uniform"",\n        ""x0"": 0\n    },\n    ""net"": {\n        ""additional_params"": {\n            ""lanes"": 1,\n            ""radius_ring"": 30,\n            ""resolution"": 40,\n            ""speed_limit"": 30\n        },\n        ""inflows"": {\n            ""_InFlows__flows"": [],\n            ""num_flows"": 0\n        },\n        ""netfile"": null,\n        ""no_internal_links"": false,\n        ""osm_path"": null\n    },\n    ""scenario"": ""Figure8Scenario"",\n    ""sim"": {\n        ""emission_path"": null,\n        ""lateral_resolution"": null,\n        ""no_step_log"": true,\n        ""num_clients"": 1,\n        ""overtake_right"": false,\n        ""port"": null,\n        ""print_warnings"": true,\n        ""pxpm"": 2,\n        ""render"": false,\n        ""restart_instance"": false,\n        ""save_render"": false,\n        ""seed"": null,\n        ""show_radius"": false,\n        ""sight_radius"": 25,\n        ""sim_step"": 0.1,\n        ""teleport_time"": -1\n    },\n    ""simulator"": ""traci"",\n    ""veh"": [\n        {\n            ""acceleration_controller"": [\n                ""IDMController"",\n                {\n                    ""noise"": 0.2\n                }\n            ],\n            ""car_following_params"": {\n                ""controller_params"": {\n                    ""accel"": 1.0,\n                    ""carFollowModel"": ""IDM"",\n                    ""decel"": 1.5,\n                    ""impatience"": 0.5,\n                    ""maxSpeed"": 30,\n                    ""minGap"": 2.5,\n                    ""sigma"": 0.5,\n                    ""speedDev"": 0.1,\n                    ""speedFactor"": 1.0,\n                    ""tau"": 1.0\n                },\n                ""speed_mode"": 1\n            },\n            ""initial_speed"": 0,\n            ""lane_change_controller"": [\n                ""SimLaneChangeController"",\n                {}\n            ],\n            ""lane_change_params"": {\n                ""controller_params"": {\n                    ""laneChangeModel"": ""LC2013"",\n                    ""lcCooperative"": ""1.0"",\n                    ""lcKeepRight"": ""1.0"",\n                    ""lcSpeedGain"": ""1.0"",\n                    ""lcStrategic"": ""1.0""\n                },\n                ""lane_change_mode"": 512\n            },\n            ""num_vehicles"": 13,\n            ""routing_controller"": [\n                ""ContinuousRouter"",\n                {}\n            ],\n            ""veh_id"": ""human""\n        },\n        {\n            ""acceleration_controller"": [\n                ""RLController"",\n                {}\n            ],\n            ""car_following_params"": {\n                ""controller_params"": {\n                    ""accel"": 1.0,\n                    ""carFollowModel"": ""IDM"",\n                    ""decel"": 1.5,\n                    ""impatience"": 0.5,\n                    ""maxSpeed"": 30,\n                    ""minGap"": 2.5,\n                    ""sigma"": 0.5,\n                    ""speedDev"": 0.1,\n                    ""speedFactor"": 1.0,\n                    ""tau"": 1.0\n                },\n                ""speed_mode"": 1\n            },\n            ""initial_speed"": 0,\n            ""lane_change_controller"": [\n                ""SimLaneChangeController"",\n                {}\n            ],\n            ""lane_change_params"": {\n                ""controller_params"": {\n                    ""laneChangeModel"": ""LC2013"",\n                    ""lcCooperative"": ""1.0"",\n                    ""lcKeepRight"": ""1.0"",\n                    ""lcSpeedGain"": ""1.0"",\n                    ""lcStrategic"": ""1.0""\n                },\n                ""lane_change_mode"": 512\n            },\n            ""num_vehicles"": 1,\n            ""routing_controller"": [\n                ""ContinuousRouter"",\n                {}\n            ],\n            ""veh_id"": ""rl""\n        }\n    ]\n}'}, 'env': 'AccelEnv-v0', 'local_evaluator_tf_session_args': {'inter_op_parallelism_threads': 8, 'intra_op_parallelism_threads': 8}, 'model': {'free_log_std': False, 'custom_options': {}, 'framestack': True, 'channel_major': False, 'max_seq_len': 20, 'lstm_use_prev_action_reward': False, 'squash_to_range': False, 'dim': 84, 'grayscale': False, 'fcnet_hiddens': [100, 50, 25], 'use_lstm': False, 'custom_model': None, 'fcnet_activation': 'tanh', 'conv_filters': None, 'conv_activation': 'relu', 'lstm_cell_size': 256, 'zero_mean': True, 'custom_preprocessor': None}, 'output_compress_columns': ['obs', 'new_obs'], 'monitor': False, 'custom_resources_per_worker': {}, 'output_max_file_size': 67108864, 'num_workers': 1, 'clip_param': 0.3, 'kl_coeff': 0.2, 'multiagent': {'policy_graphs': {}, 'policy_mapping_fn': None, 'policies_to_train': None}, 'input_evaluation': None, 'output': None, 'collect_metrics_timeout': 180, 'num_cpus_per_worker': 1}",169.237.32.118,1,1385.46,10.062181949615479,"{'num_steps_sampled': 699200, 'load_time_ms': 1.118, 'default': {'kl': 0.016183456405997276, 'cur_lr': 0.0005000000237487257, 'total_loss': 0.4694812297821045, 'policy_loss': -0.03457363694906235, 'vf_explained_var': 0.9805530905723572, 'entropy': 2.2793614864349365, 'cur_kl_coeff': 0.3954410254955292, 'vf_loss': 0.4976552724838257}, 'sample_time_ms': 9583.154, 'grad_time_ms': 273.557, 'update_time_ms': 4.891, 'num_steps_trained': 699200}",378.7875188236934,2019-04-02_08-48-59,kronos,71,699200,0,4325.856942415237,{},699200,437,437,4325.856942415237,467.9840311786942,1600,1554194939,{},0b32d2eec3344b1fbde4822793b2e447,69.87981902623255
False,533,"{'input': 'sampler', 'callbacks': {'on_train_result': None, 'on_sample_end': None, 'on_episode_step': None, 'on_episode_start': None, 'on_episode_end': None}, 'sample_batch_size': 200, 'clip_actions': False, 'clip_rewards': None, 'tf_session_args': {'inter_op_parallelism_threads': 2, 'intra_op_parallelism_threads': 2, 'device_count': {'CPU': 1}, 'log_device_placement': False, 'allow_soft_placement': True, 'gpu_options': {'allow_growth': True}}, 'kl_target': 0.01, 'horizon': 1500, 'lr': 0.0005, 'sample_async': False, 'simple_optimizer': False, 'compress_observations': False, 'num_envs_per_worker': 1, 'gamma': 0.99, 'sgd_minibatch_size': 128, 'observation_filter': 'NoFilter', 'entropy_coeff': 0.0, 'batch_mode': 'truncate_episodes', 'straggler_mitigation': False, 'vf_share_layers': False, 'num_gpus': 0, 'synchronize_filters': True, 'num_sgd_iter': 10, 'train_batch_size': 1500, 'optimizer': {}, 'num_gpus_per_worker': 0, 'preprocessor_pref': 'deepmind', 'num_cpus_for_driver': 1, 'lr_schedule': None, 'use_gae': True, 'lambda': 0.97, 'vf_loss_coeff': 1.0, 'vf_clip_param': 1000000.0, 'log_level': 'INFO', 'env_config': {'run': 'PPO', 'flow_params': '{\n    ""env"": {\n        ""additional_params"": {\n            ""max_accel"": 3,\n            ""max_decel"": 3,\n            ""sort_vehicles"": false,\n            ""target_velocity"": 20\n        },\n        ""evaluate"": false,\n        ""horizon"": 1500,\n        ""sims_per_step"": 1,\n        ""warmup_steps"": 0\n    },\n    ""env_name"": ""AccelEnv"",\n    ""exp_tag"": ""figure_eight_0"",\n    ""initial"": {\n        ""additional_params"": {},\n        ""bunching"": 0,\n        ""edges_distribution"": ""all"",\n        ""lanes_distribution"": Infinity,\n        ""min_gap"": 0,\n        ""perturbation"": 0.0,\n        ""shuffle"": false,\n        ""spacing"": ""uniform"",\n        ""x0"": 0\n    },\n    ""net"": {\n        ""additional_params"": {\n            ""lanes"": 1,\n            ""radius_ring"": 30,\n            ""resolution"": 40,\n            ""speed_limit"": 30\n        },\n        ""inflows"": {\n            ""_InFlows__flows"": [],\n            ""num_flows"": 0\n        },\n        ""netfile"": null,\n        ""no_internal_links"": false,\n        ""osm_path"": null\n    },\n    ""scenario"": ""Figure8Scenario"",\n    ""sim"": {\n        ""emission_path"": null,\n        ""lateral_resolution"": null,\n        ""no_step_log"": true,\n        ""num_clients"": 1,\n        ""overtake_right"": false,\n        ""port"": null,\n        ""print_warnings"": true,\n        ""pxpm"": 2,\n        ""render"": false,\n        ""restart_instance"": false,\n        ""save_render"": false,\n        ""seed"": null,\n        ""show_radius"": false,\n        ""sight_radius"": 25,\n        ""sim_step"": 0.1,\n        ""teleport_time"": -1\n    },\n    ""simulator"": ""traci"",\n    ""veh"": [\n        {\n            ""acceleration_controller"": [\n                ""IDMController"",\n                {\n                    ""noise"": 0.2\n                }\n            ],\n            ""car_following_params"": {\n                ""controller_params"": {\n                    ""accel"": 1.0,\n                    ""carFollowModel"": ""IDM"",\n                    ""decel"": 1.5,\n                    ""impatience"": 0.5,\n                    ""maxSpeed"": 30,\n                    ""minGap"": 2.5,\n                    ""sigma"": 0.5,\n                    ""speedDev"": 0.1,\n                    ""speedFactor"": 1.0,\n                    ""tau"": 1.0\n                },\n                ""speed_mode"": 1\n            },\n            ""initial_speed"": 0,\n            ""lane_change_controller"": [\n                ""SimLaneChangeController"",\n                {}\n            ],\n            ""lane_change_params"": {\n                ""controller_params"": {\n                    ""laneChangeModel"": ""LC2013"",\n                    ""lcCooperative"": ""1.0"",\n                    ""lcKeepRight"": ""1.0"",\n                    ""lcSpeedGain"": ""1.0"",\n                    ""lcStrategic"": ""1.0""\n                },\n                ""lane_change_mode"": 512\n            },\n            ""num_vehicles"": 13,\n            ""routing_controller"": [\n                ""ContinuousRouter"",\n                {}\n            ],\n            ""veh_id"": ""human""\n        },\n        {\n            ""acceleration_controller"": [\n                ""RLController"",\n                {}\n            ],\n            ""car_following_params"": {\n                ""controller_params"": {\n                    ""accel"": 1.0,\n                    ""carFollowModel"": ""IDM"",\n                    ""decel"": 1.5,\n                    ""impatience"": 0.5,\n                    ""maxSpeed"": 30,\n                    ""minGap"": 2.5,\n                    ""sigma"": 0.5,\n                    ""speedDev"": 0.1,\n                    ""speedFactor"": 1.0,\n                    ""tau"": 1.0\n                },\n                ""speed_mode"": 1\n            },\n            ""initial_speed"": 0,\n            ""lane_change_controller"": [\n                ""SimLaneChangeController"",\n                {}\n            ],\n            ""lane_change_params"": {\n                ""controller_params"": {\n                    ""laneChangeModel"": ""LC2013"",\n                    ""lcCooperative"": ""1.0"",\n                    ""lcKeepRight"": ""1.0"",\n                    ""lcSpeedGain"": ""1.0"",\n                    ""lcStrategic"": ""1.0""\n                },\n                ""lane_change_mode"": 512\n            },\n            ""num_vehicles"": 1,\n            ""routing_controller"": [\n                ""ContinuousRouter"",\n                {}\n            ],\n            ""veh_id"": ""rl""\n        }\n    ]\n}'}, 'env': 'AccelEnv-v0', 'local_evaluator_tf_session_args': {'inter_op_parallelism_threads': 8, 'intra_op_parallelism_threads': 8}, 'model': {'free_log_std': False, 'custom_options': {}, 'framestack': True, 'channel_major': False, 'max_seq_len': 20, 'lstm_use_prev_action_reward': False, 'squash_to_range': False, 'dim': 84, 'grayscale': False, 'fcnet_hiddens': [100, 50, 25], 'use_lstm': False, 'custom_model': None, 'fcnet_activation': 'tanh', 'conv_filters': None, 'conv_activation': 'relu', 'lstm_cell_size': 256, 'zero_mean': True, 'custom_preprocessor': None}, 'output_compress_columns': ['obs', 'new_obs'], 'monitor': False, 'custom_resources_per_worker': {}, 'output_max_file_size': 67108864, 'num_workers': 1, 'clip_param': 0.3, 'kl_coeff': 0.2, 'multiagent': {'policy_graphs': {}, 'policy_mapping_fn': None, 'policies_to_train': None}, 'input_evaluation': None, 'output': None, 'collect_metrics_timeout': 180, 'num_cpus_per_worker': 1}",169.237.32.118,1,1385.46,9.827699899673462,"{'num_steps_sampled': 700800, 'load_time_ms': 1.129, 'default': {'kl': 0.01004378404468298, 'cur_lr': 0.0005000000237487257, 'total_loss': 1.4411349296569824, 'policy_loss': -0.011923826299607754, 'vf_explained_var': 0.9712141156196594, 'entropy': 2.316762685775757, 'cur_kl_coeff': 0.3954410254955292, 'vf_loss': 1.4490870237350464}, 'sample_time_ms': 9589.815, 'grad_time_ms': 274.18, 'update_time_ms': 4.786, 'num_steps_trained': 700800}",378.85488475930583,2019-04-02_08-49-08,kronos,71,700800,0,4335.684642314911,{},700800,438,438,4335.684642314911,467.9840311786942,1600,1554194948,{},0b32d2eec3344b1fbde4822793b2e447,69.87981902623255
False,534,"{'input': 'sampler', 'callbacks': {'on_train_result': None, 'on_sample_end': None, 'on_episode_step': None, 'on_episode_start': None, 'on_episode_end': None}, 'sample_batch_size': 200, 'clip_actions': False, 'clip_rewards': None, 'tf_session_args': {'inter_op_parallelism_threads': 2, 'intra_op_parallelism_threads': 2, 'device_count': {'CPU': 1}, 'log_device_placement': False, 'allow_soft_placement': True, 'gpu_options': {'allow_growth': True}}, 'kl_target': 0.01, 'horizon': 1500, 'lr': 0.0005, 'sample_async': False, 'simple_optimizer': False, 'compress_observations': False, 'num_envs_per_worker': 1, 'gamma': 0.99, 'sgd_minibatch_size': 128, 'observation_filter': 'NoFilter', 'entropy_coeff': 0.0, 'batch_mode': 'truncate_episodes', 'straggler_mitigation': False, 'vf_share_layers': False, 'num_gpus': 0, 'synchronize_filters': True, 'num_sgd_iter': 10, 'train_batch_size': 1500, 'optimizer': {}, 'num_gpus_per_worker': 0, 'preprocessor_pref': 'deepmind', 'num_cpus_for_driver': 1, 'lr_schedule': None, 'use_gae': True, 'lambda': 0.97, 'vf_loss_coeff': 1.0, 'vf_clip_param': 1000000.0, 'log_level': 'INFO', 'env_config': {'run': 'PPO', 'flow_params': '{\n    ""env"": {\n        ""additional_params"": {\n            ""max_accel"": 3,\n            ""max_decel"": 3,\n            ""sort_vehicles"": false,\n            ""target_velocity"": 20\n        },\n        ""evaluate"": false,\n        ""horizon"": 1500,\n        ""sims_per_step"": 1,\n        ""warmup_steps"": 0\n    },\n    ""env_name"": ""AccelEnv"",\n    ""exp_tag"": ""figure_eight_0"",\n    ""initial"": {\n        ""additional_params"": {},\n        ""bunching"": 0,\n        ""edges_distribution"": ""all"",\n        ""lanes_distribution"": Infinity,\n        ""min_gap"": 0,\n        ""perturbation"": 0.0,\n        ""shuffle"": false,\n        ""spacing"": ""uniform"",\n        ""x0"": 0\n    },\n    ""net"": {\n        ""additional_params"": {\n            ""lanes"": 1,\n            ""radius_ring"": 30,\n            ""resolution"": 40,\n            ""speed_limit"": 30\n        },\n        ""inflows"": {\n            ""_InFlows__flows"": [],\n            ""num_flows"": 0\n        },\n        ""netfile"": null,\n        ""no_internal_links"": false,\n        ""osm_path"": null\n    },\n    ""scenario"": ""Figure8Scenario"",\n    ""sim"": {\n        ""emission_path"": null,\n        ""lateral_resolution"": null,\n        ""no_step_log"": true,\n        ""num_clients"": 1,\n        ""overtake_right"": false,\n        ""port"": null,\n        ""print_warnings"": true,\n        ""pxpm"": 2,\n        ""render"": false,\n        ""restart_instance"": false,\n        ""save_render"": false,\n        ""seed"": null,\n        ""show_radius"": false,\n        ""sight_radius"": 25,\n        ""sim_step"": 0.1,\n        ""teleport_time"": -1\n    },\n    ""simulator"": ""traci"",\n    ""veh"": [\n        {\n            ""acceleration_controller"": [\n                ""IDMController"",\n                {\n                    ""noise"": 0.2\n                }\n            ],\n            ""car_following_params"": {\n                ""controller_params"": {\n                    ""accel"": 1.0,\n                    ""carFollowModel"": ""IDM"",\n                    ""decel"": 1.5,\n                    ""impatience"": 0.5,\n                    ""maxSpeed"": 30,\n                    ""minGap"": 2.5,\n                    ""sigma"": 0.5,\n                    ""speedDev"": 0.1,\n                    ""speedFactor"": 1.0,\n                    ""tau"": 1.0\n                },\n                ""speed_mode"": 1\n            },\n            ""initial_speed"": 0,\n            ""lane_change_controller"": [\n                ""SimLaneChangeController"",\n                {}\n            ],\n            ""lane_change_params"": {\n                ""controller_params"": {\n                    ""laneChangeModel"": ""LC2013"",\n                    ""lcCooperative"": ""1.0"",\n                    ""lcKeepRight"": ""1.0"",\n                    ""lcSpeedGain"": ""1.0"",\n                    ""lcStrategic"": ""1.0""\n                },\n                ""lane_change_mode"": 512\n            },\n            ""num_vehicles"": 13,\n            ""routing_controller"": [\n                ""ContinuousRouter"",\n                {}\n            ],\n            ""veh_id"": ""human""\n        },\n        {\n            ""acceleration_controller"": [\n                ""RLController"",\n                {}\n            ],\n            ""car_following_params"": {\n                ""controller_params"": {\n                    ""accel"": 1.0,\n                    ""carFollowModel"": ""IDM"",\n                    ""decel"": 1.5,\n                    ""impatience"": 0.5,\n                    ""maxSpeed"": 30,\n                    ""minGap"": 2.5,\n                    ""sigma"": 0.5,\n                    ""speedDev"": 0.1,\n                    ""speedFactor"": 1.0,\n                    ""tau"": 1.0\n                },\n                ""speed_mode"": 1\n            },\n            ""initial_speed"": 0,\n            ""lane_change_controller"": [\n                ""SimLaneChangeController"",\n                {}\n            ],\n            ""lane_change_params"": {\n                ""controller_params"": {\n                    ""laneChangeModel"": ""LC2013"",\n                    ""lcCooperative"": ""1.0"",\n                    ""lcKeepRight"": ""1.0"",\n                    ""lcSpeedGain"": ""1.0"",\n                    ""lcStrategic"": ""1.0""\n                },\n                ""lane_change_mode"": 512\n            },\n            ""num_vehicles"": 1,\n            ""routing_controller"": [\n                ""ContinuousRouter"",\n                {}\n            ],\n            ""veh_id"": ""rl""\n        }\n    ]\n}'}, 'env': 'AccelEnv-v0', 'local_evaluator_tf_session_args': {'inter_op_parallelism_threads': 8, 'intra_op_parallelism_threads': 8}, 'model': {'free_log_std': False, 'custom_options': {}, 'framestack': True, 'channel_major': False, 'max_seq_len': 20, 'lstm_use_prev_action_reward': False, 'squash_to_range': False, 'dim': 84, 'grayscale': False, 'fcnet_hiddens': [100, 50, 25], 'use_lstm': False, 'custom_model': None, 'fcnet_activation': 'tanh', 'conv_filters': None, 'conv_activation': 'relu', 'lstm_cell_size': 256, 'zero_mean': True, 'custom_preprocessor': None}, 'output_compress_columns': ['obs', 'new_obs'], 'monitor': False, 'custom_resources_per_worker': {}, 'output_max_file_size': 67108864, 'num_workers': 1, 'clip_param': 0.3, 'kl_coeff': 0.2, 'multiagent': {'policy_graphs': {}, 'policy_mapping_fn': None, 'policies_to_train': None}, 'input_evaluation': None, 'output': None, 'collect_metrics_timeout': 180, 'num_cpus_per_worker': 1}",169.237.32.118,1,1385.46,9.93371057510376,"{'num_steps_sampled': 702400, 'load_time_ms': 1.126, 'default': {'kl': 0.025637952610850334, 'cur_lr': 0.0005000000237487257, 'total_loss': 0.863456666469574, 'policy_loss': -0.0324396938085556, 'vf_explained_var': 0.9771664142608643, 'entropy': 2.255967378616333, 'cur_kl_coeff': 0.3954410254955292, 'vf_loss': 0.885758101940155}, 'sample_time_ms': 9603.466, 'grad_time_ms': 273.106, 'update_time_ms': 4.713, 'num_steps_trained': 702400}",378.14909838191625,2019-04-02_08-49-18,kronos,71,702400,0,4345.618352890015,{},702400,439,439,4345.618352890015,467.9840311786942,1600,1554194958,{},0b32d2eec3344b1fbde4822793b2e447,69.87981902623255
False,536,"{'input': 'sampler', 'callbacks': {'on_train_result': None, 'on_sample_end': None, 'on_episode_step': None, 'on_episode_start': None, 'on_episode_end': None}, 'sample_batch_size': 200, 'clip_actions': False, 'clip_rewards': None, 'tf_session_args': {'inter_op_parallelism_threads': 2, 'intra_op_parallelism_threads': 2, 'device_count': {'CPU': 1}, 'log_device_placement': False, 'allow_soft_placement': True, 'gpu_options': {'allow_growth': True}}, 'kl_target': 0.01, 'horizon': 1500, 'lr': 0.0005, 'sample_async': False, 'simple_optimizer': False, 'compress_observations': False, 'num_envs_per_worker': 1, 'gamma': 0.99, 'sgd_minibatch_size': 128, 'observation_filter': 'NoFilter', 'entropy_coeff': 0.0, 'batch_mode': 'truncate_episodes', 'straggler_mitigation': False, 'vf_share_layers': False, 'num_gpus': 0, 'synchronize_filters': True, 'num_sgd_iter': 10, 'train_batch_size': 1500, 'optimizer': {}, 'num_gpus_per_worker': 0, 'preprocessor_pref': 'deepmind', 'num_cpus_for_driver': 1, 'lr_schedule': None, 'use_gae': True, 'lambda': 0.97, 'vf_loss_coeff': 1.0, 'vf_clip_param': 1000000.0, 'log_level': 'INFO', 'env_config': {'run': 'PPO', 'flow_params': '{\n    ""env"": {\n        ""additional_params"": {\n            ""max_accel"": 3,\n            ""max_decel"": 3,\n            ""sort_vehicles"": false,\n            ""target_velocity"": 20\n        },\n        ""evaluate"": false,\n        ""horizon"": 1500,\n        ""sims_per_step"": 1,\n        ""warmup_steps"": 0\n    },\n    ""env_name"": ""AccelEnv"",\n    ""exp_tag"": ""figure_eight_0"",\n    ""initial"": {\n        ""additional_params"": {},\n        ""bunching"": 0,\n        ""edges_distribution"": ""all"",\n        ""lanes_distribution"": Infinity,\n        ""min_gap"": 0,\n        ""perturbation"": 0.0,\n        ""shuffle"": false,\n        ""spacing"": ""uniform"",\n        ""x0"": 0\n    },\n    ""net"": {\n        ""additional_params"": {\n            ""lanes"": 1,\n            ""radius_ring"": 30,\n            ""resolution"": 40,\n            ""speed_limit"": 30\n        },\n        ""inflows"": {\n            ""_InFlows__flows"": [],\n            ""num_flows"": 0\n        },\n        ""netfile"": null,\n        ""no_internal_links"": false,\n        ""osm_path"": null\n    },\n    ""scenario"": ""Figure8Scenario"",\n    ""sim"": {\n        ""emission_path"": null,\n        ""lateral_resolution"": null,\n        ""no_step_log"": true,\n        ""num_clients"": 1,\n        ""overtake_right"": false,\n        ""port"": null,\n        ""print_warnings"": true,\n        ""pxpm"": 2,\n        ""render"": false,\n        ""restart_instance"": false,\n        ""save_render"": false,\n        ""seed"": null,\n        ""show_radius"": false,\n        ""sight_radius"": 25,\n        ""sim_step"": 0.1,\n        ""teleport_time"": -1\n    },\n    ""simulator"": ""traci"",\n    ""veh"": [\n        {\n            ""acceleration_controller"": [\n                ""IDMController"",\n                {\n                    ""noise"": 0.2\n                }\n            ],\n            ""car_following_params"": {\n                ""controller_params"": {\n                    ""accel"": 1.0,\n                    ""carFollowModel"": ""IDM"",\n                    ""decel"": 1.5,\n                    ""impatience"": 0.5,\n                    ""maxSpeed"": 30,\n                    ""minGap"": 2.5,\n                    ""sigma"": 0.5,\n                    ""speedDev"": 0.1,\n                    ""speedFactor"": 1.0,\n                    ""tau"": 1.0\n                },\n                ""speed_mode"": 1\n            },\n            ""initial_speed"": 0,\n            ""lane_change_controller"": [\n                ""SimLaneChangeController"",\n                {}\n            ],\n            ""lane_change_params"": {\n                ""controller_params"": {\n                    ""laneChangeModel"": ""LC2013"",\n                    ""lcCooperative"": ""1.0"",\n                    ""lcKeepRight"": ""1.0"",\n                    ""lcSpeedGain"": ""1.0"",\n                    ""lcStrategic"": ""1.0""\n                },\n                ""lane_change_mode"": 512\n            },\n            ""num_vehicles"": 13,\n            ""routing_controller"": [\n                ""ContinuousRouter"",\n                {}\n            ],\n            ""veh_id"": ""human""\n        },\n        {\n            ""acceleration_controller"": [\n                ""RLController"",\n                {}\n            ],\n            ""car_following_params"": {\n                ""controller_params"": {\n                    ""accel"": 1.0,\n                    ""carFollowModel"": ""IDM"",\n                    ""decel"": 1.5,\n                    ""impatience"": 0.5,\n                    ""maxSpeed"": 30,\n                    ""minGap"": 2.5,\n                    ""sigma"": 0.5,\n                    ""speedDev"": 0.1,\n                    ""speedFactor"": 1.0,\n                    ""tau"": 1.0\n                },\n                ""speed_mode"": 1\n            },\n            ""initial_speed"": 0,\n            ""lane_change_controller"": [\n                ""SimLaneChangeController"",\n                {}\n            ],\n            ""lane_change_params"": {\n                ""controller_params"": {\n                    ""laneChangeModel"": ""LC2013"",\n                    ""lcCooperative"": ""1.0"",\n                    ""lcKeepRight"": ""1.0"",\n                    ""lcSpeedGain"": ""1.0"",\n                    ""lcStrategic"": ""1.0""\n                },\n                ""lane_change_mode"": 512\n            },\n            ""num_vehicles"": 1,\n            ""routing_controller"": [\n                ""ContinuousRouter"",\n                {}\n            ],\n            ""veh_id"": ""rl""\n        }\n    ]\n}'}, 'env': 'AccelEnv-v0', 'local_evaluator_tf_session_args': {'inter_op_parallelism_threads': 8, 'intra_op_parallelism_threads': 8}, 'model': {'free_log_std': False, 'custom_options': {}, 'framestack': True, 'channel_major': False, 'max_seq_len': 20, 'lstm_use_prev_action_reward': False, 'squash_to_range': False, 'dim': 84, 'grayscale': False, 'fcnet_hiddens': [100, 50, 25], 'use_lstm': False, 'custom_model': None, 'fcnet_activation': 'tanh', 'conv_filters': None, 'conv_activation': 'relu', 'lstm_cell_size': 256, 'zero_mean': True, 'custom_preprocessor': None}, 'output_compress_columns': ['obs', 'new_obs'], 'monitor': False, 'custom_resources_per_worker': {}, 'output_max_file_size': 67108864, 'num_workers': 1, 'clip_param': 0.3, 'kl_coeff': 0.2, 'multiagent': {'policy_graphs': {}, 'policy_mapping_fn': None, 'policies_to_train': None}, 'input_evaluation': None, 'output': None, 'collect_metrics_timeout': 180, 'num_cpus_per_worker': 1}",169.237.32.118,2,1385.46,9.795108556747437,"{'num_steps_sampled': 704000, 'load_time_ms': 1.129, 'default': {'kl': 0.007644977420568466, 'cur_lr': 0.0005000000237487257, 'total_loss': 0.30046653747558594, 'policy_loss': -0.011536176316440105, 'vf_explained_var': 0.9949788451194763, 'entropy': 2.4338057041168213, 'cur_kl_coeff': 0.5931615233421326, 'vf_loss': 0.3074679970741272}, 'sample_time_ms': 9591.149, 'grad_time_ms': 273.902, 'update_time_ms': 4.713, 'num_steps_trained': 704000}",377.9229828689937,2019-04-02_08-49-28,kronos,71,704000,0,4355.413461446762,{},704000,440,440,4355.413461446762,467.9840311786942,1600,1554194968,{},0b32d2eec3344b1fbde4822793b2e447,69.87981902623255
False,537,"{'input': 'sampler', 'callbacks': {'on_train_result': None, 'on_sample_end': None, 'on_episode_step': None, 'on_episode_start': None, 'on_episode_end': None}, 'sample_batch_size': 200, 'clip_actions': False, 'clip_rewards': None, 'tf_session_args': {'inter_op_parallelism_threads': 2, 'intra_op_parallelism_threads': 2, 'device_count': {'CPU': 1}, 'log_device_placement': False, 'allow_soft_placement': True, 'gpu_options': {'allow_growth': True}}, 'kl_target': 0.01, 'horizon': 1500, 'lr': 0.0005, 'sample_async': False, 'simple_optimizer': False, 'compress_observations': False, 'num_envs_per_worker': 1, 'gamma': 0.99, 'sgd_minibatch_size': 128, 'observation_filter': 'NoFilter', 'entropy_coeff': 0.0, 'batch_mode': 'truncate_episodes', 'straggler_mitigation': False, 'vf_share_layers': False, 'num_gpus': 0, 'synchronize_filters': True, 'num_sgd_iter': 10, 'train_batch_size': 1500, 'optimizer': {}, 'num_gpus_per_worker': 0, 'preprocessor_pref': 'deepmind', 'num_cpus_for_driver': 1, 'lr_schedule': None, 'use_gae': True, 'lambda': 0.97, 'vf_loss_coeff': 1.0, 'vf_clip_param': 1000000.0, 'log_level': 'INFO', 'env_config': {'run': 'PPO', 'flow_params': '{\n    ""env"": {\n        ""additional_params"": {\n            ""max_accel"": 3,\n            ""max_decel"": 3,\n            ""sort_vehicles"": false,\n            ""target_velocity"": 20\n        },\n        ""evaluate"": false,\n        ""horizon"": 1500,\n        ""sims_per_step"": 1,\n        ""warmup_steps"": 0\n    },\n    ""env_name"": ""AccelEnv"",\n    ""exp_tag"": ""figure_eight_0"",\n    ""initial"": {\n        ""additional_params"": {},\n        ""bunching"": 0,\n        ""edges_distribution"": ""all"",\n        ""lanes_distribution"": Infinity,\n        ""min_gap"": 0,\n        ""perturbation"": 0.0,\n        ""shuffle"": false,\n        ""spacing"": ""uniform"",\n        ""x0"": 0\n    },\n    ""net"": {\n        ""additional_params"": {\n            ""lanes"": 1,\n            ""radius_ring"": 30,\n            ""resolution"": 40,\n            ""speed_limit"": 30\n        },\n        ""inflows"": {\n            ""_InFlows__flows"": [],\n            ""num_flows"": 0\n        },\n        ""netfile"": null,\n        ""no_internal_links"": false,\n        ""osm_path"": null\n    },\n    ""scenario"": ""Figure8Scenario"",\n    ""sim"": {\n        ""emission_path"": null,\n        ""lateral_resolution"": null,\n        ""no_step_log"": true,\n        ""num_clients"": 1,\n        ""overtake_right"": false,\n        ""port"": null,\n        ""print_warnings"": true,\n        ""pxpm"": 2,\n        ""render"": false,\n        ""restart_instance"": false,\n        ""save_render"": false,\n        ""seed"": null,\n        ""show_radius"": false,\n        ""sight_radius"": 25,\n        ""sim_step"": 0.1,\n        ""teleport_time"": -1\n    },\n    ""simulator"": ""traci"",\n    ""veh"": [\n        {\n            ""acceleration_controller"": [\n                ""IDMController"",\n                {\n                    ""noise"": 0.2\n                }\n            ],\n            ""car_following_params"": {\n                ""controller_params"": {\n                    ""accel"": 1.0,\n                    ""carFollowModel"": ""IDM"",\n                    ""decel"": 1.5,\n                    ""impatience"": 0.5,\n                    ""maxSpeed"": 30,\n                    ""minGap"": 2.5,\n                    ""sigma"": 0.5,\n                    ""speedDev"": 0.1,\n                    ""speedFactor"": 1.0,\n                    ""tau"": 1.0\n                },\n                ""speed_mode"": 1\n            },\n            ""initial_speed"": 0,\n            ""lane_change_controller"": [\n                ""SimLaneChangeController"",\n                {}\n            ],\n            ""lane_change_params"": {\n                ""controller_params"": {\n                    ""laneChangeModel"": ""LC2013"",\n                    ""lcCooperative"": ""1.0"",\n                    ""lcKeepRight"": ""1.0"",\n                    ""lcSpeedGain"": ""1.0"",\n                    ""lcStrategic"": ""1.0""\n                },\n                ""lane_change_mode"": 512\n            },\n            ""num_vehicles"": 13,\n            ""routing_controller"": [\n                ""ContinuousRouter"",\n                {}\n            ],\n            ""veh_id"": ""human""\n        },\n        {\n            ""acceleration_controller"": [\n                ""RLController"",\n                {}\n            ],\n            ""car_following_params"": {\n                ""controller_params"": {\n                    ""accel"": 1.0,\n                    ""carFollowModel"": ""IDM"",\n                    ""decel"": 1.5,\n                    ""impatience"": 0.5,\n                    ""maxSpeed"": 30,\n                    ""minGap"": 2.5,\n                    ""sigma"": 0.5,\n                    ""speedDev"": 0.1,\n                    ""speedFactor"": 1.0,\n                    ""tau"": 1.0\n                },\n                ""speed_mode"": 1\n            },\n            ""initial_speed"": 0,\n            ""lane_change_controller"": [\n                ""SimLaneChangeController"",\n                {}\n            ],\n            ""lane_change_params"": {\n                ""controller_params"": {\n                    ""laneChangeModel"": ""LC2013"",\n                    ""lcCooperative"": ""1.0"",\n                    ""lcKeepRight"": ""1.0"",\n                    ""lcSpeedGain"": ""1.0"",\n                    ""lcStrategic"": ""1.0""\n                },\n                ""lane_change_mode"": 512\n            },\n            ""num_vehicles"": 1,\n            ""routing_controller"": [\n                ""ContinuousRouter"",\n                {}\n            ],\n            ""veh_id"": ""rl""\n        }\n    ]\n}'}, 'env': 'AccelEnv-v0', 'local_evaluator_tf_session_args': {'inter_op_parallelism_threads': 8, 'intra_op_parallelism_threads': 8}, 'model': {'free_log_std': False, 'custom_options': {}, 'framestack': True, 'channel_major': False, 'max_seq_len': 20, 'lstm_use_prev_action_reward': False, 'squash_to_range': False, 'dim': 84, 'grayscale': False, 'fcnet_hiddens': [100, 50, 25], 'use_lstm': False, 'custom_model': None, 'fcnet_activation': 'tanh', 'conv_filters': None, 'conv_activation': 'relu', 'lstm_cell_size': 256, 'zero_mean': True, 'custom_preprocessor': None}, 'output_compress_columns': ['obs', 'new_obs'], 'monitor': False, 'custom_resources_per_worker': {}, 'output_max_file_size': 67108864, 'num_workers': 1, 'clip_param': 0.3, 'kl_coeff': 0.2, 'multiagent': {'policy_graphs': {}, 'policy_mapping_fn': None, 'policies_to_train': None}, 'input_evaluation': None, 'output': None, 'collect_metrics_timeout': 180, 'num_cpus_per_worker': 1}",169.237.32.118,1,1385.46,9.877954959869385,"{'num_steps_sampled': 705600, 'load_time_ms': 1.103, 'default': {'kl': 0.007611103355884552, 'cur_lr': 0.0005000000237487257, 'total_loss': 1.1286557912826538, 'policy_loss': -0.009291204623878002, 'vf_explained_var': 0.9570603966712952, 'entropy': 2.3286631107330322, 'cur_kl_coeff': 0.5931615233421326, 'vf_loss': 1.1334325075149536}, 'sample_time_ms': 9599.925, 'grad_time_ms': 273.663, 'update_time_ms': 4.669, 'num_steps_trained': 705600}",378.28685904970405,2019-04-02_08-49-38,kronos,71,705600,0,4365.2914164066315,{},705600,441,441,4365.2914164066315,467.9840311786942,1600,1554194978,{},0b32d2eec3344b1fbde4822793b2e447,69.87981902623255
False,538,"{'input': 'sampler', 'callbacks': {'on_train_result': None, 'on_sample_end': None, 'on_episode_step': None, 'on_episode_start': None, 'on_episode_end': None}, 'sample_batch_size': 200, 'clip_actions': False, 'clip_rewards': None, 'tf_session_args': {'inter_op_parallelism_threads': 2, 'intra_op_parallelism_threads': 2, 'device_count': {'CPU': 1}, 'log_device_placement': False, 'allow_soft_placement': True, 'gpu_options': {'allow_growth': True}}, 'kl_target': 0.01, 'horizon': 1500, 'lr': 0.0005, 'sample_async': False, 'simple_optimizer': False, 'compress_observations': False, 'num_envs_per_worker': 1, 'gamma': 0.99, 'sgd_minibatch_size': 128, 'observation_filter': 'NoFilter', 'entropy_coeff': 0.0, 'batch_mode': 'truncate_episodes', 'straggler_mitigation': False, 'vf_share_layers': False, 'num_gpus': 0, 'synchronize_filters': True, 'num_sgd_iter': 10, 'train_batch_size': 1500, 'optimizer': {}, 'num_gpus_per_worker': 0, 'preprocessor_pref': 'deepmind', 'num_cpus_for_driver': 1, 'lr_schedule': None, 'use_gae': True, 'lambda': 0.97, 'vf_loss_coeff': 1.0, 'vf_clip_param': 1000000.0, 'log_level': 'INFO', 'env_config': {'run': 'PPO', 'flow_params': '{\n    ""env"": {\n        ""additional_params"": {\n            ""max_accel"": 3,\n            ""max_decel"": 3,\n            ""sort_vehicles"": false,\n            ""target_velocity"": 20\n        },\n        ""evaluate"": false,\n        ""horizon"": 1500,\n        ""sims_per_step"": 1,\n        ""warmup_steps"": 0\n    },\n    ""env_name"": ""AccelEnv"",\n    ""exp_tag"": ""figure_eight_0"",\n    ""initial"": {\n        ""additional_params"": {},\n        ""bunching"": 0,\n        ""edges_distribution"": ""all"",\n        ""lanes_distribution"": Infinity,\n        ""min_gap"": 0,\n        ""perturbation"": 0.0,\n        ""shuffle"": false,\n        ""spacing"": ""uniform"",\n        ""x0"": 0\n    },\n    ""net"": {\n        ""additional_params"": {\n            ""lanes"": 1,\n            ""radius_ring"": 30,\n            ""resolution"": 40,\n            ""speed_limit"": 30\n        },\n        ""inflows"": {\n            ""_InFlows__flows"": [],\n            ""num_flows"": 0\n        },\n        ""netfile"": null,\n        ""no_internal_links"": false,\n        ""osm_path"": null\n    },\n    ""scenario"": ""Figure8Scenario"",\n    ""sim"": {\n        ""emission_path"": null,\n        ""lateral_resolution"": null,\n        ""no_step_log"": true,\n        ""num_clients"": 1,\n        ""overtake_right"": false,\n        ""port"": null,\n        ""print_warnings"": true,\n        ""pxpm"": 2,\n        ""render"": false,\n        ""restart_instance"": false,\n        ""save_render"": false,\n        ""seed"": null,\n        ""show_radius"": false,\n        ""sight_radius"": 25,\n        ""sim_step"": 0.1,\n        ""teleport_time"": -1\n    },\n    ""simulator"": ""traci"",\n    ""veh"": [\n        {\n            ""acceleration_controller"": [\n                ""IDMController"",\n                {\n                    ""noise"": 0.2\n                }\n            ],\n            ""car_following_params"": {\n                ""controller_params"": {\n                    ""accel"": 1.0,\n                    ""carFollowModel"": ""IDM"",\n                    ""decel"": 1.5,\n                    ""impatience"": 0.5,\n                    ""maxSpeed"": 30,\n                    ""minGap"": 2.5,\n                    ""sigma"": 0.5,\n                    ""speedDev"": 0.1,\n                    ""speedFactor"": 1.0,\n                    ""tau"": 1.0\n                },\n                ""speed_mode"": 1\n            },\n            ""initial_speed"": 0,\n            ""lane_change_controller"": [\n                ""SimLaneChangeController"",\n                {}\n            ],\n            ""lane_change_params"": {\n                ""controller_params"": {\n                    ""laneChangeModel"": ""LC2013"",\n                    ""lcCooperative"": ""1.0"",\n                    ""lcKeepRight"": ""1.0"",\n                    ""lcSpeedGain"": ""1.0"",\n                    ""lcStrategic"": ""1.0""\n                },\n                ""lane_change_mode"": 512\n            },\n            ""num_vehicles"": 13,\n            ""routing_controller"": [\n                ""ContinuousRouter"",\n                {}\n            ],\n            ""veh_id"": ""human""\n        },\n        {\n            ""acceleration_controller"": [\n                ""RLController"",\n                {}\n            ],\n            ""car_following_params"": {\n                ""controller_params"": {\n                    ""accel"": 1.0,\n                    ""carFollowModel"": ""IDM"",\n                    ""decel"": 1.5,\n                    ""impatience"": 0.5,\n                    ""maxSpeed"": 30,\n                    ""minGap"": 2.5,\n                    ""sigma"": 0.5,\n                    ""speedDev"": 0.1,\n                    ""speedFactor"": 1.0,\n                    ""tau"": 1.0\n                },\n                ""speed_mode"": 1\n            },\n            ""initial_speed"": 0,\n            ""lane_change_controller"": [\n                ""SimLaneChangeController"",\n                {}\n            ],\n            ""lane_change_params"": {\n                ""controller_params"": {\n                    ""laneChangeModel"": ""LC2013"",\n                    ""lcCooperative"": ""1.0"",\n                    ""lcKeepRight"": ""1.0"",\n                    ""lcSpeedGain"": ""1.0"",\n                    ""lcStrategic"": ""1.0""\n                },\n                ""lane_change_mode"": 512\n            },\n            ""num_vehicles"": 1,\n            ""routing_controller"": [\n                ""ContinuousRouter"",\n                {}\n            ],\n            ""veh_id"": ""rl""\n        }\n    ]\n}'}, 'env': 'AccelEnv-v0', 'local_evaluator_tf_session_args': {'inter_op_parallelism_threads': 8, 'intra_op_parallelism_threads': 8}, 'model': {'free_log_std': False, 'custom_options': {}, 'framestack': True, 'channel_major': False, 'max_seq_len': 20, 'lstm_use_prev_action_reward': False, 'squash_to_range': False, 'dim': 84, 'grayscale': False, 'fcnet_hiddens': [100, 50, 25], 'use_lstm': False, 'custom_model': None, 'fcnet_activation': 'tanh', 'conv_filters': None, 'conv_activation': 'relu', 'lstm_cell_size': 256, 'zero_mean': True, 'custom_preprocessor': None}, 'output_compress_columns': ['obs', 'new_obs'], 'monitor': False, 'custom_resources_per_worker': {}, 'output_max_file_size': 67108864, 'num_workers': 1, 'clip_param': 0.3, 'kl_coeff': 0.2, 'multiagent': {'policy_graphs': {}, 'policy_mapping_fn': None, 'policies_to_train': None}, 'input_evaluation': None, 'output': None, 'collect_metrics_timeout': 180, 'num_cpus_per_worker': 1}",169.237.32.118,1,1385.46,9.812092065811157,"{'num_steps_sampled': 707200, 'load_time_ms': 1.123, 'default': {'kl': 0.005399657413363457, 'cur_lr': 0.0005000000237487257, 'total_loss': 0.4266941547393799, 'policy_loss': -0.010010606609284878, 'vf_explained_var': 0.9842507243156433, 'entropy': 2.2849419116973877, 'cur_kl_coeff': 0.5931615233421326, 'vf_loss': 0.43350186944007874}, 'sample_time_ms': 9602.62, 'grad_time_ms': 275.757, 'update_time_ms': 4.782, 'num_steps_trained': 707200}",377.79371913181524,2019-04-02_08-49-48,kronos,71,707200,0,4375.103508472443,{},707200,442,442,4375.103508472443,454.74548102342294,1600,1554194988,{},0b32d2eec3344b1fbde4822793b2e447,69.87981902623255
False,539,"{'input': 'sampler', 'callbacks': {'on_train_result': None, 'on_sample_end': None, 'on_episode_step': None, 'on_episode_start': None, 'on_episode_end': None}, 'sample_batch_size': 200, 'clip_actions': False, 'clip_rewards': None, 'tf_session_args': {'inter_op_parallelism_threads': 2, 'intra_op_parallelism_threads': 2, 'device_count': {'CPU': 1}, 'log_device_placement': False, 'allow_soft_placement': True, 'gpu_options': {'allow_growth': True}}, 'kl_target': 0.01, 'horizon': 1500, 'lr': 0.0005, 'sample_async': False, 'simple_optimizer': False, 'compress_observations': False, 'num_envs_per_worker': 1, 'gamma': 0.99, 'sgd_minibatch_size': 128, 'observation_filter': 'NoFilter', 'entropy_coeff': 0.0, 'batch_mode': 'truncate_episodes', 'straggler_mitigation': False, 'vf_share_layers': False, 'num_gpus': 0, 'synchronize_filters': True, 'num_sgd_iter': 10, 'train_batch_size': 1500, 'optimizer': {}, 'num_gpus_per_worker': 0, 'preprocessor_pref': 'deepmind', 'num_cpus_for_driver': 1, 'lr_schedule': None, 'use_gae': True, 'lambda': 0.97, 'vf_loss_coeff': 1.0, 'vf_clip_param': 1000000.0, 'log_level': 'INFO', 'env_config': {'run': 'PPO', 'flow_params': '{\n    ""env"": {\n        ""additional_params"": {\n            ""max_accel"": 3,\n            ""max_decel"": 3,\n            ""sort_vehicles"": false,\n            ""target_velocity"": 20\n        },\n        ""evaluate"": false,\n        ""horizon"": 1500,\n        ""sims_per_step"": 1,\n        ""warmup_steps"": 0\n    },\n    ""env_name"": ""AccelEnv"",\n    ""exp_tag"": ""figure_eight_0"",\n    ""initial"": {\n        ""additional_params"": {},\n        ""bunching"": 0,\n        ""edges_distribution"": ""all"",\n        ""lanes_distribution"": Infinity,\n        ""min_gap"": 0,\n        ""perturbation"": 0.0,\n        ""shuffle"": false,\n        ""spacing"": ""uniform"",\n        ""x0"": 0\n    },\n    ""net"": {\n        ""additional_params"": {\n            ""lanes"": 1,\n            ""radius_ring"": 30,\n            ""resolution"": 40,\n            ""speed_limit"": 30\n        },\n        ""inflows"": {\n            ""_InFlows__flows"": [],\n            ""num_flows"": 0\n        },\n        ""netfile"": null,\n        ""no_internal_links"": false,\n        ""osm_path"": null\n    },\n    ""scenario"": ""Figure8Scenario"",\n    ""sim"": {\n        ""emission_path"": null,\n        ""lateral_resolution"": null,\n        ""no_step_log"": true,\n        ""num_clients"": 1,\n        ""overtake_right"": false,\n        ""port"": null,\n        ""print_warnings"": true,\n        ""pxpm"": 2,\n        ""render"": false,\n        ""restart_instance"": false,\n        ""save_render"": false,\n        ""seed"": null,\n        ""show_radius"": false,\n        ""sight_radius"": 25,\n        ""sim_step"": 0.1,\n        ""teleport_time"": -1\n    },\n    ""simulator"": ""traci"",\n    ""veh"": [\n        {\n            ""acceleration_controller"": [\n                ""IDMController"",\n                {\n                    ""noise"": 0.2\n                }\n            ],\n            ""car_following_params"": {\n                ""controller_params"": {\n                    ""accel"": 1.0,\n                    ""carFollowModel"": ""IDM"",\n                    ""decel"": 1.5,\n                    ""impatience"": 0.5,\n                    ""maxSpeed"": 30,\n                    ""minGap"": 2.5,\n                    ""sigma"": 0.5,\n                    ""speedDev"": 0.1,\n                    ""speedFactor"": 1.0,\n                    ""tau"": 1.0\n                },\n                ""speed_mode"": 1\n            },\n            ""initial_speed"": 0,\n            ""lane_change_controller"": [\n                ""SimLaneChangeController"",\n                {}\n            ],\n            ""lane_change_params"": {\n                ""controller_params"": {\n                    ""laneChangeModel"": ""LC2013"",\n                    ""lcCooperative"": ""1.0"",\n                    ""lcKeepRight"": ""1.0"",\n                    ""lcSpeedGain"": ""1.0"",\n                    ""lcStrategic"": ""1.0""\n                },\n                ""lane_change_mode"": 512\n            },\n            ""num_vehicles"": 13,\n            ""routing_controller"": [\n                ""ContinuousRouter"",\n                {}\n            ],\n            ""veh_id"": ""human""\n        },\n        {\n            ""acceleration_controller"": [\n                ""RLController"",\n                {}\n            ],\n            ""car_following_params"": {\n                ""controller_params"": {\n                    ""accel"": 1.0,\n                    ""carFollowModel"": ""IDM"",\n                    ""decel"": 1.5,\n                    ""impatience"": 0.5,\n                    ""maxSpeed"": 30,\n                    ""minGap"": 2.5,\n                    ""sigma"": 0.5,\n                    ""speedDev"": 0.1,\n                    ""speedFactor"": 1.0,\n                    ""tau"": 1.0\n                },\n                ""speed_mode"": 1\n            },\n            ""initial_speed"": 0,\n            ""lane_change_controller"": [\n                ""SimLaneChangeController"",\n                {}\n            ],\n            ""lane_change_params"": {\n                ""controller_params"": {\n                    ""laneChangeModel"": ""LC2013"",\n                    ""lcCooperative"": ""1.0"",\n                    ""lcKeepRight"": ""1.0"",\n                    ""lcSpeedGain"": ""1.0"",\n                    ""lcStrategic"": ""1.0""\n                },\n                ""lane_change_mode"": 512\n            },\n            ""num_vehicles"": 1,\n            ""routing_controller"": [\n                ""ContinuousRouter"",\n                {}\n            ],\n            ""veh_id"": ""rl""\n        }\n    ]\n}'}, 'env': 'AccelEnv-v0', 'local_evaluator_tf_session_args': {'inter_op_parallelism_threads': 8, 'intra_op_parallelism_threads': 8}, 'model': {'free_log_std': False, 'custom_options': {}, 'framestack': True, 'channel_major': False, 'max_seq_len': 20, 'lstm_use_prev_action_reward': False, 'squash_to_range': False, 'dim': 84, 'grayscale': False, 'fcnet_hiddens': [100, 50, 25], 'use_lstm': False, 'custom_model': None, 'fcnet_activation': 'tanh', 'conv_filters': None, 'conv_activation': 'relu', 'lstm_cell_size': 256, 'zero_mean': True, 'custom_preprocessor': None}, 'output_compress_columns': ['obs', 'new_obs'], 'monitor': False, 'custom_resources_per_worker': {}, 'output_max_file_size': 67108864, 'num_workers': 1, 'clip_param': 0.3, 'kl_coeff': 0.2, 'multiagent': {'policy_graphs': {}, 'policy_mapping_fn': None, 'policies_to_train': None}, 'input_evaluation': None, 'output': None, 'collect_metrics_timeout': 180, 'num_cpus_per_worker': 1}",169.237.32.118,1,1385.46,9.859567642211914,"{'num_steps_sampled': 708800, 'load_time_ms': 1.121, 'default': {'kl': 0.008878716267645359, 'cur_lr': 0.0005000000237487257, 'total_loss': 1.2012176513671875, 'policy_loss': -0.012513794004917145, 'vf_explained_var': 0.9283679127693176, 'entropy': 2.1938605308532715, 'cur_kl_coeff': 0.5931615233421326, 'vf_loss': 1.2084648609161377}, 'sample_time_ms': 9603.915, 'grad_time_ms': 275.298, 'update_time_ms': 4.906, 'num_steps_trained': 708800}",377.2616052310773,2019-04-02_08-49-58,kronos,71,708800,0,4384.9630761146545,{},708800,443,443,4384.9630761146545,454.74548102342294,1600,1554194998,{},0b32d2eec3344b1fbde4822793b2e447,69.87981902623255
False,541,"{'input': 'sampler', 'callbacks': {'on_train_result': None, 'on_sample_end': None, 'on_episode_step': None, 'on_episode_start': None, 'on_episode_end': None}, 'sample_batch_size': 200, 'clip_actions': False, 'clip_rewards': None, 'tf_session_args': {'inter_op_parallelism_threads': 2, 'intra_op_parallelism_threads': 2, 'device_count': {'CPU': 1}, 'log_device_placement': False, 'allow_soft_placement': True, 'gpu_options': {'allow_growth': True}}, 'kl_target': 0.01, 'horizon': 1500, 'lr': 0.0005, 'sample_async': False, 'simple_optimizer': False, 'compress_observations': False, 'num_envs_per_worker': 1, 'gamma': 0.99, 'sgd_minibatch_size': 128, 'observation_filter': 'NoFilter', 'entropy_coeff': 0.0, 'batch_mode': 'truncate_episodes', 'straggler_mitigation': False, 'vf_share_layers': False, 'num_gpus': 0, 'synchronize_filters': True, 'num_sgd_iter': 10, 'train_batch_size': 1500, 'optimizer': {}, 'num_gpus_per_worker': 0, 'preprocessor_pref': 'deepmind', 'num_cpus_for_driver': 1, 'lr_schedule': None, 'use_gae': True, 'lambda': 0.97, 'vf_loss_coeff': 1.0, 'vf_clip_param': 1000000.0, 'log_level': 'INFO', 'env_config': {'run': 'PPO', 'flow_params': '{\n    ""env"": {\n        ""additional_params"": {\n            ""max_accel"": 3,\n            ""max_decel"": 3,\n            ""sort_vehicles"": false,\n            ""target_velocity"": 20\n        },\n        ""evaluate"": false,\n        ""horizon"": 1500,\n        ""sims_per_step"": 1,\n        ""warmup_steps"": 0\n    },\n    ""env_name"": ""AccelEnv"",\n    ""exp_tag"": ""figure_eight_0"",\n    ""initial"": {\n        ""additional_params"": {},\n        ""bunching"": 0,\n        ""edges_distribution"": ""all"",\n        ""lanes_distribution"": Infinity,\n        ""min_gap"": 0,\n        ""perturbation"": 0.0,\n        ""shuffle"": false,\n        ""spacing"": ""uniform"",\n        ""x0"": 0\n    },\n    ""net"": {\n        ""additional_params"": {\n            ""lanes"": 1,\n            ""radius_ring"": 30,\n            ""resolution"": 40,\n            ""speed_limit"": 30\n        },\n        ""inflows"": {\n            ""_InFlows__flows"": [],\n            ""num_flows"": 0\n        },\n        ""netfile"": null,\n        ""no_internal_links"": false,\n        ""osm_path"": null\n    },\n    ""scenario"": ""Figure8Scenario"",\n    ""sim"": {\n        ""emission_path"": null,\n        ""lateral_resolution"": null,\n        ""no_step_log"": true,\n        ""num_clients"": 1,\n        ""overtake_right"": false,\n        ""port"": null,\n        ""print_warnings"": true,\n        ""pxpm"": 2,\n        ""render"": false,\n        ""restart_instance"": false,\n        ""save_render"": false,\n        ""seed"": null,\n        ""show_radius"": false,\n        ""sight_radius"": 25,\n        ""sim_step"": 0.1,\n        ""teleport_time"": -1\n    },\n    ""simulator"": ""traci"",\n    ""veh"": [\n        {\n            ""acceleration_controller"": [\n                ""IDMController"",\n                {\n                    ""noise"": 0.2\n                }\n            ],\n            ""car_following_params"": {\n                ""controller_params"": {\n                    ""accel"": 1.0,\n                    ""carFollowModel"": ""IDM"",\n                    ""decel"": 1.5,\n                    ""impatience"": 0.5,\n                    ""maxSpeed"": 30,\n                    ""minGap"": 2.5,\n                    ""sigma"": 0.5,\n                    ""speedDev"": 0.1,\n                    ""speedFactor"": 1.0,\n                    ""tau"": 1.0\n                },\n                ""speed_mode"": 1\n            },\n            ""initial_speed"": 0,\n            ""lane_change_controller"": [\n                ""SimLaneChangeController"",\n                {}\n            ],\n            ""lane_change_params"": {\n                ""controller_params"": {\n                    ""laneChangeModel"": ""LC2013"",\n                    ""lcCooperative"": ""1.0"",\n                    ""lcKeepRight"": ""1.0"",\n                    ""lcSpeedGain"": ""1.0"",\n                    ""lcStrategic"": ""1.0""\n                },\n                ""lane_change_mode"": 512\n            },\n            ""num_vehicles"": 13,\n            ""routing_controller"": [\n                ""ContinuousRouter"",\n                {}\n            ],\n            ""veh_id"": ""human""\n        },\n        {\n            ""acceleration_controller"": [\n                ""RLController"",\n                {}\n            ],\n            ""car_following_params"": {\n                ""controller_params"": {\n                    ""accel"": 1.0,\n                    ""carFollowModel"": ""IDM"",\n                    ""decel"": 1.5,\n                    ""impatience"": 0.5,\n                    ""maxSpeed"": 30,\n                    ""minGap"": 2.5,\n                    ""sigma"": 0.5,\n                    ""speedDev"": 0.1,\n                    ""speedFactor"": 1.0,\n                    ""tau"": 1.0\n                },\n                ""speed_mode"": 1\n            },\n            ""initial_speed"": 0,\n            ""lane_change_controller"": [\n                ""SimLaneChangeController"",\n                {}\n            ],\n            ""lane_change_params"": {\n                ""controller_params"": {\n                    ""laneChangeModel"": ""LC2013"",\n                    ""lcCooperative"": ""1.0"",\n                    ""lcKeepRight"": ""1.0"",\n                    ""lcSpeedGain"": ""1.0"",\n                    ""lcStrategic"": ""1.0""\n                },\n                ""lane_change_mode"": 512\n            },\n            ""num_vehicles"": 1,\n            ""routing_controller"": [\n                ""ContinuousRouter"",\n                {}\n            ],\n            ""veh_id"": ""rl""\n        }\n    ]\n}'}, 'env': 'AccelEnv-v0', 'local_evaluator_tf_session_args': {'inter_op_parallelism_threads': 8, 'intra_op_parallelism_threads': 8}, 'model': {'free_log_std': False, 'custom_options': {}, 'framestack': True, 'channel_major': False, 'max_seq_len': 20, 'lstm_use_prev_action_reward': False, 'squash_to_range': False, 'dim': 84, 'grayscale': False, 'fcnet_hiddens': [100, 50, 25], 'use_lstm': False, 'custom_model': None, 'fcnet_activation': 'tanh', 'conv_filters': None, 'conv_activation': 'relu', 'lstm_cell_size': 256, 'zero_mean': True, 'custom_preprocessor': None}, 'output_compress_columns': ['obs', 'new_obs'], 'monitor': False, 'custom_resources_per_worker': {}, 'output_max_file_size': 67108864, 'num_workers': 1, 'clip_param': 0.3, 'kl_coeff': 0.2, 'multiagent': {'policy_graphs': {}, 'policy_mapping_fn': None, 'policies_to_train': None}, 'input_evaluation': None, 'output': None, 'collect_metrics_timeout': 180, 'num_cpus_per_worker': 1}",169.237.32.118,2,1374.42,9.993273258209229,"{'num_steps_sampled': 710400, 'load_time_ms': 1.126, 'default': {'kl': 0.009642812423408031, 'cur_lr': 0.0005000000237487257, 'total_loss': 1.2114934921264648, 'policy_loss': -0.02050219289958477, 'vf_explained_var': 0.9685547947883606, 'entropy': 2.277134656906128, 'cur_kl_coeff': 0.5931615233421326, 'vf_loss': 1.2262758016586304}, 'sample_time_ms': 9617.668, 'grad_time_ms': 274.7, 'update_time_ms': 4.954, 'num_steps_trained': 710400}",373.8017038710254,2019-04-02_08-50-08,kronos,71,710400,0,4394.956349372864,{},710400,444,444,4394.956349372864,454.74548102342294,1600,1554195008,{},0b32d2eec3344b1fbde4822793b2e447,69.87981902623255
False,542,"{'input': 'sampler', 'callbacks': {'on_train_result': None, 'on_sample_end': None, 'on_episode_step': None, 'on_episode_start': None, 'on_episode_end': None}, 'sample_batch_size': 200, 'clip_actions': False, 'clip_rewards': None, 'tf_session_args': {'inter_op_parallelism_threads': 2, 'intra_op_parallelism_threads': 2, 'device_count': {'CPU': 1}, 'log_device_placement': False, 'allow_soft_placement': True, 'gpu_options': {'allow_growth': True}}, 'kl_target': 0.01, 'horizon': 1500, 'lr': 0.0005, 'sample_async': False, 'simple_optimizer': False, 'compress_observations': False, 'num_envs_per_worker': 1, 'gamma': 0.99, 'sgd_minibatch_size': 128, 'observation_filter': 'NoFilter', 'entropy_coeff': 0.0, 'batch_mode': 'truncate_episodes', 'straggler_mitigation': False, 'vf_share_layers': False, 'num_gpus': 0, 'synchronize_filters': True, 'num_sgd_iter': 10, 'train_batch_size': 1500, 'optimizer': {}, 'num_gpus_per_worker': 0, 'preprocessor_pref': 'deepmind', 'num_cpus_for_driver': 1, 'lr_schedule': None, 'use_gae': True, 'lambda': 0.97, 'vf_loss_coeff': 1.0, 'vf_clip_param': 1000000.0, 'log_level': 'INFO', 'env_config': {'run': 'PPO', 'flow_params': '{\n    ""env"": {\n        ""additional_params"": {\n            ""max_accel"": 3,\n            ""max_decel"": 3,\n            ""sort_vehicles"": false,\n            ""target_velocity"": 20\n        },\n        ""evaluate"": false,\n        ""horizon"": 1500,\n        ""sims_per_step"": 1,\n        ""warmup_steps"": 0\n    },\n    ""env_name"": ""AccelEnv"",\n    ""exp_tag"": ""figure_eight_0"",\n    ""initial"": {\n        ""additional_params"": {},\n        ""bunching"": 0,\n        ""edges_distribution"": ""all"",\n        ""lanes_distribution"": Infinity,\n        ""min_gap"": 0,\n        ""perturbation"": 0.0,\n        ""shuffle"": false,\n        ""spacing"": ""uniform"",\n        ""x0"": 0\n    },\n    ""net"": {\n        ""additional_params"": {\n            ""lanes"": 1,\n            ""radius_ring"": 30,\n            ""resolution"": 40,\n            ""speed_limit"": 30\n        },\n        ""inflows"": {\n            ""_InFlows__flows"": [],\n            ""num_flows"": 0\n        },\n        ""netfile"": null,\n        ""no_internal_links"": false,\n        ""osm_path"": null\n    },\n    ""scenario"": ""Figure8Scenario"",\n    ""sim"": {\n        ""emission_path"": null,\n        ""lateral_resolution"": null,\n        ""no_step_log"": true,\n        ""num_clients"": 1,\n        ""overtake_right"": false,\n        ""port"": null,\n        ""print_warnings"": true,\n        ""pxpm"": 2,\n        ""render"": false,\n        ""restart_instance"": false,\n        ""save_render"": false,\n        ""seed"": null,\n        ""show_radius"": false,\n        ""sight_radius"": 25,\n        ""sim_step"": 0.1,\n        ""teleport_time"": -1\n    },\n    ""simulator"": ""traci"",\n    ""veh"": [\n        {\n            ""acceleration_controller"": [\n                ""IDMController"",\n                {\n                    ""noise"": 0.2\n                }\n            ],\n            ""car_following_params"": {\n                ""controller_params"": {\n                    ""accel"": 1.0,\n                    ""carFollowModel"": ""IDM"",\n                    ""decel"": 1.5,\n                    ""impatience"": 0.5,\n                    ""maxSpeed"": 30,\n                    ""minGap"": 2.5,\n                    ""sigma"": 0.5,\n                    ""speedDev"": 0.1,\n                    ""speedFactor"": 1.0,\n                    ""tau"": 1.0\n                },\n                ""speed_mode"": 1\n            },\n            ""initial_speed"": 0,\n            ""lane_change_controller"": [\n                ""SimLaneChangeController"",\n                {}\n            ],\n            ""lane_change_params"": {\n                ""controller_params"": {\n                    ""laneChangeModel"": ""LC2013"",\n                    ""lcCooperative"": ""1.0"",\n                    ""lcKeepRight"": ""1.0"",\n                    ""lcSpeedGain"": ""1.0"",\n                    ""lcStrategic"": ""1.0""\n                },\n                ""lane_change_mode"": 512\n            },\n            ""num_vehicles"": 13,\n            ""routing_controller"": [\n                ""ContinuousRouter"",\n                {}\n            ],\n            ""veh_id"": ""human""\n        },\n        {\n            ""acceleration_controller"": [\n                ""RLController"",\n                {}\n            ],\n            ""car_following_params"": {\n                ""controller_params"": {\n                    ""accel"": 1.0,\n                    ""carFollowModel"": ""IDM"",\n                    ""decel"": 1.5,\n                    ""impatience"": 0.5,\n                    ""maxSpeed"": 30,\n                    ""minGap"": 2.5,\n                    ""sigma"": 0.5,\n                    ""speedDev"": 0.1,\n                    ""speedFactor"": 1.0,\n                    ""tau"": 1.0\n                },\n                ""speed_mode"": 1\n            },\n            ""initial_speed"": 0,\n            ""lane_change_controller"": [\n                ""SimLaneChangeController"",\n                {}\n            ],\n            ""lane_change_params"": {\n                ""controller_params"": {\n                    ""laneChangeModel"": ""LC2013"",\n                    ""lcCooperative"": ""1.0"",\n                    ""lcKeepRight"": ""1.0"",\n                    ""lcSpeedGain"": ""1.0"",\n                    ""lcStrategic"": ""1.0""\n                },\n                ""lane_change_mode"": 512\n            },\n            ""num_vehicles"": 1,\n            ""routing_controller"": [\n                ""ContinuousRouter"",\n                {}\n            ],\n            ""veh_id"": ""rl""\n        }\n    ]\n}'}, 'env': 'AccelEnv-v0', 'local_evaluator_tf_session_args': {'inter_op_parallelism_threads': 8, 'intra_op_parallelism_threads': 8}, 'model': {'free_log_std': False, 'custom_options': {}, 'framestack': True, 'channel_major': False, 'max_seq_len': 20, 'lstm_use_prev_action_reward': False, 'squash_to_range': False, 'dim': 84, 'grayscale': False, 'fcnet_hiddens': [100, 50, 25], 'use_lstm': False, 'custom_model': None, 'fcnet_activation': 'tanh', 'conv_filters': None, 'conv_activation': 'relu', 'lstm_cell_size': 256, 'zero_mean': True, 'custom_preprocessor': None}, 'output_compress_columns': ['obs', 'new_obs'], 'monitor': False, 'custom_resources_per_worker': {}, 'output_max_file_size': 67108864, 'num_workers': 1, 'clip_param': 0.3, 'kl_coeff': 0.2, 'multiagent': {'policy_graphs': {}, 'policy_mapping_fn': None, 'policies_to_train': None}, 'input_evaluation': None, 'output': None, 'collect_metrics_timeout': 180, 'num_cpus_per_worker': 1}",169.237.32.118,1,1374.42,9.894118309020996,"{'num_steps_sampled': 712000, 'load_time_ms': 1.156, 'default': {'kl': 0.011395465582609177, 'cur_lr': 0.0005000000237487257, 'total_loss': 0.5400825142860413, 'policy_loss': -0.010666627436876297, 'vf_explained_var': 0.9920670390129089, 'entropy': 2.455927610397339, 'cur_kl_coeff': 0.5931615233421326, 'vf_loss': 0.5439898371696472}, 'sample_time_ms': 9612.933, 'grad_time_ms': 275.192, 'update_time_ms': 4.876, 'num_steps_trained': 712000}",373.8034864982239,2019-04-02_08-50-18,kronos,71,712000,0,4404.850467681885,{},712000,445,445,4404.850467681885,454.74548102342294,1600,1554195018,{},0b32d2eec3344b1fbde4822793b2e447,69.87981902623255
False,543,"{'input': 'sampler', 'callbacks': {'on_train_result': None, 'on_sample_end': None, 'on_episode_step': None, 'on_episode_start': None, 'on_episode_end': None}, 'sample_batch_size': 200, 'clip_actions': False, 'clip_rewards': None, 'tf_session_args': {'inter_op_parallelism_threads': 2, 'intra_op_parallelism_threads': 2, 'device_count': {'CPU': 1}, 'log_device_placement': False, 'allow_soft_placement': True, 'gpu_options': {'allow_growth': True}}, 'kl_target': 0.01, 'horizon': 1500, 'lr': 0.0005, 'sample_async': False, 'simple_optimizer': False, 'compress_observations': False, 'num_envs_per_worker': 1, 'gamma': 0.99, 'sgd_minibatch_size': 128, 'observation_filter': 'NoFilter', 'entropy_coeff': 0.0, 'batch_mode': 'truncate_episodes', 'straggler_mitigation': False, 'vf_share_layers': False, 'num_gpus': 0, 'synchronize_filters': True, 'num_sgd_iter': 10, 'train_batch_size': 1500, 'optimizer': {}, 'num_gpus_per_worker': 0, 'preprocessor_pref': 'deepmind', 'num_cpus_for_driver': 1, 'lr_schedule': None, 'use_gae': True, 'lambda': 0.97, 'vf_loss_coeff': 1.0, 'vf_clip_param': 1000000.0, 'log_level': 'INFO', 'env_config': {'run': 'PPO', 'flow_params': '{\n    ""env"": {\n        ""additional_params"": {\n            ""max_accel"": 3,\n            ""max_decel"": 3,\n            ""sort_vehicles"": false,\n            ""target_velocity"": 20\n        },\n        ""evaluate"": false,\n        ""horizon"": 1500,\n        ""sims_per_step"": 1,\n        ""warmup_steps"": 0\n    },\n    ""env_name"": ""AccelEnv"",\n    ""exp_tag"": ""figure_eight_0"",\n    ""initial"": {\n        ""additional_params"": {},\n        ""bunching"": 0,\n        ""edges_distribution"": ""all"",\n        ""lanes_distribution"": Infinity,\n        ""min_gap"": 0,\n        ""perturbation"": 0.0,\n        ""shuffle"": false,\n        ""spacing"": ""uniform"",\n        ""x0"": 0\n    },\n    ""net"": {\n        ""additional_params"": {\n            ""lanes"": 1,\n            ""radius_ring"": 30,\n            ""resolution"": 40,\n            ""speed_limit"": 30\n        },\n        ""inflows"": {\n            ""_InFlows__flows"": [],\n            ""num_flows"": 0\n        },\n        ""netfile"": null,\n        ""no_internal_links"": false,\n        ""osm_path"": null\n    },\n    ""scenario"": ""Figure8Scenario"",\n    ""sim"": {\n        ""emission_path"": null,\n        ""lateral_resolution"": null,\n        ""no_step_log"": true,\n        ""num_clients"": 1,\n        ""overtake_right"": false,\n        ""port"": null,\n        ""print_warnings"": true,\n        ""pxpm"": 2,\n        ""render"": false,\n        ""restart_instance"": false,\n        ""save_render"": false,\n        ""seed"": null,\n        ""show_radius"": false,\n        ""sight_radius"": 25,\n        ""sim_step"": 0.1,\n        ""teleport_time"": -1\n    },\n    ""simulator"": ""traci"",\n    ""veh"": [\n        {\n            ""acceleration_controller"": [\n                ""IDMController"",\n                {\n                    ""noise"": 0.2\n                }\n            ],\n            ""car_following_params"": {\n                ""controller_params"": {\n                    ""accel"": 1.0,\n                    ""carFollowModel"": ""IDM"",\n                    ""decel"": 1.5,\n                    ""impatience"": 0.5,\n                    ""maxSpeed"": 30,\n                    ""minGap"": 2.5,\n                    ""sigma"": 0.5,\n                    ""speedDev"": 0.1,\n                    ""speedFactor"": 1.0,\n                    ""tau"": 1.0\n                },\n                ""speed_mode"": 1\n            },\n            ""initial_speed"": 0,\n            ""lane_change_controller"": [\n                ""SimLaneChangeController"",\n                {}\n            ],\n            ""lane_change_params"": {\n                ""controller_params"": {\n                    ""laneChangeModel"": ""LC2013"",\n                    ""lcCooperative"": ""1.0"",\n                    ""lcKeepRight"": ""1.0"",\n                    ""lcSpeedGain"": ""1.0"",\n                    ""lcStrategic"": ""1.0""\n                },\n                ""lane_change_mode"": 512\n            },\n            ""num_vehicles"": 13,\n            ""routing_controller"": [\n                ""ContinuousRouter"",\n                {}\n            ],\n            ""veh_id"": ""human""\n        },\n        {\n            ""acceleration_controller"": [\n                ""RLController"",\n                {}\n            ],\n            ""car_following_params"": {\n                ""controller_params"": {\n                    ""accel"": 1.0,\n                    ""carFollowModel"": ""IDM"",\n                    ""decel"": 1.5,\n                    ""impatience"": 0.5,\n                    ""maxSpeed"": 30,\n                    ""minGap"": 2.5,\n                    ""sigma"": 0.5,\n                    ""speedDev"": 0.1,\n                    ""speedFactor"": 1.0,\n                    ""tau"": 1.0\n                },\n                ""speed_mode"": 1\n            },\n            ""initial_speed"": 0,\n            ""lane_change_controller"": [\n                ""SimLaneChangeController"",\n                {}\n            ],\n            ""lane_change_params"": {\n                ""controller_params"": {\n                    ""laneChangeModel"": ""LC2013"",\n                    ""lcCooperative"": ""1.0"",\n                    ""lcKeepRight"": ""1.0"",\n                    ""lcSpeedGain"": ""1.0"",\n                    ""lcStrategic"": ""1.0""\n                },\n                ""lane_change_mode"": 512\n            },\n            ""num_vehicles"": 1,\n            ""routing_controller"": [\n                ""ContinuousRouter"",\n                {}\n            ],\n            ""veh_id"": ""rl""\n        }\n    ]\n}'}, 'env': 'AccelEnv-v0', 'local_evaluator_tf_session_args': {'inter_op_parallelism_threads': 8, 'intra_op_parallelism_threads': 8}, 'model': {'free_log_std': False, 'custom_options': {}, 'framestack': True, 'channel_major': False, 'max_seq_len': 20, 'lstm_use_prev_action_reward': False, 'squash_to_range': False, 'dim': 84, 'grayscale': False, 'fcnet_hiddens': [100, 50, 25], 'use_lstm': False, 'custom_model': None, 'fcnet_activation': 'tanh', 'conv_filters': None, 'conv_activation': 'relu', 'lstm_cell_size': 256, 'zero_mean': True, 'custom_preprocessor': None}, 'output_compress_columns': ['obs', 'new_obs'], 'monitor': False, 'custom_resources_per_worker': {}, 'output_max_file_size': 67108864, 'num_workers': 1, 'clip_param': 0.3, 'kl_coeff': 0.2, 'multiagent': {'policy_graphs': {}, 'policy_mapping_fn': None, 'policies_to_train': None}, 'input_evaluation': None, 'output': None, 'collect_metrics_timeout': 180, 'num_cpus_per_worker': 1}",169.237.32.118,1,1374.42,9.881361484527588,"{'num_steps_sampled': 713600, 'load_time_ms': 1.174, 'default': {'kl': 0.018926484510302544, 'cur_lr': 0.0005000000237487257, 'total_loss': 0.628035306930542, 'policy_loss': -0.033107828348875046, 'vf_explained_var': 0.9702794551849365, 'entropy': 2.1518685817718506, 'cur_kl_coeff': 0.5931615233421326, 'vf_loss': 0.6499166488647461}, 'sample_time_ms': 9610.133, 'grad_time_ms': 272.28, 'update_time_ms': 4.812, 'num_steps_trained': 713600}",373.61578898795875,2019-04-02_08-50-28,kronos,71,713600,0,4414.731829166412,{},713600,446,446,4414.731829166412,454.74548102342294,1600,1554195028,{},0b32d2eec3344b1fbde4822793b2e447,69.87981902623255
False,544,"{'input': 'sampler', 'callbacks': {'on_train_result': None, 'on_sample_end': None, 'on_episode_step': None, 'on_episode_start': None, 'on_episode_end': None}, 'sample_batch_size': 200, 'clip_actions': False, 'clip_rewards': None, 'tf_session_args': {'inter_op_parallelism_threads': 2, 'intra_op_parallelism_threads': 2, 'device_count': {'CPU': 1}, 'log_device_placement': False, 'allow_soft_placement': True, 'gpu_options': {'allow_growth': True}}, 'kl_target': 0.01, 'horizon': 1500, 'lr': 0.0005, 'sample_async': False, 'simple_optimizer': False, 'compress_observations': False, 'num_envs_per_worker': 1, 'gamma': 0.99, 'sgd_minibatch_size': 128, 'observation_filter': 'NoFilter', 'entropy_coeff': 0.0, 'batch_mode': 'truncate_episodes', 'straggler_mitigation': False, 'vf_share_layers': False, 'num_gpus': 0, 'synchronize_filters': True, 'num_sgd_iter': 10, 'train_batch_size': 1500, 'optimizer': {}, 'num_gpus_per_worker': 0, 'preprocessor_pref': 'deepmind', 'num_cpus_for_driver': 1, 'lr_schedule': None, 'use_gae': True, 'lambda': 0.97, 'vf_loss_coeff': 1.0, 'vf_clip_param': 1000000.0, 'log_level': 'INFO', 'env_config': {'run': 'PPO', 'flow_params': '{\n    ""env"": {\n        ""additional_params"": {\n            ""max_accel"": 3,\n            ""max_decel"": 3,\n            ""sort_vehicles"": false,\n            ""target_velocity"": 20\n        },\n        ""evaluate"": false,\n        ""horizon"": 1500,\n        ""sims_per_step"": 1,\n        ""warmup_steps"": 0\n    },\n    ""env_name"": ""AccelEnv"",\n    ""exp_tag"": ""figure_eight_0"",\n    ""initial"": {\n        ""additional_params"": {},\n        ""bunching"": 0,\n        ""edges_distribution"": ""all"",\n        ""lanes_distribution"": Infinity,\n        ""min_gap"": 0,\n        ""perturbation"": 0.0,\n        ""shuffle"": false,\n        ""spacing"": ""uniform"",\n        ""x0"": 0\n    },\n    ""net"": {\n        ""additional_params"": {\n            ""lanes"": 1,\n            ""radius_ring"": 30,\n            ""resolution"": 40,\n            ""speed_limit"": 30\n        },\n        ""inflows"": {\n            ""_InFlows__flows"": [],\n            ""num_flows"": 0\n        },\n        ""netfile"": null,\n        ""no_internal_links"": false,\n        ""osm_path"": null\n    },\n    ""scenario"": ""Figure8Scenario"",\n    ""sim"": {\n        ""emission_path"": null,\n        ""lateral_resolution"": null,\n        ""no_step_log"": true,\n        ""num_clients"": 1,\n        ""overtake_right"": false,\n        ""port"": null,\n        ""print_warnings"": true,\n        ""pxpm"": 2,\n        ""render"": false,\n        ""restart_instance"": false,\n        ""save_render"": false,\n        ""seed"": null,\n        ""show_radius"": false,\n        ""sight_radius"": 25,\n        ""sim_step"": 0.1,\n        ""teleport_time"": -1\n    },\n    ""simulator"": ""traci"",\n    ""veh"": [\n        {\n            ""acceleration_controller"": [\n                ""IDMController"",\n                {\n                    ""noise"": 0.2\n                }\n            ],\n            ""car_following_params"": {\n                ""controller_params"": {\n                    ""accel"": 1.0,\n                    ""carFollowModel"": ""IDM"",\n                    ""decel"": 1.5,\n                    ""impatience"": 0.5,\n                    ""maxSpeed"": 30,\n                    ""minGap"": 2.5,\n                    ""sigma"": 0.5,\n                    ""speedDev"": 0.1,\n                    ""speedFactor"": 1.0,\n                    ""tau"": 1.0\n                },\n                ""speed_mode"": 1\n            },\n            ""initial_speed"": 0,\n            ""lane_change_controller"": [\n                ""SimLaneChangeController"",\n                {}\n            ],\n            ""lane_change_params"": {\n                ""controller_params"": {\n                    ""laneChangeModel"": ""LC2013"",\n                    ""lcCooperative"": ""1.0"",\n                    ""lcKeepRight"": ""1.0"",\n                    ""lcSpeedGain"": ""1.0"",\n                    ""lcStrategic"": ""1.0""\n                },\n                ""lane_change_mode"": 512\n            },\n            ""num_vehicles"": 13,\n            ""routing_controller"": [\n                ""ContinuousRouter"",\n                {}\n            ],\n            ""veh_id"": ""human""\n        },\n        {\n            ""acceleration_controller"": [\n                ""RLController"",\n                {}\n            ],\n            ""car_following_params"": {\n                ""controller_params"": {\n                    ""accel"": 1.0,\n                    ""carFollowModel"": ""IDM"",\n                    ""decel"": 1.5,\n                    ""impatience"": 0.5,\n                    ""maxSpeed"": 30,\n                    ""minGap"": 2.5,\n                    ""sigma"": 0.5,\n                    ""speedDev"": 0.1,\n                    ""speedFactor"": 1.0,\n                    ""tau"": 1.0\n                },\n                ""speed_mode"": 1\n            },\n            ""initial_speed"": 0,\n            ""lane_change_controller"": [\n                ""SimLaneChangeController"",\n                {}\n            ],\n            ""lane_change_params"": {\n                ""controller_params"": {\n                    ""laneChangeModel"": ""LC2013"",\n                    ""lcCooperative"": ""1.0"",\n                    ""lcKeepRight"": ""1.0"",\n                    ""lcSpeedGain"": ""1.0"",\n                    ""lcStrategic"": ""1.0""\n                },\n                ""lane_change_mode"": 512\n            },\n            ""num_vehicles"": 1,\n            ""routing_controller"": [\n                ""ContinuousRouter"",\n                {}\n            ],\n            ""veh_id"": ""rl""\n        }\n    ]\n}'}, 'env': 'AccelEnv-v0', 'local_evaluator_tf_session_args': {'inter_op_parallelism_threads': 8, 'intra_op_parallelism_threads': 8}, 'model': {'free_log_std': False, 'custom_options': {}, 'framestack': True, 'channel_major': False, 'max_seq_len': 20, 'lstm_use_prev_action_reward': False, 'squash_to_range': False, 'dim': 84, 'grayscale': False, 'fcnet_hiddens': [100, 50, 25], 'use_lstm': False, 'custom_model': None, 'fcnet_activation': 'tanh', 'conv_filters': None, 'conv_activation': 'relu', 'lstm_cell_size': 256, 'zero_mean': True, 'custom_preprocessor': None}, 'output_compress_columns': ['obs', 'new_obs'], 'monitor': False, 'custom_resources_per_worker': {}, 'output_max_file_size': 67108864, 'num_workers': 1, 'clip_param': 0.3, 'kl_coeff': 0.2, 'multiagent': {'policy_graphs': {}, 'policy_mapping_fn': None, 'policies_to_train': None}, 'input_evaluation': None, 'output': None, 'collect_metrics_timeout': 180, 'num_cpus_per_worker': 1}",169.237.32.118,1,1374.42,9.87570834159851,"{'num_steps_sampled': 715200, 'load_time_ms': 1.2, 'default': {'kl': 0.011542649008333683, 'cur_lr': 0.0005000000237487257, 'total_loss': 0.8608068823814392, 'policy_loss': -0.01788487285375595, 'vf_explained_var': 0.9619709849357605, 'entropy': 2.2297935485839844, 'cur_kl_coeff': 0.5931615233421326, 'vf_loss': 0.8718450665473938}, 'sample_time_ms': 9592.847, 'grad_time_ms': 270.981, 'update_time_ms': 4.727, 'num_steps_trained': 715200}",373.51660308186723,2019-04-02_08-50-37,kronos,71,715200,0,4424.607537508011,{},715200,447,447,4424.607537508011,454.74548102342294,1600,1554195037,{},0b32d2eec3344b1fbde4822793b2e447,69.87981902623255
False,545,"{'input': 'sampler', 'callbacks': {'on_train_result': None, 'on_sample_end': None, 'on_episode_step': None, 'on_episode_start': None, 'on_episode_end': None}, 'sample_batch_size': 200, 'clip_actions': False, 'clip_rewards': None, 'tf_session_args': {'inter_op_parallelism_threads': 2, 'intra_op_parallelism_threads': 2, 'device_count': {'CPU': 1}, 'log_device_placement': False, 'allow_soft_placement': True, 'gpu_options': {'allow_growth': True}}, 'kl_target': 0.01, 'horizon': 1500, 'lr': 0.0005, 'sample_async': False, 'simple_optimizer': False, 'compress_observations': False, 'num_envs_per_worker': 1, 'gamma': 0.99, 'sgd_minibatch_size': 128, 'observation_filter': 'NoFilter', 'entropy_coeff': 0.0, 'batch_mode': 'truncate_episodes', 'straggler_mitigation': False, 'vf_share_layers': False, 'num_gpus': 0, 'synchronize_filters': True, 'num_sgd_iter': 10, 'train_batch_size': 1500, 'optimizer': {}, 'num_gpus_per_worker': 0, 'preprocessor_pref': 'deepmind', 'num_cpus_for_driver': 1, 'lr_schedule': None, 'use_gae': True, 'lambda': 0.97, 'vf_loss_coeff': 1.0, 'vf_clip_param': 1000000.0, 'log_level': 'INFO', 'env_config': {'run': 'PPO', 'flow_params': '{\n    ""env"": {\n        ""additional_params"": {\n            ""max_accel"": 3,\n            ""max_decel"": 3,\n            ""sort_vehicles"": false,\n            ""target_velocity"": 20\n        },\n        ""evaluate"": false,\n        ""horizon"": 1500,\n        ""sims_per_step"": 1,\n        ""warmup_steps"": 0\n    },\n    ""env_name"": ""AccelEnv"",\n    ""exp_tag"": ""figure_eight_0"",\n    ""initial"": {\n        ""additional_params"": {},\n        ""bunching"": 0,\n        ""edges_distribution"": ""all"",\n        ""lanes_distribution"": Infinity,\n        ""min_gap"": 0,\n        ""perturbation"": 0.0,\n        ""shuffle"": false,\n        ""spacing"": ""uniform"",\n        ""x0"": 0\n    },\n    ""net"": {\n        ""additional_params"": {\n            ""lanes"": 1,\n            ""radius_ring"": 30,\n            ""resolution"": 40,\n            ""speed_limit"": 30\n        },\n        ""inflows"": {\n            ""_InFlows__flows"": [],\n            ""num_flows"": 0\n        },\n        ""netfile"": null,\n        ""no_internal_links"": false,\n        ""osm_path"": null\n    },\n    ""scenario"": ""Figure8Scenario"",\n    ""sim"": {\n        ""emission_path"": null,\n        ""lateral_resolution"": null,\n        ""no_step_log"": true,\n        ""num_clients"": 1,\n        ""overtake_right"": false,\n        ""port"": null,\n        ""print_warnings"": true,\n        ""pxpm"": 2,\n        ""render"": false,\n        ""restart_instance"": false,\n        ""save_render"": false,\n        ""seed"": null,\n        ""show_radius"": false,\n        ""sight_radius"": 25,\n        ""sim_step"": 0.1,\n        ""teleport_time"": -1\n    },\n    ""simulator"": ""traci"",\n    ""veh"": [\n        {\n            ""acceleration_controller"": [\n                ""IDMController"",\n                {\n                    ""noise"": 0.2\n                }\n            ],\n            ""car_following_params"": {\n                ""controller_params"": {\n                    ""accel"": 1.0,\n                    ""carFollowModel"": ""IDM"",\n                    ""decel"": 1.5,\n                    ""impatience"": 0.5,\n                    ""maxSpeed"": 30,\n                    ""minGap"": 2.5,\n                    ""sigma"": 0.5,\n                    ""speedDev"": 0.1,\n                    ""speedFactor"": 1.0,\n                    ""tau"": 1.0\n                },\n                ""speed_mode"": 1\n            },\n            ""initial_speed"": 0,\n            ""lane_change_controller"": [\n                ""SimLaneChangeController"",\n                {}\n            ],\n            ""lane_change_params"": {\n                ""controller_params"": {\n                    ""laneChangeModel"": ""LC2013"",\n                    ""lcCooperative"": ""1.0"",\n                    ""lcKeepRight"": ""1.0"",\n                    ""lcSpeedGain"": ""1.0"",\n                    ""lcStrategic"": ""1.0""\n                },\n                ""lane_change_mode"": 512\n            },\n            ""num_vehicles"": 13,\n            ""routing_controller"": [\n                ""ContinuousRouter"",\n                {}\n            ],\n            ""veh_id"": ""human""\n        },\n        {\n            ""acceleration_controller"": [\n                ""RLController"",\n                {}\n            ],\n            ""car_following_params"": {\n                ""controller_params"": {\n                    ""accel"": 1.0,\n                    ""carFollowModel"": ""IDM"",\n                    ""decel"": 1.5,\n                    ""impatience"": 0.5,\n                    ""maxSpeed"": 30,\n                    ""minGap"": 2.5,\n                    ""sigma"": 0.5,\n                    ""speedDev"": 0.1,\n                    ""speedFactor"": 1.0,\n                    ""tau"": 1.0\n                },\n                ""speed_mode"": 1\n            },\n            ""initial_speed"": 0,\n            ""lane_change_controller"": [\n                ""SimLaneChangeController"",\n                {}\n            ],\n            ""lane_change_params"": {\n                ""controller_params"": {\n                    ""laneChangeModel"": ""LC2013"",\n                    ""lcCooperative"": ""1.0"",\n                    ""lcKeepRight"": ""1.0"",\n                    ""lcSpeedGain"": ""1.0"",\n                    ""lcStrategic"": ""1.0""\n                },\n                ""lane_change_mode"": 512\n            },\n            ""num_vehicles"": 1,\n            ""routing_controller"": [\n                ""ContinuousRouter"",\n                {}\n            ],\n            ""veh_id"": ""rl""\n        }\n    ]\n}'}, 'env': 'AccelEnv-v0', 'local_evaluator_tf_session_args': {'inter_op_parallelism_threads': 8, 'intra_op_parallelism_threads': 8}, 'model': {'free_log_std': False, 'custom_options': {}, 'framestack': True, 'channel_major': False, 'max_seq_len': 20, 'lstm_use_prev_action_reward': False, 'squash_to_range': False, 'dim': 84, 'grayscale': False, 'fcnet_hiddens': [100, 50, 25], 'use_lstm': False, 'custom_model': None, 'fcnet_activation': 'tanh', 'conv_filters': None, 'conv_activation': 'relu', 'lstm_cell_size': 256, 'zero_mean': True, 'custom_preprocessor': None}, 'output_compress_columns': ['obs', 'new_obs'], 'monitor': False, 'custom_resources_per_worker': {}, 'output_max_file_size': 67108864, 'num_workers': 1, 'clip_param': 0.3, 'kl_coeff': 0.2, 'multiagent': {'policy_graphs': {}, 'policy_mapping_fn': None, 'policies_to_train': None}, 'input_evaluation': None, 'output': None, 'collect_metrics_timeout': 180, 'num_cpus_per_worker': 1}",169.237.32.118,1,1374.42,10.109454154968262,"{'num_steps_sampled': 716800, 'load_time_ms': 1.193, 'default': {'kl': 0.0081962700933218, 'cur_lr': 0.0005000000237487257, 'total_loss': 0.38097670674324036, 'policy_loss': -0.022664112970232964, 'vf_explained_var': 0.9937021136283875, 'entropy': 2.3347856998443604, 'cur_kl_coeff': 0.5931615233421326, 'vf_loss': 0.39877912402153015}, 'sample_time_ms': 9618.097, 'grad_time_ms': 273.85, 'update_time_ms': 4.806, 'num_steps_trained': 716800}",373.8320874404316,2019-04-02_08-50-48,kronos,71,716800,0,4434.716991662979,{},716800,448,448,4434.716991662979,454.74548102342294,1600,1554195048,{},0b32d2eec3344b1fbde4822793b2e447,69.87981902623255
False,546,"{'input': 'sampler', 'callbacks': {'on_train_result': None, 'on_sample_end': None, 'on_episode_step': None, 'on_episode_start': None, 'on_episode_end': None}, 'sample_batch_size': 200, 'clip_actions': False, 'clip_rewards': None, 'tf_session_args': {'inter_op_parallelism_threads': 2, 'intra_op_parallelism_threads': 2, 'device_count': {'CPU': 1}, 'log_device_placement': False, 'allow_soft_placement': True, 'gpu_options': {'allow_growth': True}}, 'kl_target': 0.01, 'horizon': 1500, 'lr': 0.0005, 'sample_async': False, 'simple_optimizer': False, 'compress_observations': False, 'num_envs_per_worker': 1, 'gamma': 0.99, 'sgd_minibatch_size': 128, 'observation_filter': 'NoFilter', 'entropy_coeff': 0.0, 'batch_mode': 'truncate_episodes', 'straggler_mitigation': False, 'vf_share_layers': False, 'num_gpus': 0, 'synchronize_filters': True, 'num_sgd_iter': 10, 'train_batch_size': 1500, 'optimizer': {}, 'num_gpus_per_worker': 0, 'preprocessor_pref': 'deepmind', 'num_cpus_for_driver': 1, 'lr_schedule': None, 'use_gae': True, 'lambda': 0.97, 'vf_loss_coeff': 1.0, 'vf_clip_param': 1000000.0, 'log_level': 'INFO', 'env_config': {'run': 'PPO', 'flow_params': '{\n    ""env"": {\n        ""additional_params"": {\n            ""max_accel"": 3,\n            ""max_decel"": 3,\n            ""sort_vehicles"": false,\n            ""target_velocity"": 20\n        },\n        ""evaluate"": false,\n        ""horizon"": 1500,\n        ""sims_per_step"": 1,\n        ""warmup_steps"": 0\n    },\n    ""env_name"": ""AccelEnv"",\n    ""exp_tag"": ""figure_eight_0"",\n    ""initial"": {\n        ""additional_params"": {},\n        ""bunching"": 0,\n        ""edges_distribution"": ""all"",\n        ""lanes_distribution"": Infinity,\n        ""min_gap"": 0,\n        ""perturbation"": 0.0,\n        ""shuffle"": false,\n        ""spacing"": ""uniform"",\n        ""x0"": 0\n    },\n    ""net"": {\n        ""additional_params"": {\n            ""lanes"": 1,\n            ""radius_ring"": 30,\n            ""resolution"": 40,\n            ""speed_limit"": 30\n        },\n        ""inflows"": {\n            ""_InFlows__flows"": [],\n            ""num_flows"": 0\n        },\n        ""netfile"": null,\n        ""no_internal_links"": false,\n        ""osm_path"": null\n    },\n    ""scenario"": ""Figure8Scenario"",\n    ""sim"": {\n        ""emission_path"": null,\n        ""lateral_resolution"": null,\n        ""no_step_log"": true,\n        ""num_clients"": 1,\n        ""overtake_right"": false,\n        ""port"": null,\n        ""print_warnings"": true,\n        ""pxpm"": 2,\n        ""render"": false,\n        ""restart_instance"": false,\n        ""save_render"": false,\n        ""seed"": null,\n        ""show_radius"": false,\n        ""sight_radius"": 25,\n        ""sim_step"": 0.1,\n        ""teleport_time"": -1\n    },\n    ""simulator"": ""traci"",\n    ""veh"": [\n        {\n            ""acceleration_controller"": [\n                ""IDMController"",\n                {\n                    ""noise"": 0.2\n                }\n            ],\n            ""car_following_params"": {\n                ""controller_params"": {\n                    ""accel"": 1.0,\n                    ""carFollowModel"": ""IDM"",\n                    ""decel"": 1.5,\n                    ""impatience"": 0.5,\n                    ""maxSpeed"": 30,\n                    ""minGap"": 2.5,\n                    ""sigma"": 0.5,\n                    ""speedDev"": 0.1,\n                    ""speedFactor"": 1.0,\n                    ""tau"": 1.0\n                },\n                ""speed_mode"": 1\n            },\n            ""initial_speed"": 0,\n            ""lane_change_controller"": [\n                ""SimLaneChangeController"",\n                {}\n            ],\n            ""lane_change_params"": {\n                ""controller_params"": {\n                    ""laneChangeModel"": ""LC2013"",\n                    ""lcCooperative"": ""1.0"",\n                    ""lcKeepRight"": ""1.0"",\n                    ""lcSpeedGain"": ""1.0"",\n                    ""lcStrategic"": ""1.0""\n                },\n                ""lane_change_mode"": 512\n            },\n            ""num_vehicles"": 13,\n            ""routing_controller"": [\n                ""ContinuousRouter"",\n                {}\n            ],\n            ""veh_id"": ""human""\n        },\n        {\n            ""acceleration_controller"": [\n                ""RLController"",\n                {}\n            ],\n            ""car_following_params"": {\n                ""controller_params"": {\n                    ""accel"": 1.0,\n                    ""carFollowModel"": ""IDM"",\n                    ""decel"": 1.5,\n                    ""impatience"": 0.5,\n                    ""maxSpeed"": 30,\n                    ""minGap"": 2.5,\n                    ""sigma"": 0.5,\n                    ""speedDev"": 0.1,\n                    ""speedFactor"": 1.0,\n                    ""tau"": 1.0\n                },\n                ""speed_mode"": 1\n            },\n            ""initial_speed"": 0,\n            ""lane_change_controller"": [\n                ""SimLaneChangeController"",\n                {}\n            ],\n            ""lane_change_params"": {\n                ""controller_params"": {\n                    ""laneChangeModel"": ""LC2013"",\n                    ""lcCooperative"": ""1.0"",\n                    ""lcKeepRight"": ""1.0"",\n                    ""lcSpeedGain"": ""1.0"",\n                    ""lcStrategic"": ""1.0""\n                },\n                ""lane_change_mode"": 512\n            },\n            ""num_vehicles"": 1,\n            ""routing_controller"": [\n                ""ContinuousRouter"",\n                {}\n            ],\n            ""veh_id"": ""rl""\n        }\n    ]\n}'}, 'env': 'AccelEnv-v0', 'local_evaluator_tf_session_args': {'inter_op_parallelism_threads': 8, 'intra_op_parallelism_threads': 8}, 'model': {'free_log_std': False, 'custom_options': {}, 'framestack': True, 'channel_major': False, 'max_seq_len': 20, 'lstm_use_prev_action_reward': False, 'squash_to_range': False, 'dim': 84, 'grayscale': False, 'fcnet_hiddens': [100, 50, 25], 'use_lstm': False, 'custom_model': None, 'fcnet_activation': 'tanh', 'conv_filters': None, 'conv_activation': 'relu', 'lstm_cell_size': 256, 'zero_mean': True, 'custom_preprocessor': None}, 'output_compress_columns': ['obs', 'new_obs'], 'monitor': False, 'custom_resources_per_worker': {}, 'output_max_file_size': 67108864, 'num_workers': 1, 'clip_param': 0.3, 'kl_coeff': 0.2, 'multiagent': {'policy_graphs': {}, 'policy_mapping_fn': None, 'policies_to_train': None}, 'input_evaluation': None, 'output': None, 'collect_metrics_timeout': 180, 'num_cpus_per_worker': 1}",169.237.32.118,1,1374.42,9.805241107940674,"{'num_steps_sampled': 718400, 'load_time_ms': 1.196, 'default': {'kl': 0.008258129470050335, 'cur_lr': 0.0005000000237487257, 'total_loss': 0.4704022705554962, 'policy_loss': -0.011494391597807407, 'vf_explained_var': 0.9733986258506775, 'entropy': 2.240591049194336, 'cur_kl_coeff': 0.5931615233421326, 'vf_loss': 0.4769982397556305}, 'sample_time_ms': 9604.12, 'grad_time_ms': 274.818, 'update_time_ms': 4.91, 'num_steps_trained': 718400}",373.994360648721,2019-04-02_08-50-57,kronos,71,718400,0,4444.52223277092,{},718400,449,449,4444.52223277092,454.74548102342294,1600,1554195057,{},0b32d2eec3344b1fbde4822793b2e447,69.87981902623255
False,547,"{'input': 'sampler', 'callbacks': {'on_train_result': None, 'on_sample_end': None, 'on_episode_step': None, 'on_episode_start': None, 'on_episode_end': None}, 'sample_batch_size': 200, 'clip_actions': False, 'clip_rewards': None, 'tf_session_args': {'inter_op_parallelism_threads': 2, 'intra_op_parallelism_threads': 2, 'device_count': {'CPU': 1}, 'log_device_placement': False, 'allow_soft_placement': True, 'gpu_options': {'allow_growth': True}}, 'kl_target': 0.01, 'horizon': 1500, 'lr': 0.0005, 'sample_async': False, 'simple_optimizer': False, 'compress_observations': False, 'num_envs_per_worker': 1, 'gamma': 0.99, 'sgd_minibatch_size': 128, 'observation_filter': 'NoFilter', 'entropy_coeff': 0.0, 'batch_mode': 'truncate_episodes', 'straggler_mitigation': False, 'vf_share_layers': False, 'num_gpus': 0, 'synchronize_filters': True, 'num_sgd_iter': 10, 'train_batch_size': 1500, 'optimizer': {}, 'num_gpus_per_worker': 0, 'preprocessor_pref': 'deepmind', 'num_cpus_for_driver': 1, 'lr_schedule': None, 'use_gae': True, 'lambda': 0.97, 'vf_loss_coeff': 1.0, 'vf_clip_param': 1000000.0, 'log_level': 'INFO', 'env_config': {'run': 'PPO', 'flow_params': '{\n    ""env"": {\n        ""additional_params"": {\n            ""max_accel"": 3,\n            ""max_decel"": 3,\n            ""sort_vehicles"": false,\n            ""target_velocity"": 20\n        },\n        ""evaluate"": false,\n        ""horizon"": 1500,\n        ""sims_per_step"": 1,\n        ""warmup_steps"": 0\n    },\n    ""env_name"": ""AccelEnv"",\n    ""exp_tag"": ""figure_eight_0"",\n    ""initial"": {\n        ""additional_params"": {},\n        ""bunching"": 0,\n        ""edges_distribution"": ""all"",\n        ""lanes_distribution"": Infinity,\n        ""min_gap"": 0,\n        ""perturbation"": 0.0,\n        ""shuffle"": false,\n        ""spacing"": ""uniform"",\n        ""x0"": 0\n    },\n    ""net"": {\n        ""additional_params"": {\n            ""lanes"": 1,\n            ""radius_ring"": 30,\n            ""resolution"": 40,\n            ""speed_limit"": 30\n        },\n        ""inflows"": {\n            ""_InFlows__flows"": [],\n            ""num_flows"": 0\n        },\n        ""netfile"": null,\n        ""no_internal_links"": false,\n        ""osm_path"": null\n    },\n    ""scenario"": ""Figure8Scenario"",\n    ""sim"": {\n        ""emission_path"": null,\n        ""lateral_resolution"": null,\n        ""no_step_log"": true,\n        ""num_clients"": 1,\n        ""overtake_right"": false,\n        ""port"": null,\n        ""print_warnings"": true,\n        ""pxpm"": 2,\n        ""render"": false,\n        ""restart_instance"": false,\n        ""save_render"": false,\n        ""seed"": null,\n        ""show_radius"": false,\n        ""sight_radius"": 25,\n        ""sim_step"": 0.1,\n        ""teleport_time"": -1\n    },\n    ""simulator"": ""traci"",\n    ""veh"": [\n        {\n            ""acceleration_controller"": [\n                ""IDMController"",\n                {\n                    ""noise"": 0.2\n                }\n            ],\n            ""car_following_params"": {\n                ""controller_params"": {\n                    ""accel"": 1.0,\n                    ""carFollowModel"": ""IDM"",\n                    ""decel"": 1.5,\n                    ""impatience"": 0.5,\n                    ""maxSpeed"": 30,\n                    ""minGap"": 2.5,\n                    ""sigma"": 0.5,\n                    ""speedDev"": 0.1,\n                    ""speedFactor"": 1.0,\n                    ""tau"": 1.0\n                },\n                ""speed_mode"": 1\n            },\n            ""initial_speed"": 0,\n            ""lane_change_controller"": [\n                ""SimLaneChangeController"",\n                {}\n            ],\n            ""lane_change_params"": {\n                ""controller_params"": {\n                    ""laneChangeModel"": ""LC2013"",\n                    ""lcCooperative"": ""1.0"",\n                    ""lcKeepRight"": ""1.0"",\n                    ""lcSpeedGain"": ""1.0"",\n                    ""lcStrategic"": ""1.0""\n                },\n                ""lane_change_mode"": 512\n            },\n            ""num_vehicles"": 13,\n            ""routing_controller"": [\n                ""ContinuousRouter"",\n                {}\n            ],\n            ""veh_id"": ""human""\n        },\n        {\n            ""acceleration_controller"": [\n                ""RLController"",\n                {}\n            ],\n            ""car_following_params"": {\n                ""controller_params"": {\n                    ""accel"": 1.0,\n                    ""carFollowModel"": ""IDM"",\n                    ""decel"": 1.5,\n                    ""impatience"": 0.5,\n                    ""maxSpeed"": 30,\n                    ""minGap"": 2.5,\n                    ""sigma"": 0.5,\n                    ""speedDev"": 0.1,\n                    ""speedFactor"": 1.0,\n                    ""tau"": 1.0\n                },\n                ""speed_mode"": 1\n            },\n            ""initial_speed"": 0,\n            ""lane_change_controller"": [\n                ""SimLaneChangeController"",\n                {}\n            ],\n            ""lane_change_params"": {\n                ""controller_params"": {\n                    ""laneChangeModel"": ""LC2013"",\n                    ""lcCooperative"": ""1.0"",\n                    ""lcKeepRight"": ""1.0"",\n                    ""lcSpeedGain"": ""1.0"",\n                    ""lcStrategic"": ""1.0""\n                },\n                ""lane_change_mode"": 512\n            },\n            ""num_vehicles"": 1,\n            ""routing_controller"": [\n                ""ContinuousRouter"",\n                {}\n            ],\n            ""veh_id"": ""rl""\n        }\n    ]\n}'}, 'env': 'AccelEnv-v0', 'local_evaluator_tf_session_args': {'inter_op_parallelism_threads': 8, 'intra_op_parallelism_threads': 8}, 'model': {'free_log_std': False, 'custom_options': {}, 'framestack': True, 'channel_major': False, 'max_seq_len': 20, 'lstm_use_prev_action_reward': False, 'squash_to_range': False, 'dim': 84, 'grayscale': False, 'fcnet_hiddens': [100, 50, 25], 'use_lstm': False, 'custom_model': None, 'fcnet_activation': 'tanh', 'conv_filters': None, 'conv_activation': 'relu', 'lstm_cell_size': 256, 'zero_mean': True, 'custom_preprocessor': None}, 'output_compress_columns': ['obs', 'new_obs'], 'monitor': False, 'custom_resources_per_worker': {}, 'output_max_file_size': 67108864, 'num_workers': 1, 'clip_param': 0.3, 'kl_coeff': 0.2, 'multiagent': {'policy_graphs': {}, 'policy_mapping_fn': None, 'policies_to_train': None}, 'input_evaluation': None, 'output': None, 'collect_metrics_timeout': 180, 'num_cpus_per_worker': 1}",169.237.32.118,1,1374.42,9.960357427597046,"{'num_steps_sampled': 720000, 'load_time_ms': 1.239, 'default': {'kl': 0.004965753760188818, 'cur_lr': 0.0005000000237487257, 'total_loss': 0.608640193939209, 'policy_loss': 0.0027425296138972044, 'vf_explained_var': 0.9732370376586914, 'entropy': 2.3606116771698, 'cur_kl_coeff': 0.5931615233421326, 'vf_loss': 0.602952241897583}, 'sample_time_ms': 9620.358, 'grad_time_ms': 274.946, 'update_time_ms': 4.986, 'num_steps_trained': 720000}",373.8800335607829,2019-04-02_08-51-07,kronos,71,720000,0,4454.482590198517,{},720000,450,450,4454.482590198517,454.74548102342294,1600,1554195067,{},0b32d2eec3344b1fbde4822793b2e447,69.87981902623255
False,548,"{'input': 'sampler', 'callbacks': {'on_train_result': None, 'on_sample_end': None, 'on_episode_step': None, 'on_episode_start': None, 'on_episode_end': None}, 'sample_batch_size': 200, 'clip_actions': False, 'clip_rewards': None, 'tf_session_args': {'inter_op_parallelism_threads': 2, 'intra_op_parallelism_threads': 2, 'device_count': {'CPU': 1}, 'log_device_placement': False, 'allow_soft_placement': True, 'gpu_options': {'allow_growth': True}}, 'kl_target': 0.01, 'horizon': 1500, 'lr': 0.0005, 'sample_async': False, 'simple_optimizer': False, 'compress_observations': False, 'num_envs_per_worker': 1, 'gamma': 0.99, 'sgd_minibatch_size': 128, 'observation_filter': 'NoFilter', 'entropy_coeff': 0.0, 'batch_mode': 'truncate_episodes', 'straggler_mitigation': False, 'vf_share_layers': False, 'num_gpus': 0, 'synchronize_filters': True, 'num_sgd_iter': 10, 'train_batch_size': 1500, 'optimizer': {}, 'num_gpus_per_worker': 0, 'preprocessor_pref': 'deepmind', 'num_cpus_for_driver': 1, 'lr_schedule': None, 'use_gae': True, 'lambda': 0.97, 'vf_loss_coeff': 1.0, 'vf_clip_param': 1000000.0, 'log_level': 'INFO', 'env_config': {'run': 'PPO', 'flow_params': '{\n    ""env"": {\n        ""additional_params"": {\n            ""max_accel"": 3,\n            ""max_decel"": 3,\n            ""sort_vehicles"": false,\n            ""target_velocity"": 20\n        },\n        ""evaluate"": false,\n        ""horizon"": 1500,\n        ""sims_per_step"": 1,\n        ""warmup_steps"": 0\n    },\n    ""env_name"": ""AccelEnv"",\n    ""exp_tag"": ""figure_eight_0"",\n    ""initial"": {\n        ""additional_params"": {},\n        ""bunching"": 0,\n        ""edges_distribution"": ""all"",\n        ""lanes_distribution"": Infinity,\n        ""min_gap"": 0,\n        ""perturbation"": 0.0,\n        ""shuffle"": false,\n        ""spacing"": ""uniform"",\n        ""x0"": 0\n    },\n    ""net"": {\n        ""additional_params"": {\n            ""lanes"": 1,\n            ""radius_ring"": 30,\n            ""resolution"": 40,\n            ""speed_limit"": 30\n        },\n        ""inflows"": {\n            ""_InFlows__flows"": [],\n            ""num_flows"": 0\n        },\n        ""netfile"": null,\n        ""no_internal_links"": false,\n        ""osm_path"": null\n    },\n    ""scenario"": ""Figure8Scenario"",\n    ""sim"": {\n        ""emission_path"": null,\n        ""lateral_resolution"": null,\n        ""no_step_log"": true,\n        ""num_clients"": 1,\n        ""overtake_right"": false,\n        ""port"": null,\n        ""print_warnings"": true,\n        ""pxpm"": 2,\n        ""render"": false,\n        ""restart_instance"": false,\n        ""save_render"": false,\n        ""seed"": null,\n        ""show_radius"": false,\n        ""sight_radius"": 25,\n        ""sim_step"": 0.1,\n        ""teleport_time"": -1\n    },\n    ""simulator"": ""traci"",\n    ""veh"": [\n        {\n            ""acceleration_controller"": [\n                ""IDMController"",\n                {\n                    ""noise"": 0.2\n                }\n            ],\n            ""car_following_params"": {\n                ""controller_params"": {\n                    ""accel"": 1.0,\n                    ""carFollowModel"": ""IDM"",\n                    ""decel"": 1.5,\n                    ""impatience"": 0.5,\n                    ""maxSpeed"": 30,\n                    ""minGap"": 2.5,\n                    ""sigma"": 0.5,\n                    ""speedDev"": 0.1,\n                    ""speedFactor"": 1.0,\n                    ""tau"": 1.0\n                },\n                ""speed_mode"": 1\n            },\n            ""initial_speed"": 0,\n            ""lane_change_controller"": [\n                ""SimLaneChangeController"",\n                {}\n            ],\n            ""lane_change_params"": {\n                ""controller_params"": {\n                    ""laneChangeModel"": ""LC2013"",\n                    ""lcCooperative"": ""1.0"",\n                    ""lcKeepRight"": ""1.0"",\n                    ""lcSpeedGain"": ""1.0"",\n                    ""lcStrategic"": ""1.0""\n                },\n                ""lane_change_mode"": 512\n            },\n            ""num_vehicles"": 13,\n            ""routing_controller"": [\n                ""ContinuousRouter"",\n                {}\n            ],\n            ""veh_id"": ""human""\n        },\n        {\n            ""acceleration_controller"": [\n                ""RLController"",\n                {}\n            ],\n            ""car_following_params"": {\n                ""controller_params"": {\n                    ""accel"": 1.0,\n                    ""carFollowModel"": ""IDM"",\n                    ""decel"": 1.5,\n                    ""impatience"": 0.5,\n                    ""maxSpeed"": 30,\n                    ""minGap"": 2.5,\n                    ""sigma"": 0.5,\n                    ""speedDev"": 0.1,\n                    ""speedFactor"": 1.0,\n                    ""tau"": 1.0\n                },\n                ""speed_mode"": 1\n            },\n            ""initial_speed"": 0,\n            ""lane_change_controller"": [\n                ""SimLaneChangeController"",\n                {}\n            ],\n            ""lane_change_params"": {\n                ""controller_params"": {\n                    ""laneChangeModel"": ""LC2013"",\n                    ""lcCooperative"": ""1.0"",\n                    ""lcKeepRight"": ""1.0"",\n                    ""lcSpeedGain"": ""1.0"",\n                    ""lcStrategic"": ""1.0""\n                },\n                ""lane_change_mode"": 512\n            },\n            ""num_vehicles"": 1,\n            ""routing_controller"": [\n                ""ContinuousRouter"",\n                {}\n            ],\n            ""veh_id"": ""rl""\n        }\n    ]\n}'}, 'env': 'AccelEnv-v0', 'local_evaluator_tf_session_args': {'inter_op_parallelism_threads': 8, 'intra_op_parallelism_threads': 8}, 'model': {'free_log_std': False, 'custom_options': {}, 'framestack': True, 'channel_major': False, 'max_seq_len': 20, 'lstm_use_prev_action_reward': False, 'squash_to_range': False, 'dim': 84, 'grayscale': False, 'fcnet_hiddens': [100, 50, 25], 'use_lstm': False, 'custom_model': None, 'fcnet_activation': 'tanh', 'conv_filters': None, 'conv_activation': 'relu', 'lstm_cell_size': 256, 'zero_mean': True, 'custom_preprocessor': None}, 'output_compress_columns': ['obs', 'new_obs'], 'monitor': False, 'custom_resources_per_worker': {}, 'output_max_file_size': 67108864, 'num_workers': 1, 'clip_param': 0.3, 'kl_coeff': 0.2, 'multiagent': {'policy_graphs': {}, 'policy_mapping_fn': None, 'policies_to_train': None}, 'input_evaluation': None, 'output': None, 'collect_metrics_timeout': 180, 'num_cpus_per_worker': 1}",169.237.32.118,1,1374.42,9.874953508377075,"{'num_steps_sampled': 721600, 'load_time_ms': 1.276, 'default': {'kl': 0.010872360318899155, 'cur_lr': 0.0005000000237487257, 'total_loss': 0.731544017791748, 'policy_loss': -0.00806408654898405, 'vf_explained_var': 0.9582293629646301, 'entropy': 2.233762502670288, 'cur_kl_coeff': 0.2965807616710663, 'vf_loss': 0.7363834977149963}, 'sample_time_ms': 9620.422, 'grad_time_ms': 274.41, 'update_time_ms': 5.093, 'num_steps_trained': 721600}",373.6424043963335,2019-04-02_08-51-17,kronos,71,721600,0,4464.357543706894,{},721600,451,451,4464.357543706894,454.74548102342294,1600,1554195077,{},0b32d2eec3344b1fbde4822793b2e447,69.87981902623255
False,549,"{'input': 'sampler', 'callbacks': {'on_train_result': None, 'on_sample_end': None, 'on_episode_step': None, 'on_episode_start': None, 'on_episode_end': None}, 'sample_batch_size': 200, 'clip_actions': False, 'clip_rewards': None, 'tf_session_args': {'inter_op_parallelism_threads': 2, 'intra_op_parallelism_threads': 2, 'device_count': {'CPU': 1}, 'log_device_placement': False, 'allow_soft_placement': True, 'gpu_options': {'allow_growth': True}}, 'kl_target': 0.01, 'horizon': 1500, 'lr': 0.0005, 'sample_async': False, 'simple_optimizer': False, 'compress_observations': False, 'num_envs_per_worker': 1, 'gamma': 0.99, 'sgd_minibatch_size': 128, 'observation_filter': 'NoFilter', 'entropy_coeff': 0.0, 'batch_mode': 'truncate_episodes', 'straggler_mitigation': False, 'vf_share_layers': False, 'num_gpus': 0, 'synchronize_filters': True, 'num_sgd_iter': 10, 'train_batch_size': 1500, 'optimizer': {}, 'num_gpus_per_worker': 0, 'preprocessor_pref': 'deepmind', 'num_cpus_for_driver': 1, 'lr_schedule': None, 'use_gae': True, 'lambda': 0.97, 'vf_loss_coeff': 1.0, 'vf_clip_param': 1000000.0, 'log_level': 'INFO', 'env_config': {'run': 'PPO', 'flow_params': '{\n    ""env"": {\n        ""additional_params"": {\n            ""max_accel"": 3,\n            ""max_decel"": 3,\n            ""sort_vehicles"": false,\n            ""target_velocity"": 20\n        },\n        ""evaluate"": false,\n        ""horizon"": 1500,\n        ""sims_per_step"": 1,\n        ""warmup_steps"": 0\n    },\n    ""env_name"": ""AccelEnv"",\n    ""exp_tag"": ""figure_eight_0"",\n    ""initial"": {\n        ""additional_params"": {},\n        ""bunching"": 0,\n        ""edges_distribution"": ""all"",\n        ""lanes_distribution"": Infinity,\n        ""min_gap"": 0,\n        ""perturbation"": 0.0,\n        ""shuffle"": false,\n        ""spacing"": ""uniform"",\n        ""x0"": 0\n    },\n    ""net"": {\n        ""additional_params"": {\n            ""lanes"": 1,\n            ""radius_ring"": 30,\n            ""resolution"": 40,\n            ""speed_limit"": 30\n        },\n        ""inflows"": {\n            ""_InFlows__flows"": [],\n            ""num_flows"": 0\n        },\n        ""netfile"": null,\n        ""no_internal_links"": false,\n        ""osm_path"": null\n    },\n    ""scenario"": ""Figure8Scenario"",\n    ""sim"": {\n        ""emission_path"": null,\n        ""lateral_resolution"": null,\n        ""no_step_log"": true,\n        ""num_clients"": 1,\n        ""overtake_right"": false,\n        ""port"": null,\n        ""print_warnings"": true,\n        ""pxpm"": 2,\n        ""render"": false,\n        ""restart_instance"": false,\n        ""save_render"": false,\n        ""seed"": null,\n        ""show_radius"": false,\n        ""sight_radius"": 25,\n        ""sim_step"": 0.1,\n        ""teleport_time"": -1\n    },\n    ""simulator"": ""traci"",\n    ""veh"": [\n        {\n            ""acceleration_controller"": [\n                ""IDMController"",\n                {\n                    ""noise"": 0.2\n                }\n            ],\n            ""car_following_params"": {\n                ""controller_params"": {\n                    ""accel"": 1.0,\n                    ""carFollowModel"": ""IDM"",\n                    ""decel"": 1.5,\n                    ""impatience"": 0.5,\n                    ""maxSpeed"": 30,\n                    ""minGap"": 2.5,\n                    ""sigma"": 0.5,\n                    ""speedDev"": 0.1,\n                    ""speedFactor"": 1.0,\n                    ""tau"": 1.0\n                },\n                ""speed_mode"": 1\n            },\n            ""initial_speed"": 0,\n            ""lane_change_controller"": [\n                ""SimLaneChangeController"",\n                {}\n            ],\n            ""lane_change_params"": {\n                ""controller_params"": {\n                    ""laneChangeModel"": ""LC2013"",\n                    ""lcCooperative"": ""1.0"",\n                    ""lcKeepRight"": ""1.0"",\n                    ""lcSpeedGain"": ""1.0"",\n                    ""lcStrategic"": ""1.0""\n                },\n                ""lane_change_mode"": 512\n            },\n            ""num_vehicles"": 13,\n            ""routing_controller"": [\n                ""ContinuousRouter"",\n                {}\n            ],\n            ""veh_id"": ""human""\n        },\n        {\n            ""acceleration_controller"": [\n                ""RLController"",\n                {}\n            ],\n            ""car_following_params"": {\n                ""controller_params"": {\n                    ""accel"": 1.0,\n                    ""carFollowModel"": ""IDM"",\n                    ""decel"": 1.5,\n                    ""impatience"": 0.5,\n                    ""maxSpeed"": 30,\n                    ""minGap"": 2.5,\n                    ""sigma"": 0.5,\n                    ""speedDev"": 0.1,\n                    ""speedFactor"": 1.0,\n                    ""tau"": 1.0\n                },\n                ""speed_mode"": 1\n            },\n            ""initial_speed"": 0,\n            ""lane_change_controller"": [\n                ""SimLaneChangeController"",\n                {}\n            ],\n            ""lane_change_params"": {\n                ""controller_params"": {\n                    ""laneChangeModel"": ""LC2013"",\n                    ""lcCooperative"": ""1.0"",\n                    ""lcKeepRight"": ""1.0"",\n                    ""lcSpeedGain"": ""1.0"",\n                    ""lcStrategic"": ""1.0""\n                },\n                ""lane_change_mode"": 512\n            },\n            ""num_vehicles"": 1,\n            ""routing_controller"": [\n                ""ContinuousRouter"",\n                {}\n            ],\n            ""veh_id"": ""rl""\n        }\n    ]\n}'}, 'env': 'AccelEnv-v0', 'local_evaluator_tf_session_args': {'inter_op_parallelism_threads': 8, 'intra_op_parallelism_threads': 8}, 'model': {'free_log_std': False, 'custom_options': {}, 'framestack': True, 'channel_major': False, 'max_seq_len': 20, 'lstm_use_prev_action_reward': False, 'squash_to_range': False, 'dim': 84, 'grayscale': False, 'fcnet_hiddens': [100, 50, 25], 'use_lstm': False, 'custom_model': None, 'fcnet_activation': 'tanh', 'conv_filters': None, 'conv_activation': 'relu', 'lstm_cell_size': 256, 'zero_mean': True, 'custom_preprocessor': None}, 'output_compress_columns': ['obs', 'new_obs'], 'monitor': False, 'custom_resources_per_worker': {}, 'output_max_file_size': 67108864, 'num_workers': 1, 'clip_param': 0.3, 'kl_coeff': 0.2, 'multiagent': {'policy_graphs': {}, 'policy_mapping_fn': None, 'policies_to_train': None}, 'input_evaluation': None, 'output': None, 'collect_metrics_timeout': 180, 'num_cpus_per_worker': 1}",169.237.32.118,1,1374.42,9.87029480934143,"{'num_steps_sampled': 723200, 'load_time_ms': 1.27, 'default': {'kl': 0.011180989444255829, 'cur_lr': 0.0005000000237487257, 'total_loss': 0.2704050838947296, 'policy_loss': -0.01422242820262909, 'vf_explained_var': 0.9922270178794861, 'entropy': 2.1908164024353027, 'cur_kl_coeff': 0.2965807616710663, 'vf_loss': 0.2813114523887634}, 'sample_time_ms': 9625.647, 'grad_time_ms': 275.047, 'update_time_ms': 5.015, 'num_steps_trained': 723200}",373.15161542995554,2019-04-02_08-51-27,kronos,71,723200,0,4474.227838516235,{},723200,452,452,4474.227838516235,454.74548102342294,1600,1554195087,{},0b32d2eec3344b1fbde4822793b2e447,69.87981902623255
False,550,"{'input': 'sampler', 'callbacks': {'on_train_result': None, 'on_sample_end': None, 'on_episode_step': None, 'on_episode_start': None, 'on_episode_end': None}, 'sample_batch_size': 200, 'clip_actions': False, 'clip_rewards': None, 'tf_session_args': {'inter_op_parallelism_threads': 2, 'intra_op_parallelism_threads': 2, 'device_count': {'CPU': 1}, 'log_device_placement': False, 'allow_soft_placement': True, 'gpu_options': {'allow_growth': True}}, 'kl_target': 0.01, 'horizon': 1500, 'lr': 0.0005, 'sample_async': False, 'simple_optimizer': False, 'compress_observations': False, 'num_envs_per_worker': 1, 'gamma': 0.99, 'sgd_minibatch_size': 128, 'observation_filter': 'NoFilter', 'entropy_coeff': 0.0, 'batch_mode': 'truncate_episodes', 'straggler_mitigation': False, 'vf_share_layers': False, 'num_gpus': 0, 'synchronize_filters': True, 'num_sgd_iter': 10, 'train_batch_size': 1500, 'optimizer': {}, 'num_gpus_per_worker': 0, 'preprocessor_pref': 'deepmind', 'num_cpus_for_driver': 1, 'lr_schedule': None, 'use_gae': True, 'lambda': 0.97, 'vf_loss_coeff': 1.0, 'vf_clip_param': 1000000.0, 'log_level': 'INFO', 'env_config': {'run': 'PPO', 'flow_params': '{\n    ""env"": {\n        ""additional_params"": {\n            ""max_accel"": 3,\n            ""max_decel"": 3,\n            ""sort_vehicles"": false,\n            ""target_velocity"": 20\n        },\n        ""evaluate"": false,\n        ""horizon"": 1500,\n        ""sims_per_step"": 1,\n        ""warmup_steps"": 0\n    },\n    ""env_name"": ""AccelEnv"",\n    ""exp_tag"": ""figure_eight_0"",\n    ""initial"": {\n        ""additional_params"": {},\n        ""bunching"": 0,\n        ""edges_distribution"": ""all"",\n        ""lanes_distribution"": Infinity,\n        ""min_gap"": 0,\n        ""perturbation"": 0.0,\n        ""shuffle"": false,\n        ""spacing"": ""uniform"",\n        ""x0"": 0\n    },\n    ""net"": {\n        ""additional_params"": {\n            ""lanes"": 1,\n            ""radius_ring"": 30,\n            ""resolution"": 40,\n            ""speed_limit"": 30\n        },\n        ""inflows"": {\n            ""_InFlows__flows"": [],\n            ""num_flows"": 0\n        },\n        ""netfile"": null,\n        ""no_internal_links"": false,\n        ""osm_path"": null\n    },\n    ""scenario"": ""Figure8Scenario"",\n    ""sim"": {\n        ""emission_path"": null,\n        ""lateral_resolution"": null,\n        ""no_step_log"": true,\n        ""num_clients"": 1,\n        ""overtake_right"": false,\n        ""port"": null,\n        ""print_warnings"": true,\n        ""pxpm"": 2,\n        ""render"": false,\n        ""restart_instance"": false,\n        ""save_render"": false,\n        ""seed"": null,\n        ""show_radius"": false,\n        ""sight_radius"": 25,\n        ""sim_step"": 0.1,\n        ""teleport_time"": -1\n    },\n    ""simulator"": ""traci"",\n    ""veh"": [\n        {\n            ""acceleration_controller"": [\n                ""IDMController"",\n                {\n                    ""noise"": 0.2\n                }\n            ],\n            ""car_following_params"": {\n                ""controller_params"": {\n                    ""accel"": 1.0,\n                    ""carFollowModel"": ""IDM"",\n                    ""decel"": 1.5,\n                    ""impatience"": 0.5,\n                    ""maxSpeed"": 30,\n                    ""minGap"": 2.5,\n                    ""sigma"": 0.5,\n                    ""speedDev"": 0.1,\n                    ""speedFactor"": 1.0,\n                    ""tau"": 1.0\n                },\n                ""speed_mode"": 1\n            },\n            ""initial_speed"": 0,\n            ""lane_change_controller"": [\n                ""SimLaneChangeController"",\n                {}\n            ],\n            ""lane_change_params"": {\n                ""controller_params"": {\n                    ""laneChangeModel"": ""LC2013"",\n                    ""lcCooperative"": ""1.0"",\n                    ""lcKeepRight"": ""1.0"",\n                    ""lcSpeedGain"": ""1.0"",\n                    ""lcStrategic"": ""1.0""\n                },\n                ""lane_change_mode"": 512\n            },\n            ""num_vehicles"": 13,\n            ""routing_controller"": [\n                ""ContinuousRouter"",\n                {}\n            ],\n            ""veh_id"": ""human""\n        },\n        {\n            ""acceleration_controller"": [\n                ""RLController"",\n                {}\n            ],\n            ""car_following_params"": {\n                ""controller_params"": {\n                    ""accel"": 1.0,\n                    ""carFollowModel"": ""IDM"",\n                    ""decel"": 1.5,\n                    ""impatience"": 0.5,\n                    ""maxSpeed"": 30,\n                    ""minGap"": 2.5,\n                    ""sigma"": 0.5,\n                    ""speedDev"": 0.1,\n                    ""speedFactor"": 1.0,\n                    ""tau"": 1.0\n                },\n                ""speed_mode"": 1\n            },\n            ""initial_speed"": 0,\n            ""lane_change_controller"": [\n                ""SimLaneChangeController"",\n                {}\n            ],\n            ""lane_change_params"": {\n                ""controller_params"": {\n                    ""laneChangeModel"": ""LC2013"",\n                    ""lcCooperative"": ""1.0"",\n                    ""lcKeepRight"": ""1.0"",\n                    ""lcSpeedGain"": ""1.0"",\n                    ""lcStrategic"": ""1.0""\n                },\n                ""lane_change_mode"": 512\n            },\n            ""num_vehicles"": 1,\n            ""routing_controller"": [\n                ""ContinuousRouter"",\n                {}\n            ],\n            ""veh_id"": ""rl""\n        }\n    ]\n}'}, 'env': 'AccelEnv-v0', 'local_evaluator_tf_session_args': {'inter_op_parallelism_threads': 8, 'intra_op_parallelism_threads': 8}, 'model': {'free_log_std': False, 'custom_options': {}, 'framestack': True, 'channel_major': False, 'max_seq_len': 20, 'lstm_use_prev_action_reward': False, 'squash_to_range': False, 'dim': 84, 'grayscale': False, 'fcnet_hiddens': [100, 50, 25], 'use_lstm': False, 'custom_model': None, 'fcnet_activation': 'tanh', 'conv_filters': None, 'conv_activation': 'relu', 'lstm_cell_size': 256, 'zero_mean': True, 'custom_preprocessor': None}, 'output_compress_columns': ['obs', 'new_obs'], 'monitor': False, 'custom_resources_per_worker': {}, 'output_max_file_size': 67108864, 'num_workers': 1, 'clip_param': 0.3, 'kl_coeff': 0.2, 'multiagent': {'policy_graphs': {}, 'policy_mapping_fn': None, 'policies_to_train': None}, 'input_evaluation': None, 'output': None, 'collect_metrics_timeout': 180, 'num_cpus_per_worker': 1}",169.237.32.118,1,1374.42,9.693907976150513,"{'num_steps_sampled': 724800, 'load_time_ms': 1.278, 'default': {'kl': 0.012689572758972645, 'cur_lr': 0.0005000000237487257, 'total_loss': 1.9825472831726074, 'policy_loss': -0.014863665215671062, 'vf_explained_var': 0.9590364098548889, 'entropy': 2.278973340988159, 'cur_kl_coeff': 0.2965807616710663, 'vf_loss': 1.9936476945877075}, 'sample_time_ms': 9608.94, 'grad_time_ms': 275.309, 'update_time_ms': 4.916, 'num_steps_trained': 724800}",372.6225853323326,2019-04-02_08-51-37,kronos,71,724800,0,4483.921746492386,{},724800,453,453,4483.921746492386,454.74548102342294,1600,1554195097,{},0b32d2eec3344b1fbde4822793b2e447,69.87981902623255
False,551,"{'input': 'sampler', 'callbacks': {'on_train_result': None, 'on_sample_end': None, 'on_episode_step': None, 'on_episode_start': None, 'on_episode_end': None}, 'sample_batch_size': 200, 'clip_actions': False, 'clip_rewards': None, 'tf_session_args': {'inter_op_parallelism_threads': 2, 'intra_op_parallelism_threads': 2, 'device_count': {'CPU': 1}, 'log_device_placement': False, 'allow_soft_placement': True, 'gpu_options': {'allow_growth': True}}, 'kl_target': 0.01, 'horizon': 1500, 'lr': 0.0005, 'sample_async': False, 'simple_optimizer': False, 'compress_observations': False, 'num_envs_per_worker': 1, 'gamma': 0.99, 'sgd_minibatch_size': 128, 'observation_filter': 'NoFilter', 'entropy_coeff': 0.0, 'batch_mode': 'truncate_episodes', 'straggler_mitigation': False, 'vf_share_layers': False, 'num_gpus': 0, 'synchronize_filters': True, 'num_sgd_iter': 10, 'train_batch_size': 1500, 'optimizer': {}, 'num_gpus_per_worker': 0, 'preprocessor_pref': 'deepmind', 'num_cpus_for_driver': 1, 'lr_schedule': None, 'use_gae': True, 'lambda': 0.97, 'vf_loss_coeff': 1.0, 'vf_clip_param': 1000000.0, 'log_level': 'INFO', 'env_config': {'run': 'PPO', 'flow_params': '{\n    ""env"": {\n        ""additional_params"": {\n            ""max_accel"": 3,\n            ""max_decel"": 3,\n            ""sort_vehicles"": false,\n            ""target_velocity"": 20\n        },\n        ""evaluate"": false,\n        ""horizon"": 1500,\n        ""sims_per_step"": 1,\n        ""warmup_steps"": 0\n    },\n    ""env_name"": ""AccelEnv"",\n    ""exp_tag"": ""figure_eight_0"",\n    ""initial"": {\n        ""additional_params"": {},\n        ""bunching"": 0,\n        ""edges_distribution"": ""all"",\n        ""lanes_distribution"": Infinity,\n        ""min_gap"": 0,\n        ""perturbation"": 0.0,\n        ""shuffle"": false,\n        ""spacing"": ""uniform"",\n        ""x0"": 0\n    },\n    ""net"": {\n        ""additional_params"": {\n            ""lanes"": 1,\n            ""radius_ring"": 30,\n            ""resolution"": 40,\n            ""speed_limit"": 30\n        },\n        ""inflows"": {\n            ""_InFlows__flows"": [],\n            ""num_flows"": 0\n        },\n        ""netfile"": null,\n        ""no_internal_links"": false,\n        ""osm_path"": null\n    },\n    ""scenario"": ""Figure8Scenario"",\n    ""sim"": {\n        ""emission_path"": null,\n        ""lateral_resolution"": null,\n        ""no_step_log"": true,\n        ""num_clients"": 1,\n        ""overtake_right"": false,\n        ""port"": null,\n        ""print_warnings"": true,\n        ""pxpm"": 2,\n        ""render"": false,\n        ""restart_instance"": false,\n        ""save_render"": false,\n        ""seed"": null,\n        ""show_radius"": false,\n        ""sight_radius"": 25,\n        ""sim_step"": 0.1,\n        ""teleport_time"": -1\n    },\n    ""simulator"": ""traci"",\n    ""veh"": [\n        {\n            ""acceleration_controller"": [\n                ""IDMController"",\n                {\n                    ""noise"": 0.2\n                }\n            ],\n            ""car_following_params"": {\n                ""controller_params"": {\n                    ""accel"": 1.0,\n                    ""carFollowModel"": ""IDM"",\n                    ""decel"": 1.5,\n                    ""impatience"": 0.5,\n                    ""maxSpeed"": 30,\n                    ""minGap"": 2.5,\n                    ""sigma"": 0.5,\n                    ""speedDev"": 0.1,\n                    ""speedFactor"": 1.0,\n                    ""tau"": 1.0\n                },\n                ""speed_mode"": 1\n            },\n            ""initial_speed"": 0,\n            ""lane_change_controller"": [\n                ""SimLaneChangeController"",\n                {}\n            ],\n            ""lane_change_params"": {\n                ""controller_params"": {\n                    ""laneChangeModel"": ""LC2013"",\n                    ""lcCooperative"": ""1.0"",\n                    ""lcKeepRight"": ""1.0"",\n                    ""lcSpeedGain"": ""1.0"",\n                    ""lcStrategic"": ""1.0""\n                },\n                ""lane_change_mode"": 512\n            },\n            ""num_vehicles"": 13,\n            ""routing_controller"": [\n                ""ContinuousRouter"",\n                {}\n            ],\n            ""veh_id"": ""human""\n        },\n        {\n            ""acceleration_controller"": [\n                ""RLController"",\n                {}\n            ],\n            ""car_following_params"": {\n                ""controller_params"": {\n                    ""accel"": 1.0,\n                    ""carFollowModel"": ""IDM"",\n                    ""decel"": 1.5,\n                    ""impatience"": 0.5,\n                    ""maxSpeed"": 30,\n                    ""minGap"": 2.5,\n                    ""sigma"": 0.5,\n                    ""speedDev"": 0.1,\n                    ""speedFactor"": 1.0,\n                    ""tau"": 1.0\n                },\n                ""speed_mode"": 1\n            },\n            ""initial_speed"": 0,\n            ""lane_change_controller"": [\n                ""SimLaneChangeController"",\n                {}\n            ],\n            ""lane_change_params"": {\n                ""controller_params"": {\n                    ""laneChangeModel"": ""LC2013"",\n                    ""lcCooperative"": ""1.0"",\n                    ""lcKeepRight"": ""1.0"",\n                    ""lcSpeedGain"": ""1.0"",\n                    ""lcStrategic"": ""1.0""\n                },\n                ""lane_change_mode"": 512\n            },\n            ""num_vehicles"": 1,\n            ""routing_controller"": [\n                ""ContinuousRouter"",\n                {}\n            ],\n            ""veh_id"": ""rl""\n        }\n    ]\n}'}, 'env': 'AccelEnv-v0', 'local_evaluator_tf_session_args': {'inter_op_parallelism_threads': 8, 'intra_op_parallelism_threads': 8}, 'model': {'free_log_std': False, 'custom_options': {}, 'framestack': True, 'channel_major': False, 'max_seq_len': 20, 'lstm_use_prev_action_reward': False, 'squash_to_range': False, 'dim': 84, 'grayscale': False, 'fcnet_hiddens': [100, 50, 25], 'use_lstm': False, 'custom_model': None, 'fcnet_activation': 'tanh', 'conv_filters': None, 'conv_activation': 'relu', 'lstm_cell_size': 256, 'zero_mean': True, 'custom_preprocessor': None}, 'output_compress_columns': ['obs', 'new_obs'], 'monitor': False, 'custom_resources_per_worker': {}, 'output_max_file_size': 67108864, 'num_workers': 1, 'clip_param': 0.3, 'kl_coeff': 0.2, 'multiagent': {'policy_graphs': {}, 'policy_mapping_fn': None, 'policies_to_train': None}, 'input_evaluation': None, 'output': None, 'collect_metrics_timeout': 180, 'num_cpus_per_worker': 1}",169.237.32.118,1,1378.16,10.022674798965454,"{'num_steps_sampled': 726400, 'load_time_ms': 1.27, 'default': {'kl': 0.01573757827281952, 'cur_lr': 0.0005000000237487257, 'total_loss': 0.9336568713188171, 'policy_loss': -0.025113428011536598, 'vf_explained_var': 0.9774801731109619, 'entropy': 2.2931745052337646, 'cur_kl_coeff': 0.2965807616710663, 'vf_loss': 0.9541029334068298}, 'sample_time_ms': 9611.549, 'grad_time_ms': 275.746, 'update_time_ms': 4.846, 'num_steps_trained': 726400}",374.2948978657881,2019-04-02_08-51-47,kronos,71,726400,0,4493.944421291351,{},726400,454,454,4493.944421291351,454.74548102342294,1600,1554195107,{},0b32d2eec3344b1fbde4822793b2e447,69.87981902623255
False,552,"{'input': 'sampler', 'callbacks': {'on_train_result': None, 'on_sample_end': None, 'on_episode_step': None, 'on_episode_start': None, 'on_episode_end': None}, 'sample_batch_size': 200, 'clip_actions': False, 'clip_rewards': None, 'tf_session_args': {'inter_op_parallelism_threads': 2, 'intra_op_parallelism_threads': 2, 'device_count': {'CPU': 1}, 'log_device_placement': False, 'allow_soft_placement': True, 'gpu_options': {'allow_growth': True}}, 'kl_target': 0.01, 'horizon': 1500, 'lr': 0.0005, 'sample_async': False, 'simple_optimizer': False, 'compress_observations': False, 'num_envs_per_worker': 1, 'gamma': 0.99, 'sgd_minibatch_size': 128, 'observation_filter': 'NoFilter', 'entropy_coeff': 0.0, 'batch_mode': 'truncate_episodes', 'straggler_mitigation': False, 'vf_share_layers': False, 'num_gpus': 0, 'synchronize_filters': True, 'num_sgd_iter': 10, 'train_batch_size': 1500, 'optimizer': {}, 'num_gpus_per_worker': 0, 'preprocessor_pref': 'deepmind', 'num_cpus_for_driver': 1, 'lr_schedule': None, 'use_gae': True, 'lambda': 0.97, 'vf_loss_coeff': 1.0, 'vf_clip_param': 1000000.0, 'log_level': 'INFO', 'env_config': {'run': 'PPO', 'flow_params': '{\n    ""env"": {\n        ""additional_params"": {\n            ""max_accel"": 3,\n            ""max_decel"": 3,\n            ""sort_vehicles"": false,\n            ""target_velocity"": 20\n        },\n        ""evaluate"": false,\n        ""horizon"": 1500,\n        ""sims_per_step"": 1,\n        ""warmup_steps"": 0\n    },\n    ""env_name"": ""AccelEnv"",\n    ""exp_tag"": ""figure_eight_0"",\n    ""initial"": {\n        ""additional_params"": {},\n        ""bunching"": 0,\n        ""edges_distribution"": ""all"",\n        ""lanes_distribution"": Infinity,\n        ""min_gap"": 0,\n        ""perturbation"": 0.0,\n        ""shuffle"": false,\n        ""spacing"": ""uniform"",\n        ""x0"": 0\n    },\n    ""net"": {\n        ""additional_params"": {\n            ""lanes"": 1,\n            ""radius_ring"": 30,\n            ""resolution"": 40,\n            ""speed_limit"": 30\n        },\n        ""inflows"": {\n            ""_InFlows__flows"": [],\n            ""num_flows"": 0\n        },\n        ""netfile"": null,\n        ""no_internal_links"": false,\n        ""osm_path"": null\n    },\n    ""scenario"": ""Figure8Scenario"",\n    ""sim"": {\n        ""emission_path"": null,\n        ""lateral_resolution"": null,\n        ""no_step_log"": true,\n        ""num_clients"": 1,\n        ""overtake_right"": false,\n        ""port"": null,\n        ""print_warnings"": true,\n        ""pxpm"": 2,\n        ""render"": false,\n        ""restart_instance"": false,\n        ""save_render"": false,\n        ""seed"": null,\n        ""show_radius"": false,\n        ""sight_radius"": 25,\n        ""sim_step"": 0.1,\n        ""teleport_time"": -1\n    },\n    ""simulator"": ""traci"",\n    ""veh"": [\n        {\n            ""acceleration_controller"": [\n                ""IDMController"",\n                {\n                    ""noise"": 0.2\n                }\n            ],\n            ""car_following_params"": {\n                ""controller_params"": {\n                    ""accel"": 1.0,\n                    ""carFollowModel"": ""IDM"",\n                    ""decel"": 1.5,\n                    ""impatience"": 0.5,\n                    ""maxSpeed"": 30,\n                    ""minGap"": 2.5,\n                    ""sigma"": 0.5,\n                    ""speedDev"": 0.1,\n                    ""speedFactor"": 1.0,\n                    ""tau"": 1.0\n                },\n                ""speed_mode"": 1\n            },\n            ""initial_speed"": 0,\n            ""lane_change_controller"": [\n                ""SimLaneChangeController"",\n                {}\n            ],\n            ""lane_change_params"": {\n                ""controller_params"": {\n                    ""laneChangeModel"": ""LC2013"",\n                    ""lcCooperative"": ""1.0"",\n                    ""lcKeepRight"": ""1.0"",\n                    ""lcSpeedGain"": ""1.0"",\n                    ""lcStrategic"": ""1.0""\n                },\n                ""lane_change_mode"": 512\n            },\n            ""num_vehicles"": 13,\n            ""routing_controller"": [\n                ""ContinuousRouter"",\n                {}\n            ],\n            ""veh_id"": ""human""\n        },\n        {\n            ""acceleration_controller"": [\n                ""RLController"",\n                {}\n            ],\n            ""car_following_params"": {\n                ""controller_params"": {\n                    ""accel"": 1.0,\n                    ""carFollowModel"": ""IDM"",\n                    ""decel"": 1.5,\n                    ""impatience"": 0.5,\n                    ""maxSpeed"": 30,\n                    ""minGap"": 2.5,\n                    ""sigma"": 0.5,\n                    ""speedDev"": 0.1,\n                    ""speedFactor"": 1.0,\n                    ""tau"": 1.0\n                },\n                ""speed_mode"": 1\n            },\n            ""initial_speed"": 0,\n            ""lane_change_controller"": [\n                ""SimLaneChangeController"",\n                {}\n            ],\n            ""lane_change_params"": {\n                ""controller_params"": {\n                    ""laneChangeModel"": ""LC2013"",\n                    ""lcCooperative"": ""1.0"",\n                    ""lcKeepRight"": ""1.0"",\n                    ""lcSpeedGain"": ""1.0"",\n                    ""lcStrategic"": ""1.0""\n                },\n                ""lane_change_mode"": 512\n            },\n            ""num_vehicles"": 1,\n            ""routing_controller"": [\n                ""ContinuousRouter"",\n                {}\n            ],\n            ""veh_id"": ""rl""\n        }\n    ]\n}'}, 'env': 'AccelEnv-v0', 'local_evaluator_tf_session_args': {'inter_op_parallelism_threads': 8, 'intra_op_parallelism_threads': 8}, 'model': {'free_log_std': False, 'custom_options': {}, 'framestack': True, 'channel_major': False, 'max_seq_len': 20, 'lstm_use_prev_action_reward': False, 'squash_to_range': False, 'dim': 84, 'grayscale': False, 'fcnet_hiddens': [100, 50, 25], 'use_lstm': False, 'custom_model': None, 'fcnet_activation': 'tanh', 'conv_filters': None, 'conv_activation': 'relu', 'lstm_cell_size': 256, 'zero_mean': True, 'custom_preprocessor': None}, 'output_compress_columns': ['obs', 'new_obs'], 'monitor': False, 'custom_resources_per_worker': {}, 'output_max_file_size': 67108864, 'num_workers': 1, 'clip_param': 0.3, 'kl_coeff': 0.2, 'multiagent': {'policy_graphs': {}, 'policy_mapping_fn': None, 'policies_to_train': None}, 'input_evaluation': None, 'output': None, 'collect_metrics_timeout': 180, 'num_cpus_per_worker': 1}",169.237.32.118,1,1378.16,9.943464517593384,"{'num_steps_sampled': 728000, 'load_time_ms': 1.234, 'default': {'kl': 0.014962061308324337, 'cur_lr': 0.0005000000237487257, 'total_loss': 0.48860594630241394, 'policy_loss': -0.011651354841887951, 'vf_explained_var': 0.9801724553108215, 'entropy': 2.273263692855835, 'cur_kl_coeff': 0.2965807616710663, 'vf_loss': 0.4958198368549347}, 'sample_time_ms': 9617.462, 'grad_time_ms': 274.818, 'update_time_ms': 4.813, 'num_steps_trained': 728000}",374.4801026756901,2019-04-02_08-51-57,kronos,71,728000,0,4503.887885808945,{},728000,455,455,4503.887885808945,454.74548102342294,1600,1554195117,{},0b32d2eec3344b1fbde4822793b2e447,69.87981902623255
False,553,"{'input': 'sampler', 'callbacks': {'on_train_result': None, 'on_sample_end': None, 'on_episode_step': None, 'on_episode_start': None, 'on_episode_end': None}, 'sample_batch_size': 200, 'clip_actions': False, 'clip_rewards': None, 'tf_session_args': {'inter_op_parallelism_threads': 2, 'intra_op_parallelism_threads': 2, 'device_count': {'CPU': 1}, 'log_device_placement': False, 'allow_soft_placement': True, 'gpu_options': {'allow_growth': True}}, 'kl_target': 0.01, 'horizon': 1500, 'lr': 0.0005, 'sample_async': False, 'simple_optimizer': False, 'compress_observations': False, 'num_envs_per_worker': 1, 'gamma': 0.99, 'sgd_minibatch_size': 128, 'observation_filter': 'NoFilter', 'entropy_coeff': 0.0, 'batch_mode': 'truncate_episodes', 'straggler_mitigation': False, 'vf_share_layers': False, 'num_gpus': 0, 'synchronize_filters': True, 'num_sgd_iter': 10, 'train_batch_size': 1500, 'optimizer': {}, 'num_gpus_per_worker': 0, 'preprocessor_pref': 'deepmind', 'num_cpus_for_driver': 1, 'lr_schedule': None, 'use_gae': True, 'lambda': 0.97, 'vf_loss_coeff': 1.0, 'vf_clip_param': 1000000.0, 'log_level': 'INFO', 'env_config': {'run': 'PPO', 'flow_params': '{\n    ""env"": {\n        ""additional_params"": {\n            ""max_accel"": 3,\n            ""max_decel"": 3,\n            ""sort_vehicles"": false,\n            ""target_velocity"": 20\n        },\n        ""evaluate"": false,\n        ""horizon"": 1500,\n        ""sims_per_step"": 1,\n        ""warmup_steps"": 0\n    },\n    ""env_name"": ""AccelEnv"",\n    ""exp_tag"": ""figure_eight_0"",\n    ""initial"": {\n        ""additional_params"": {},\n        ""bunching"": 0,\n        ""edges_distribution"": ""all"",\n        ""lanes_distribution"": Infinity,\n        ""min_gap"": 0,\n        ""perturbation"": 0.0,\n        ""shuffle"": false,\n        ""spacing"": ""uniform"",\n        ""x0"": 0\n    },\n    ""net"": {\n        ""additional_params"": {\n            ""lanes"": 1,\n            ""radius_ring"": 30,\n            ""resolution"": 40,\n            ""speed_limit"": 30\n        },\n        ""inflows"": {\n            ""_InFlows__flows"": [],\n            ""num_flows"": 0\n        },\n        ""netfile"": null,\n        ""no_internal_links"": false,\n        ""osm_path"": null\n    },\n    ""scenario"": ""Figure8Scenario"",\n    ""sim"": {\n        ""emission_path"": null,\n        ""lateral_resolution"": null,\n        ""no_step_log"": true,\n        ""num_clients"": 1,\n        ""overtake_right"": false,\n        ""port"": null,\n        ""print_warnings"": true,\n        ""pxpm"": 2,\n        ""render"": false,\n        ""restart_instance"": false,\n        ""save_render"": false,\n        ""seed"": null,\n        ""show_radius"": false,\n        ""sight_radius"": 25,\n        ""sim_step"": 0.1,\n        ""teleport_time"": -1\n    },\n    ""simulator"": ""traci"",\n    ""veh"": [\n        {\n            ""acceleration_controller"": [\n                ""IDMController"",\n                {\n                    ""noise"": 0.2\n                }\n            ],\n            ""car_following_params"": {\n                ""controller_params"": {\n                    ""accel"": 1.0,\n                    ""carFollowModel"": ""IDM"",\n                    ""decel"": 1.5,\n                    ""impatience"": 0.5,\n                    ""maxSpeed"": 30,\n                    ""minGap"": 2.5,\n                    ""sigma"": 0.5,\n                    ""speedDev"": 0.1,\n                    ""speedFactor"": 1.0,\n                    ""tau"": 1.0\n                },\n                ""speed_mode"": 1\n            },\n            ""initial_speed"": 0,\n            ""lane_change_controller"": [\n                ""SimLaneChangeController"",\n                {}\n            ],\n            ""lane_change_params"": {\n                ""controller_params"": {\n                    ""laneChangeModel"": ""LC2013"",\n                    ""lcCooperative"": ""1.0"",\n                    ""lcKeepRight"": ""1.0"",\n                    ""lcSpeedGain"": ""1.0"",\n                    ""lcStrategic"": ""1.0""\n                },\n                ""lane_change_mode"": 512\n            },\n            ""num_vehicles"": 13,\n            ""routing_controller"": [\n                ""ContinuousRouter"",\n                {}\n            ],\n            ""veh_id"": ""human""\n        },\n        {\n            ""acceleration_controller"": [\n                ""RLController"",\n                {}\n            ],\n            ""car_following_params"": {\n                ""controller_params"": {\n                    ""accel"": 1.0,\n                    ""carFollowModel"": ""IDM"",\n                    ""decel"": 1.5,\n                    ""impatience"": 0.5,\n                    ""maxSpeed"": 30,\n                    ""minGap"": 2.5,\n                    ""sigma"": 0.5,\n                    ""speedDev"": 0.1,\n                    ""speedFactor"": 1.0,\n                    ""tau"": 1.0\n                },\n                ""speed_mode"": 1\n            },\n            ""initial_speed"": 0,\n            ""lane_change_controller"": [\n                ""SimLaneChangeController"",\n                {}\n            ],\n            ""lane_change_params"": {\n                ""controller_params"": {\n                    ""laneChangeModel"": ""LC2013"",\n                    ""lcCooperative"": ""1.0"",\n                    ""lcKeepRight"": ""1.0"",\n                    ""lcSpeedGain"": ""1.0"",\n                    ""lcStrategic"": ""1.0""\n                },\n                ""lane_change_mode"": 512\n            },\n            ""num_vehicles"": 1,\n            ""routing_controller"": [\n                ""ContinuousRouter"",\n                {}\n            ],\n            ""veh_id"": ""rl""\n        }\n    ]\n}'}, 'env': 'AccelEnv-v0', 'local_evaluator_tf_session_args': {'inter_op_parallelism_threads': 8, 'intra_op_parallelism_threads': 8}, 'model': {'free_log_std': False, 'custom_options': {}, 'framestack': True, 'channel_major': False, 'max_seq_len': 20, 'lstm_use_prev_action_reward': False, 'squash_to_range': False, 'dim': 84, 'grayscale': False, 'fcnet_hiddens': [100, 50, 25], 'use_lstm': False, 'custom_model': None, 'fcnet_activation': 'tanh', 'conv_filters': None, 'conv_activation': 'relu', 'lstm_cell_size': 256, 'zero_mean': True, 'custom_preprocessor': None}, 'output_compress_columns': ['obs', 'new_obs'], 'monitor': False, 'custom_resources_per_worker': {}, 'output_max_file_size': 67108864, 'num_workers': 1, 'clip_param': 0.3, 'kl_coeff': 0.2, 'multiagent': {'policy_graphs': {}, 'policy_mapping_fn': None, 'policies_to_train': None}, 'input_evaluation': None, 'output': None, 'collect_metrics_timeout': 180, 'num_cpus_per_worker': 1}",169.237.32.118,1,1378.16,9.869263887405396,"{'num_steps_sampled': 729600, 'load_time_ms': 1.232, 'default': {'kl': 0.0131153529509902, 'cur_lr': 0.0005000000237487257, 'total_loss': 0.3537454307079315, 'policy_loss': -0.022504189983010292, 'vf_explained_var': 0.9864411950111389, 'entropy': 2.343069553375244, 'cur_kl_coeff': 0.2965807616710663, 'vf_loss': 0.37235987186431885}, 'sample_time_ms': 9616.343, 'grad_time_ms': 274.754, 'update_time_ms': 4.828, 'num_steps_trained': 729600}",374.9587030042787,2019-04-02_08-52-07,kronos,71,729600,0,4513.75714969635,{},729600,456,456,4513.75714969635,454.74548102342294,1600,1554195127,{},0b32d2eec3344b1fbde4822793b2e447,69.87981902623255
False,554,"{'input': 'sampler', 'callbacks': {'on_train_result': None, 'on_sample_end': None, 'on_episode_step': None, 'on_episode_start': None, 'on_episode_end': None}, 'sample_batch_size': 200, 'clip_actions': False, 'clip_rewards': None, 'tf_session_args': {'inter_op_parallelism_threads': 2, 'intra_op_parallelism_threads': 2, 'device_count': {'CPU': 1}, 'log_device_placement': False, 'allow_soft_placement': True, 'gpu_options': {'allow_growth': True}}, 'kl_target': 0.01, 'horizon': 1500, 'lr': 0.0005, 'sample_async': False, 'simple_optimizer': False, 'compress_observations': False, 'num_envs_per_worker': 1, 'gamma': 0.99, 'sgd_minibatch_size': 128, 'observation_filter': 'NoFilter', 'entropy_coeff': 0.0, 'batch_mode': 'truncate_episodes', 'straggler_mitigation': False, 'vf_share_layers': False, 'num_gpus': 0, 'synchronize_filters': True, 'num_sgd_iter': 10, 'train_batch_size': 1500, 'optimizer': {}, 'num_gpus_per_worker': 0, 'preprocessor_pref': 'deepmind', 'num_cpus_for_driver': 1, 'lr_schedule': None, 'use_gae': True, 'lambda': 0.97, 'vf_loss_coeff': 1.0, 'vf_clip_param': 1000000.0, 'log_level': 'INFO', 'env_config': {'run': 'PPO', 'flow_params': '{\n    ""env"": {\n        ""additional_params"": {\n            ""max_accel"": 3,\n            ""max_decel"": 3,\n            ""sort_vehicles"": false,\n            ""target_velocity"": 20\n        },\n        ""evaluate"": false,\n        ""horizon"": 1500,\n        ""sims_per_step"": 1,\n        ""warmup_steps"": 0\n    },\n    ""env_name"": ""AccelEnv"",\n    ""exp_tag"": ""figure_eight_0"",\n    ""initial"": {\n        ""additional_params"": {},\n        ""bunching"": 0,\n        ""edges_distribution"": ""all"",\n        ""lanes_distribution"": Infinity,\n        ""min_gap"": 0,\n        ""perturbation"": 0.0,\n        ""shuffle"": false,\n        ""spacing"": ""uniform"",\n        ""x0"": 0\n    },\n    ""net"": {\n        ""additional_params"": {\n            ""lanes"": 1,\n            ""radius_ring"": 30,\n            ""resolution"": 40,\n            ""speed_limit"": 30\n        },\n        ""inflows"": {\n            ""_InFlows__flows"": [],\n            ""num_flows"": 0\n        },\n        ""netfile"": null,\n        ""no_internal_links"": false,\n        ""osm_path"": null\n    },\n    ""scenario"": ""Figure8Scenario"",\n    ""sim"": {\n        ""emission_path"": null,\n        ""lateral_resolution"": null,\n        ""no_step_log"": true,\n        ""num_clients"": 1,\n        ""overtake_right"": false,\n        ""port"": null,\n        ""print_warnings"": true,\n        ""pxpm"": 2,\n        ""render"": false,\n        ""restart_instance"": false,\n        ""save_render"": false,\n        ""seed"": null,\n        ""show_radius"": false,\n        ""sight_radius"": 25,\n        ""sim_step"": 0.1,\n        ""teleport_time"": -1\n    },\n    ""simulator"": ""traci"",\n    ""veh"": [\n        {\n            ""acceleration_controller"": [\n                ""IDMController"",\n                {\n                    ""noise"": 0.2\n                }\n            ],\n            ""car_following_params"": {\n                ""controller_params"": {\n                    ""accel"": 1.0,\n                    ""carFollowModel"": ""IDM"",\n                    ""decel"": 1.5,\n                    ""impatience"": 0.5,\n                    ""maxSpeed"": 30,\n                    ""minGap"": 2.5,\n                    ""sigma"": 0.5,\n                    ""speedDev"": 0.1,\n                    ""speedFactor"": 1.0,\n                    ""tau"": 1.0\n                },\n                ""speed_mode"": 1\n            },\n            ""initial_speed"": 0,\n            ""lane_change_controller"": [\n                ""SimLaneChangeController"",\n                {}\n            ],\n            ""lane_change_params"": {\n                ""controller_params"": {\n                    ""laneChangeModel"": ""LC2013"",\n                    ""lcCooperative"": ""1.0"",\n                    ""lcKeepRight"": ""1.0"",\n                    ""lcSpeedGain"": ""1.0"",\n                    ""lcStrategic"": ""1.0""\n                },\n                ""lane_change_mode"": 512\n            },\n            ""num_vehicles"": 13,\n            ""routing_controller"": [\n                ""ContinuousRouter"",\n                {}\n            ],\n            ""veh_id"": ""human""\n        },\n        {\n            ""acceleration_controller"": [\n                ""RLController"",\n                {}\n            ],\n            ""car_following_params"": {\n                ""controller_params"": {\n                    ""accel"": 1.0,\n                    ""carFollowModel"": ""IDM"",\n                    ""decel"": 1.5,\n                    ""impatience"": 0.5,\n                    ""maxSpeed"": 30,\n                    ""minGap"": 2.5,\n                    ""sigma"": 0.5,\n                    ""speedDev"": 0.1,\n                    ""speedFactor"": 1.0,\n                    ""tau"": 1.0\n                },\n                ""speed_mode"": 1\n            },\n            ""initial_speed"": 0,\n            ""lane_change_controller"": [\n                ""SimLaneChangeController"",\n                {}\n            ],\n            ""lane_change_params"": {\n                ""controller_params"": {\n                    ""laneChangeModel"": ""LC2013"",\n                    ""lcCooperative"": ""1.0"",\n                    ""lcKeepRight"": ""1.0"",\n                    ""lcSpeedGain"": ""1.0"",\n                    ""lcStrategic"": ""1.0""\n                },\n                ""lane_change_mode"": 512\n            },\n            ""num_vehicles"": 1,\n            ""routing_controller"": [\n                ""ContinuousRouter"",\n                {}\n            ],\n            ""veh_id"": ""rl""\n        }\n    ]\n}'}, 'env': 'AccelEnv-v0', 'local_evaluator_tf_session_args': {'inter_op_parallelism_threads': 8, 'intra_op_parallelism_threads': 8}, 'model': {'free_log_std': False, 'custom_options': {}, 'framestack': True, 'channel_major': False, 'max_seq_len': 20, 'lstm_use_prev_action_reward': False, 'squash_to_range': False, 'dim': 84, 'grayscale': False, 'fcnet_hiddens': [100, 50, 25], 'use_lstm': False, 'custom_model': None, 'fcnet_activation': 'tanh', 'conv_filters': None, 'conv_activation': 'relu', 'lstm_cell_size': 256, 'zero_mean': True, 'custom_preprocessor': None}, 'output_compress_columns': ['obs', 'new_obs'], 'monitor': False, 'custom_resources_per_worker': {}, 'output_max_file_size': 67108864, 'num_workers': 1, 'clip_param': 0.3, 'kl_coeff': 0.2, 'multiagent': {'policy_graphs': {}, 'policy_mapping_fn': None, 'policies_to_train': None}, 'input_evaluation': None, 'output': None, 'collect_metrics_timeout': 180, 'num_cpus_per_worker': 1}",169.237.32.118,1,1378.16,9.902410745620728,"{'num_steps_sampled': 731200, 'load_time_ms': 1.23, 'default': {'kl': 0.013562134467065334, 'cur_lr': 0.0005000000237487257, 'total_loss': 1.051644206047058, 'policy_loss': -0.011075419373810291, 'vf_explained_var': 0.9623138904571533, 'entropy': 2.3068273067474365, 'cur_kl_coeff': 0.2965807616710663, 'vf_loss': 1.05869722366333}, 'sample_time_ms': 9616.814, 'grad_time_ms': 276.907, 'update_time_ms': 4.798, 'num_steps_trained': 731200}",375.0104167626649,2019-04-02_08-52-17,kronos,71,731200,0,4523.659560441971,{},731200,457,457,4523.659560441971,454.74548102342294,1600,1554195137,{},0b32d2eec3344b1fbde4822793b2e447,69.87981902623255
False,555,"{'input': 'sampler', 'callbacks': {'on_train_result': None, 'on_sample_end': None, 'on_episode_step': None, 'on_episode_start': None, 'on_episode_end': None}, 'sample_batch_size': 200, 'clip_actions': False, 'clip_rewards': None, 'tf_session_args': {'inter_op_parallelism_threads': 2, 'intra_op_parallelism_threads': 2, 'device_count': {'CPU': 1}, 'log_device_placement': False, 'allow_soft_placement': True, 'gpu_options': {'allow_growth': True}}, 'kl_target': 0.01, 'horizon': 1500, 'lr': 0.0005, 'sample_async': False, 'simple_optimizer': False, 'compress_observations': False, 'num_envs_per_worker': 1, 'gamma': 0.99, 'sgd_minibatch_size': 128, 'observation_filter': 'NoFilter', 'entropy_coeff': 0.0, 'batch_mode': 'truncate_episodes', 'straggler_mitigation': False, 'vf_share_layers': False, 'num_gpus': 0, 'synchronize_filters': True, 'num_sgd_iter': 10, 'train_batch_size': 1500, 'optimizer': {}, 'num_gpus_per_worker': 0, 'preprocessor_pref': 'deepmind', 'num_cpus_for_driver': 1, 'lr_schedule': None, 'use_gae': True, 'lambda': 0.97, 'vf_loss_coeff': 1.0, 'vf_clip_param': 1000000.0, 'log_level': 'INFO', 'env_config': {'run': 'PPO', 'flow_params': '{\n    ""env"": {\n        ""additional_params"": {\n            ""max_accel"": 3,\n            ""max_decel"": 3,\n            ""sort_vehicles"": false,\n            ""target_velocity"": 20\n        },\n        ""evaluate"": false,\n        ""horizon"": 1500,\n        ""sims_per_step"": 1,\n        ""warmup_steps"": 0\n    },\n    ""env_name"": ""AccelEnv"",\n    ""exp_tag"": ""figure_eight_0"",\n    ""initial"": {\n        ""additional_params"": {},\n        ""bunching"": 0,\n        ""edges_distribution"": ""all"",\n        ""lanes_distribution"": Infinity,\n        ""min_gap"": 0,\n        ""perturbation"": 0.0,\n        ""shuffle"": false,\n        ""spacing"": ""uniform"",\n        ""x0"": 0\n    },\n    ""net"": {\n        ""additional_params"": {\n            ""lanes"": 1,\n            ""radius_ring"": 30,\n            ""resolution"": 40,\n            ""speed_limit"": 30\n        },\n        ""inflows"": {\n            ""_InFlows__flows"": [],\n            ""num_flows"": 0\n        },\n        ""netfile"": null,\n        ""no_internal_links"": false,\n        ""osm_path"": null\n    },\n    ""scenario"": ""Figure8Scenario"",\n    ""sim"": {\n        ""emission_path"": null,\n        ""lateral_resolution"": null,\n        ""no_step_log"": true,\n        ""num_clients"": 1,\n        ""overtake_right"": false,\n        ""port"": null,\n        ""print_warnings"": true,\n        ""pxpm"": 2,\n        ""render"": false,\n        ""restart_instance"": false,\n        ""save_render"": false,\n        ""seed"": null,\n        ""show_radius"": false,\n        ""sight_radius"": 25,\n        ""sim_step"": 0.1,\n        ""teleport_time"": -1\n    },\n    ""simulator"": ""traci"",\n    ""veh"": [\n        {\n            ""acceleration_controller"": [\n                ""IDMController"",\n                {\n                    ""noise"": 0.2\n                }\n            ],\n            ""car_following_params"": {\n                ""controller_params"": {\n                    ""accel"": 1.0,\n                    ""carFollowModel"": ""IDM"",\n                    ""decel"": 1.5,\n                    ""impatience"": 0.5,\n                    ""maxSpeed"": 30,\n                    ""minGap"": 2.5,\n                    ""sigma"": 0.5,\n                    ""speedDev"": 0.1,\n                    ""speedFactor"": 1.0,\n                    ""tau"": 1.0\n                },\n                ""speed_mode"": 1\n            },\n            ""initial_speed"": 0,\n            ""lane_change_controller"": [\n                ""SimLaneChangeController"",\n                {}\n            ],\n            ""lane_change_params"": {\n                ""controller_params"": {\n                    ""laneChangeModel"": ""LC2013"",\n                    ""lcCooperative"": ""1.0"",\n                    ""lcKeepRight"": ""1.0"",\n                    ""lcSpeedGain"": ""1.0"",\n                    ""lcStrategic"": ""1.0""\n                },\n                ""lane_change_mode"": 512\n            },\n            ""num_vehicles"": 13,\n            ""routing_controller"": [\n                ""ContinuousRouter"",\n                {}\n            ],\n            ""veh_id"": ""human""\n        },\n        {\n            ""acceleration_controller"": [\n                ""RLController"",\n                {}\n            ],\n            ""car_following_params"": {\n                ""controller_params"": {\n                    ""accel"": 1.0,\n                    ""carFollowModel"": ""IDM"",\n                    ""decel"": 1.5,\n                    ""impatience"": 0.5,\n                    ""maxSpeed"": 30,\n                    ""minGap"": 2.5,\n                    ""sigma"": 0.5,\n                    ""speedDev"": 0.1,\n                    ""speedFactor"": 1.0,\n                    ""tau"": 1.0\n                },\n                ""speed_mode"": 1\n            },\n            ""initial_speed"": 0,\n            ""lane_change_controller"": [\n                ""SimLaneChangeController"",\n                {}\n            ],\n            ""lane_change_params"": {\n                ""controller_params"": {\n                    ""laneChangeModel"": ""LC2013"",\n                    ""lcCooperative"": ""1.0"",\n                    ""lcKeepRight"": ""1.0"",\n                    ""lcSpeedGain"": ""1.0"",\n                    ""lcStrategic"": ""1.0""\n                },\n                ""lane_change_mode"": 512\n            },\n            ""num_vehicles"": 1,\n            ""routing_controller"": [\n                ""ContinuousRouter"",\n                {}\n            ],\n            ""veh_id"": ""rl""\n        }\n    ]\n}'}, 'env': 'AccelEnv-v0', 'local_evaluator_tf_session_args': {'inter_op_parallelism_threads': 8, 'intra_op_parallelism_threads': 8}, 'model': {'free_log_std': False, 'custom_options': {}, 'framestack': True, 'channel_major': False, 'max_seq_len': 20, 'lstm_use_prev_action_reward': False, 'squash_to_range': False, 'dim': 84, 'grayscale': False, 'fcnet_hiddens': [100, 50, 25], 'use_lstm': False, 'custom_model': None, 'fcnet_activation': 'tanh', 'conv_filters': None, 'conv_activation': 'relu', 'lstm_cell_size': 256, 'zero_mean': True, 'custom_preprocessor': None}, 'output_compress_columns': ['obs', 'new_obs'], 'monitor': False, 'custom_resources_per_worker': {}, 'output_max_file_size': 67108864, 'num_workers': 1, 'clip_param': 0.3, 'kl_coeff': 0.2, 'multiagent': {'policy_graphs': {}, 'policy_mapping_fn': None, 'policies_to_train': None}, 'input_evaluation': None, 'output': None, 'collect_metrics_timeout': 180, 'num_cpus_per_worker': 1}",169.237.32.118,1,1378.16,9.995943784713745,"{'num_steps_sampled': 732800, 'load_time_ms': 1.223, 'default': {'kl': 0.012348856776952744, 'cur_lr': 0.0005000000237487257, 'total_loss': 0.6185680031776428, 'policy_loss': -0.0072382367216050625, 'vf_explained_var': 0.973365306854248, 'entropy': 2.4629828929901123, 'cur_kl_coeff': 0.2965807616710663, 'vf_loss': 0.6221438050270081}, 'sample_time_ms': 9609.694, 'grad_time_ms': 272.695, 'update_time_ms': 4.798, 'num_steps_trained': 732800}",374.9325255309325,2019-04-02_08-52-27,kronos,71,732800,0,4533.655504226685,{},732800,458,458,4533.655504226685,454.74548102342294,1600,1554195147,{},0b32d2eec3344b1fbde4822793b2e447,69.87981902623255
False,557,"{'input': 'sampler', 'callbacks': {'on_train_result': None, 'on_sample_end': None, 'on_episode_step': None, 'on_episode_start': None, 'on_episode_end': None}, 'sample_batch_size': 200, 'clip_actions': False, 'clip_rewards': None, 'tf_session_args': {'inter_op_parallelism_threads': 2, 'intra_op_parallelism_threads': 2, 'device_count': {'CPU': 1}, 'log_device_placement': False, 'allow_soft_placement': True, 'gpu_options': {'allow_growth': True}}, 'kl_target': 0.01, 'horizon': 1500, 'lr': 0.0005, 'sample_async': False, 'simple_optimizer': False, 'compress_observations': False, 'num_envs_per_worker': 1, 'gamma': 0.99, 'sgd_minibatch_size': 128, 'observation_filter': 'NoFilter', 'entropy_coeff': 0.0, 'batch_mode': 'truncate_episodes', 'straggler_mitigation': False, 'vf_share_layers': False, 'num_gpus': 0, 'synchronize_filters': True, 'num_sgd_iter': 10, 'train_batch_size': 1500, 'optimizer': {}, 'num_gpus_per_worker': 0, 'preprocessor_pref': 'deepmind', 'num_cpus_for_driver': 1, 'lr_schedule': None, 'use_gae': True, 'lambda': 0.97, 'vf_loss_coeff': 1.0, 'vf_clip_param': 1000000.0, 'log_level': 'INFO', 'env_config': {'run': 'PPO', 'flow_params': '{\n    ""env"": {\n        ""additional_params"": {\n            ""max_accel"": 3,\n            ""max_decel"": 3,\n            ""sort_vehicles"": false,\n            ""target_velocity"": 20\n        },\n        ""evaluate"": false,\n        ""horizon"": 1500,\n        ""sims_per_step"": 1,\n        ""warmup_steps"": 0\n    },\n    ""env_name"": ""AccelEnv"",\n    ""exp_tag"": ""figure_eight_0"",\n    ""initial"": {\n        ""additional_params"": {},\n        ""bunching"": 0,\n        ""edges_distribution"": ""all"",\n        ""lanes_distribution"": Infinity,\n        ""min_gap"": 0,\n        ""perturbation"": 0.0,\n        ""shuffle"": false,\n        ""spacing"": ""uniform"",\n        ""x0"": 0\n    },\n    ""net"": {\n        ""additional_params"": {\n            ""lanes"": 1,\n            ""radius_ring"": 30,\n            ""resolution"": 40,\n            ""speed_limit"": 30\n        },\n        ""inflows"": {\n            ""_InFlows__flows"": [],\n            ""num_flows"": 0\n        },\n        ""netfile"": null,\n        ""no_internal_links"": false,\n        ""osm_path"": null\n    },\n    ""scenario"": ""Figure8Scenario"",\n    ""sim"": {\n        ""emission_path"": null,\n        ""lateral_resolution"": null,\n        ""no_step_log"": true,\n        ""num_clients"": 1,\n        ""overtake_right"": false,\n        ""port"": null,\n        ""print_warnings"": true,\n        ""pxpm"": 2,\n        ""render"": false,\n        ""restart_instance"": false,\n        ""save_render"": false,\n        ""seed"": null,\n        ""show_radius"": false,\n        ""sight_radius"": 25,\n        ""sim_step"": 0.1,\n        ""teleport_time"": -1\n    },\n    ""simulator"": ""traci"",\n    ""veh"": [\n        {\n            ""acceleration_controller"": [\n                ""IDMController"",\n                {\n                    ""noise"": 0.2\n                }\n            ],\n            ""car_following_params"": {\n                ""controller_params"": {\n                    ""accel"": 1.0,\n                    ""carFollowModel"": ""IDM"",\n                    ""decel"": 1.5,\n                    ""impatience"": 0.5,\n                    ""maxSpeed"": 30,\n                    ""minGap"": 2.5,\n                    ""sigma"": 0.5,\n                    ""speedDev"": 0.1,\n                    ""speedFactor"": 1.0,\n                    ""tau"": 1.0\n                },\n                ""speed_mode"": 1\n            },\n            ""initial_speed"": 0,\n            ""lane_change_controller"": [\n                ""SimLaneChangeController"",\n                {}\n            ],\n            ""lane_change_params"": {\n                ""controller_params"": {\n                    ""laneChangeModel"": ""LC2013"",\n                    ""lcCooperative"": ""1.0"",\n                    ""lcKeepRight"": ""1.0"",\n                    ""lcSpeedGain"": ""1.0"",\n                    ""lcStrategic"": ""1.0""\n                },\n                ""lane_change_mode"": 512\n            },\n            ""num_vehicles"": 13,\n            ""routing_controller"": [\n                ""ContinuousRouter"",\n                {}\n            ],\n            ""veh_id"": ""human""\n        },\n        {\n            ""acceleration_controller"": [\n                ""RLController"",\n                {}\n            ],\n            ""car_following_params"": {\n                ""controller_params"": {\n                    ""accel"": 1.0,\n                    ""carFollowModel"": ""IDM"",\n                    ""decel"": 1.5,\n                    ""impatience"": 0.5,\n                    ""maxSpeed"": 30,\n                    ""minGap"": 2.5,\n                    ""sigma"": 0.5,\n                    ""speedDev"": 0.1,\n                    ""speedFactor"": 1.0,\n                    ""tau"": 1.0\n                },\n                ""speed_mode"": 1\n            },\n            ""initial_speed"": 0,\n            ""lane_change_controller"": [\n                ""SimLaneChangeController"",\n                {}\n            ],\n            ""lane_change_params"": {\n                ""controller_params"": {\n                    ""laneChangeModel"": ""LC2013"",\n                    ""lcCooperative"": ""1.0"",\n                    ""lcKeepRight"": ""1.0"",\n                    ""lcSpeedGain"": ""1.0"",\n                    ""lcStrategic"": ""1.0""\n                },\n                ""lane_change_mode"": 512\n            },\n            ""num_vehicles"": 1,\n            ""routing_controller"": [\n                ""ContinuousRouter"",\n                {}\n            ],\n            ""veh_id"": ""rl""\n        }\n    ]\n}'}, 'env': 'AccelEnv-v0', 'local_evaluator_tf_session_args': {'inter_op_parallelism_threads': 8, 'intra_op_parallelism_threads': 8}, 'model': {'free_log_std': False, 'custom_options': {}, 'framestack': True, 'channel_major': False, 'max_seq_len': 20, 'lstm_use_prev_action_reward': False, 'squash_to_range': False, 'dim': 84, 'grayscale': False, 'fcnet_hiddens': [100, 50, 25], 'use_lstm': False, 'custom_model': None, 'fcnet_activation': 'tanh', 'conv_filters': None, 'conv_activation': 'relu', 'lstm_cell_size': 256, 'zero_mean': True, 'custom_preprocessor': None}, 'output_compress_columns': ['obs', 'new_obs'], 'monitor': False, 'custom_resources_per_worker': {}, 'output_max_file_size': 67108864, 'num_workers': 1, 'clip_param': 0.3, 'kl_coeff': 0.2, 'multiagent': {'policy_graphs': {}, 'policy_mapping_fn': None, 'policies_to_train': None}, 'input_evaluation': None, 'output': None, 'collect_metrics_timeout': 180, 'num_cpus_per_worker': 1}",169.237.32.118,2,1378.16,10.007744312286377,"{'num_steps_sampled': 734400, 'load_time_ms': 1.238, 'default': {'kl': 0.019810251891613007, 'cur_lr': 0.0005000000237487257, 'total_loss': 1.9934154748916626, 'policy_loss': -0.022828705608844757, 'vf_explained_var': 0.9425081610679626, 'entropy': 2.356156587600708, 'cur_kl_coeff': 0.2965807616710663, 'vf_loss': 2.010368824005127}, 'sample_time_ms': 9629.112, 'grad_time_ms': 273.598, 'update_time_ms': 4.764, 'num_steps_trained': 734400}",375.4287667356968,2019-04-02_08-52-37,kronos,71,734400,0,4543.663248538971,{},734400,459,459,4543.663248538971,454.74548102342294,1600,1554195157,{},0b32d2eec3344b1fbde4822793b2e447,69.87981902623255
False,558,"{'input': 'sampler', 'callbacks': {'on_train_result': None, 'on_sample_end': None, 'on_episode_step': None, 'on_episode_start': None, 'on_episode_end': None}, 'sample_batch_size': 200, 'clip_actions': False, 'clip_rewards': None, 'tf_session_args': {'inter_op_parallelism_threads': 2, 'intra_op_parallelism_threads': 2, 'device_count': {'CPU': 1}, 'log_device_placement': False, 'allow_soft_placement': True, 'gpu_options': {'allow_growth': True}}, 'kl_target': 0.01, 'horizon': 1500, 'lr': 0.0005, 'sample_async': False, 'simple_optimizer': False, 'compress_observations': False, 'num_envs_per_worker': 1, 'gamma': 0.99, 'sgd_minibatch_size': 128, 'observation_filter': 'NoFilter', 'entropy_coeff': 0.0, 'batch_mode': 'truncate_episodes', 'straggler_mitigation': False, 'vf_share_layers': False, 'num_gpus': 0, 'synchronize_filters': True, 'num_sgd_iter': 10, 'train_batch_size': 1500, 'optimizer': {}, 'num_gpus_per_worker': 0, 'preprocessor_pref': 'deepmind', 'num_cpus_for_driver': 1, 'lr_schedule': None, 'use_gae': True, 'lambda': 0.97, 'vf_loss_coeff': 1.0, 'vf_clip_param': 1000000.0, 'log_level': 'INFO', 'env_config': {'run': 'PPO', 'flow_params': '{\n    ""env"": {\n        ""additional_params"": {\n            ""max_accel"": 3,\n            ""max_decel"": 3,\n            ""sort_vehicles"": false,\n            ""target_velocity"": 20\n        },\n        ""evaluate"": false,\n        ""horizon"": 1500,\n        ""sims_per_step"": 1,\n        ""warmup_steps"": 0\n    },\n    ""env_name"": ""AccelEnv"",\n    ""exp_tag"": ""figure_eight_0"",\n    ""initial"": {\n        ""additional_params"": {},\n        ""bunching"": 0,\n        ""edges_distribution"": ""all"",\n        ""lanes_distribution"": Infinity,\n        ""min_gap"": 0,\n        ""perturbation"": 0.0,\n        ""shuffle"": false,\n        ""spacing"": ""uniform"",\n        ""x0"": 0\n    },\n    ""net"": {\n        ""additional_params"": {\n            ""lanes"": 1,\n            ""radius_ring"": 30,\n            ""resolution"": 40,\n            ""speed_limit"": 30\n        },\n        ""inflows"": {\n            ""_InFlows__flows"": [],\n            ""num_flows"": 0\n        },\n        ""netfile"": null,\n        ""no_internal_links"": false,\n        ""osm_path"": null\n    },\n    ""scenario"": ""Figure8Scenario"",\n    ""sim"": {\n        ""emission_path"": null,\n        ""lateral_resolution"": null,\n        ""no_step_log"": true,\n        ""num_clients"": 1,\n        ""overtake_right"": false,\n        ""port"": null,\n        ""print_warnings"": true,\n        ""pxpm"": 2,\n        ""render"": false,\n        ""restart_instance"": false,\n        ""save_render"": false,\n        ""seed"": null,\n        ""show_radius"": false,\n        ""sight_radius"": 25,\n        ""sim_step"": 0.1,\n        ""teleport_time"": -1\n    },\n    ""simulator"": ""traci"",\n    ""veh"": [\n        {\n            ""acceleration_controller"": [\n                ""IDMController"",\n                {\n                    ""noise"": 0.2\n                }\n            ],\n            ""car_following_params"": {\n                ""controller_params"": {\n                    ""accel"": 1.0,\n                    ""carFollowModel"": ""IDM"",\n                    ""decel"": 1.5,\n                    ""impatience"": 0.5,\n                    ""maxSpeed"": 30,\n                    ""minGap"": 2.5,\n                    ""sigma"": 0.5,\n                    ""speedDev"": 0.1,\n                    ""speedFactor"": 1.0,\n                    ""tau"": 1.0\n                },\n                ""speed_mode"": 1\n            },\n            ""initial_speed"": 0,\n            ""lane_change_controller"": [\n                ""SimLaneChangeController"",\n                {}\n            ],\n            ""lane_change_params"": {\n                ""controller_params"": {\n                    ""laneChangeModel"": ""LC2013"",\n                    ""lcCooperative"": ""1.0"",\n                    ""lcKeepRight"": ""1.0"",\n                    ""lcSpeedGain"": ""1.0"",\n                    ""lcStrategic"": ""1.0""\n                },\n                ""lane_change_mode"": 512\n            },\n            ""num_vehicles"": 13,\n            ""routing_controller"": [\n                ""ContinuousRouter"",\n                {}\n            ],\n            ""veh_id"": ""human""\n        },\n        {\n            ""acceleration_controller"": [\n                ""RLController"",\n                {}\n            ],\n            ""car_following_params"": {\n                ""controller_params"": {\n                    ""accel"": 1.0,\n                    ""carFollowModel"": ""IDM"",\n                    ""decel"": 1.5,\n                    ""impatience"": 0.5,\n                    ""maxSpeed"": 30,\n                    ""minGap"": 2.5,\n                    ""sigma"": 0.5,\n                    ""speedDev"": 0.1,\n                    ""speedFactor"": 1.0,\n                    ""tau"": 1.0\n                },\n                ""speed_mode"": 1\n            },\n            ""initial_speed"": 0,\n            ""lane_change_controller"": [\n                ""SimLaneChangeController"",\n                {}\n            ],\n            ""lane_change_params"": {\n                ""controller_params"": {\n                    ""laneChangeModel"": ""LC2013"",\n                    ""lcCooperative"": ""1.0"",\n                    ""lcKeepRight"": ""1.0"",\n                    ""lcSpeedGain"": ""1.0"",\n                    ""lcStrategic"": ""1.0""\n                },\n                ""lane_change_mode"": 512\n            },\n            ""num_vehicles"": 1,\n            ""routing_controller"": [\n                ""ContinuousRouter"",\n                {}\n            ],\n            ""veh_id"": ""rl""\n        }\n    ]\n}'}, 'env': 'AccelEnv-v0', 'local_evaluator_tf_session_args': {'inter_op_parallelism_threads': 8, 'intra_op_parallelism_threads': 8}, 'model': {'free_log_std': False, 'custom_options': {}, 'framestack': True, 'channel_major': False, 'max_seq_len': 20, 'lstm_use_prev_action_reward': False, 'squash_to_range': False, 'dim': 84, 'grayscale': False, 'fcnet_hiddens': [100, 50, 25], 'use_lstm': False, 'custom_model': None, 'fcnet_activation': 'tanh', 'conv_filters': None, 'conv_activation': 'relu', 'lstm_cell_size': 256, 'zero_mean': True, 'custom_preprocessor': None}, 'output_compress_columns': ['obs', 'new_obs'], 'monitor': False, 'custom_resources_per_worker': {}, 'output_max_file_size': 67108864, 'num_workers': 1, 'clip_param': 0.3, 'kl_coeff': 0.2, 'multiagent': {'policy_graphs': {}, 'policy_mapping_fn': None, 'policies_to_train': None}, 'input_evaluation': None, 'output': None, 'collect_metrics_timeout': 180, 'num_cpus_per_worker': 1}",169.237.32.118,1,1378.16,9.773369550704956,"{'num_steps_sampled': 736000, 'load_time_ms': 1.225, 'default': {'kl': 0.018558964133262634, 'cur_lr': 0.0005000000237487257, 'total_loss': 0.4056018590927124, 'policy_loss': -0.002300168154761195, 'vf_explained_var': 0.9939913153648376, 'entropy': 2.35744309425354, 'cur_kl_coeff': 0.2965807616710663, 'vf_loss': 0.4023977816104889}, 'sample_time_ms': 9611.068, 'grad_time_ms': 272.926, 'update_time_ms': 4.778, 'num_steps_trained': 736000}",375.0612553705524,2019-04-02_08-52-46,kronos,71,736000,0,4553.436618089676,{},736000,460,460,4553.436618089676,454.74548102342294,1600,1554195166,{},0b32d2eec3344b1fbde4822793b2e447,69.87981902623255
False,559,"{'input': 'sampler', 'callbacks': {'on_train_result': None, 'on_sample_end': None, 'on_episode_step': None, 'on_episode_start': None, 'on_episode_end': None}, 'sample_batch_size': 200, 'clip_actions': False, 'clip_rewards': None, 'tf_session_args': {'inter_op_parallelism_threads': 2, 'intra_op_parallelism_threads': 2, 'device_count': {'CPU': 1}, 'log_device_placement': False, 'allow_soft_placement': True, 'gpu_options': {'allow_growth': True}}, 'kl_target': 0.01, 'horizon': 1500, 'lr': 0.0005, 'sample_async': False, 'simple_optimizer': False, 'compress_observations': False, 'num_envs_per_worker': 1, 'gamma': 0.99, 'sgd_minibatch_size': 128, 'observation_filter': 'NoFilter', 'entropy_coeff': 0.0, 'batch_mode': 'truncate_episodes', 'straggler_mitigation': False, 'vf_share_layers': False, 'num_gpus': 0, 'synchronize_filters': True, 'num_sgd_iter': 10, 'train_batch_size': 1500, 'optimizer': {}, 'num_gpus_per_worker': 0, 'preprocessor_pref': 'deepmind', 'num_cpus_for_driver': 1, 'lr_schedule': None, 'use_gae': True, 'lambda': 0.97, 'vf_loss_coeff': 1.0, 'vf_clip_param': 1000000.0, 'log_level': 'INFO', 'env_config': {'run': 'PPO', 'flow_params': '{\n    ""env"": {\n        ""additional_params"": {\n            ""max_accel"": 3,\n            ""max_decel"": 3,\n            ""sort_vehicles"": false,\n            ""target_velocity"": 20\n        },\n        ""evaluate"": false,\n        ""horizon"": 1500,\n        ""sims_per_step"": 1,\n        ""warmup_steps"": 0\n    },\n    ""env_name"": ""AccelEnv"",\n    ""exp_tag"": ""figure_eight_0"",\n    ""initial"": {\n        ""additional_params"": {},\n        ""bunching"": 0,\n        ""edges_distribution"": ""all"",\n        ""lanes_distribution"": Infinity,\n        ""min_gap"": 0,\n        ""perturbation"": 0.0,\n        ""shuffle"": false,\n        ""spacing"": ""uniform"",\n        ""x0"": 0\n    },\n    ""net"": {\n        ""additional_params"": {\n            ""lanes"": 1,\n            ""radius_ring"": 30,\n            ""resolution"": 40,\n            ""speed_limit"": 30\n        },\n        ""inflows"": {\n            ""_InFlows__flows"": [],\n            ""num_flows"": 0\n        },\n        ""netfile"": null,\n        ""no_internal_links"": false,\n        ""osm_path"": null\n    },\n    ""scenario"": ""Figure8Scenario"",\n    ""sim"": {\n        ""emission_path"": null,\n        ""lateral_resolution"": null,\n        ""no_step_log"": true,\n        ""num_clients"": 1,\n        ""overtake_right"": false,\n        ""port"": null,\n        ""print_warnings"": true,\n        ""pxpm"": 2,\n        ""render"": false,\n        ""restart_instance"": false,\n        ""save_render"": false,\n        ""seed"": null,\n        ""show_radius"": false,\n        ""sight_radius"": 25,\n        ""sim_step"": 0.1,\n        ""teleport_time"": -1\n    },\n    ""simulator"": ""traci"",\n    ""veh"": [\n        {\n            ""acceleration_controller"": [\n                ""IDMController"",\n                {\n                    ""noise"": 0.2\n                }\n            ],\n            ""car_following_params"": {\n                ""controller_params"": {\n                    ""accel"": 1.0,\n                    ""carFollowModel"": ""IDM"",\n                    ""decel"": 1.5,\n                    ""impatience"": 0.5,\n                    ""maxSpeed"": 30,\n                    ""minGap"": 2.5,\n                    ""sigma"": 0.5,\n                    ""speedDev"": 0.1,\n                    ""speedFactor"": 1.0,\n                    ""tau"": 1.0\n                },\n                ""speed_mode"": 1\n            },\n            ""initial_speed"": 0,\n            ""lane_change_controller"": [\n                ""SimLaneChangeController"",\n                {}\n            ],\n            ""lane_change_params"": {\n                ""controller_params"": {\n                    ""laneChangeModel"": ""LC2013"",\n                    ""lcCooperative"": ""1.0"",\n                    ""lcKeepRight"": ""1.0"",\n                    ""lcSpeedGain"": ""1.0"",\n                    ""lcStrategic"": ""1.0""\n                },\n                ""lane_change_mode"": 512\n            },\n            ""num_vehicles"": 13,\n            ""routing_controller"": [\n                ""ContinuousRouter"",\n                {}\n            ],\n            ""veh_id"": ""human""\n        },\n        {\n            ""acceleration_controller"": [\n                ""RLController"",\n                {}\n            ],\n            ""car_following_params"": {\n                ""controller_params"": {\n                    ""accel"": 1.0,\n                    ""carFollowModel"": ""IDM"",\n                    ""decel"": 1.5,\n                    ""impatience"": 0.5,\n                    ""maxSpeed"": 30,\n                    ""minGap"": 2.5,\n                    ""sigma"": 0.5,\n                    ""speedDev"": 0.1,\n                    ""speedFactor"": 1.0,\n                    ""tau"": 1.0\n                },\n                ""speed_mode"": 1\n            },\n            ""initial_speed"": 0,\n            ""lane_change_controller"": [\n                ""SimLaneChangeController"",\n                {}\n            ],\n            ""lane_change_params"": {\n                ""controller_params"": {\n                    ""laneChangeModel"": ""LC2013"",\n                    ""lcCooperative"": ""1.0"",\n                    ""lcKeepRight"": ""1.0"",\n                    ""lcSpeedGain"": ""1.0"",\n                    ""lcStrategic"": ""1.0""\n                },\n                ""lane_change_mode"": 512\n            },\n            ""num_vehicles"": 1,\n            ""routing_controller"": [\n                ""ContinuousRouter"",\n                {}\n            ],\n            ""veh_id"": ""rl""\n        }\n    ]\n}'}, 'env': 'AccelEnv-v0', 'local_evaluator_tf_session_args': {'inter_op_parallelism_threads': 8, 'intra_op_parallelism_threads': 8}, 'model': {'free_log_std': False, 'custom_options': {}, 'framestack': True, 'channel_major': False, 'max_seq_len': 20, 'lstm_use_prev_action_reward': False, 'squash_to_range': False, 'dim': 84, 'grayscale': False, 'fcnet_hiddens': [100, 50, 25], 'use_lstm': False, 'custom_model': None, 'fcnet_activation': 'tanh', 'conv_filters': None, 'conv_activation': 'relu', 'lstm_cell_size': 256, 'zero_mean': True, 'custom_preprocessor': None}, 'output_compress_columns': ['obs', 'new_obs'], 'monitor': False, 'custom_resources_per_worker': {}, 'output_max_file_size': 67108864, 'num_workers': 1, 'clip_param': 0.3, 'kl_coeff': 0.2, 'multiagent': {'policy_graphs': {}, 'policy_mapping_fn': None, 'policies_to_train': None}, 'input_evaluation': None, 'output': None, 'collect_metrics_timeout': 180, 'num_cpus_per_worker': 1}",169.237.32.118,1,1378.16,9.885244369506836,"{'num_steps_sampled': 737600, 'load_time_ms': 1.185, 'default': {'kl': 0.017118917778134346, 'cur_lr': 0.0005000000237487257, 'total_loss': 0.2649471163749695, 'policy_loss': -0.03549399971961975, 'vf_explained_var': 0.9926151633262634, 'entropy': 2.4347760677337646, 'cur_kl_coeff': 0.2965807616710663, 'vf_loss': 0.2953639328479767}, 'sample_time_ms': 9611.308, 'grad_time_ms': 273.914, 'update_time_ms': 4.644, 'num_steps_trained': 737600}",375.4708937722207,2019-04-02_08-52-56,kronos,71,737600,0,4563.321862459183,{},737600,461,461,4563.321862459183,454.74548102342294,1600,1554195176,{},0b32d2eec3344b1fbde4822793b2e447,69.87981902623255
False,560,"{'input': 'sampler', 'callbacks': {'on_train_result': None, 'on_sample_end': None, 'on_episode_step': None, 'on_episode_start': None, 'on_episode_end': None}, 'sample_batch_size': 200, 'clip_actions': False, 'clip_rewards': None, 'tf_session_args': {'inter_op_parallelism_threads': 2, 'intra_op_parallelism_threads': 2, 'device_count': {'CPU': 1}, 'log_device_placement': False, 'allow_soft_placement': True, 'gpu_options': {'allow_growth': True}}, 'kl_target': 0.01, 'horizon': 1500, 'lr': 0.0005, 'sample_async': False, 'simple_optimizer': False, 'compress_observations': False, 'num_envs_per_worker': 1, 'gamma': 0.99, 'sgd_minibatch_size': 128, 'observation_filter': 'NoFilter', 'entropy_coeff': 0.0, 'batch_mode': 'truncate_episodes', 'straggler_mitigation': False, 'vf_share_layers': False, 'num_gpus': 0, 'synchronize_filters': True, 'num_sgd_iter': 10, 'train_batch_size': 1500, 'optimizer': {}, 'num_gpus_per_worker': 0, 'preprocessor_pref': 'deepmind', 'num_cpus_for_driver': 1, 'lr_schedule': None, 'use_gae': True, 'lambda': 0.97, 'vf_loss_coeff': 1.0, 'vf_clip_param': 1000000.0, 'log_level': 'INFO', 'env_config': {'run': 'PPO', 'flow_params': '{\n    ""env"": {\n        ""additional_params"": {\n            ""max_accel"": 3,\n            ""max_decel"": 3,\n            ""sort_vehicles"": false,\n            ""target_velocity"": 20\n        },\n        ""evaluate"": false,\n        ""horizon"": 1500,\n        ""sims_per_step"": 1,\n        ""warmup_steps"": 0\n    },\n    ""env_name"": ""AccelEnv"",\n    ""exp_tag"": ""figure_eight_0"",\n    ""initial"": {\n        ""additional_params"": {},\n        ""bunching"": 0,\n        ""edges_distribution"": ""all"",\n        ""lanes_distribution"": Infinity,\n        ""min_gap"": 0,\n        ""perturbation"": 0.0,\n        ""shuffle"": false,\n        ""spacing"": ""uniform"",\n        ""x0"": 0\n    },\n    ""net"": {\n        ""additional_params"": {\n            ""lanes"": 1,\n            ""radius_ring"": 30,\n            ""resolution"": 40,\n            ""speed_limit"": 30\n        },\n        ""inflows"": {\n            ""_InFlows__flows"": [],\n            ""num_flows"": 0\n        },\n        ""netfile"": null,\n        ""no_internal_links"": false,\n        ""osm_path"": null\n    },\n    ""scenario"": ""Figure8Scenario"",\n    ""sim"": {\n        ""emission_path"": null,\n        ""lateral_resolution"": null,\n        ""no_step_log"": true,\n        ""num_clients"": 1,\n        ""overtake_right"": false,\n        ""port"": null,\n        ""print_warnings"": true,\n        ""pxpm"": 2,\n        ""render"": false,\n        ""restart_instance"": false,\n        ""save_render"": false,\n        ""seed"": null,\n        ""show_radius"": false,\n        ""sight_radius"": 25,\n        ""sim_step"": 0.1,\n        ""teleport_time"": -1\n    },\n    ""simulator"": ""traci"",\n    ""veh"": [\n        {\n            ""acceleration_controller"": [\n                ""IDMController"",\n                {\n                    ""noise"": 0.2\n                }\n            ],\n            ""car_following_params"": {\n                ""controller_params"": {\n                    ""accel"": 1.0,\n                    ""carFollowModel"": ""IDM"",\n                    ""decel"": 1.5,\n                    ""impatience"": 0.5,\n                    ""maxSpeed"": 30,\n                    ""minGap"": 2.5,\n                    ""sigma"": 0.5,\n                    ""speedDev"": 0.1,\n                    ""speedFactor"": 1.0,\n                    ""tau"": 1.0\n                },\n                ""speed_mode"": 1\n            },\n            ""initial_speed"": 0,\n            ""lane_change_controller"": [\n                ""SimLaneChangeController"",\n                {}\n            ],\n            ""lane_change_params"": {\n                ""controller_params"": {\n                    ""laneChangeModel"": ""LC2013"",\n                    ""lcCooperative"": ""1.0"",\n                    ""lcKeepRight"": ""1.0"",\n                    ""lcSpeedGain"": ""1.0"",\n                    ""lcStrategic"": ""1.0""\n                },\n                ""lane_change_mode"": 512\n            },\n            ""num_vehicles"": 13,\n            ""routing_controller"": [\n                ""ContinuousRouter"",\n                {}\n            ],\n            ""veh_id"": ""human""\n        },\n        {\n            ""acceleration_controller"": [\n                ""RLController"",\n                {}\n            ],\n            ""car_following_params"": {\n                ""controller_params"": {\n                    ""accel"": 1.0,\n                    ""carFollowModel"": ""IDM"",\n                    ""decel"": 1.5,\n                    ""impatience"": 0.5,\n                    ""maxSpeed"": 30,\n                    ""minGap"": 2.5,\n                    ""sigma"": 0.5,\n                    ""speedDev"": 0.1,\n                    ""speedFactor"": 1.0,\n                    ""tau"": 1.0\n                },\n                ""speed_mode"": 1\n            },\n            ""initial_speed"": 0,\n            ""lane_change_controller"": [\n                ""SimLaneChangeController"",\n                {}\n            ],\n            ""lane_change_params"": {\n                ""controller_params"": {\n                    ""laneChangeModel"": ""LC2013"",\n                    ""lcCooperative"": ""1.0"",\n                    ""lcKeepRight"": ""1.0"",\n                    ""lcSpeedGain"": ""1.0"",\n                    ""lcStrategic"": ""1.0""\n                },\n                ""lane_change_mode"": 512\n            },\n            ""num_vehicles"": 1,\n            ""routing_controller"": [\n                ""ContinuousRouter"",\n                {}\n            ],\n            ""veh_id"": ""rl""\n        }\n    ]\n}'}, 'env': 'AccelEnv-v0', 'local_evaluator_tf_session_args': {'inter_op_parallelism_threads': 8, 'intra_op_parallelism_threads': 8}, 'model': {'free_log_std': False, 'custom_options': {}, 'framestack': True, 'channel_major': False, 'max_seq_len': 20, 'lstm_use_prev_action_reward': False, 'squash_to_range': False, 'dim': 84, 'grayscale': False, 'fcnet_hiddens': [100, 50, 25], 'use_lstm': False, 'custom_model': None, 'fcnet_activation': 'tanh', 'conv_filters': None, 'conv_activation': 'relu', 'lstm_cell_size': 256, 'zero_mean': True, 'custom_preprocessor': None}, 'output_compress_columns': ['obs', 'new_obs'], 'monitor': False, 'custom_resources_per_worker': {}, 'output_max_file_size': 67108864, 'num_workers': 1, 'clip_param': 0.3, 'kl_coeff': 0.2, 'multiagent': {'policy_graphs': {}, 'policy_mapping_fn': None, 'policies_to_train': None}, 'input_evaluation': None, 'output': None, 'collect_metrics_timeout': 180, 'num_cpus_per_worker': 1}",169.237.32.118,1,1378.16,9.935210466384888,"{'num_steps_sampled': 739200, 'load_time_ms': 1.164, 'default': {'kl': 0.019204789772629738, 'cur_lr': 0.0005000000237487257, 'total_loss': 0.537044107913971, 'policy_loss': -0.019391074776649475, 'vf_explained_var': 0.9950895309448242, 'entropy': 2.373485565185547, 'cur_kl_coeff': 0.2965807616710663, 'vf_loss': 0.5507394075393677}, 'sample_time_ms': 9616.63, 'grad_time_ms': 275.227, 'update_time_ms': 4.598, 'num_steps_trained': 739200}",375.46091261702486,2019-04-02_08-53-06,kronos,71,739200,0,4573.257072925568,{},739200,462,462,4573.257072925568,454.74548102342294,1600,1554195186,{},0b32d2eec3344b1fbde4822793b2e447,69.87981902623255
False,561,"{'input': 'sampler', 'callbacks': {'on_train_result': None, 'on_sample_end': None, 'on_episode_step': None, 'on_episode_start': None, 'on_episode_end': None}, 'sample_batch_size': 200, 'clip_actions': False, 'clip_rewards': None, 'tf_session_args': {'inter_op_parallelism_threads': 2, 'intra_op_parallelism_threads': 2, 'device_count': {'CPU': 1}, 'log_device_placement': False, 'allow_soft_placement': True, 'gpu_options': {'allow_growth': True}}, 'kl_target': 0.01, 'horizon': 1500, 'lr': 0.0005, 'sample_async': False, 'simple_optimizer': False, 'compress_observations': False, 'num_envs_per_worker': 1, 'gamma': 0.99, 'sgd_minibatch_size': 128, 'observation_filter': 'NoFilter', 'entropy_coeff': 0.0, 'batch_mode': 'truncate_episodes', 'straggler_mitigation': False, 'vf_share_layers': False, 'num_gpus': 0, 'synchronize_filters': True, 'num_sgd_iter': 10, 'train_batch_size': 1500, 'optimizer': {}, 'num_gpus_per_worker': 0, 'preprocessor_pref': 'deepmind', 'num_cpus_for_driver': 1, 'lr_schedule': None, 'use_gae': True, 'lambda': 0.97, 'vf_loss_coeff': 1.0, 'vf_clip_param': 1000000.0, 'log_level': 'INFO', 'env_config': {'run': 'PPO', 'flow_params': '{\n    ""env"": {\n        ""additional_params"": {\n            ""max_accel"": 3,\n            ""max_decel"": 3,\n            ""sort_vehicles"": false,\n            ""target_velocity"": 20\n        },\n        ""evaluate"": false,\n        ""horizon"": 1500,\n        ""sims_per_step"": 1,\n        ""warmup_steps"": 0\n    },\n    ""env_name"": ""AccelEnv"",\n    ""exp_tag"": ""figure_eight_0"",\n    ""initial"": {\n        ""additional_params"": {},\n        ""bunching"": 0,\n        ""edges_distribution"": ""all"",\n        ""lanes_distribution"": Infinity,\n        ""min_gap"": 0,\n        ""perturbation"": 0.0,\n        ""shuffle"": false,\n        ""spacing"": ""uniform"",\n        ""x0"": 0\n    },\n    ""net"": {\n        ""additional_params"": {\n            ""lanes"": 1,\n            ""radius_ring"": 30,\n            ""resolution"": 40,\n            ""speed_limit"": 30\n        },\n        ""inflows"": {\n            ""_InFlows__flows"": [],\n            ""num_flows"": 0\n        },\n        ""netfile"": null,\n        ""no_internal_links"": false,\n        ""osm_path"": null\n    },\n    ""scenario"": ""Figure8Scenario"",\n    ""sim"": {\n        ""emission_path"": null,\n        ""lateral_resolution"": null,\n        ""no_step_log"": true,\n        ""num_clients"": 1,\n        ""overtake_right"": false,\n        ""port"": null,\n        ""print_warnings"": true,\n        ""pxpm"": 2,\n        ""render"": false,\n        ""restart_instance"": false,\n        ""save_render"": false,\n        ""seed"": null,\n        ""show_radius"": false,\n        ""sight_radius"": 25,\n        ""sim_step"": 0.1,\n        ""teleport_time"": -1\n    },\n    ""simulator"": ""traci"",\n    ""veh"": [\n        {\n            ""acceleration_controller"": [\n                ""IDMController"",\n                {\n                    ""noise"": 0.2\n                }\n            ],\n            ""car_following_params"": {\n                ""controller_params"": {\n                    ""accel"": 1.0,\n                    ""carFollowModel"": ""IDM"",\n                    ""decel"": 1.5,\n                    ""impatience"": 0.5,\n                    ""maxSpeed"": 30,\n                    ""minGap"": 2.5,\n                    ""sigma"": 0.5,\n                    ""speedDev"": 0.1,\n                    ""speedFactor"": 1.0,\n                    ""tau"": 1.0\n                },\n                ""speed_mode"": 1\n            },\n            ""initial_speed"": 0,\n            ""lane_change_controller"": [\n                ""SimLaneChangeController"",\n                {}\n            ],\n            ""lane_change_params"": {\n                ""controller_params"": {\n                    ""laneChangeModel"": ""LC2013"",\n                    ""lcCooperative"": ""1.0"",\n                    ""lcKeepRight"": ""1.0"",\n                    ""lcSpeedGain"": ""1.0"",\n                    ""lcStrategic"": ""1.0""\n                },\n                ""lane_change_mode"": 512\n            },\n            ""num_vehicles"": 13,\n            ""routing_controller"": [\n                ""ContinuousRouter"",\n                {}\n            ],\n            ""veh_id"": ""human""\n        },\n        {\n            ""acceleration_controller"": [\n                ""RLController"",\n                {}\n            ],\n            ""car_following_params"": {\n                ""controller_params"": {\n                    ""accel"": 1.0,\n                    ""carFollowModel"": ""IDM"",\n                    ""decel"": 1.5,\n                    ""impatience"": 0.5,\n                    ""maxSpeed"": 30,\n                    ""minGap"": 2.5,\n                    ""sigma"": 0.5,\n                    ""speedDev"": 0.1,\n                    ""speedFactor"": 1.0,\n                    ""tau"": 1.0\n                },\n                ""speed_mode"": 1\n            },\n            ""initial_speed"": 0,\n            ""lane_change_controller"": [\n                ""SimLaneChangeController"",\n                {}\n            ],\n            ""lane_change_params"": {\n                ""controller_params"": {\n                    ""laneChangeModel"": ""LC2013"",\n                    ""lcCooperative"": ""1.0"",\n                    ""lcKeepRight"": ""1.0"",\n                    ""lcSpeedGain"": ""1.0"",\n                    ""lcStrategic"": ""1.0""\n                },\n                ""lane_change_mode"": 512\n            },\n            ""num_vehicles"": 1,\n            ""routing_controller"": [\n                ""ContinuousRouter"",\n                {}\n            ],\n            ""veh_id"": ""rl""\n        }\n    ]\n}'}, 'env': 'AccelEnv-v0', 'local_evaluator_tf_session_args': {'inter_op_parallelism_threads': 8, 'intra_op_parallelism_threads': 8}, 'model': {'free_log_std': False, 'custom_options': {}, 'framestack': True, 'channel_major': False, 'max_seq_len': 20, 'lstm_use_prev_action_reward': False, 'squash_to_range': False, 'dim': 84, 'grayscale': False, 'fcnet_hiddens': [100, 50, 25], 'use_lstm': False, 'custom_model': None, 'fcnet_activation': 'tanh', 'conv_filters': None, 'conv_activation': 'relu', 'lstm_cell_size': 256, 'zero_mean': True, 'custom_preprocessor': None}, 'output_compress_columns': ['obs', 'new_obs'], 'monitor': False, 'custom_resources_per_worker': {}, 'output_max_file_size': 67108864, 'num_workers': 1, 'clip_param': 0.3, 'kl_coeff': 0.2, 'multiagent': {'policy_graphs': {}, 'policy_mapping_fn': None, 'policies_to_train': None}, 'input_evaluation': None, 'output': None, 'collect_metrics_timeout': 180, 'num_cpus_per_worker': 1}",169.237.32.118,1,1378.16,9.908334493637085,"{'num_steps_sampled': 740800, 'load_time_ms': 1.159, 'default': {'kl': 0.013788286596536636, 'cur_lr': 0.0005000000237487257, 'total_loss': 0.9272317886352539, 'policy_loss': -0.02297544665634632, 'vf_explained_var': 0.9834101796150208, 'entropy': 2.2294204235076904, 'cur_kl_coeff': 0.2965807616710663, 'vf_loss': 0.9461178779602051}, 'sample_time_ms': 9637.71, 'grad_time_ms': 275.649, 'update_time_ms': 4.52, 'num_steps_trained': 740800}",375.08957399924407,2019-04-02_08-53-16,kronos,71,740800,0,4583.165407419205,{},740800,463,463,4583.165407419205,454.74548102342294,1600,1554195196,{},0b32d2eec3344b1fbde4822793b2e447,69.87981902623255
False,562,"{'input': 'sampler', 'callbacks': {'on_train_result': None, 'on_sample_end': None, 'on_episode_step': None, 'on_episode_start': None, 'on_episode_end': None}, 'sample_batch_size': 200, 'clip_actions': False, 'clip_rewards': None, 'tf_session_args': {'inter_op_parallelism_threads': 2, 'intra_op_parallelism_threads': 2, 'device_count': {'CPU': 1}, 'log_device_placement': False, 'allow_soft_placement': True, 'gpu_options': {'allow_growth': True}}, 'kl_target': 0.01, 'horizon': 1500, 'lr': 0.0005, 'sample_async': False, 'simple_optimizer': False, 'compress_observations': False, 'num_envs_per_worker': 1, 'gamma': 0.99, 'sgd_minibatch_size': 128, 'observation_filter': 'NoFilter', 'entropy_coeff': 0.0, 'batch_mode': 'truncate_episodes', 'straggler_mitigation': False, 'vf_share_layers': False, 'num_gpus': 0, 'synchronize_filters': True, 'num_sgd_iter': 10, 'train_batch_size': 1500, 'optimizer': {}, 'num_gpus_per_worker': 0, 'preprocessor_pref': 'deepmind', 'num_cpus_for_driver': 1, 'lr_schedule': None, 'use_gae': True, 'lambda': 0.97, 'vf_loss_coeff': 1.0, 'vf_clip_param': 1000000.0, 'log_level': 'INFO', 'env_config': {'run': 'PPO', 'flow_params': '{\n    ""env"": {\n        ""additional_params"": {\n            ""max_accel"": 3,\n            ""max_decel"": 3,\n            ""sort_vehicles"": false,\n            ""target_velocity"": 20\n        },\n        ""evaluate"": false,\n        ""horizon"": 1500,\n        ""sims_per_step"": 1,\n        ""warmup_steps"": 0\n    },\n    ""env_name"": ""AccelEnv"",\n    ""exp_tag"": ""figure_eight_0"",\n    ""initial"": {\n        ""additional_params"": {},\n        ""bunching"": 0,\n        ""edges_distribution"": ""all"",\n        ""lanes_distribution"": Infinity,\n        ""min_gap"": 0,\n        ""perturbation"": 0.0,\n        ""shuffle"": false,\n        ""spacing"": ""uniform"",\n        ""x0"": 0\n    },\n    ""net"": {\n        ""additional_params"": {\n            ""lanes"": 1,\n            ""radius_ring"": 30,\n            ""resolution"": 40,\n            ""speed_limit"": 30\n        },\n        ""inflows"": {\n            ""_InFlows__flows"": [],\n            ""num_flows"": 0\n        },\n        ""netfile"": null,\n        ""no_internal_links"": false,\n        ""osm_path"": null\n    },\n    ""scenario"": ""Figure8Scenario"",\n    ""sim"": {\n        ""emission_path"": null,\n        ""lateral_resolution"": null,\n        ""no_step_log"": true,\n        ""num_clients"": 1,\n        ""overtake_right"": false,\n        ""port"": null,\n        ""print_warnings"": true,\n        ""pxpm"": 2,\n        ""render"": false,\n        ""restart_instance"": false,\n        ""save_render"": false,\n        ""seed"": null,\n        ""show_radius"": false,\n        ""sight_radius"": 25,\n        ""sim_step"": 0.1,\n        ""teleport_time"": -1\n    },\n    ""simulator"": ""traci"",\n    ""veh"": [\n        {\n            ""acceleration_controller"": [\n                ""IDMController"",\n                {\n                    ""noise"": 0.2\n                }\n            ],\n            ""car_following_params"": {\n                ""controller_params"": {\n                    ""accel"": 1.0,\n                    ""carFollowModel"": ""IDM"",\n                    ""decel"": 1.5,\n                    ""impatience"": 0.5,\n                    ""maxSpeed"": 30,\n                    ""minGap"": 2.5,\n                    ""sigma"": 0.5,\n                    ""speedDev"": 0.1,\n                    ""speedFactor"": 1.0,\n                    ""tau"": 1.0\n                },\n                ""speed_mode"": 1\n            },\n            ""initial_speed"": 0,\n            ""lane_change_controller"": [\n                ""SimLaneChangeController"",\n                {}\n            ],\n            ""lane_change_params"": {\n                ""controller_params"": {\n                    ""laneChangeModel"": ""LC2013"",\n                    ""lcCooperative"": ""1.0"",\n                    ""lcKeepRight"": ""1.0"",\n                    ""lcSpeedGain"": ""1.0"",\n                    ""lcStrategic"": ""1.0""\n                },\n                ""lane_change_mode"": 512\n            },\n            ""num_vehicles"": 13,\n            ""routing_controller"": [\n                ""ContinuousRouter"",\n                {}\n            ],\n            ""veh_id"": ""human""\n        },\n        {\n            ""acceleration_controller"": [\n                ""RLController"",\n                {}\n            ],\n            ""car_following_params"": {\n                ""controller_params"": {\n                    ""accel"": 1.0,\n                    ""carFollowModel"": ""IDM"",\n                    ""decel"": 1.5,\n                    ""impatience"": 0.5,\n                    ""maxSpeed"": 30,\n                    ""minGap"": 2.5,\n                    ""sigma"": 0.5,\n                    ""speedDev"": 0.1,\n                    ""speedFactor"": 1.0,\n                    ""tau"": 1.0\n                },\n                ""speed_mode"": 1\n            },\n            ""initial_speed"": 0,\n            ""lane_change_controller"": [\n                ""SimLaneChangeController"",\n                {}\n            ],\n            ""lane_change_params"": {\n                ""controller_params"": {\n                    ""laneChangeModel"": ""LC2013"",\n                    ""lcCooperative"": ""1.0"",\n                    ""lcKeepRight"": ""1.0"",\n                    ""lcSpeedGain"": ""1.0"",\n                    ""lcStrategic"": ""1.0""\n                },\n                ""lane_change_mode"": 512\n            },\n            ""num_vehicles"": 1,\n            ""routing_controller"": [\n                ""ContinuousRouter"",\n                {}\n            ],\n            ""veh_id"": ""rl""\n        }\n    ]\n}'}, 'env': 'AccelEnv-v0', 'local_evaluator_tf_session_args': {'inter_op_parallelism_threads': 8, 'intra_op_parallelism_threads': 8}, 'model': {'free_log_std': False, 'custom_options': {}, 'framestack': True, 'channel_major': False, 'max_seq_len': 20, 'lstm_use_prev_action_reward': False, 'squash_to_range': False, 'dim': 84, 'grayscale': False, 'fcnet_hiddens': [100, 50, 25], 'use_lstm': False, 'custom_model': None, 'fcnet_activation': 'tanh', 'conv_filters': None, 'conv_activation': 'relu', 'lstm_cell_size': 256, 'zero_mean': True, 'custom_preprocessor': None}, 'output_compress_columns': ['obs', 'new_obs'], 'monitor': False, 'custom_resources_per_worker': {}, 'output_max_file_size': 67108864, 'num_workers': 1, 'clip_param': 0.3, 'kl_coeff': 0.2, 'multiagent': {'policy_graphs': {}, 'policy_mapping_fn': None, 'policies_to_train': None}, 'input_evaluation': None, 'output': None, 'collect_metrics_timeout': 180, 'num_cpus_per_worker': 1}",169.237.32.118,1,1378.16,9.896374702453613,"{'num_steps_sampled': 742400, 'load_time_ms': 1.186, 'default': {'kl': 0.009714119136333466, 'cur_lr': 0.0005000000237487257, 'total_loss': 0.75718092918396, 'policy_loss': -0.013095096684992313, 'vf_explained_var': 0.9819088578224182, 'entropy': 2.1483800411224365, 'cur_kl_coeff': 0.2965807616710663, 'vf_loss': 0.7673948407173157}, 'sample_time_ms': 9625.028, 'grad_time_ms': 275.663, 'update_time_ms': 4.504, 'num_steps_trained': 742400}",374.6387001855384,2019-04-02_08-53-26,kronos,71,742400,0,4593.061782121658,{},742400,464,464,4593.061782121658,454.74548102342294,1600,1554195206,{},0b32d2eec3344b1fbde4822793b2e447,69.87981902623255
False,563,"{'input': 'sampler', 'callbacks': {'on_train_result': None, 'on_sample_end': None, 'on_episode_step': None, 'on_episode_start': None, 'on_episode_end': None}, 'sample_batch_size': 200, 'clip_actions': False, 'clip_rewards': None, 'tf_session_args': {'inter_op_parallelism_threads': 2, 'intra_op_parallelism_threads': 2, 'device_count': {'CPU': 1}, 'log_device_placement': False, 'allow_soft_placement': True, 'gpu_options': {'allow_growth': True}}, 'kl_target': 0.01, 'horizon': 1500, 'lr': 0.0005, 'sample_async': False, 'simple_optimizer': False, 'compress_observations': False, 'num_envs_per_worker': 1, 'gamma': 0.99, 'sgd_minibatch_size': 128, 'observation_filter': 'NoFilter', 'entropy_coeff': 0.0, 'batch_mode': 'truncate_episodes', 'straggler_mitigation': False, 'vf_share_layers': False, 'num_gpus': 0, 'synchronize_filters': True, 'num_sgd_iter': 10, 'train_batch_size': 1500, 'optimizer': {}, 'num_gpus_per_worker': 0, 'preprocessor_pref': 'deepmind', 'num_cpus_for_driver': 1, 'lr_schedule': None, 'use_gae': True, 'lambda': 0.97, 'vf_loss_coeff': 1.0, 'vf_clip_param': 1000000.0, 'log_level': 'INFO', 'env_config': {'run': 'PPO', 'flow_params': '{\n    ""env"": {\n        ""additional_params"": {\n            ""max_accel"": 3,\n            ""max_decel"": 3,\n            ""sort_vehicles"": false,\n            ""target_velocity"": 20\n        },\n        ""evaluate"": false,\n        ""horizon"": 1500,\n        ""sims_per_step"": 1,\n        ""warmup_steps"": 0\n    },\n    ""env_name"": ""AccelEnv"",\n    ""exp_tag"": ""figure_eight_0"",\n    ""initial"": {\n        ""additional_params"": {},\n        ""bunching"": 0,\n        ""edges_distribution"": ""all"",\n        ""lanes_distribution"": Infinity,\n        ""min_gap"": 0,\n        ""perturbation"": 0.0,\n        ""shuffle"": false,\n        ""spacing"": ""uniform"",\n        ""x0"": 0\n    },\n    ""net"": {\n        ""additional_params"": {\n            ""lanes"": 1,\n            ""radius_ring"": 30,\n            ""resolution"": 40,\n            ""speed_limit"": 30\n        },\n        ""inflows"": {\n            ""_InFlows__flows"": [],\n            ""num_flows"": 0\n        },\n        ""netfile"": null,\n        ""no_internal_links"": false,\n        ""osm_path"": null\n    },\n    ""scenario"": ""Figure8Scenario"",\n    ""sim"": {\n        ""emission_path"": null,\n        ""lateral_resolution"": null,\n        ""no_step_log"": true,\n        ""num_clients"": 1,\n        ""overtake_right"": false,\n        ""port"": null,\n        ""print_warnings"": true,\n        ""pxpm"": 2,\n        ""render"": false,\n        ""restart_instance"": false,\n        ""save_render"": false,\n        ""seed"": null,\n        ""show_radius"": false,\n        ""sight_radius"": 25,\n        ""sim_step"": 0.1,\n        ""teleport_time"": -1\n    },\n    ""simulator"": ""traci"",\n    ""veh"": [\n        {\n            ""acceleration_controller"": [\n                ""IDMController"",\n                {\n                    ""noise"": 0.2\n                }\n            ],\n            ""car_following_params"": {\n                ""controller_params"": {\n                    ""accel"": 1.0,\n                    ""carFollowModel"": ""IDM"",\n                    ""decel"": 1.5,\n                    ""impatience"": 0.5,\n                    ""maxSpeed"": 30,\n                    ""minGap"": 2.5,\n                    ""sigma"": 0.5,\n                    ""speedDev"": 0.1,\n                    ""speedFactor"": 1.0,\n                    ""tau"": 1.0\n                },\n                ""speed_mode"": 1\n            },\n            ""initial_speed"": 0,\n            ""lane_change_controller"": [\n                ""SimLaneChangeController"",\n                {}\n            ],\n            ""lane_change_params"": {\n                ""controller_params"": {\n                    ""laneChangeModel"": ""LC2013"",\n                    ""lcCooperative"": ""1.0"",\n                    ""lcKeepRight"": ""1.0"",\n                    ""lcSpeedGain"": ""1.0"",\n                    ""lcStrategic"": ""1.0""\n                },\n                ""lane_change_mode"": 512\n            },\n            ""num_vehicles"": 13,\n            ""routing_controller"": [\n                ""ContinuousRouter"",\n                {}\n            ],\n            ""veh_id"": ""human""\n        },\n        {\n            ""acceleration_controller"": [\n                ""RLController"",\n                {}\n            ],\n            ""car_following_params"": {\n                ""controller_params"": {\n                    ""accel"": 1.0,\n                    ""carFollowModel"": ""IDM"",\n                    ""decel"": 1.5,\n                    ""impatience"": 0.5,\n                    ""maxSpeed"": 30,\n                    ""minGap"": 2.5,\n                    ""sigma"": 0.5,\n                    ""speedDev"": 0.1,\n                    ""speedFactor"": 1.0,\n                    ""tau"": 1.0\n                },\n                ""speed_mode"": 1\n            },\n            ""initial_speed"": 0,\n            ""lane_change_controller"": [\n                ""SimLaneChangeController"",\n                {}\n            ],\n            ""lane_change_params"": {\n                ""controller_params"": {\n                    ""laneChangeModel"": ""LC2013"",\n                    ""lcCooperative"": ""1.0"",\n                    ""lcKeepRight"": ""1.0"",\n                    ""lcSpeedGain"": ""1.0"",\n                    ""lcStrategic"": ""1.0""\n                },\n                ""lane_change_mode"": 512\n            },\n            ""num_vehicles"": 1,\n            ""routing_controller"": [\n                ""ContinuousRouter"",\n                {}\n            ],\n            ""veh_id"": ""rl""\n        }\n    ]\n}'}, 'env': 'AccelEnv-v0', 'local_evaluator_tf_session_args': {'inter_op_parallelism_threads': 8, 'intra_op_parallelism_threads': 8}, 'model': {'free_log_std': False, 'custom_options': {}, 'framestack': True, 'channel_major': False, 'max_seq_len': 20, 'lstm_use_prev_action_reward': False, 'squash_to_range': False, 'dim': 84, 'grayscale': False, 'fcnet_hiddens': [100, 50, 25], 'use_lstm': False, 'custom_model': None, 'fcnet_activation': 'tanh', 'conv_filters': None, 'conv_activation': 'relu', 'lstm_cell_size': 256, 'zero_mean': True, 'custom_preprocessor': None}, 'output_compress_columns': ['obs', 'new_obs'], 'monitor': False, 'custom_resources_per_worker': {}, 'output_max_file_size': 67108864, 'num_workers': 1, 'clip_param': 0.3, 'kl_coeff': 0.2, 'multiagent': {'policy_graphs': {}, 'policy_mapping_fn': None, 'policies_to_train': None}, 'input_evaluation': None, 'output': None, 'collect_metrics_timeout': 180, 'num_cpus_per_worker': 1}",169.237.32.118,1,1378.16,9.946668148040771,"{'num_steps_sampled': 744000, 'load_time_ms': 1.246, 'default': {'kl': 0.022135471925139427, 'cur_lr': 0.0005000000237487257, 'total_loss': 2.0097644329071045, 'policy_loss': -0.03400345891714096, 'vf_explained_var': 0.9497585892677307, 'entropy': 2.260267734527588, 'cur_kl_coeff': 0.2965807616710663, 'vf_loss': 2.037202835083008}, 'sample_time_ms': 9626.383, 'grad_time_ms': 274.564, 'update_time_ms': 4.566, 'num_steps_trained': 744000}",374.27694921200026,2019-04-02_08-53-36,kronos,71,744000,0,4603.008450269699,{},744000,465,465,4603.008450269699,454.74548102342294,1600,1554195216,{},0b32d2eec3344b1fbde4822793b2e447,69.87981902623255
False,564,"{'input': 'sampler', 'callbacks': {'on_train_result': None, 'on_sample_end': None, 'on_episode_step': None, 'on_episode_start': None, 'on_episode_end': None}, 'sample_batch_size': 200, 'clip_actions': False, 'clip_rewards': None, 'tf_session_args': {'inter_op_parallelism_threads': 2, 'intra_op_parallelism_threads': 2, 'device_count': {'CPU': 1}, 'log_device_placement': False, 'allow_soft_placement': True, 'gpu_options': {'allow_growth': True}}, 'kl_target': 0.01, 'horizon': 1500, 'lr': 0.0005, 'sample_async': False, 'simple_optimizer': False, 'compress_observations': False, 'num_envs_per_worker': 1, 'gamma': 0.99, 'sgd_minibatch_size': 128, 'observation_filter': 'NoFilter', 'entropy_coeff': 0.0, 'batch_mode': 'truncate_episodes', 'straggler_mitigation': False, 'vf_share_layers': False, 'num_gpus': 0, 'synchronize_filters': True, 'num_sgd_iter': 10, 'train_batch_size': 1500, 'optimizer': {}, 'num_gpus_per_worker': 0, 'preprocessor_pref': 'deepmind', 'num_cpus_for_driver': 1, 'lr_schedule': None, 'use_gae': True, 'lambda': 0.97, 'vf_loss_coeff': 1.0, 'vf_clip_param': 1000000.0, 'log_level': 'INFO', 'env_config': {'run': 'PPO', 'flow_params': '{\n    ""env"": {\n        ""additional_params"": {\n            ""max_accel"": 3,\n            ""max_decel"": 3,\n            ""sort_vehicles"": false,\n            ""target_velocity"": 20\n        },\n        ""evaluate"": false,\n        ""horizon"": 1500,\n        ""sims_per_step"": 1,\n        ""warmup_steps"": 0\n    },\n    ""env_name"": ""AccelEnv"",\n    ""exp_tag"": ""figure_eight_0"",\n    ""initial"": {\n        ""additional_params"": {},\n        ""bunching"": 0,\n        ""edges_distribution"": ""all"",\n        ""lanes_distribution"": Infinity,\n        ""min_gap"": 0,\n        ""perturbation"": 0.0,\n        ""shuffle"": false,\n        ""spacing"": ""uniform"",\n        ""x0"": 0\n    },\n    ""net"": {\n        ""additional_params"": {\n            ""lanes"": 1,\n            ""radius_ring"": 30,\n            ""resolution"": 40,\n            ""speed_limit"": 30\n        },\n        ""inflows"": {\n            ""_InFlows__flows"": [],\n            ""num_flows"": 0\n        },\n        ""netfile"": null,\n        ""no_internal_links"": false,\n        ""osm_path"": null\n    },\n    ""scenario"": ""Figure8Scenario"",\n    ""sim"": {\n        ""emission_path"": null,\n        ""lateral_resolution"": null,\n        ""no_step_log"": true,\n        ""num_clients"": 1,\n        ""overtake_right"": false,\n        ""port"": null,\n        ""print_warnings"": true,\n        ""pxpm"": 2,\n        ""render"": false,\n        ""restart_instance"": false,\n        ""save_render"": false,\n        ""seed"": null,\n        ""show_radius"": false,\n        ""sight_radius"": 25,\n        ""sim_step"": 0.1,\n        ""teleport_time"": -1\n    },\n    ""simulator"": ""traci"",\n    ""veh"": [\n        {\n            ""acceleration_controller"": [\n                ""IDMController"",\n                {\n                    ""noise"": 0.2\n                }\n            ],\n            ""car_following_params"": {\n                ""controller_params"": {\n                    ""accel"": 1.0,\n                    ""carFollowModel"": ""IDM"",\n                    ""decel"": 1.5,\n                    ""impatience"": 0.5,\n                    ""maxSpeed"": 30,\n                    ""minGap"": 2.5,\n                    ""sigma"": 0.5,\n                    ""speedDev"": 0.1,\n                    ""speedFactor"": 1.0,\n                    ""tau"": 1.0\n                },\n                ""speed_mode"": 1\n            },\n            ""initial_speed"": 0,\n            ""lane_change_controller"": [\n                ""SimLaneChangeController"",\n                {}\n            ],\n            ""lane_change_params"": {\n                ""controller_params"": {\n                    ""laneChangeModel"": ""LC2013"",\n                    ""lcCooperative"": ""1.0"",\n                    ""lcKeepRight"": ""1.0"",\n                    ""lcSpeedGain"": ""1.0"",\n                    ""lcStrategic"": ""1.0""\n                },\n                ""lane_change_mode"": 512\n            },\n            ""num_vehicles"": 13,\n            ""routing_controller"": [\n                ""ContinuousRouter"",\n                {}\n            ],\n            ""veh_id"": ""human""\n        },\n        {\n            ""acceleration_controller"": [\n                ""RLController"",\n                {}\n            ],\n            ""car_following_params"": {\n                ""controller_params"": {\n                    ""accel"": 1.0,\n                    ""carFollowModel"": ""IDM"",\n                    ""decel"": 1.5,\n                    ""impatience"": 0.5,\n                    ""maxSpeed"": 30,\n                    ""minGap"": 2.5,\n                    ""sigma"": 0.5,\n                    ""speedDev"": 0.1,\n                    ""speedFactor"": 1.0,\n                    ""tau"": 1.0\n                },\n                ""speed_mode"": 1\n            },\n            ""initial_speed"": 0,\n            ""lane_change_controller"": [\n                ""SimLaneChangeController"",\n                {}\n            ],\n            ""lane_change_params"": {\n                ""controller_params"": {\n                    ""laneChangeModel"": ""LC2013"",\n                    ""lcCooperative"": ""1.0"",\n                    ""lcKeepRight"": ""1.0"",\n                    ""lcSpeedGain"": ""1.0"",\n                    ""lcStrategic"": ""1.0""\n                },\n                ""lane_change_mode"": 512\n            },\n            ""num_vehicles"": 1,\n            ""routing_controller"": [\n                ""ContinuousRouter"",\n                {}\n            ],\n            ""veh_id"": ""rl""\n        }\n    ]\n}'}, 'env': 'AccelEnv-v0', 'local_evaluator_tf_session_args': {'inter_op_parallelism_threads': 8, 'intra_op_parallelism_threads': 8}, 'model': {'free_log_std': False, 'custom_options': {}, 'framestack': True, 'channel_major': False, 'max_seq_len': 20, 'lstm_use_prev_action_reward': False, 'squash_to_range': False, 'dim': 84, 'grayscale': False, 'fcnet_hiddens': [100, 50, 25], 'use_lstm': False, 'custom_model': None, 'fcnet_activation': 'tanh', 'conv_filters': None, 'conv_activation': 'relu', 'lstm_cell_size': 256, 'zero_mean': True, 'custom_preprocessor': None}, 'output_compress_columns': ['obs', 'new_obs'], 'monitor': False, 'custom_resources_per_worker': {}, 'output_max_file_size': 67108864, 'num_workers': 1, 'clip_param': 0.3, 'kl_coeff': 0.2, 'multiagent': {'policy_graphs': {}, 'policy_mapping_fn': None, 'policies_to_train': None}, 'input_evaluation': None, 'output': None, 'collect_metrics_timeout': 180, 'num_cpus_per_worker': 1}",169.237.32.118,1,1378.16,9.95062780380249,"{'num_steps_sampled': 745600, 'load_time_ms': 1.26, 'default': {'kl': 0.008944195695221424, 'cur_lr': 0.0005000000237487257, 'total_loss': 3.3985044956207275, 'policy_loss': -0.013351034373044968, 'vf_explained_var': 0.8842902779579163, 'entropy': 2.4348573684692383, 'cur_kl_coeff': 0.44487109780311584, 'vf_loss': 3.407876968383789}, 'sample_time_ms': 9630.411, 'grad_time_ms': 278.774, 'update_time_ms': 4.472, 'num_steps_trained': 745600}",374.4444081864911,2019-04-02_08-53-46,kronos,71,745600,0,4612.959078073502,{},745600,466,466,4612.959078073502,454.74548102342294,1600,1554195226,{},0b32d2eec3344b1fbde4822793b2e447,69.87981902623255
False,565,"{'input': 'sampler', 'callbacks': {'on_train_result': None, 'on_sample_end': None, 'on_episode_step': None, 'on_episode_start': None, 'on_episode_end': None}, 'sample_batch_size': 200, 'clip_actions': False, 'clip_rewards': None, 'tf_session_args': {'inter_op_parallelism_threads': 2, 'intra_op_parallelism_threads': 2, 'device_count': {'CPU': 1}, 'log_device_placement': False, 'allow_soft_placement': True, 'gpu_options': {'allow_growth': True}}, 'kl_target': 0.01, 'horizon': 1500, 'lr': 0.0005, 'sample_async': False, 'simple_optimizer': False, 'compress_observations': False, 'num_envs_per_worker': 1, 'gamma': 0.99, 'sgd_minibatch_size': 128, 'observation_filter': 'NoFilter', 'entropy_coeff': 0.0, 'batch_mode': 'truncate_episodes', 'straggler_mitigation': False, 'vf_share_layers': False, 'num_gpus': 0, 'synchronize_filters': True, 'num_sgd_iter': 10, 'train_batch_size': 1500, 'optimizer': {}, 'num_gpus_per_worker': 0, 'preprocessor_pref': 'deepmind', 'num_cpus_for_driver': 1, 'lr_schedule': None, 'use_gae': True, 'lambda': 0.97, 'vf_loss_coeff': 1.0, 'vf_clip_param': 1000000.0, 'log_level': 'INFO', 'env_config': {'run': 'PPO', 'flow_params': '{\n    ""env"": {\n        ""additional_params"": {\n            ""max_accel"": 3,\n            ""max_decel"": 3,\n            ""sort_vehicles"": false,\n            ""target_velocity"": 20\n        },\n        ""evaluate"": false,\n        ""horizon"": 1500,\n        ""sims_per_step"": 1,\n        ""warmup_steps"": 0\n    },\n    ""env_name"": ""AccelEnv"",\n    ""exp_tag"": ""figure_eight_0"",\n    ""initial"": {\n        ""additional_params"": {},\n        ""bunching"": 0,\n        ""edges_distribution"": ""all"",\n        ""lanes_distribution"": Infinity,\n        ""min_gap"": 0,\n        ""perturbation"": 0.0,\n        ""shuffle"": false,\n        ""spacing"": ""uniform"",\n        ""x0"": 0\n    },\n    ""net"": {\n        ""additional_params"": {\n            ""lanes"": 1,\n            ""radius_ring"": 30,\n            ""resolution"": 40,\n            ""speed_limit"": 30\n        },\n        ""inflows"": {\n            ""_InFlows__flows"": [],\n            ""num_flows"": 0\n        },\n        ""netfile"": null,\n        ""no_internal_links"": false,\n        ""osm_path"": null\n    },\n    ""scenario"": ""Figure8Scenario"",\n    ""sim"": {\n        ""emission_path"": null,\n        ""lateral_resolution"": null,\n        ""no_step_log"": true,\n        ""num_clients"": 1,\n        ""overtake_right"": false,\n        ""port"": null,\n        ""print_warnings"": true,\n        ""pxpm"": 2,\n        ""render"": false,\n        ""restart_instance"": false,\n        ""save_render"": false,\n        ""seed"": null,\n        ""show_radius"": false,\n        ""sight_radius"": 25,\n        ""sim_step"": 0.1,\n        ""teleport_time"": -1\n    },\n    ""simulator"": ""traci"",\n    ""veh"": [\n        {\n            ""acceleration_controller"": [\n                ""IDMController"",\n                {\n                    ""noise"": 0.2\n                }\n            ],\n            ""car_following_params"": {\n                ""controller_params"": {\n                    ""accel"": 1.0,\n                    ""carFollowModel"": ""IDM"",\n                    ""decel"": 1.5,\n                    ""impatience"": 0.5,\n                    ""maxSpeed"": 30,\n                    ""minGap"": 2.5,\n                    ""sigma"": 0.5,\n                    ""speedDev"": 0.1,\n                    ""speedFactor"": 1.0,\n                    ""tau"": 1.0\n                },\n                ""speed_mode"": 1\n            },\n            ""initial_speed"": 0,\n            ""lane_change_controller"": [\n                ""SimLaneChangeController"",\n                {}\n            ],\n            ""lane_change_params"": {\n                ""controller_params"": {\n                    ""laneChangeModel"": ""LC2013"",\n                    ""lcCooperative"": ""1.0"",\n                    ""lcKeepRight"": ""1.0"",\n                    ""lcSpeedGain"": ""1.0"",\n                    ""lcStrategic"": ""1.0""\n                },\n                ""lane_change_mode"": 512\n            },\n            ""num_vehicles"": 13,\n            ""routing_controller"": [\n                ""ContinuousRouter"",\n                {}\n            ],\n            ""veh_id"": ""human""\n        },\n        {\n            ""acceleration_controller"": [\n                ""RLController"",\n                {}\n            ],\n            ""car_following_params"": {\n                ""controller_params"": {\n                    ""accel"": 1.0,\n                    ""carFollowModel"": ""IDM"",\n                    ""decel"": 1.5,\n                    ""impatience"": 0.5,\n                    ""maxSpeed"": 30,\n                    ""minGap"": 2.5,\n                    ""sigma"": 0.5,\n                    ""speedDev"": 0.1,\n                    ""speedFactor"": 1.0,\n                    ""tau"": 1.0\n                },\n                ""speed_mode"": 1\n            },\n            ""initial_speed"": 0,\n            ""lane_change_controller"": [\n                ""SimLaneChangeController"",\n                {}\n            ],\n            ""lane_change_params"": {\n                ""controller_params"": {\n                    ""laneChangeModel"": ""LC2013"",\n                    ""lcCooperative"": ""1.0"",\n                    ""lcKeepRight"": ""1.0"",\n                    ""lcSpeedGain"": ""1.0"",\n                    ""lcStrategic"": ""1.0""\n                },\n                ""lane_change_mode"": 512\n            },\n            ""num_vehicles"": 1,\n            ""routing_controller"": [\n                ""ContinuousRouter"",\n                {}\n            ],\n            ""veh_id"": ""rl""\n        }\n    ]\n}'}, 'env': 'AccelEnv-v0', 'local_evaluator_tf_session_args': {'inter_op_parallelism_threads': 8, 'intra_op_parallelism_threads': 8}, 'model': {'free_log_std': False, 'custom_options': {}, 'framestack': True, 'channel_major': False, 'max_seq_len': 20, 'lstm_use_prev_action_reward': False, 'squash_to_range': False, 'dim': 84, 'grayscale': False, 'fcnet_hiddens': [100, 50, 25], 'use_lstm': False, 'custom_model': None, 'fcnet_activation': 'tanh', 'conv_filters': None, 'conv_activation': 'relu', 'lstm_cell_size': 256, 'zero_mean': True, 'custom_preprocessor': None}, 'output_compress_columns': ['obs', 'new_obs'], 'monitor': False, 'custom_resources_per_worker': {}, 'output_max_file_size': 67108864, 'num_workers': 1, 'clip_param': 0.3, 'kl_coeff': 0.2, 'multiagent': {'policy_graphs': {}, 'policy_mapping_fn': None, 'policies_to_train': None}, 'input_evaluation': None, 'output': None, 'collect_metrics_timeout': 180, 'num_cpus_per_worker': 1}",169.237.32.118,1,1378.16,9.814721822738647,"{'num_steps_sampled': 747200, 'load_time_ms': 1.276, 'default': {'kl': 0.011181042529642582, 'cur_lr': 0.0005000000237487257, 'total_loss': 0.26886478066444397, 'policy_loss': -0.026106590405106544, 'vf_explained_var': 0.9915809035301208, 'entropy': 2.4397099018096924, 'cur_kl_coeff': 0.44487109780311584, 'vf_loss': 0.28999727964401245}, 'sample_time_ms': 9623.64, 'grad_time_ms': 276.828, 'update_time_ms': 4.487, 'num_steps_trained': 747200}",374.11344869687645,2019-04-02_08-53-56,kronos,71,747200,0,4622.77379989624,{},747200,467,467,4622.77379989624,454.74548102342294,1600,1554195236,{},0b32d2eec3344b1fbde4822793b2e447,69.87981902623255
False,566,"{'input': 'sampler', 'callbacks': {'on_train_result': None, 'on_sample_end': None, 'on_episode_step': None, 'on_episode_start': None, 'on_episode_end': None}, 'sample_batch_size': 200, 'clip_actions': False, 'clip_rewards': None, 'tf_session_args': {'inter_op_parallelism_threads': 2, 'intra_op_parallelism_threads': 2, 'device_count': {'CPU': 1}, 'log_device_placement': False, 'allow_soft_placement': True, 'gpu_options': {'allow_growth': True}}, 'kl_target': 0.01, 'horizon': 1500, 'lr': 0.0005, 'sample_async': False, 'simple_optimizer': False, 'compress_observations': False, 'num_envs_per_worker': 1, 'gamma': 0.99, 'sgd_minibatch_size': 128, 'observation_filter': 'NoFilter', 'entropy_coeff': 0.0, 'batch_mode': 'truncate_episodes', 'straggler_mitigation': False, 'vf_share_layers': False, 'num_gpus': 0, 'synchronize_filters': True, 'num_sgd_iter': 10, 'train_batch_size': 1500, 'optimizer': {}, 'num_gpus_per_worker': 0, 'preprocessor_pref': 'deepmind', 'num_cpus_for_driver': 1, 'lr_schedule': None, 'use_gae': True, 'lambda': 0.97, 'vf_loss_coeff': 1.0, 'vf_clip_param': 1000000.0, 'log_level': 'INFO', 'env_config': {'run': 'PPO', 'flow_params': '{\n    ""env"": {\n        ""additional_params"": {\n            ""max_accel"": 3,\n            ""max_decel"": 3,\n            ""sort_vehicles"": false,\n            ""target_velocity"": 20\n        },\n        ""evaluate"": false,\n        ""horizon"": 1500,\n        ""sims_per_step"": 1,\n        ""warmup_steps"": 0\n    },\n    ""env_name"": ""AccelEnv"",\n    ""exp_tag"": ""figure_eight_0"",\n    ""initial"": {\n        ""additional_params"": {},\n        ""bunching"": 0,\n        ""edges_distribution"": ""all"",\n        ""lanes_distribution"": Infinity,\n        ""min_gap"": 0,\n        ""perturbation"": 0.0,\n        ""shuffle"": false,\n        ""spacing"": ""uniform"",\n        ""x0"": 0\n    },\n    ""net"": {\n        ""additional_params"": {\n            ""lanes"": 1,\n            ""radius_ring"": 30,\n            ""resolution"": 40,\n            ""speed_limit"": 30\n        },\n        ""inflows"": {\n            ""_InFlows__flows"": [],\n            ""num_flows"": 0\n        },\n        ""netfile"": null,\n        ""no_internal_links"": false,\n        ""osm_path"": null\n    },\n    ""scenario"": ""Figure8Scenario"",\n    ""sim"": {\n        ""emission_path"": null,\n        ""lateral_resolution"": null,\n        ""no_step_log"": true,\n        ""num_clients"": 1,\n        ""overtake_right"": false,\n        ""port"": null,\n        ""print_warnings"": true,\n        ""pxpm"": 2,\n        ""render"": false,\n        ""restart_instance"": false,\n        ""save_render"": false,\n        ""seed"": null,\n        ""show_radius"": false,\n        ""sight_radius"": 25,\n        ""sim_step"": 0.1,\n        ""teleport_time"": -1\n    },\n    ""simulator"": ""traci"",\n    ""veh"": [\n        {\n            ""acceleration_controller"": [\n                ""IDMController"",\n                {\n                    ""noise"": 0.2\n                }\n            ],\n            ""car_following_params"": {\n                ""controller_params"": {\n                    ""accel"": 1.0,\n                    ""carFollowModel"": ""IDM"",\n                    ""decel"": 1.5,\n                    ""impatience"": 0.5,\n                    ""maxSpeed"": 30,\n                    ""minGap"": 2.5,\n                    ""sigma"": 0.5,\n                    ""speedDev"": 0.1,\n                    ""speedFactor"": 1.0,\n                    ""tau"": 1.0\n                },\n                ""speed_mode"": 1\n            },\n            ""initial_speed"": 0,\n            ""lane_change_controller"": [\n                ""SimLaneChangeController"",\n                {}\n            ],\n            ""lane_change_params"": {\n                ""controller_params"": {\n                    ""laneChangeModel"": ""LC2013"",\n                    ""lcCooperative"": ""1.0"",\n                    ""lcKeepRight"": ""1.0"",\n                    ""lcSpeedGain"": ""1.0"",\n                    ""lcStrategic"": ""1.0""\n                },\n                ""lane_change_mode"": 512\n            },\n            ""num_vehicles"": 13,\n            ""routing_controller"": [\n                ""ContinuousRouter"",\n                {}\n            ],\n            ""veh_id"": ""human""\n        },\n        {\n            ""acceleration_controller"": [\n                ""RLController"",\n                {}\n            ],\n            ""car_following_params"": {\n                ""controller_params"": {\n                    ""accel"": 1.0,\n                    ""carFollowModel"": ""IDM"",\n                    ""decel"": 1.5,\n                    ""impatience"": 0.5,\n                    ""maxSpeed"": 30,\n                    ""minGap"": 2.5,\n                    ""sigma"": 0.5,\n                    ""speedDev"": 0.1,\n                    ""speedFactor"": 1.0,\n                    ""tau"": 1.0\n                },\n                ""speed_mode"": 1\n            },\n            ""initial_speed"": 0,\n            ""lane_change_controller"": [\n                ""SimLaneChangeController"",\n                {}\n            ],\n            ""lane_change_params"": {\n                ""controller_params"": {\n                    ""laneChangeModel"": ""LC2013"",\n                    ""lcCooperative"": ""1.0"",\n                    ""lcKeepRight"": ""1.0"",\n                    ""lcSpeedGain"": ""1.0"",\n                    ""lcStrategic"": ""1.0""\n                },\n                ""lane_change_mode"": 512\n            },\n            ""num_vehicles"": 1,\n            ""routing_controller"": [\n                ""ContinuousRouter"",\n                {}\n            ],\n            ""veh_id"": ""rl""\n        }\n    ]\n}'}, 'env': 'AccelEnv-v0', 'local_evaluator_tf_session_args': {'inter_op_parallelism_threads': 8, 'intra_op_parallelism_threads': 8}, 'model': {'free_log_std': False, 'custom_options': {}, 'framestack': True, 'channel_major': False, 'max_seq_len': 20, 'lstm_use_prev_action_reward': False, 'squash_to_range': False, 'dim': 84, 'grayscale': False, 'fcnet_hiddens': [100, 50, 25], 'use_lstm': False, 'custom_model': None, 'fcnet_activation': 'tanh', 'conv_filters': None, 'conv_activation': 'relu', 'lstm_cell_size': 256, 'zero_mean': True, 'custom_preprocessor': None}, 'output_compress_columns': ['obs', 'new_obs'], 'monitor': False, 'custom_resources_per_worker': {}, 'output_max_file_size': 67108864, 'num_workers': 1, 'clip_param': 0.3, 'kl_coeff': 0.2, 'multiagent': {'policy_graphs': {}, 'policy_mapping_fn': None, 'policies_to_train': None}, 'input_evaluation': None, 'output': None, 'collect_metrics_timeout': 180, 'num_cpus_per_worker': 1}",169.237.32.118,1,1378.16,9.816672086715698,"{'num_steps_sampled': 748800, 'load_time_ms': 1.286, 'default': {'kl': 0.015011380426585674, 'cur_lr': 0.0005000000237487257, 'total_loss': 0.9081581234931946, 'policy_loss': -0.01717471331357956, 'vf_explained_var': 0.9768972992897034, 'entropy': 2.3902642726898193, 'cur_kl_coeff': 0.44487109780311584, 'vf_loss': 0.91865473985672}, 'sample_time_ms': 9605.36, 'grad_time_ms': 276.981, 'update_time_ms': 4.637, 'num_steps_trained': 748800}",373.9794244204546,2019-04-02_08-54-06,kronos,71,748800,0,4632.590471982956,{},748800,468,468,4632.590471982956,454.74548102342294,1600,1554195246,{},0b32d2eec3344b1fbde4822793b2e447,69.87981902623255
False,567,"{'input': 'sampler', 'callbacks': {'on_train_result': None, 'on_sample_end': None, 'on_episode_step': None, 'on_episode_start': None, 'on_episode_end': None}, 'sample_batch_size': 200, 'clip_actions': False, 'clip_rewards': None, 'tf_session_args': {'inter_op_parallelism_threads': 2, 'intra_op_parallelism_threads': 2, 'device_count': {'CPU': 1}, 'log_device_placement': False, 'allow_soft_placement': True, 'gpu_options': {'allow_growth': True}}, 'kl_target': 0.01, 'horizon': 1500, 'lr': 0.0005, 'sample_async': False, 'simple_optimizer': False, 'compress_observations': False, 'num_envs_per_worker': 1, 'gamma': 0.99, 'sgd_minibatch_size': 128, 'observation_filter': 'NoFilter', 'entropy_coeff': 0.0, 'batch_mode': 'truncate_episodes', 'straggler_mitigation': False, 'vf_share_layers': False, 'num_gpus': 0, 'synchronize_filters': True, 'num_sgd_iter': 10, 'train_batch_size': 1500, 'optimizer': {}, 'num_gpus_per_worker': 0, 'preprocessor_pref': 'deepmind', 'num_cpus_for_driver': 1, 'lr_schedule': None, 'use_gae': True, 'lambda': 0.97, 'vf_loss_coeff': 1.0, 'vf_clip_param': 1000000.0, 'log_level': 'INFO', 'env_config': {'run': 'PPO', 'flow_params': '{\n    ""env"": {\n        ""additional_params"": {\n            ""max_accel"": 3,\n            ""max_decel"": 3,\n            ""sort_vehicles"": false,\n            ""target_velocity"": 20\n        },\n        ""evaluate"": false,\n        ""horizon"": 1500,\n        ""sims_per_step"": 1,\n        ""warmup_steps"": 0\n    },\n    ""env_name"": ""AccelEnv"",\n    ""exp_tag"": ""figure_eight_0"",\n    ""initial"": {\n        ""additional_params"": {},\n        ""bunching"": 0,\n        ""edges_distribution"": ""all"",\n        ""lanes_distribution"": Infinity,\n        ""min_gap"": 0,\n        ""perturbation"": 0.0,\n        ""shuffle"": false,\n        ""spacing"": ""uniform"",\n        ""x0"": 0\n    },\n    ""net"": {\n        ""additional_params"": {\n            ""lanes"": 1,\n            ""radius_ring"": 30,\n            ""resolution"": 40,\n            ""speed_limit"": 30\n        },\n        ""inflows"": {\n            ""_InFlows__flows"": [],\n            ""num_flows"": 0\n        },\n        ""netfile"": null,\n        ""no_internal_links"": false,\n        ""osm_path"": null\n    },\n    ""scenario"": ""Figure8Scenario"",\n    ""sim"": {\n        ""emission_path"": null,\n        ""lateral_resolution"": null,\n        ""no_step_log"": true,\n        ""num_clients"": 1,\n        ""overtake_right"": false,\n        ""port"": null,\n        ""print_warnings"": true,\n        ""pxpm"": 2,\n        ""render"": false,\n        ""restart_instance"": false,\n        ""save_render"": false,\n        ""seed"": null,\n        ""show_radius"": false,\n        ""sight_radius"": 25,\n        ""sim_step"": 0.1,\n        ""teleport_time"": -1\n    },\n    ""simulator"": ""traci"",\n    ""veh"": [\n        {\n            ""acceleration_controller"": [\n                ""IDMController"",\n                {\n                    ""noise"": 0.2\n                }\n            ],\n            ""car_following_params"": {\n                ""controller_params"": {\n                    ""accel"": 1.0,\n                    ""carFollowModel"": ""IDM"",\n                    ""decel"": 1.5,\n                    ""impatience"": 0.5,\n                    ""maxSpeed"": 30,\n                    ""minGap"": 2.5,\n                    ""sigma"": 0.5,\n                    ""speedDev"": 0.1,\n                    ""speedFactor"": 1.0,\n                    ""tau"": 1.0\n                },\n                ""speed_mode"": 1\n            },\n            ""initial_speed"": 0,\n            ""lane_change_controller"": [\n                ""SimLaneChangeController"",\n                {}\n            ],\n            ""lane_change_params"": {\n                ""controller_params"": {\n                    ""laneChangeModel"": ""LC2013"",\n                    ""lcCooperative"": ""1.0"",\n                    ""lcKeepRight"": ""1.0"",\n                    ""lcSpeedGain"": ""1.0"",\n                    ""lcStrategic"": ""1.0""\n                },\n                ""lane_change_mode"": 512\n            },\n            ""num_vehicles"": 13,\n            ""routing_controller"": [\n                ""ContinuousRouter"",\n                {}\n            ],\n            ""veh_id"": ""human""\n        },\n        {\n            ""acceleration_controller"": [\n                ""RLController"",\n                {}\n            ],\n            ""car_following_params"": {\n                ""controller_params"": {\n                    ""accel"": 1.0,\n                    ""carFollowModel"": ""IDM"",\n                    ""decel"": 1.5,\n                    ""impatience"": 0.5,\n                    ""maxSpeed"": 30,\n                    ""minGap"": 2.5,\n                    ""sigma"": 0.5,\n                    ""speedDev"": 0.1,\n                    ""speedFactor"": 1.0,\n                    ""tau"": 1.0\n                },\n                ""speed_mode"": 1\n            },\n            ""initial_speed"": 0,\n            ""lane_change_controller"": [\n                ""SimLaneChangeController"",\n                {}\n            ],\n            ""lane_change_params"": {\n                ""controller_params"": {\n                    ""laneChangeModel"": ""LC2013"",\n                    ""lcCooperative"": ""1.0"",\n                    ""lcKeepRight"": ""1.0"",\n                    ""lcSpeedGain"": ""1.0"",\n                    ""lcStrategic"": ""1.0""\n                },\n                ""lane_change_mode"": 512\n            },\n            ""num_vehicles"": 1,\n            ""routing_controller"": [\n                ""ContinuousRouter"",\n                {}\n            ],\n            ""veh_id"": ""rl""\n        }\n    ]\n}'}, 'env': 'AccelEnv-v0', 'local_evaluator_tf_session_args': {'inter_op_parallelism_threads': 8, 'intra_op_parallelism_threads': 8}, 'model': {'free_log_std': False, 'custom_options': {}, 'framestack': True, 'channel_major': False, 'max_seq_len': 20, 'lstm_use_prev_action_reward': False, 'squash_to_range': False, 'dim': 84, 'grayscale': False, 'fcnet_hiddens': [100, 50, 25], 'use_lstm': False, 'custom_model': None, 'fcnet_activation': 'tanh', 'conv_filters': None, 'conv_activation': 'relu', 'lstm_cell_size': 256, 'zero_mean': True, 'custom_preprocessor': None}, 'output_compress_columns': ['obs', 'new_obs'], 'monitor': False, 'custom_resources_per_worker': {}, 'output_max_file_size': 67108864, 'num_workers': 1, 'clip_param': 0.3, 'kl_coeff': 0.2, 'multiagent': {'policy_graphs': {}, 'policy_mapping_fn': None, 'policies_to_train': None}, 'input_evaluation': None, 'output': None, 'collect_metrics_timeout': 180, 'num_cpus_per_worker': 1}",169.237.32.118,1,1378.16,9.858687400817871,"{'num_steps_sampled': 750400, 'load_time_ms': 1.236, 'default': {'kl': 0.020062187686562538, 'cur_lr': 0.0005000000237487257, 'total_loss': 0.25072529911994934, 'policy_loss': -0.029903830960392952, 'vf_explained_var': 0.9942805171012878, 'entropy': 2.346381425857544, 'cur_kl_coeff': 0.44487109780311584, 'vf_loss': 0.2717040181159973}, 'sample_time_ms': 9591.325, 'grad_time_ms': 276.248, 'update_time_ms': 4.571, 'num_steps_trained': 750400}",374.1402431898786,2019-04-02_08-54-16,kronos,71,750400,0,4642.449159383774,{},750400,469,469,4642.449159383774,454.74548102342294,1600,1554195256,{},0b32d2eec3344b1fbde4822793b2e447,69.87981902623255
False,568,"{'input': 'sampler', 'callbacks': {'on_train_result': None, 'on_sample_end': None, 'on_episode_step': None, 'on_episode_start': None, 'on_episode_end': None}, 'sample_batch_size': 200, 'clip_actions': False, 'clip_rewards': None, 'tf_session_args': {'inter_op_parallelism_threads': 2, 'intra_op_parallelism_threads': 2, 'device_count': {'CPU': 1}, 'log_device_placement': False, 'allow_soft_placement': True, 'gpu_options': {'allow_growth': True}}, 'kl_target': 0.01, 'horizon': 1500, 'lr': 0.0005, 'sample_async': False, 'simple_optimizer': False, 'compress_observations': False, 'num_envs_per_worker': 1, 'gamma': 0.99, 'sgd_minibatch_size': 128, 'observation_filter': 'NoFilter', 'entropy_coeff': 0.0, 'batch_mode': 'truncate_episodes', 'straggler_mitigation': False, 'vf_share_layers': False, 'num_gpus': 0, 'synchronize_filters': True, 'num_sgd_iter': 10, 'train_batch_size': 1500, 'optimizer': {}, 'num_gpus_per_worker': 0, 'preprocessor_pref': 'deepmind', 'num_cpus_for_driver': 1, 'lr_schedule': None, 'use_gae': True, 'lambda': 0.97, 'vf_loss_coeff': 1.0, 'vf_clip_param': 1000000.0, 'log_level': 'INFO', 'env_config': {'run': 'PPO', 'flow_params': '{\n    ""env"": {\n        ""additional_params"": {\n            ""max_accel"": 3,\n            ""max_decel"": 3,\n            ""sort_vehicles"": false,\n            ""target_velocity"": 20\n        },\n        ""evaluate"": false,\n        ""horizon"": 1500,\n        ""sims_per_step"": 1,\n        ""warmup_steps"": 0\n    },\n    ""env_name"": ""AccelEnv"",\n    ""exp_tag"": ""figure_eight_0"",\n    ""initial"": {\n        ""additional_params"": {},\n        ""bunching"": 0,\n        ""edges_distribution"": ""all"",\n        ""lanes_distribution"": Infinity,\n        ""min_gap"": 0,\n        ""perturbation"": 0.0,\n        ""shuffle"": false,\n        ""spacing"": ""uniform"",\n        ""x0"": 0\n    },\n    ""net"": {\n        ""additional_params"": {\n            ""lanes"": 1,\n            ""radius_ring"": 30,\n            ""resolution"": 40,\n            ""speed_limit"": 30\n        },\n        ""inflows"": {\n            ""_InFlows__flows"": [],\n            ""num_flows"": 0\n        },\n        ""netfile"": null,\n        ""no_internal_links"": false,\n        ""osm_path"": null\n    },\n    ""scenario"": ""Figure8Scenario"",\n    ""sim"": {\n        ""emission_path"": null,\n        ""lateral_resolution"": null,\n        ""no_step_log"": true,\n        ""num_clients"": 1,\n        ""overtake_right"": false,\n        ""port"": null,\n        ""print_warnings"": true,\n        ""pxpm"": 2,\n        ""render"": false,\n        ""restart_instance"": false,\n        ""save_render"": false,\n        ""seed"": null,\n        ""show_radius"": false,\n        ""sight_radius"": 25,\n        ""sim_step"": 0.1,\n        ""teleport_time"": -1\n    },\n    ""simulator"": ""traci"",\n    ""veh"": [\n        {\n            ""acceleration_controller"": [\n                ""IDMController"",\n                {\n                    ""noise"": 0.2\n                }\n            ],\n            ""car_following_params"": {\n                ""controller_params"": {\n                    ""accel"": 1.0,\n                    ""carFollowModel"": ""IDM"",\n                    ""decel"": 1.5,\n                    ""impatience"": 0.5,\n                    ""maxSpeed"": 30,\n                    ""minGap"": 2.5,\n                    ""sigma"": 0.5,\n                    ""speedDev"": 0.1,\n                    ""speedFactor"": 1.0,\n                    ""tau"": 1.0\n                },\n                ""speed_mode"": 1\n            },\n            ""initial_speed"": 0,\n            ""lane_change_controller"": [\n                ""SimLaneChangeController"",\n                {}\n            ],\n            ""lane_change_params"": {\n                ""controller_params"": {\n                    ""laneChangeModel"": ""LC2013"",\n                    ""lcCooperative"": ""1.0"",\n                    ""lcKeepRight"": ""1.0"",\n                    ""lcSpeedGain"": ""1.0"",\n                    ""lcStrategic"": ""1.0""\n                },\n                ""lane_change_mode"": 512\n            },\n            ""num_vehicles"": 13,\n            ""routing_controller"": [\n                ""ContinuousRouter"",\n                {}\n            ],\n            ""veh_id"": ""human""\n        },\n        {\n            ""acceleration_controller"": [\n                ""RLController"",\n                {}\n            ],\n            ""car_following_params"": {\n                ""controller_params"": {\n                    ""accel"": 1.0,\n                    ""carFollowModel"": ""IDM"",\n                    ""decel"": 1.5,\n                    ""impatience"": 0.5,\n                    ""maxSpeed"": 30,\n                    ""minGap"": 2.5,\n                    ""sigma"": 0.5,\n                    ""speedDev"": 0.1,\n                    ""speedFactor"": 1.0,\n                    ""tau"": 1.0\n                },\n                ""speed_mode"": 1\n            },\n            ""initial_speed"": 0,\n            ""lane_change_controller"": [\n                ""SimLaneChangeController"",\n                {}\n            ],\n            ""lane_change_params"": {\n                ""controller_params"": {\n                    ""laneChangeModel"": ""LC2013"",\n                    ""lcCooperative"": ""1.0"",\n                    ""lcKeepRight"": ""1.0"",\n                    ""lcSpeedGain"": ""1.0"",\n                    ""lcStrategic"": ""1.0""\n                },\n                ""lane_change_mode"": 512\n            },\n            ""num_vehicles"": 1,\n            ""routing_controller"": [\n                ""ContinuousRouter"",\n                {}\n            ],\n            ""veh_id"": ""rl""\n        }\n    ]\n}'}, 'env': 'AccelEnv-v0', 'local_evaluator_tf_session_args': {'inter_op_parallelism_threads': 8, 'intra_op_parallelism_threads': 8}, 'model': {'free_log_std': False, 'custom_options': {}, 'framestack': True, 'channel_major': False, 'max_seq_len': 20, 'lstm_use_prev_action_reward': False, 'squash_to_range': False, 'dim': 84, 'grayscale': False, 'fcnet_hiddens': [100, 50, 25], 'use_lstm': False, 'custom_model': None, 'fcnet_activation': 'tanh', 'conv_filters': None, 'conv_activation': 'relu', 'lstm_cell_size': 256, 'zero_mean': True, 'custom_preprocessor': None}, 'output_compress_columns': ['obs', 'new_obs'], 'monitor': False, 'custom_resources_per_worker': {}, 'output_max_file_size': 67108864, 'num_workers': 1, 'clip_param': 0.3, 'kl_coeff': 0.2, 'multiagent': {'policy_graphs': {}, 'policy_mapping_fn': None, 'policies_to_train': None}, 'input_evaluation': None, 'output': None, 'collect_metrics_timeout': 180, 'num_cpus_per_worker': 1}",169.237.32.118,1,1378.16,9.97458004951477,"{'num_steps_sampled': 752000, 'load_time_ms': 1.24, 'default': {'kl': 0.00722096860408783, 'cur_lr': 0.0005000000237487257, 'total_loss': 1.0249663591384888, 'policy_loss': -0.02320847660303116, 'vf_explained_var': 0.9449295401573181, 'entropy': 2.2754623889923096, 'cur_kl_coeff': 0.6673067212104797, 'vf_loss': 1.0433562994003296}, 'sample_time_ms': 9610.158, 'grad_time_ms': 277.612, 'update_time_ms': 4.542, 'num_steps_trained': 752000}",373.84454619153604,2019-04-02_08-54-26,kronos,71,752000,0,4652.423739433289,{},752000,470,470,4652.423739433289,454.74548102342294,1600,1554195266,{},0b32d2eec3344b1fbde4822793b2e447,69.87981902623255
False,569,"{'input': 'sampler', 'callbacks': {'on_train_result': None, 'on_sample_end': None, 'on_episode_step': None, 'on_episode_start': None, 'on_episode_end': None}, 'sample_batch_size': 200, 'clip_actions': False, 'clip_rewards': None, 'tf_session_args': {'inter_op_parallelism_threads': 2, 'intra_op_parallelism_threads': 2, 'device_count': {'CPU': 1}, 'log_device_placement': False, 'allow_soft_placement': True, 'gpu_options': {'allow_growth': True}}, 'kl_target': 0.01, 'horizon': 1500, 'lr': 0.0005, 'sample_async': False, 'simple_optimizer': False, 'compress_observations': False, 'num_envs_per_worker': 1, 'gamma': 0.99, 'sgd_minibatch_size': 128, 'observation_filter': 'NoFilter', 'entropy_coeff': 0.0, 'batch_mode': 'truncate_episodes', 'straggler_mitigation': False, 'vf_share_layers': False, 'num_gpus': 0, 'synchronize_filters': True, 'num_sgd_iter': 10, 'train_batch_size': 1500, 'optimizer': {}, 'num_gpus_per_worker': 0, 'preprocessor_pref': 'deepmind', 'num_cpus_for_driver': 1, 'lr_schedule': None, 'use_gae': True, 'lambda': 0.97, 'vf_loss_coeff': 1.0, 'vf_clip_param': 1000000.0, 'log_level': 'INFO', 'env_config': {'run': 'PPO', 'flow_params': '{\n    ""env"": {\n        ""additional_params"": {\n            ""max_accel"": 3,\n            ""max_decel"": 3,\n            ""sort_vehicles"": false,\n            ""target_velocity"": 20\n        },\n        ""evaluate"": false,\n        ""horizon"": 1500,\n        ""sims_per_step"": 1,\n        ""warmup_steps"": 0\n    },\n    ""env_name"": ""AccelEnv"",\n    ""exp_tag"": ""figure_eight_0"",\n    ""initial"": {\n        ""additional_params"": {},\n        ""bunching"": 0,\n        ""edges_distribution"": ""all"",\n        ""lanes_distribution"": Infinity,\n        ""min_gap"": 0,\n        ""perturbation"": 0.0,\n        ""shuffle"": false,\n        ""spacing"": ""uniform"",\n        ""x0"": 0\n    },\n    ""net"": {\n        ""additional_params"": {\n            ""lanes"": 1,\n            ""radius_ring"": 30,\n            ""resolution"": 40,\n            ""speed_limit"": 30\n        },\n        ""inflows"": {\n            ""_InFlows__flows"": [],\n            ""num_flows"": 0\n        },\n        ""netfile"": null,\n        ""no_internal_links"": false,\n        ""osm_path"": null\n    },\n    ""scenario"": ""Figure8Scenario"",\n    ""sim"": {\n        ""emission_path"": null,\n        ""lateral_resolution"": null,\n        ""no_step_log"": true,\n        ""num_clients"": 1,\n        ""overtake_right"": false,\n        ""port"": null,\n        ""print_warnings"": true,\n        ""pxpm"": 2,\n        ""render"": false,\n        ""restart_instance"": false,\n        ""save_render"": false,\n        ""seed"": null,\n        ""show_radius"": false,\n        ""sight_radius"": 25,\n        ""sim_step"": 0.1,\n        ""teleport_time"": -1\n    },\n    ""simulator"": ""traci"",\n    ""veh"": [\n        {\n            ""acceleration_controller"": [\n                ""IDMController"",\n                {\n                    ""noise"": 0.2\n                }\n            ],\n            ""car_following_params"": {\n                ""controller_params"": {\n                    ""accel"": 1.0,\n                    ""carFollowModel"": ""IDM"",\n                    ""decel"": 1.5,\n                    ""impatience"": 0.5,\n                    ""maxSpeed"": 30,\n                    ""minGap"": 2.5,\n                    ""sigma"": 0.5,\n                    ""speedDev"": 0.1,\n                    ""speedFactor"": 1.0,\n                    ""tau"": 1.0\n                },\n                ""speed_mode"": 1\n            },\n            ""initial_speed"": 0,\n            ""lane_change_controller"": [\n                ""SimLaneChangeController"",\n                {}\n            ],\n            ""lane_change_params"": {\n                ""controller_params"": {\n                    ""laneChangeModel"": ""LC2013"",\n                    ""lcCooperative"": ""1.0"",\n                    ""lcKeepRight"": ""1.0"",\n                    ""lcSpeedGain"": ""1.0"",\n                    ""lcStrategic"": ""1.0""\n                },\n                ""lane_change_mode"": 512\n            },\n            ""num_vehicles"": 13,\n            ""routing_controller"": [\n                ""ContinuousRouter"",\n                {}\n            ],\n            ""veh_id"": ""human""\n        },\n        {\n            ""acceleration_controller"": [\n                ""RLController"",\n                {}\n            ],\n            ""car_following_params"": {\n                ""controller_params"": {\n                    ""accel"": 1.0,\n                    ""carFollowModel"": ""IDM"",\n                    ""decel"": 1.5,\n                    ""impatience"": 0.5,\n                    ""maxSpeed"": 30,\n                    ""minGap"": 2.5,\n                    ""sigma"": 0.5,\n                    ""speedDev"": 0.1,\n                    ""speedFactor"": 1.0,\n                    ""tau"": 1.0\n                },\n                ""speed_mode"": 1\n            },\n            ""initial_speed"": 0,\n            ""lane_change_controller"": [\n                ""SimLaneChangeController"",\n                {}\n            ],\n            ""lane_change_params"": {\n                ""controller_params"": {\n                    ""laneChangeModel"": ""LC2013"",\n                    ""lcCooperative"": ""1.0"",\n                    ""lcKeepRight"": ""1.0"",\n                    ""lcSpeedGain"": ""1.0"",\n                    ""lcStrategic"": ""1.0""\n                },\n                ""lane_change_mode"": 512\n            },\n            ""num_vehicles"": 1,\n            ""routing_controller"": [\n                ""ContinuousRouter"",\n                {}\n            ],\n            ""veh_id"": ""rl""\n        }\n    ]\n}'}, 'env': 'AccelEnv-v0', 'local_evaluator_tf_session_args': {'inter_op_parallelism_threads': 8, 'intra_op_parallelism_threads': 8}, 'model': {'free_log_std': False, 'custom_options': {}, 'framestack': True, 'channel_major': False, 'max_seq_len': 20, 'lstm_use_prev_action_reward': False, 'squash_to_range': False, 'dim': 84, 'grayscale': False, 'fcnet_hiddens': [100, 50, 25], 'use_lstm': False, 'custom_model': None, 'fcnet_activation': 'tanh', 'conv_filters': None, 'conv_activation': 'relu', 'lstm_cell_size': 256, 'zero_mean': True, 'custom_preprocessor': None}, 'output_compress_columns': ['obs', 'new_obs'], 'monitor': False, 'custom_resources_per_worker': {}, 'output_max_file_size': 67108864, 'num_workers': 1, 'clip_param': 0.3, 'kl_coeff': 0.2, 'multiagent': {'policy_graphs': {}, 'policy_mapping_fn': None, 'policies_to_train': None}, 'input_evaluation': None, 'output': None, 'collect_metrics_timeout': 180, 'num_cpus_per_worker': 1}",169.237.32.118,1,1378.16,9.917754173278809,"{'num_steps_sampled': 753600, 'load_time_ms': 1.266, 'default': {'kl': 0.006296159699559212, 'cur_lr': 0.0005000000237487257, 'total_loss': 0.44851216673851013, 'policy_loss': -0.010699629783630371, 'vf_explained_var': 0.9786169528961182, 'entropy': 2.1942214965820312, 'cur_kl_coeff': 0.6673067212104797, 'vf_loss': 0.455010324716568}, 'sample_time_ms': 9613.961, 'grad_time_ms': 276.845, 'update_time_ms': 4.719, 'num_steps_trained': 753600}",373.92623461407203,2019-04-02_08-54-36,kronos,71,753600,0,4662.341493606567,{},753600,471,471,4662.341493606567,454.74548102342294,1600,1554195276,{},0b32d2eec3344b1fbde4822793b2e447,69.87981902623255
False,570,"{'input': 'sampler', 'callbacks': {'on_train_result': None, 'on_sample_end': None, 'on_episode_step': None, 'on_episode_start': None, 'on_episode_end': None}, 'sample_batch_size': 200, 'clip_actions': False, 'clip_rewards': None, 'tf_session_args': {'inter_op_parallelism_threads': 2, 'intra_op_parallelism_threads': 2, 'device_count': {'CPU': 1}, 'log_device_placement': False, 'allow_soft_placement': True, 'gpu_options': {'allow_growth': True}}, 'kl_target': 0.01, 'horizon': 1500, 'lr': 0.0005, 'sample_async': False, 'simple_optimizer': False, 'compress_observations': False, 'num_envs_per_worker': 1, 'gamma': 0.99, 'sgd_minibatch_size': 128, 'observation_filter': 'NoFilter', 'entropy_coeff': 0.0, 'batch_mode': 'truncate_episodes', 'straggler_mitigation': False, 'vf_share_layers': False, 'num_gpus': 0, 'synchronize_filters': True, 'num_sgd_iter': 10, 'train_batch_size': 1500, 'optimizer': {}, 'num_gpus_per_worker': 0, 'preprocessor_pref': 'deepmind', 'num_cpus_for_driver': 1, 'lr_schedule': None, 'use_gae': True, 'lambda': 0.97, 'vf_loss_coeff': 1.0, 'vf_clip_param': 1000000.0, 'log_level': 'INFO', 'env_config': {'run': 'PPO', 'flow_params': '{\n    ""env"": {\n        ""additional_params"": {\n            ""max_accel"": 3,\n            ""max_decel"": 3,\n            ""sort_vehicles"": false,\n            ""target_velocity"": 20\n        },\n        ""evaluate"": false,\n        ""horizon"": 1500,\n        ""sims_per_step"": 1,\n        ""warmup_steps"": 0\n    },\n    ""env_name"": ""AccelEnv"",\n    ""exp_tag"": ""figure_eight_0"",\n    ""initial"": {\n        ""additional_params"": {},\n        ""bunching"": 0,\n        ""edges_distribution"": ""all"",\n        ""lanes_distribution"": Infinity,\n        ""min_gap"": 0,\n        ""perturbation"": 0.0,\n        ""shuffle"": false,\n        ""spacing"": ""uniform"",\n        ""x0"": 0\n    },\n    ""net"": {\n        ""additional_params"": {\n            ""lanes"": 1,\n            ""radius_ring"": 30,\n            ""resolution"": 40,\n            ""speed_limit"": 30\n        },\n        ""inflows"": {\n            ""_InFlows__flows"": [],\n            ""num_flows"": 0\n        },\n        ""netfile"": null,\n        ""no_internal_links"": false,\n        ""osm_path"": null\n    },\n    ""scenario"": ""Figure8Scenario"",\n    ""sim"": {\n        ""emission_path"": null,\n        ""lateral_resolution"": null,\n        ""no_step_log"": true,\n        ""num_clients"": 1,\n        ""overtake_right"": false,\n        ""port"": null,\n        ""print_warnings"": true,\n        ""pxpm"": 2,\n        ""render"": false,\n        ""restart_instance"": false,\n        ""save_render"": false,\n        ""seed"": null,\n        ""show_radius"": false,\n        ""sight_radius"": 25,\n        ""sim_step"": 0.1,\n        ""teleport_time"": -1\n    },\n    ""simulator"": ""traci"",\n    ""veh"": [\n        {\n            ""acceleration_controller"": [\n                ""IDMController"",\n                {\n                    ""noise"": 0.2\n                }\n            ],\n            ""car_following_params"": {\n                ""controller_params"": {\n                    ""accel"": 1.0,\n                    ""carFollowModel"": ""IDM"",\n                    ""decel"": 1.5,\n                    ""impatience"": 0.5,\n                    ""maxSpeed"": 30,\n                    ""minGap"": 2.5,\n                    ""sigma"": 0.5,\n                    ""speedDev"": 0.1,\n                    ""speedFactor"": 1.0,\n                    ""tau"": 1.0\n                },\n                ""speed_mode"": 1\n            },\n            ""initial_speed"": 0,\n            ""lane_change_controller"": [\n                ""SimLaneChangeController"",\n                {}\n            ],\n            ""lane_change_params"": {\n                ""controller_params"": {\n                    ""laneChangeModel"": ""LC2013"",\n                    ""lcCooperative"": ""1.0"",\n                    ""lcKeepRight"": ""1.0"",\n                    ""lcSpeedGain"": ""1.0"",\n                    ""lcStrategic"": ""1.0""\n                },\n                ""lane_change_mode"": 512\n            },\n            ""num_vehicles"": 13,\n            ""routing_controller"": [\n                ""ContinuousRouter"",\n                {}\n            ],\n            ""veh_id"": ""human""\n        },\n        {\n            ""acceleration_controller"": [\n                ""RLController"",\n                {}\n            ],\n            ""car_following_params"": {\n                ""controller_params"": {\n                    ""accel"": 1.0,\n                    ""carFollowModel"": ""IDM"",\n                    ""decel"": 1.5,\n                    ""impatience"": 0.5,\n                    ""maxSpeed"": 30,\n                    ""minGap"": 2.5,\n                    ""sigma"": 0.5,\n                    ""speedDev"": 0.1,\n                    ""speedFactor"": 1.0,\n                    ""tau"": 1.0\n                },\n                ""speed_mode"": 1\n            },\n            ""initial_speed"": 0,\n            ""lane_change_controller"": [\n                ""SimLaneChangeController"",\n                {}\n            ],\n            ""lane_change_params"": {\n                ""controller_params"": {\n                    ""laneChangeModel"": ""LC2013"",\n                    ""lcCooperative"": ""1.0"",\n                    ""lcKeepRight"": ""1.0"",\n                    ""lcSpeedGain"": ""1.0"",\n                    ""lcStrategic"": ""1.0""\n                },\n                ""lane_change_mode"": 512\n            },\n            ""num_vehicles"": 1,\n            ""routing_controller"": [\n                ""ContinuousRouter"",\n                {}\n            ],\n            ""veh_id"": ""rl""\n        }\n    ]\n}'}, 'env': 'AccelEnv-v0', 'local_evaluator_tf_session_args': {'inter_op_parallelism_threads': 8, 'intra_op_parallelism_threads': 8}, 'model': {'free_log_std': False, 'custom_options': {}, 'framestack': True, 'channel_major': False, 'max_seq_len': 20, 'lstm_use_prev_action_reward': False, 'squash_to_range': False, 'dim': 84, 'grayscale': False, 'fcnet_hiddens': [100, 50, 25], 'use_lstm': False, 'custom_model': None, 'fcnet_activation': 'tanh', 'conv_filters': None, 'conv_activation': 'relu', 'lstm_cell_size': 256, 'zero_mean': True, 'custom_preprocessor': None}, 'output_compress_columns': ['obs', 'new_obs'], 'monitor': False, 'custom_resources_per_worker': {}, 'output_max_file_size': 67108864, 'num_workers': 1, 'clip_param': 0.3, 'kl_coeff': 0.2, 'multiagent': {'policy_graphs': {}, 'policy_mapping_fn': None, 'policies_to_train': None}, 'input_evaluation': None, 'output': None, 'collect_metrics_timeout': 180, 'num_cpus_per_worker': 1}",169.237.32.118,1,1383.3,9.97749948501587,"{'num_steps_sampled': 755200, 'load_time_ms': 1.265, 'default': {'kl': 0.007676565553992987, 'cur_lr': 0.0005000000237487257, 'total_loss': 0.9790710806846619, 'policy_loss': -0.019038038328289986, 'vf_explained_var': 0.9767553210258484, 'entropy': 2.398120164871216, 'cur_kl_coeff': 0.6673067212104797, 'vf_loss': 0.9929864406585693}, 'sample_time_ms': 9621.502, 'grad_time_ms': 273.414, 'update_time_ms': 4.838, 'num_steps_trained': 755200}",375.2756315639692,2019-04-02_08-54-46,kronos,71,755200,0,4672.318993091583,{},755200,472,472,4672.318993091583,454.74548102342294,1600,1554195286,{},0b32d2eec3344b1fbde4822793b2e447,69.87981902623255
False,571,"{'input': 'sampler', 'callbacks': {'on_train_result': None, 'on_sample_end': None, 'on_episode_step': None, 'on_episode_start': None, 'on_episode_end': None}, 'sample_batch_size': 200, 'clip_actions': False, 'clip_rewards': None, 'tf_session_args': {'inter_op_parallelism_threads': 2, 'intra_op_parallelism_threads': 2, 'device_count': {'CPU': 1}, 'log_device_placement': False, 'allow_soft_placement': True, 'gpu_options': {'allow_growth': True}}, 'kl_target': 0.01, 'horizon': 1500, 'lr': 0.0005, 'sample_async': False, 'simple_optimizer': False, 'compress_observations': False, 'num_envs_per_worker': 1, 'gamma': 0.99, 'sgd_minibatch_size': 128, 'observation_filter': 'NoFilter', 'entropy_coeff': 0.0, 'batch_mode': 'truncate_episodes', 'straggler_mitigation': False, 'vf_share_layers': False, 'num_gpus': 0, 'synchronize_filters': True, 'num_sgd_iter': 10, 'train_batch_size': 1500, 'optimizer': {}, 'num_gpus_per_worker': 0, 'preprocessor_pref': 'deepmind', 'num_cpus_for_driver': 1, 'lr_schedule': None, 'use_gae': True, 'lambda': 0.97, 'vf_loss_coeff': 1.0, 'vf_clip_param': 1000000.0, 'log_level': 'INFO', 'env_config': {'run': 'PPO', 'flow_params': '{\n    ""env"": {\n        ""additional_params"": {\n            ""max_accel"": 3,\n            ""max_decel"": 3,\n            ""sort_vehicles"": false,\n            ""target_velocity"": 20\n        },\n        ""evaluate"": false,\n        ""horizon"": 1500,\n        ""sims_per_step"": 1,\n        ""warmup_steps"": 0\n    },\n    ""env_name"": ""AccelEnv"",\n    ""exp_tag"": ""figure_eight_0"",\n    ""initial"": {\n        ""additional_params"": {},\n        ""bunching"": 0,\n        ""edges_distribution"": ""all"",\n        ""lanes_distribution"": Infinity,\n        ""min_gap"": 0,\n        ""perturbation"": 0.0,\n        ""shuffle"": false,\n        ""spacing"": ""uniform"",\n        ""x0"": 0\n    },\n    ""net"": {\n        ""additional_params"": {\n            ""lanes"": 1,\n            ""radius_ring"": 30,\n            ""resolution"": 40,\n            ""speed_limit"": 30\n        },\n        ""inflows"": {\n            ""_InFlows__flows"": [],\n            ""num_flows"": 0\n        },\n        ""netfile"": null,\n        ""no_internal_links"": false,\n        ""osm_path"": null\n    },\n    ""scenario"": ""Figure8Scenario"",\n    ""sim"": {\n        ""emission_path"": null,\n        ""lateral_resolution"": null,\n        ""no_step_log"": true,\n        ""num_clients"": 1,\n        ""overtake_right"": false,\n        ""port"": null,\n        ""print_warnings"": true,\n        ""pxpm"": 2,\n        ""render"": false,\n        ""restart_instance"": false,\n        ""save_render"": false,\n        ""seed"": null,\n        ""show_radius"": false,\n        ""sight_radius"": 25,\n        ""sim_step"": 0.1,\n        ""teleport_time"": -1\n    },\n    ""simulator"": ""traci"",\n    ""veh"": [\n        {\n            ""acceleration_controller"": [\n                ""IDMController"",\n                {\n                    ""noise"": 0.2\n                }\n            ],\n            ""car_following_params"": {\n                ""controller_params"": {\n                    ""accel"": 1.0,\n                    ""carFollowModel"": ""IDM"",\n                    ""decel"": 1.5,\n                    ""impatience"": 0.5,\n                    ""maxSpeed"": 30,\n                    ""minGap"": 2.5,\n                    ""sigma"": 0.5,\n                    ""speedDev"": 0.1,\n                    ""speedFactor"": 1.0,\n                    ""tau"": 1.0\n                },\n                ""speed_mode"": 1\n            },\n            ""initial_speed"": 0,\n            ""lane_change_controller"": [\n                ""SimLaneChangeController"",\n                {}\n            ],\n            ""lane_change_params"": {\n                ""controller_params"": {\n                    ""laneChangeModel"": ""LC2013"",\n                    ""lcCooperative"": ""1.0"",\n                    ""lcKeepRight"": ""1.0"",\n                    ""lcSpeedGain"": ""1.0"",\n                    ""lcStrategic"": ""1.0""\n                },\n                ""lane_change_mode"": 512\n            },\n            ""num_vehicles"": 13,\n            ""routing_controller"": [\n                ""ContinuousRouter"",\n                {}\n            ],\n            ""veh_id"": ""human""\n        },\n        {\n            ""acceleration_controller"": [\n                ""RLController"",\n                {}\n            ],\n            ""car_following_params"": {\n                ""controller_params"": {\n                    ""accel"": 1.0,\n                    ""carFollowModel"": ""IDM"",\n                    ""decel"": 1.5,\n                    ""impatience"": 0.5,\n                    ""maxSpeed"": 30,\n                    ""minGap"": 2.5,\n                    ""sigma"": 0.5,\n                    ""speedDev"": 0.1,\n                    ""speedFactor"": 1.0,\n                    ""tau"": 1.0\n                },\n                ""speed_mode"": 1\n            },\n            ""initial_speed"": 0,\n            ""lane_change_controller"": [\n                ""SimLaneChangeController"",\n                {}\n            ],\n            ""lane_change_params"": {\n                ""controller_params"": {\n                    ""laneChangeModel"": ""LC2013"",\n                    ""lcCooperative"": ""1.0"",\n                    ""lcKeepRight"": ""1.0"",\n                    ""lcSpeedGain"": ""1.0"",\n                    ""lcStrategic"": ""1.0""\n                },\n                ""lane_change_mode"": 512\n            },\n            ""num_vehicles"": 1,\n            ""routing_controller"": [\n                ""ContinuousRouter"",\n                {}\n            ],\n            ""veh_id"": ""rl""\n        }\n    ]\n}'}, 'env': 'AccelEnv-v0', 'local_evaluator_tf_session_args': {'inter_op_parallelism_threads': 8, 'intra_op_parallelism_threads': 8}, 'model': {'free_log_std': False, 'custom_options': {}, 'framestack': True, 'channel_major': False, 'max_seq_len': 20, 'lstm_use_prev_action_reward': False, 'squash_to_range': False, 'dim': 84, 'grayscale': False, 'fcnet_hiddens': [100, 50, 25], 'use_lstm': False, 'custom_model': None, 'fcnet_activation': 'tanh', 'conv_filters': None, 'conv_activation': 'relu', 'lstm_cell_size': 256, 'zero_mean': True, 'custom_preprocessor': None}, 'output_compress_columns': ['obs', 'new_obs'], 'monitor': False, 'custom_resources_per_worker': {}, 'output_max_file_size': 67108864, 'num_workers': 1, 'clip_param': 0.3, 'kl_coeff': 0.2, 'multiagent': {'policy_graphs': {}, 'policy_mapping_fn': None, 'policies_to_train': None}, 'input_evaluation': None, 'output': None, 'collect_metrics_timeout': 180, 'num_cpus_per_worker': 1}",169.237.32.118,1,1383.3,9.803483247756958,"{'num_steps_sampled': 756800, 'load_time_ms': 1.256, 'default': {'kl': 0.003920069430023432, 'cur_lr': 0.0005000000237487257, 'total_loss': 0.4634872376918793, 'policy_loss': -0.005456851329654455, 'vf_explained_var': 0.9942996501922607, 'entropy': 2.518972635269165, 'cur_kl_coeff': 0.6673067212104797, 'vf_loss': 0.4663282334804535}, 'sample_time_ms': 9611.343, 'grad_time_ms': 273.104, 'update_time_ms': 4.836, 'num_steps_trained': 756800}",375.1378522843659,2019-04-02_08-54-55,kronos,71,756800,0,4682.12247633934,{},756800,473,473,4682.12247633934,454.74548102342294,1600,1554195295,{},0b32d2eec3344b1fbde4822793b2e447,69.87981902623255
False,573,"{'input': 'sampler', 'callbacks': {'on_train_result': None, 'on_sample_end': None, 'on_episode_step': None, 'on_episode_start': None, 'on_episode_end': None}, 'sample_batch_size': 200, 'clip_actions': False, 'clip_rewards': None, 'tf_session_args': {'inter_op_parallelism_threads': 2, 'intra_op_parallelism_threads': 2, 'device_count': {'CPU': 1}, 'log_device_placement': False, 'allow_soft_placement': True, 'gpu_options': {'allow_growth': True}}, 'kl_target': 0.01, 'horizon': 1500, 'lr': 0.0005, 'sample_async': False, 'simple_optimizer': False, 'compress_observations': False, 'num_envs_per_worker': 1, 'gamma': 0.99, 'sgd_minibatch_size': 128, 'observation_filter': 'NoFilter', 'entropy_coeff': 0.0, 'batch_mode': 'truncate_episodes', 'straggler_mitigation': False, 'vf_share_layers': False, 'num_gpus': 0, 'synchronize_filters': True, 'num_sgd_iter': 10, 'train_batch_size': 1500, 'optimizer': {}, 'num_gpus_per_worker': 0, 'preprocessor_pref': 'deepmind', 'num_cpus_for_driver': 1, 'lr_schedule': None, 'use_gae': True, 'lambda': 0.97, 'vf_loss_coeff': 1.0, 'vf_clip_param': 1000000.0, 'log_level': 'INFO', 'env_config': {'run': 'PPO', 'flow_params': '{\n    ""env"": {\n        ""additional_params"": {\n            ""max_accel"": 3,\n            ""max_decel"": 3,\n            ""sort_vehicles"": false,\n            ""target_velocity"": 20\n        },\n        ""evaluate"": false,\n        ""horizon"": 1500,\n        ""sims_per_step"": 1,\n        ""warmup_steps"": 0\n    },\n    ""env_name"": ""AccelEnv"",\n    ""exp_tag"": ""figure_eight_0"",\n    ""initial"": {\n        ""additional_params"": {},\n        ""bunching"": 0,\n        ""edges_distribution"": ""all"",\n        ""lanes_distribution"": Infinity,\n        ""min_gap"": 0,\n        ""perturbation"": 0.0,\n        ""shuffle"": false,\n        ""spacing"": ""uniform"",\n        ""x0"": 0\n    },\n    ""net"": {\n        ""additional_params"": {\n            ""lanes"": 1,\n            ""radius_ring"": 30,\n            ""resolution"": 40,\n            ""speed_limit"": 30\n        },\n        ""inflows"": {\n            ""_InFlows__flows"": [],\n            ""num_flows"": 0\n        },\n        ""netfile"": null,\n        ""no_internal_links"": false,\n        ""osm_path"": null\n    },\n    ""scenario"": ""Figure8Scenario"",\n    ""sim"": {\n        ""emission_path"": null,\n        ""lateral_resolution"": null,\n        ""no_step_log"": true,\n        ""num_clients"": 1,\n        ""overtake_right"": false,\n        ""port"": null,\n        ""print_warnings"": true,\n        ""pxpm"": 2,\n        ""render"": false,\n        ""restart_instance"": false,\n        ""save_render"": false,\n        ""seed"": null,\n        ""show_radius"": false,\n        ""sight_radius"": 25,\n        ""sim_step"": 0.1,\n        ""teleport_time"": -1\n    },\n    ""simulator"": ""traci"",\n    ""veh"": [\n        {\n            ""acceleration_controller"": [\n                ""IDMController"",\n                {\n                    ""noise"": 0.2\n                }\n            ],\n            ""car_following_params"": {\n                ""controller_params"": {\n                    ""accel"": 1.0,\n                    ""carFollowModel"": ""IDM"",\n                    ""decel"": 1.5,\n                    ""impatience"": 0.5,\n                    ""maxSpeed"": 30,\n                    ""minGap"": 2.5,\n                    ""sigma"": 0.5,\n                    ""speedDev"": 0.1,\n                    ""speedFactor"": 1.0,\n                    ""tau"": 1.0\n                },\n                ""speed_mode"": 1\n            },\n            ""initial_speed"": 0,\n            ""lane_change_controller"": [\n                ""SimLaneChangeController"",\n                {}\n            ],\n            ""lane_change_params"": {\n                ""controller_params"": {\n                    ""laneChangeModel"": ""LC2013"",\n                    ""lcCooperative"": ""1.0"",\n                    ""lcKeepRight"": ""1.0"",\n                    ""lcSpeedGain"": ""1.0"",\n                    ""lcStrategic"": ""1.0""\n                },\n                ""lane_change_mode"": 512\n            },\n            ""num_vehicles"": 13,\n            ""routing_controller"": [\n                ""ContinuousRouter"",\n                {}\n            ],\n            ""veh_id"": ""human""\n        },\n        {\n            ""acceleration_controller"": [\n                ""RLController"",\n                {}\n            ],\n            ""car_following_params"": {\n                ""controller_params"": {\n                    ""accel"": 1.0,\n                    ""carFollowModel"": ""IDM"",\n                    ""decel"": 1.5,\n                    ""impatience"": 0.5,\n                    ""maxSpeed"": 30,\n                    ""minGap"": 2.5,\n                    ""sigma"": 0.5,\n                    ""speedDev"": 0.1,\n                    ""speedFactor"": 1.0,\n                    ""tau"": 1.0\n                },\n                ""speed_mode"": 1\n            },\n            ""initial_speed"": 0,\n            ""lane_change_controller"": [\n                ""SimLaneChangeController"",\n                {}\n            ],\n            ""lane_change_params"": {\n                ""controller_params"": {\n                    ""laneChangeModel"": ""LC2013"",\n                    ""lcCooperative"": ""1.0"",\n                    ""lcKeepRight"": ""1.0"",\n                    ""lcSpeedGain"": ""1.0"",\n                    ""lcStrategic"": ""1.0""\n                },\n                ""lane_change_mode"": 512\n            },\n            ""num_vehicles"": 1,\n            ""routing_controller"": [\n                ""ContinuousRouter"",\n                {}\n            ],\n            ""veh_id"": ""rl""\n        }\n    ]\n}'}, 'env': 'AccelEnv-v0', 'local_evaluator_tf_session_args': {'inter_op_parallelism_threads': 8, 'intra_op_parallelism_threads': 8}, 'model': {'free_log_std': False, 'custom_options': {}, 'framestack': True, 'channel_major': False, 'max_seq_len': 20, 'lstm_use_prev_action_reward': False, 'squash_to_range': False, 'dim': 84, 'grayscale': False, 'fcnet_hiddens': [100, 50, 25], 'use_lstm': False, 'custom_model': None, 'fcnet_activation': 'tanh', 'conv_filters': None, 'conv_activation': 'relu', 'lstm_cell_size': 256, 'zero_mean': True, 'custom_preprocessor': None}, 'output_compress_columns': ['obs', 'new_obs'], 'monitor': False, 'custom_resources_per_worker': {}, 'output_max_file_size': 67108864, 'num_workers': 1, 'clip_param': 0.3, 'kl_coeff': 0.2, 'multiagent': {'policy_graphs': {}, 'policy_mapping_fn': None, 'policies_to_train': None}, 'input_evaluation': None, 'output': None, 'collect_metrics_timeout': 180, 'num_cpus_per_worker': 1}",169.237.32.118,2,1395.04,9.863243579864502,"{'num_steps_sampled': 758400, 'load_time_ms': 1.248, 'default': {'kl': 0.018729615956544876, 'cur_lr': 0.0005000000237487257, 'total_loss': 0.29487496614456177, 'policy_loss': -0.02807992696762085, 'vf_explained_var': 0.9923543334007263, 'entropy': 2.458926200866699, 'cur_kl_coeff': 0.33365336060523987, 'vf_loss': 0.31670573353767395}, 'sample_time_ms': 9607.076, 'grad_time_ms': 273.879, 'update_time_ms': 4.946, 'num_steps_trained': 758400}",378.1465895790038,2019-04-02_08-55-05,kronos,71,758400,0,4691.985719919205,{},758400,474,474,4691.985719919205,454.74548102342294,1600,1554195305,{},0b32d2eec3344b1fbde4822793b2e447,69.87981902623255
False,575,"{'input': 'sampler', 'callbacks': {'on_train_result': None, 'on_sample_end': None, 'on_episode_step': None, 'on_episode_start': None, 'on_episode_end': None}, 'sample_batch_size': 200, 'clip_actions': False, 'clip_rewards': None, 'tf_session_args': {'inter_op_parallelism_threads': 2, 'intra_op_parallelism_threads': 2, 'device_count': {'CPU': 1}, 'log_device_placement': False, 'allow_soft_placement': True, 'gpu_options': {'allow_growth': True}}, 'kl_target': 0.01, 'horizon': 1500, 'lr': 0.0005, 'sample_async': False, 'simple_optimizer': False, 'compress_observations': False, 'num_envs_per_worker': 1, 'gamma': 0.99, 'sgd_minibatch_size': 128, 'observation_filter': 'NoFilter', 'entropy_coeff': 0.0, 'batch_mode': 'truncate_episodes', 'straggler_mitigation': False, 'vf_share_layers': False, 'num_gpus': 0, 'synchronize_filters': True, 'num_sgd_iter': 10, 'train_batch_size': 1500, 'optimizer': {}, 'num_gpus_per_worker': 0, 'preprocessor_pref': 'deepmind', 'num_cpus_for_driver': 1, 'lr_schedule': None, 'use_gae': True, 'lambda': 0.97, 'vf_loss_coeff': 1.0, 'vf_clip_param': 1000000.0, 'log_level': 'INFO', 'env_config': {'run': 'PPO', 'flow_params': '{\n    ""env"": {\n        ""additional_params"": {\n            ""max_accel"": 3,\n            ""max_decel"": 3,\n            ""sort_vehicles"": false,\n            ""target_velocity"": 20\n        },\n        ""evaluate"": false,\n        ""horizon"": 1500,\n        ""sims_per_step"": 1,\n        ""warmup_steps"": 0\n    },\n    ""env_name"": ""AccelEnv"",\n    ""exp_tag"": ""figure_eight_0"",\n    ""initial"": {\n        ""additional_params"": {},\n        ""bunching"": 0,\n        ""edges_distribution"": ""all"",\n        ""lanes_distribution"": Infinity,\n        ""min_gap"": 0,\n        ""perturbation"": 0.0,\n        ""shuffle"": false,\n        ""spacing"": ""uniform"",\n        ""x0"": 0\n    },\n    ""net"": {\n        ""additional_params"": {\n            ""lanes"": 1,\n            ""radius_ring"": 30,\n            ""resolution"": 40,\n            ""speed_limit"": 30\n        },\n        ""inflows"": {\n            ""_InFlows__flows"": [],\n            ""num_flows"": 0\n        },\n        ""netfile"": null,\n        ""no_internal_links"": false,\n        ""osm_path"": null\n    },\n    ""scenario"": ""Figure8Scenario"",\n    ""sim"": {\n        ""emission_path"": null,\n        ""lateral_resolution"": null,\n        ""no_step_log"": true,\n        ""num_clients"": 1,\n        ""overtake_right"": false,\n        ""port"": null,\n        ""print_warnings"": true,\n        ""pxpm"": 2,\n        ""render"": false,\n        ""restart_instance"": false,\n        ""save_render"": false,\n        ""seed"": null,\n        ""show_radius"": false,\n        ""sight_radius"": 25,\n        ""sim_step"": 0.1,\n        ""teleport_time"": -1\n    },\n    ""simulator"": ""traci"",\n    ""veh"": [\n        {\n            ""acceleration_controller"": [\n                ""IDMController"",\n                {\n                    ""noise"": 0.2\n                }\n            ],\n            ""car_following_params"": {\n                ""controller_params"": {\n                    ""accel"": 1.0,\n                    ""carFollowModel"": ""IDM"",\n                    ""decel"": 1.5,\n                    ""impatience"": 0.5,\n                    ""maxSpeed"": 30,\n                    ""minGap"": 2.5,\n                    ""sigma"": 0.5,\n                    ""speedDev"": 0.1,\n                    ""speedFactor"": 1.0,\n                    ""tau"": 1.0\n                },\n                ""speed_mode"": 1\n            },\n            ""initial_speed"": 0,\n            ""lane_change_controller"": [\n                ""SimLaneChangeController"",\n                {}\n            ],\n            ""lane_change_params"": {\n                ""controller_params"": {\n                    ""laneChangeModel"": ""LC2013"",\n                    ""lcCooperative"": ""1.0"",\n                    ""lcKeepRight"": ""1.0"",\n                    ""lcSpeedGain"": ""1.0"",\n                    ""lcStrategic"": ""1.0""\n                },\n                ""lane_change_mode"": 512\n            },\n            ""num_vehicles"": 13,\n            ""routing_controller"": [\n                ""ContinuousRouter"",\n                {}\n            ],\n            ""veh_id"": ""human""\n        },\n        {\n            ""acceleration_controller"": [\n                ""RLController"",\n                {}\n            ],\n            ""car_following_params"": {\n                ""controller_params"": {\n                    ""accel"": 1.0,\n                    ""carFollowModel"": ""IDM"",\n                    ""decel"": 1.5,\n                    ""impatience"": 0.5,\n                    ""maxSpeed"": 30,\n                    ""minGap"": 2.5,\n                    ""sigma"": 0.5,\n                    ""speedDev"": 0.1,\n                    ""speedFactor"": 1.0,\n                    ""tau"": 1.0\n                },\n                ""speed_mode"": 1\n            },\n            ""initial_speed"": 0,\n            ""lane_change_controller"": [\n                ""SimLaneChangeController"",\n                {}\n            ],\n            ""lane_change_params"": {\n                ""controller_params"": {\n                    ""laneChangeModel"": ""LC2013"",\n                    ""lcCooperative"": ""1.0"",\n                    ""lcKeepRight"": ""1.0"",\n                    ""lcSpeedGain"": ""1.0"",\n                    ""lcStrategic"": ""1.0""\n                },\n                ""lane_change_mode"": 512\n            },\n            ""num_vehicles"": 1,\n            ""routing_controller"": [\n                ""ContinuousRouter"",\n                {}\n            ],\n            ""veh_id"": ""rl""\n        }\n    ]\n}'}, 'env': 'AccelEnv-v0', 'local_evaluator_tf_session_args': {'inter_op_parallelism_threads': 8, 'intra_op_parallelism_threads': 8}, 'model': {'free_log_std': False, 'custom_options': {}, 'framestack': True, 'channel_major': False, 'max_seq_len': 20, 'lstm_use_prev_action_reward': False, 'squash_to_range': False, 'dim': 84, 'grayscale': False, 'fcnet_hiddens': [100, 50, 25], 'use_lstm': False, 'custom_model': None, 'fcnet_activation': 'tanh', 'conv_filters': None, 'conv_activation': 'relu', 'lstm_cell_size': 256, 'zero_mean': True, 'custom_preprocessor': None}, 'output_compress_columns': ['obs', 'new_obs'], 'monitor': False, 'custom_resources_per_worker': {}, 'output_max_file_size': 67108864, 'num_workers': 1, 'clip_param': 0.3, 'kl_coeff': 0.2, 'multiagent': {'policy_graphs': {}, 'policy_mapping_fn': None, 'policies_to_train': None}, 'input_evaluation': None, 'output': None, 'collect_metrics_timeout': 180, 'num_cpus_per_worker': 1}",169.237.32.118,2,1377.52,9.833396434783936,"{'num_steps_sampled': 760000, 'load_time_ms': 1.188, 'default': {'kl': 0.020094169303774834, 'cur_lr': 0.0005000000237487257, 'total_loss': 0.9638991951942444, 'policy_loss': -0.02528671734035015, 'vf_explained_var': 0.9771228432655334, 'entropy': 2.530625343322754, 'cur_kl_coeff': 0.33365336060523987, 'vf_loss': 0.9824814796447754}, 'sample_time_ms': 9595.425, 'grad_time_ms': 274.195, 'update_time_ms': 4.972, 'num_steps_trained': 760000}",373.70963195385184,2019-04-02_08-55-15,kronos,71,760000,0,4701.819116353989,{},760000,475,475,4701.819116353989,454.74548102342294,1600,1554195315,{},0b32d2eec3344b1fbde4822793b2e447,69.87981902623255
False,576,"{'input': 'sampler', 'callbacks': {'on_train_result': None, 'on_sample_end': None, 'on_episode_step': None, 'on_episode_start': None, 'on_episode_end': None}, 'sample_batch_size': 200, 'clip_actions': False, 'clip_rewards': None, 'tf_session_args': {'inter_op_parallelism_threads': 2, 'intra_op_parallelism_threads': 2, 'device_count': {'CPU': 1}, 'log_device_placement': False, 'allow_soft_placement': True, 'gpu_options': {'allow_growth': True}}, 'kl_target': 0.01, 'horizon': 1500, 'lr': 0.0005, 'sample_async': False, 'simple_optimizer': False, 'compress_observations': False, 'num_envs_per_worker': 1, 'gamma': 0.99, 'sgd_minibatch_size': 128, 'observation_filter': 'NoFilter', 'entropy_coeff': 0.0, 'batch_mode': 'truncate_episodes', 'straggler_mitigation': False, 'vf_share_layers': False, 'num_gpus': 0, 'synchronize_filters': True, 'num_sgd_iter': 10, 'train_batch_size': 1500, 'optimizer': {}, 'num_gpus_per_worker': 0, 'preprocessor_pref': 'deepmind', 'num_cpus_for_driver': 1, 'lr_schedule': None, 'use_gae': True, 'lambda': 0.97, 'vf_loss_coeff': 1.0, 'vf_clip_param': 1000000.0, 'log_level': 'INFO', 'env_config': {'run': 'PPO', 'flow_params': '{\n    ""env"": {\n        ""additional_params"": {\n            ""max_accel"": 3,\n            ""max_decel"": 3,\n            ""sort_vehicles"": false,\n            ""target_velocity"": 20\n        },\n        ""evaluate"": false,\n        ""horizon"": 1500,\n        ""sims_per_step"": 1,\n        ""warmup_steps"": 0\n    },\n    ""env_name"": ""AccelEnv"",\n    ""exp_tag"": ""figure_eight_0"",\n    ""initial"": {\n        ""additional_params"": {},\n        ""bunching"": 0,\n        ""edges_distribution"": ""all"",\n        ""lanes_distribution"": Infinity,\n        ""min_gap"": 0,\n        ""perturbation"": 0.0,\n        ""shuffle"": false,\n        ""spacing"": ""uniform"",\n        ""x0"": 0\n    },\n    ""net"": {\n        ""additional_params"": {\n            ""lanes"": 1,\n            ""radius_ring"": 30,\n            ""resolution"": 40,\n            ""speed_limit"": 30\n        },\n        ""inflows"": {\n            ""_InFlows__flows"": [],\n            ""num_flows"": 0\n        },\n        ""netfile"": null,\n        ""no_internal_links"": false,\n        ""osm_path"": null\n    },\n    ""scenario"": ""Figure8Scenario"",\n    ""sim"": {\n        ""emission_path"": null,\n        ""lateral_resolution"": null,\n        ""no_step_log"": true,\n        ""num_clients"": 1,\n        ""overtake_right"": false,\n        ""port"": null,\n        ""print_warnings"": true,\n        ""pxpm"": 2,\n        ""render"": false,\n        ""restart_instance"": false,\n        ""save_render"": false,\n        ""seed"": null,\n        ""show_radius"": false,\n        ""sight_radius"": 25,\n        ""sim_step"": 0.1,\n        ""teleport_time"": -1\n    },\n    ""simulator"": ""traci"",\n    ""veh"": [\n        {\n            ""acceleration_controller"": [\n                ""IDMController"",\n                {\n                    ""noise"": 0.2\n                }\n            ],\n            ""car_following_params"": {\n                ""controller_params"": {\n                    ""accel"": 1.0,\n                    ""carFollowModel"": ""IDM"",\n                    ""decel"": 1.5,\n                    ""impatience"": 0.5,\n                    ""maxSpeed"": 30,\n                    ""minGap"": 2.5,\n                    ""sigma"": 0.5,\n                    ""speedDev"": 0.1,\n                    ""speedFactor"": 1.0,\n                    ""tau"": 1.0\n                },\n                ""speed_mode"": 1\n            },\n            ""initial_speed"": 0,\n            ""lane_change_controller"": [\n                ""SimLaneChangeController"",\n                {}\n            ],\n            ""lane_change_params"": {\n                ""controller_params"": {\n                    ""laneChangeModel"": ""LC2013"",\n                    ""lcCooperative"": ""1.0"",\n                    ""lcKeepRight"": ""1.0"",\n                    ""lcSpeedGain"": ""1.0"",\n                    ""lcStrategic"": ""1.0""\n                },\n                ""lane_change_mode"": 512\n            },\n            ""num_vehicles"": 13,\n            ""routing_controller"": [\n                ""ContinuousRouter"",\n                {}\n            ],\n            ""veh_id"": ""human""\n        },\n        {\n            ""acceleration_controller"": [\n                ""RLController"",\n                {}\n            ],\n            ""car_following_params"": {\n                ""controller_params"": {\n                    ""accel"": 1.0,\n                    ""carFollowModel"": ""IDM"",\n                    ""decel"": 1.5,\n                    ""impatience"": 0.5,\n                    ""maxSpeed"": 30,\n                    ""minGap"": 2.5,\n                    ""sigma"": 0.5,\n                    ""speedDev"": 0.1,\n                    ""speedFactor"": 1.0,\n                    ""tau"": 1.0\n                },\n                ""speed_mode"": 1\n            },\n            ""initial_speed"": 0,\n            ""lane_change_controller"": [\n                ""SimLaneChangeController"",\n                {}\n            ],\n            ""lane_change_params"": {\n                ""controller_params"": {\n                    ""laneChangeModel"": ""LC2013"",\n                    ""lcCooperative"": ""1.0"",\n                    ""lcKeepRight"": ""1.0"",\n                    ""lcSpeedGain"": ""1.0"",\n                    ""lcStrategic"": ""1.0""\n                },\n                ""lane_change_mode"": 512\n            },\n            ""num_vehicles"": 1,\n            ""routing_controller"": [\n                ""ContinuousRouter"",\n                {}\n            ],\n            ""veh_id"": ""rl""\n        }\n    ]\n}'}, 'env': 'AccelEnv-v0', 'local_evaluator_tf_session_args': {'inter_op_parallelism_threads': 8, 'intra_op_parallelism_threads': 8}, 'model': {'free_log_std': False, 'custom_options': {}, 'framestack': True, 'channel_major': False, 'max_seq_len': 20, 'lstm_use_prev_action_reward': False, 'squash_to_range': False, 'dim': 84, 'grayscale': False, 'fcnet_hiddens': [100, 50, 25], 'use_lstm': False, 'custom_model': None, 'fcnet_activation': 'tanh', 'conv_filters': None, 'conv_activation': 'relu', 'lstm_cell_size': 256, 'zero_mean': True, 'custom_preprocessor': None}, 'output_compress_columns': ['obs', 'new_obs'], 'monitor': False, 'custom_resources_per_worker': {}, 'output_max_file_size': 67108864, 'num_workers': 1, 'clip_param': 0.3, 'kl_coeff': 0.2, 'multiagent': {'policy_graphs': {}, 'policy_mapping_fn': None, 'policies_to_train': None}, 'input_evaluation': None, 'output': None, 'collect_metrics_timeout': 180, 'num_cpus_per_worker': 1}",169.237.32.118,1,1388.51,9.958194971084595,"{'num_steps_sampled': 761600, 'load_time_ms': 1.152, 'default': {'kl': 0.016955554485321045, 'cur_lr': 0.0005000000237487257, 'total_loss': 0.3107795715332031, 'policy_loss': -0.03149179369211197, 'vf_explained_var': 0.9941475987434387, 'entropy': 2.4912943840026855, 'cur_kl_coeff': 0.5004801154136658, 'vf_loss': 0.33378541469573975}, 'sample_time_ms': 9598.357, 'grad_time_ms': 271.995, 'update_time_ms': 5.086, 'num_steps_trained': 761600}",377.13235359030085,2019-04-02_08-55-25,kronos,71,761600,0,4711.777311325073,{},761600,476,476,4711.777311325073,454.74548102342294,1600,1554195325,{},0b32d2eec3344b1fbde4822793b2e447,69.87981902623255
False,577,"{'input': 'sampler', 'callbacks': {'on_train_result': None, 'on_sample_end': None, 'on_episode_step': None, 'on_episode_start': None, 'on_episode_end': None}, 'sample_batch_size': 200, 'clip_actions': False, 'clip_rewards': None, 'tf_session_args': {'inter_op_parallelism_threads': 2, 'intra_op_parallelism_threads': 2, 'device_count': {'CPU': 1}, 'log_device_placement': False, 'allow_soft_placement': True, 'gpu_options': {'allow_growth': True}}, 'kl_target': 0.01, 'horizon': 1500, 'lr': 0.0005, 'sample_async': False, 'simple_optimizer': False, 'compress_observations': False, 'num_envs_per_worker': 1, 'gamma': 0.99, 'sgd_minibatch_size': 128, 'observation_filter': 'NoFilter', 'entropy_coeff': 0.0, 'batch_mode': 'truncate_episodes', 'straggler_mitigation': False, 'vf_share_layers': False, 'num_gpus': 0, 'synchronize_filters': True, 'num_sgd_iter': 10, 'train_batch_size': 1500, 'optimizer': {}, 'num_gpus_per_worker': 0, 'preprocessor_pref': 'deepmind', 'num_cpus_for_driver': 1, 'lr_schedule': None, 'use_gae': True, 'lambda': 0.97, 'vf_loss_coeff': 1.0, 'vf_clip_param': 1000000.0, 'log_level': 'INFO', 'env_config': {'run': 'PPO', 'flow_params': '{\n    ""env"": {\n        ""additional_params"": {\n            ""max_accel"": 3,\n            ""max_decel"": 3,\n            ""sort_vehicles"": false,\n            ""target_velocity"": 20\n        },\n        ""evaluate"": false,\n        ""horizon"": 1500,\n        ""sims_per_step"": 1,\n        ""warmup_steps"": 0\n    },\n    ""env_name"": ""AccelEnv"",\n    ""exp_tag"": ""figure_eight_0"",\n    ""initial"": {\n        ""additional_params"": {},\n        ""bunching"": 0,\n        ""edges_distribution"": ""all"",\n        ""lanes_distribution"": Infinity,\n        ""min_gap"": 0,\n        ""perturbation"": 0.0,\n        ""shuffle"": false,\n        ""spacing"": ""uniform"",\n        ""x0"": 0\n    },\n    ""net"": {\n        ""additional_params"": {\n            ""lanes"": 1,\n            ""radius_ring"": 30,\n            ""resolution"": 40,\n            ""speed_limit"": 30\n        },\n        ""inflows"": {\n            ""_InFlows__flows"": [],\n            ""num_flows"": 0\n        },\n        ""netfile"": null,\n        ""no_internal_links"": false,\n        ""osm_path"": null\n    },\n    ""scenario"": ""Figure8Scenario"",\n    ""sim"": {\n        ""emission_path"": null,\n        ""lateral_resolution"": null,\n        ""no_step_log"": true,\n        ""num_clients"": 1,\n        ""overtake_right"": false,\n        ""port"": null,\n        ""print_warnings"": true,\n        ""pxpm"": 2,\n        ""render"": false,\n        ""restart_instance"": false,\n        ""save_render"": false,\n        ""seed"": null,\n        ""show_radius"": false,\n        ""sight_radius"": 25,\n        ""sim_step"": 0.1,\n        ""teleport_time"": -1\n    },\n    ""simulator"": ""traci"",\n    ""veh"": [\n        {\n            ""acceleration_controller"": [\n                ""IDMController"",\n                {\n                    ""noise"": 0.2\n                }\n            ],\n            ""car_following_params"": {\n                ""controller_params"": {\n                    ""accel"": 1.0,\n                    ""carFollowModel"": ""IDM"",\n                    ""decel"": 1.5,\n                    ""impatience"": 0.5,\n                    ""maxSpeed"": 30,\n                    ""minGap"": 2.5,\n                    ""sigma"": 0.5,\n                    ""speedDev"": 0.1,\n                    ""speedFactor"": 1.0,\n                    ""tau"": 1.0\n                },\n                ""speed_mode"": 1\n            },\n            ""initial_speed"": 0,\n            ""lane_change_controller"": [\n                ""SimLaneChangeController"",\n                {}\n            ],\n            ""lane_change_params"": {\n                ""controller_params"": {\n                    ""laneChangeModel"": ""LC2013"",\n                    ""lcCooperative"": ""1.0"",\n                    ""lcKeepRight"": ""1.0"",\n                    ""lcSpeedGain"": ""1.0"",\n                    ""lcStrategic"": ""1.0""\n                },\n                ""lane_change_mode"": 512\n            },\n            ""num_vehicles"": 13,\n            ""routing_controller"": [\n                ""ContinuousRouter"",\n                {}\n            ],\n            ""veh_id"": ""human""\n        },\n        {\n            ""acceleration_controller"": [\n                ""RLController"",\n                {}\n            ],\n            ""car_following_params"": {\n                ""controller_params"": {\n                    ""accel"": 1.0,\n                    ""carFollowModel"": ""IDM"",\n                    ""decel"": 1.5,\n                    ""impatience"": 0.5,\n                    ""maxSpeed"": 30,\n                    ""minGap"": 2.5,\n                    ""sigma"": 0.5,\n                    ""speedDev"": 0.1,\n                    ""speedFactor"": 1.0,\n                    ""tau"": 1.0\n                },\n                ""speed_mode"": 1\n            },\n            ""initial_speed"": 0,\n            ""lane_change_controller"": [\n                ""SimLaneChangeController"",\n                {}\n            ],\n            ""lane_change_params"": {\n                ""controller_params"": {\n                    ""laneChangeModel"": ""LC2013"",\n                    ""lcCooperative"": ""1.0"",\n                    ""lcKeepRight"": ""1.0"",\n                    ""lcSpeedGain"": ""1.0"",\n                    ""lcStrategic"": ""1.0""\n                },\n                ""lane_change_mode"": 512\n            },\n            ""num_vehicles"": 1,\n            ""routing_controller"": [\n                ""ContinuousRouter"",\n                {}\n            ],\n            ""veh_id"": ""rl""\n        }\n    ]\n}'}, 'env': 'AccelEnv-v0', 'local_evaluator_tf_session_args': {'inter_op_parallelism_threads': 8, 'intra_op_parallelism_threads': 8}, 'model': {'free_log_std': False, 'custom_options': {}, 'framestack': True, 'channel_major': False, 'max_seq_len': 20, 'lstm_use_prev_action_reward': False, 'squash_to_range': False, 'dim': 84, 'grayscale': False, 'fcnet_hiddens': [100, 50, 25], 'use_lstm': False, 'custom_model': None, 'fcnet_activation': 'tanh', 'conv_filters': None, 'conv_activation': 'relu', 'lstm_cell_size': 256, 'zero_mean': True, 'custom_preprocessor': None}, 'output_compress_columns': ['obs', 'new_obs'], 'monitor': False, 'custom_resources_per_worker': {}, 'output_max_file_size': 67108864, 'num_workers': 1, 'clip_param': 0.3, 'kl_coeff': 0.2, 'multiagent': {'policy_graphs': {}, 'policy_mapping_fn': None, 'policies_to_train': None}, 'input_evaluation': None, 'output': None, 'collect_metrics_timeout': 180, 'num_cpus_per_worker': 1}",169.237.32.118,1,1400.38,9.757584810256958,"{'num_steps_sampled': 763200, 'load_time_ms': 1.134, 'default': {'kl': 0.0155131621286273, 'cur_lr': 0.0005000000237487257, 'total_loss': 1.9368810653686523, 'policy_loss': -0.026731906458735466, 'vf_explained_var': 0.9246782660484314, 'entropy': 2.3056271076202393, 'cur_kl_coeff': 0.5004801154136658, 'vf_loss': 1.955849289894104}, 'sample_time_ms': 9590.415, 'grad_time_ms': 274.004, 'update_time_ms': 5.31, 'num_steps_trained': 763200}",380.29114391448473,2019-04-02_08-55-35,kronos,71,763200,0,4721.53489613533,{},763200,477,477,4721.53489613533,454.74548102342294,1600,1554195335,{},0b32d2eec3344b1fbde4822793b2e447,69.87981902623255
False,578,"{'input': 'sampler', 'callbacks': {'on_train_result': None, 'on_sample_end': None, 'on_episode_step': None, 'on_episode_start': None, 'on_episode_end': None}, 'sample_batch_size': 200, 'clip_actions': False, 'clip_rewards': None, 'tf_session_args': {'inter_op_parallelism_threads': 2, 'intra_op_parallelism_threads': 2, 'device_count': {'CPU': 1}, 'log_device_placement': False, 'allow_soft_placement': True, 'gpu_options': {'allow_growth': True}}, 'kl_target': 0.01, 'horizon': 1500, 'lr': 0.0005, 'sample_async': False, 'simple_optimizer': False, 'compress_observations': False, 'num_envs_per_worker': 1, 'gamma': 0.99, 'sgd_minibatch_size': 128, 'observation_filter': 'NoFilter', 'entropy_coeff': 0.0, 'batch_mode': 'truncate_episodes', 'straggler_mitigation': False, 'vf_share_layers': False, 'num_gpus': 0, 'synchronize_filters': True, 'num_sgd_iter': 10, 'train_batch_size': 1500, 'optimizer': {}, 'num_gpus_per_worker': 0, 'preprocessor_pref': 'deepmind', 'num_cpus_for_driver': 1, 'lr_schedule': None, 'use_gae': True, 'lambda': 0.97, 'vf_loss_coeff': 1.0, 'vf_clip_param': 1000000.0, 'log_level': 'INFO', 'env_config': {'run': 'PPO', 'flow_params': '{\n    ""env"": {\n        ""additional_params"": {\n            ""max_accel"": 3,\n            ""max_decel"": 3,\n            ""sort_vehicles"": false,\n            ""target_velocity"": 20\n        },\n        ""evaluate"": false,\n        ""horizon"": 1500,\n        ""sims_per_step"": 1,\n        ""warmup_steps"": 0\n    },\n    ""env_name"": ""AccelEnv"",\n    ""exp_tag"": ""figure_eight_0"",\n    ""initial"": {\n        ""additional_params"": {},\n        ""bunching"": 0,\n        ""edges_distribution"": ""all"",\n        ""lanes_distribution"": Infinity,\n        ""min_gap"": 0,\n        ""perturbation"": 0.0,\n        ""shuffle"": false,\n        ""spacing"": ""uniform"",\n        ""x0"": 0\n    },\n    ""net"": {\n        ""additional_params"": {\n            ""lanes"": 1,\n            ""radius_ring"": 30,\n            ""resolution"": 40,\n            ""speed_limit"": 30\n        },\n        ""inflows"": {\n            ""_InFlows__flows"": [],\n            ""num_flows"": 0\n        },\n        ""netfile"": null,\n        ""no_internal_links"": false,\n        ""osm_path"": null\n    },\n    ""scenario"": ""Figure8Scenario"",\n    ""sim"": {\n        ""emission_path"": null,\n        ""lateral_resolution"": null,\n        ""no_step_log"": true,\n        ""num_clients"": 1,\n        ""overtake_right"": false,\n        ""port"": null,\n        ""print_warnings"": true,\n        ""pxpm"": 2,\n        ""render"": false,\n        ""restart_instance"": false,\n        ""save_render"": false,\n        ""seed"": null,\n        ""show_radius"": false,\n        ""sight_radius"": 25,\n        ""sim_step"": 0.1,\n        ""teleport_time"": -1\n    },\n    ""simulator"": ""traci"",\n    ""veh"": [\n        {\n            ""acceleration_controller"": [\n                ""IDMController"",\n                {\n                    ""noise"": 0.2\n                }\n            ],\n            ""car_following_params"": {\n                ""controller_params"": {\n                    ""accel"": 1.0,\n                    ""carFollowModel"": ""IDM"",\n                    ""decel"": 1.5,\n                    ""impatience"": 0.5,\n                    ""maxSpeed"": 30,\n                    ""minGap"": 2.5,\n                    ""sigma"": 0.5,\n                    ""speedDev"": 0.1,\n                    ""speedFactor"": 1.0,\n                    ""tau"": 1.0\n                },\n                ""speed_mode"": 1\n            },\n            ""initial_speed"": 0,\n            ""lane_change_controller"": [\n                ""SimLaneChangeController"",\n                {}\n            ],\n            ""lane_change_params"": {\n                ""controller_params"": {\n                    ""laneChangeModel"": ""LC2013"",\n                    ""lcCooperative"": ""1.0"",\n                    ""lcKeepRight"": ""1.0"",\n                    ""lcSpeedGain"": ""1.0"",\n                    ""lcStrategic"": ""1.0""\n                },\n                ""lane_change_mode"": 512\n            },\n            ""num_vehicles"": 13,\n            ""routing_controller"": [\n                ""ContinuousRouter"",\n                {}\n            ],\n            ""veh_id"": ""human""\n        },\n        {\n            ""acceleration_controller"": [\n                ""RLController"",\n                {}\n            ],\n            ""car_following_params"": {\n                ""controller_params"": {\n                    ""accel"": 1.0,\n                    ""carFollowModel"": ""IDM"",\n                    ""decel"": 1.5,\n                    ""impatience"": 0.5,\n                    ""maxSpeed"": 30,\n                    ""minGap"": 2.5,\n                    ""sigma"": 0.5,\n                    ""speedDev"": 0.1,\n                    ""speedFactor"": 1.0,\n                    ""tau"": 1.0\n                },\n                ""speed_mode"": 1\n            },\n            ""initial_speed"": 0,\n            ""lane_change_controller"": [\n                ""SimLaneChangeController"",\n                {}\n            ],\n            ""lane_change_params"": {\n                ""controller_params"": {\n                    ""laneChangeModel"": ""LC2013"",\n                    ""lcCooperative"": ""1.0"",\n                    ""lcKeepRight"": ""1.0"",\n                    ""lcSpeedGain"": ""1.0"",\n                    ""lcStrategic"": ""1.0""\n                },\n                ""lane_change_mode"": 512\n            },\n            ""num_vehicles"": 1,\n            ""routing_controller"": [\n                ""ContinuousRouter"",\n                {}\n            ],\n            ""veh_id"": ""rl""\n        }\n    ]\n}'}, 'env': 'AccelEnv-v0', 'local_evaluator_tf_session_args': {'inter_op_parallelism_threads': 8, 'intra_op_parallelism_threads': 8}, 'model': {'free_log_std': False, 'custom_options': {}, 'framestack': True, 'channel_major': False, 'max_seq_len': 20, 'lstm_use_prev_action_reward': False, 'squash_to_range': False, 'dim': 84, 'grayscale': False, 'fcnet_hiddens': [100, 50, 25], 'use_lstm': False, 'custom_model': None, 'fcnet_activation': 'tanh', 'conv_filters': None, 'conv_activation': 'relu', 'lstm_cell_size': 256, 'zero_mean': True, 'custom_preprocessor': None}, 'output_compress_columns': ['obs', 'new_obs'], 'monitor': False, 'custom_resources_per_worker': {}, 'output_max_file_size': 67108864, 'num_workers': 1, 'clip_param': 0.3, 'kl_coeff': 0.2, 'multiagent': {'policy_graphs': {}, 'policy_mapping_fn': None, 'policies_to_train': None}, 'input_evaluation': None, 'output': None, 'collect_metrics_timeout': 180, 'num_cpus_per_worker': 1}",169.237.32.118,1,1400.38,9.903773784637451,"{'num_steps_sampled': 764800, 'load_time_ms': 1.128, 'default': {'kl': 0.008961315266788006, 'cur_lr': 0.0005000000237487257, 'total_loss': 0.803023636341095, 'policy_loss': -0.00959280040115118, 'vf_explained_var': 0.9873571991920471, 'entropy': 2.477979898452759, 'cur_kl_coeff': 0.5004801154136658, 'vf_loss': 0.8081315159797668}, 'sample_time_ms': 9598.336, 'grad_time_ms': 275.063, 'update_time_ms': 5.072, 'num_steps_trained': 764800}",380.5165050709857,2019-04-02_08-55-45,kronos,71,764800,0,4731.438669919968,{},764800,478,478,4731.438669919968,454.74548102342294,1600,1554195345,{},0b32d2eec3344b1fbde4822793b2e447,69.87981902623255
False,579,"{'input': 'sampler', 'callbacks': {'on_train_result': None, 'on_sample_end': None, 'on_episode_step': None, 'on_episode_start': None, 'on_episode_end': None}, 'sample_batch_size': 200, 'clip_actions': False, 'clip_rewards': None, 'tf_session_args': {'inter_op_parallelism_threads': 2, 'intra_op_parallelism_threads': 2, 'device_count': {'CPU': 1}, 'log_device_placement': False, 'allow_soft_placement': True, 'gpu_options': {'allow_growth': True}}, 'kl_target': 0.01, 'horizon': 1500, 'lr': 0.0005, 'sample_async': False, 'simple_optimizer': False, 'compress_observations': False, 'num_envs_per_worker': 1, 'gamma': 0.99, 'sgd_minibatch_size': 128, 'observation_filter': 'NoFilter', 'entropy_coeff': 0.0, 'batch_mode': 'truncate_episodes', 'straggler_mitigation': False, 'vf_share_layers': False, 'num_gpus': 0, 'synchronize_filters': True, 'num_sgd_iter': 10, 'train_batch_size': 1500, 'optimizer': {}, 'num_gpus_per_worker': 0, 'preprocessor_pref': 'deepmind', 'num_cpus_for_driver': 1, 'lr_schedule': None, 'use_gae': True, 'lambda': 0.97, 'vf_loss_coeff': 1.0, 'vf_clip_param': 1000000.0, 'log_level': 'INFO', 'env_config': {'run': 'PPO', 'flow_params': '{\n    ""env"": {\n        ""additional_params"": {\n            ""max_accel"": 3,\n            ""max_decel"": 3,\n            ""sort_vehicles"": false,\n            ""target_velocity"": 20\n        },\n        ""evaluate"": false,\n        ""horizon"": 1500,\n        ""sims_per_step"": 1,\n        ""warmup_steps"": 0\n    },\n    ""env_name"": ""AccelEnv"",\n    ""exp_tag"": ""figure_eight_0"",\n    ""initial"": {\n        ""additional_params"": {},\n        ""bunching"": 0,\n        ""edges_distribution"": ""all"",\n        ""lanes_distribution"": Infinity,\n        ""min_gap"": 0,\n        ""perturbation"": 0.0,\n        ""shuffle"": false,\n        ""spacing"": ""uniform"",\n        ""x0"": 0\n    },\n    ""net"": {\n        ""additional_params"": {\n            ""lanes"": 1,\n            ""radius_ring"": 30,\n            ""resolution"": 40,\n            ""speed_limit"": 30\n        },\n        ""inflows"": {\n            ""_InFlows__flows"": [],\n            ""num_flows"": 0\n        },\n        ""netfile"": null,\n        ""no_internal_links"": false,\n        ""osm_path"": null\n    },\n    ""scenario"": ""Figure8Scenario"",\n    ""sim"": {\n        ""emission_path"": null,\n        ""lateral_resolution"": null,\n        ""no_step_log"": true,\n        ""num_clients"": 1,\n        ""overtake_right"": false,\n        ""port"": null,\n        ""print_warnings"": true,\n        ""pxpm"": 2,\n        ""render"": false,\n        ""restart_instance"": false,\n        ""save_render"": false,\n        ""seed"": null,\n        ""show_radius"": false,\n        ""sight_radius"": 25,\n        ""sim_step"": 0.1,\n        ""teleport_time"": -1\n    },\n    ""simulator"": ""traci"",\n    ""veh"": [\n        {\n            ""acceleration_controller"": [\n                ""IDMController"",\n                {\n                    ""noise"": 0.2\n                }\n            ],\n            ""car_following_params"": {\n                ""controller_params"": {\n                    ""accel"": 1.0,\n                    ""carFollowModel"": ""IDM"",\n                    ""decel"": 1.5,\n                    ""impatience"": 0.5,\n                    ""maxSpeed"": 30,\n                    ""minGap"": 2.5,\n                    ""sigma"": 0.5,\n                    ""speedDev"": 0.1,\n                    ""speedFactor"": 1.0,\n                    ""tau"": 1.0\n                },\n                ""speed_mode"": 1\n            },\n            ""initial_speed"": 0,\n            ""lane_change_controller"": [\n                ""SimLaneChangeController"",\n                {}\n            ],\n            ""lane_change_params"": {\n                ""controller_params"": {\n                    ""laneChangeModel"": ""LC2013"",\n                    ""lcCooperative"": ""1.0"",\n                    ""lcKeepRight"": ""1.0"",\n                    ""lcSpeedGain"": ""1.0"",\n                    ""lcStrategic"": ""1.0""\n                },\n                ""lane_change_mode"": 512\n            },\n            ""num_vehicles"": 13,\n            ""routing_controller"": [\n                ""ContinuousRouter"",\n                {}\n            ],\n            ""veh_id"": ""human""\n        },\n        {\n            ""acceleration_controller"": [\n                ""RLController"",\n                {}\n            ],\n            ""car_following_params"": {\n                ""controller_params"": {\n                    ""accel"": 1.0,\n                    ""carFollowModel"": ""IDM"",\n                    ""decel"": 1.5,\n                    ""impatience"": 0.5,\n                    ""maxSpeed"": 30,\n                    ""minGap"": 2.5,\n                    ""sigma"": 0.5,\n                    ""speedDev"": 0.1,\n                    ""speedFactor"": 1.0,\n                    ""tau"": 1.0\n                },\n                ""speed_mode"": 1\n            },\n            ""initial_speed"": 0,\n            ""lane_change_controller"": [\n                ""SimLaneChangeController"",\n                {}\n            ],\n            ""lane_change_params"": {\n                ""controller_params"": {\n                    ""laneChangeModel"": ""LC2013"",\n                    ""lcCooperative"": ""1.0"",\n                    ""lcKeepRight"": ""1.0"",\n                    ""lcSpeedGain"": ""1.0"",\n                    ""lcStrategic"": ""1.0""\n                },\n                ""lane_change_mode"": 512\n            },\n            ""num_vehicles"": 1,\n            ""routing_controller"": [\n                ""ContinuousRouter"",\n                {}\n            ],\n            ""veh_id"": ""rl""\n        }\n    ]\n}'}, 'env': 'AccelEnv-v0', 'local_evaluator_tf_session_args': {'inter_op_parallelism_threads': 8, 'intra_op_parallelism_threads': 8}, 'model': {'free_log_std': False, 'custom_options': {}, 'framestack': True, 'channel_major': False, 'max_seq_len': 20, 'lstm_use_prev_action_reward': False, 'squash_to_range': False, 'dim': 84, 'grayscale': False, 'fcnet_hiddens': [100, 50, 25], 'use_lstm': False, 'custom_model': None, 'fcnet_activation': 'tanh', 'conv_filters': None, 'conv_activation': 'relu', 'lstm_cell_size': 256, 'zero_mean': True, 'custom_preprocessor': None}, 'output_compress_columns': ['obs', 'new_obs'], 'monitor': False, 'custom_resources_per_worker': {}, 'output_max_file_size': 67108864, 'num_workers': 1, 'clip_param': 0.3, 'kl_coeff': 0.2, 'multiagent': {'policy_graphs': {}, 'policy_mapping_fn': None, 'policies_to_train': None}, 'input_evaluation': None, 'output': None, 'collect_metrics_timeout': 180, 'num_cpus_per_worker': 1}",169.237.32.118,1,1400.38,9.845638751983643,"{'num_steps_sampled': 766400, 'load_time_ms': 1.166, 'default': {'kl': 0.010131962597370148, 'cur_lr': 0.0005000000237487257, 'total_loss': 0.5770208239555359, 'policy_loss': -0.011012650094926357, 'vf_explained_var': 0.9890807271003723, 'entropy': 2.3861515522003174, 'cur_kl_coeff': 0.5004801154136658, 'vf_loss': 0.582962691783905}, 'sample_time_ms': 9597.107, 'grad_time_ms': 274.978, 'update_time_ms': 5.032, 'num_steps_trained': 766400}",380.35407088364474,2019-04-02_08-55-55,kronos,71,766400,0,4741.284308671951,{},766400,479,479,4741.284308671951,454.74548102342294,1600,1554195355,{},0b32d2eec3344b1fbde4822793b2e447,69.87981902623255
False,580,"{'input': 'sampler', 'callbacks': {'on_train_result': None, 'on_sample_end': None, 'on_episode_step': None, 'on_episode_start': None, 'on_episode_end': None}, 'sample_batch_size': 200, 'clip_actions': False, 'clip_rewards': None, 'tf_session_args': {'inter_op_parallelism_threads': 2, 'intra_op_parallelism_threads': 2, 'device_count': {'CPU': 1}, 'log_device_placement': False, 'allow_soft_placement': True, 'gpu_options': {'allow_growth': True}}, 'kl_target': 0.01, 'horizon': 1500, 'lr': 0.0005, 'sample_async': False, 'simple_optimizer': False, 'compress_observations': False, 'num_envs_per_worker': 1, 'gamma': 0.99, 'sgd_minibatch_size': 128, 'observation_filter': 'NoFilter', 'entropy_coeff': 0.0, 'batch_mode': 'truncate_episodes', 'straggler_mitigation': False, 'vf_share_layers': False, 'num_gpus': 0, 'synchronize_filters': True, 'num_sgd_iter': 10, 'train_batch_size': 1500, 'optimizer': {}, 'num_gpus_per_worker': 0, 'preprocessor_pref': 'deepmind', 'num_cpus_for_driver': 1, 'lr_schedule': None, 'use_gae': True, 'lambda': 0.97, 'vf_loss_coeff': 1.0, 'vf_clip_param': 1000000.0, 'log_level': 'INFO', 'env_config': {'run': 'PPO', 'flow_params': '{\n    ""env"": {\n        ""additional_params"": {\n            ""max_accel"": 3,\n            ""max_decel"": 3,\n            ""sort_vehicles"": false,\n            ""target_velocity"": 20\n        },\n        ""evaluate"": false,\n        ""horizon"": 1500,\n        ""sims_per_step"": 1,\n        ""warmup_steps"": 0\n    },\n    ""env_name"": ""AccelEnv"",\n    ""exp_tag"": ""figure_eight_0"",\n    ""initial"": {\n        ""additional_params"": {},\n        ""bunching"": 0,\n        ""edges_distribution"": ""all"",\n        ""lanes_distribution"": Infinity,\n        ""min_gap"": 0,\n        ""perturbation"": 0.0,\n        ""shuffle"": false,\n        ""spacing"": ""uniform"",\n        ""x0"": 0\n    },\n    ""net"": {\n        ""additional_params"": {\n            ""lanes"": 1,\n            ""radius_ring"": 30,\n            ""resolution"": 40,\n            ""speed_limit"": 30\n        },\n        ""inflows"": {\n            ""_InFlows__flows"": [],\n            ""num_flows"": 0\n        },\n        ""netfile"": null,\n        ""no_internal_links"": false,\n        ""osm_path"": null\n    },\n    ""scenario"": ""Figure8Scenario"",\n    ""sim"": {\n        ""emission_path"": null,\n        ""lateral_resolution"": null,\n        ""no_step_log"": true,\n        ""num_clients"": 1,\n        ""overtake_right"": false,\n        ""port"": null,\n        ""print_warnings"": true,\n        ""pxpm"": 2,\n        ""render"": false,\n        ""restart_instance"": false,\n        ""save_render"": false,\n        ""seed"": null,\n        ""show_radius"": false,\n        ""sight_radius"": 25,\n        ""sim_step"": 0.1,\n        ""teleport_time"": -1\n    },\n    ""simulator"": ""traci"",\n    ""veh"": [\n        {\n            ""acceleration_controller"": [\n                ""IDMController"",\n                {\n                    ""noise"": 0.2\n                }\n            ],\n            ""car_following_params"": {\n                ""controller_params"": {\n                    ""accel"": 1.0,\n                    ""carFollowModel"": ""IDM"",\n                    ""decel"": 1.5,\n                    ""impatience"": 0.5,\n                    ""maxSpeed"": 30,\n                    ""minGap"": 2.5,\n                    ""sigma"": 0.5,\n                    ""speedDev"": 0.1,\n                    ""speedFactor"": 1.0,\n                    ""tau"": 1.0\n                },\n                ""speed_mode"": 1\n            },\n            ""initial_speed"": 0,\n            ""lane_change_controller"": [\n                ""SimLaneChangeController"",\n                {}\n            ],\n            ""lane_change_params"": {\n                ""controller_params"": {\n                    ""laneChangeModel"": ""LC2013"",\n                    ""lcCooperative"": ""1.0"",\n                    ""lcKeepRight"": ""1.0"",\n                    ""lcSpeedGain"": ""1.0"",\n                    ""lcStrategic"": ""1.0""\n                },\n                ""lane_change_mode"": 512\n            },\n            ""num_vehicles"": 13,\n            ""routing_controller"": [\n                ""ContinuousRouter"",\n                {}\n            ],\n            ""veh_id"": ""human""\n        },\n        {\n            ""acceleration_controller"": [\n                ""RLController"",\n                {}\n            ],\n            ""car_following_params"": {\n                ""controller_params"": {\n                    ""accel"": 1.0,\n                    ""carFollowModel"": ""IDM"",\n                    ""decel"": 1.5,\n                    ""impatience"": 0.5,\n                    ""maxSpeed"": 30,\n                    ""minGap"": 2.5,\n                    ""sigma"": 0.5,\n                    ""speedDev"": 0.1,\n                    ""speedFactor"": 1.0,\n                    ""tau"": 1.0\n                },\n                ""speed_mode"": 1\n            },\n            ""initial_speed"": 0,\n            ""lane_change_controller"": [\n                ""SimLaneChangeController"",\n                {}\n            ],\n            ""lane_change_params"": {\n                ""controller_params"": {\n                    ""laneChangeModel"": ""LC2013"",\n                    ""lcCooperative"": ""1.0"",\n                    ""lcKeepRight"": ""1.0"",\n                    ""lcSpeedGain"": ""1.0"",\n                    ""lcStrategic"": ""1.0""\n                },\n                ""lane_change_mode"": 512\n            },\n            ""num_vehicles"": 1,\n            ""routing_controller"": [\n                ""ContinuousRouter"",\n                {}\n            ],\n            ""veh_id"": ""rl""\n        }\n    ]\n}'}, 'env': 'AccelEnv-v0', 'local_evaluator_tf_session_args': {'inter_op_parallelism_threads': 8, 'intra_op_parallelism_threads': 8}, 'model': {'free_log_std': False, 'custom_options': {}, 'framestack': True, 'channel_major': False, 'max_seq_len': 20, 'lstm_use_prev_action_reward': False, 'squash_to_range': False, 'dim': 84, 'grayscale': False, 'fcnet_hiddens': [100, 50, 25], 'use_lstm': False, 'custom_model': None, 'fcnet_activation': 'tanh', 'conv_filters': None, 'conv_activation': 'relu', 'lstm_cell_size': 256, 'zero_mean': True, 'custom_preprocessor': None}, 'output_compress_columns': ['obs', 'new_obs'], 'monitor': False, 'custom_resources_per_worker': {}, 'output_max_file_size': 67108864, 'num_workers': 1, 'clip_param': 0.3, 'kl_coeff': 0.2, 'multiagent': {'policy_graphs': {}, 'policy_mapping_fn': None, 'policies_to_train': None}, 'input_evaluation': None, 'output': None, 'collect_metrics_timeout': 180, 'num_cpus_per_worker': 1}",169.237.32.118,1,1400.38,9.997408628463745,"{'num_steps_sampled': 768000, 'load_time_ms': 1.157, 'default': {'kl': 0.015532594174146652, 'cur_lr': 0.0005000000237487257, 'total_loss': 0.4234388768672943, 'policy_loss': -0.005799312610179186, 'vf_explained_var': 0.9916849136352539, 'entropy': 2.5179615020751953, 'cur_kl_coeff': 0.5004801154136658, 'vf_loss': 0.4214644134044647}, 'sample_time_ms': 9598.013, 'grad_time_ms': 276.368, 'update_time_ms': 5.041, 'num_steps_trained': 768000}",380.3264601833583,2019-04-02_08-56-05,kronos,71,768000,0,4751.281717300415,{},768000,480,480,4751.281717300415,454.74548102342294,1600,1554195365,{},0b32d2eec3344b1fbde4822793b2e447,69.87981902623255
False,581,"{'input': 'sampler', 'callbacks': {'on_train_result': None, 'on_sample_end': None, 'on_episode_step': None, 'on_episode_start': None, 'on_episode_end': None}, 'sample_batch_size': 200, 'clip_actions': False, 'clip_rewards': None, 'tf_session_args': {'inter_op_parallelism_threads': 2, 'intra_op_parallelism_threads': 2, 'device_count': {'CPU': 1}, 'log_device_placement': False, 'allow_soft_placement': True, 'gpu_options': {'allow_growth': True}}, 'kl_target': 0.01, 'horizon': 1500, 'lr': 0.0005, 'sample_async': False, 'simple_optimizer': False, 'compress_observations': False, 'num_envs_per_worker': 1, 'gamma': 0.99, 'sgd_minibatch_size': 128, 'observation_filter': 'NoFilter', 'entropy_coeff': 0.0, 'batch_mode': 'truncate_episodes', 'straggler_mitigation': False, 'vf_share_layers': False, 'num_gpus': 0, 'synchronize_filters': True, 'num_sgd_iter': 10, 'train_batch_size': 1500, 'optimizer': {}, 'num_gpus_per_worker': 0, 'preprocessor_pref': 'deepmind', 'num_cpus_for_driver': 1, 'lr_schedule': None, 'use_gae': True, 'lambda': 0.97, 'vf_loss_coeff': 1.0, 'vf_clip_param': 1000000.0, 'log_level': 'INFO', 'env_config': {'run': 'PPO', 'flow_params': '{\n    ""env"": {\n        ""additional_params"": {\n            ""max_accel"": 3,\n            ""max_decel"": 3,\n            ""sort_vehicles"": false,\n            ""target_velocity"": 20\n        },\n        ""evaluate"": false,\n        ""horizon"": 1500,\n        ""sims_per_step"": 1,\n        ""warmup_steps"": 0\n    },\n    ""env_name"": ""AccelEnv"",\n    ""exp_tag"": ""figure_eight_0"",\n    ""initial"": {\n        ""additional_params"": {},\n        ""bunching"": 0,\n        ""edges_distribution"": ""all"",\n        ""lanes_distribution"": Infinity,\n        ""min_gap"": 0,\n        ""perturbation"": 0.0,\n        ""shuffle"": false,\n        ""spacing"": ""uniform"",\n        ""x0"": 0\n    },\n    ""net"": {\n        ""additional_params"": {\n            ""lanes"": 1,\n            ""radius_ring"": 30,\n            ""resolution"": 40,\n            ""speed_limit"": 30\n        },\n        ""inflows"": {\n            ""_InFlows__flows"": [],\n            ""num_flows"": 0\n        },\n        ""netfile"": null,\n        ""no_internal_links"": false,\n        ""osm_path"": null\n    },\n    ""scenario"": ""Figure8Scenario"",\n    ""sim"": {\n        ""emission_path"": null,\n        ""lateral_resolution"": null,\n        ""no_step_log"": true,\n        ""num_clients"": 1,\n        ""overtake_right"": false,\n        ""port"": null,\n        ""print_warnings"": true,\n        ""pxpm"": 2,\n        ""render"": false,\n        ""restart_instance"": false,\n        ""save_render"": false,\n        ""seed"": null,\n        ""show_radius"": false,\n        ""sight_radius"": 25,\n        ""sim_step"": 0.1,\n        ""teleport_time"": -1\n    },\n    ""simulator"": ""traci"",\n    ""veh"": [\n        {\n            ""acceleration_controller"": [\n                ""IDMController"",\n                {\n                    ""noise"": 0.2\n                }\n            ],\n            ""car_following_params"": {\n                ""controller_params"": {\n                    ""accel"": 1.0,\n                    ""carFollowModel"": ""IDM"",\n                    ""decel"": 1.5,\n                    ""impatience"": 0.5,\n                    ""maxSpeed"": 30,\n                    ""minGap"": 2.5,\n                    ""sigma"": 0.5,\n                    ""speedDev"": 0.1,\n                    ""speedFactor"": 1.0,\n                    ""tau"": 1.0\n                },\n                ""speed_mode"": 1\n            },\n            ""initial_speed"": 0,\n            ""lane_change_controller"": [\n                ""SimLaneChangeController"",\n                {}\n            ],\n            ""lane_change_params"": {\n                ""controller_params"": {\n                    ""laneChangeModel"": ""LC2013"",\n                    ""lcCooperative"": ""1.0"",\n                    ""lcKeepRight"": ""1.0"",\n                    ""lcSpeedGain"": ""1.0"",\n                    ""lcStrategic"": ""1.0""\n                },\n                ""lane_change_mode"": 512\n            },\n            ""num_vehicles"": 13,\n            ""routing_controller"": [\n                ""ContinuousRouter"",\n                {}\n            ],\n            ""veh_id"": ""human""\n        },\n        {\n            ""acceleration_controller"": [\n                ""RLController"",\n                {}\n            ],\n            ""car_following_params"": {\n                ""controller_params"": {\n                    ""accel"": 1.0,\n                    ""carFollowModel"": ""IDM"",\n                    ""decel"": 1.5,\n                    ""impatience"": 0.5,\n                    ""maxSpeed"": 30,\n                    ""minGap"": 2.5,\n                    ""sigma"": 0.5,\n                    ""speedDev"": 0.1,\n                    ""speedFactor"": 1.0,\n                    ""tau"": 1.0\n                },\n                ""speed_mode"": 1\n            },\n            ""initial_speed"": 0,\n            ""lane_change_controller"": [\n                ""SimLaneChangeController"",\n                {}\n            ],\n            ""lane_change_params"": {\n                ""controller_params"": {\n                    ""laneChangeModel"": ""LC2013"",\n                    ""lcCooperative"": ""1.0"",\n                    ""lcKeepRight"": ""1.0"",\n                    ""lcSpeedGain"": ""1.0"",\n                    ""lcStrategic"": ""1.0""\n                },\n                ""lane_change_mode"": 512\n            },\n            ""num_vehicles"": 1,\n            ""routing_controller"": [\n                ""ContinuousRouter"",\n                {}\n            ],\n            ""veh_id"": ""rl""\n        }\n    ]\n}'}, 'env': 'AccelEnv-v0', 'local_evaluator_tf_session_args': {'inter_op_parallelism_threads': 8, 'intra_op_parallelism_threads': 8}, 'model': {'free_log_std': False, 'custom_options': {}, 'framestack': True, 'channel_major': False, 'max_seq_len': 20, 'lstm_use_prev_action_reward': False, 'squash_to_range': False, 'dim': 84, 'grayscale': False, 'fcnet_hiddens': [100, 50, 25], 'use_lstm': False, 'custom_model': None, 'fcnet_activation': 'tanh', 'conv_filters': None, 'conv_activation': 'relu', 'lstm_cell_size': 256, 'zero_mean': True, 'custom_preprocessor': None}, 'output_compress_columns': ['obs', 'new_obs'], 'monitor': False, 'custom_resources_per_worker': {}, 'output_max_file_size': 67108864, 'num_workers': 1, 'clip_param': 0.3, 'kl_coeff': 0.2, 'multiagent': {'policy_graphs': {}, 'policy_mapping_fn': None, 'policies_to_train': None}, 'input_evaluation': None, 'output': None, 'collect_metrics_timeout': 180, 'num_cpus_per_worker': 1}",169.237.32.118,1,1400.38,9.987566709518433,"{'num_steps_sampled': 769600, 'load_time_ms': 1.156, 'default': {'kl': 0.003175213234499097, 'cur_lr': 0.0005000000237487257, 'total_loss': 1.899171233177185, 'policy_loss': -0.0045439754612743855, 'vf_explained_var': 0.9404028058052063, 'entropy': 2.41812801361084, 'cur_kl_coeff': 0.5004801154136658, 'vf_loss': 1.9021257162094116}, 'sample_time_ms': 9604.749, 'grad_time_ms': 276.714, 'update_time_ms': 4.958, 'num_steps_trained': 769600}",380.571020836405,2019-04-02_08-56-15,kronos,71,769600,0,4761.2692840099335,{},769600,481,481,4761.2692840099335,454.74548102342294,1600,1554195375,{},0b32d2eec3344b1fbde4822793b2e447,69.87981902623255
False,584,"{'input': 'sampler', 'callbacks': {'on_train_result': None, 'on_sample_end': None, 'on_episode_step': None, 'on_episode_start': None, 'on_episode_end': None}, 'sample_batch_size': 200, 'clip_actions': False, 'clip_rewards': None, 'tf_session_args': {'inter_op_parallelism_threads': 2, 'intra_op_parallelism_threads': 2, 'device_count': {'CPU': 1}, 'log_device_placement': False, 'allow_soft_placement': True, 'gpu_options': {'allow_growth': True}}, 'kl_target': 0.01, 'horizon': 1500, 'lr': 0.0005, 'sample_async': False, 'simple_optimizer': False, 'compress_observations': False, 'num_envs_per_worker': 1, 'gamma': 0.99, 'sgd_minibatch_size': 128, 'observation_filter': 'NoFilter', 'entropy_coeff': 0.0, 'batch_mode': 'truncate_episodes', 'straggler_mitigation': False, 'vf_share_layers': False, 'num_gpus': 0, 'synchronize_filters': True, 'num_sgd_iter': 10, 'train_batch_size': 1500, 'optimizer': {}, 'num_gpus_per_worker': 0, 'preprocessor_pref': 'deepmind', 'num_cpus_for_driver': 1, 'lr_schedule': None, 'use_gae': True, 'lambda': 0.97, 'vf_loss_coeff': 1.0, 'vf_clip_param': 1000000.0, 'log_level': 'INFO', 'env_config': {'run': 'PPO', 'flow_params': '{\n    ""env"": {\n        ""additional_params"": {\n            ""max_accel"": 3,\n            ""max_decel"": 3,\n            ""sort_vehicles"": false,\n            ""target_velocity"": 20\n        },\n        ""evaluate"": false,\n        ""horizon"": 1500,\n        ""sims_per_step"": 1,\n        ""warmup_steps"": 0\n    },\n    ""env_name"": ""AccelEnv"",\n    ""exp_tag"": ""figure_eight_0"",\n    ""initial"": {\n        ""additional_params"": {},\n        ""bunching"": 0,\n        ""edges_distribution"": ""all"",\n        ""lanes_distribution"": Infinity,\n        ""min_gap"": 0,\n        ""perturbation"": 0.0,\n        ""shuffle"": false,\n        ""spacing"": ""uniform"",\n        ""x0"": 0\n    },\n    ""net"": {\n        ""additional_params"": {\n            ""lanes"": 1,\n            ""radius_ring"": 30,\n            ""resolution"": 40,\n            ""speed_limit"": 30\n        },\n        ""inflows"": {\n            ""_InFlows__flows"": [],\n            ""num_flows"": 0\n        },\n        ""netfile"": null,\n        ""no_internal_links"": false,\n        ""osm_path"": null\n    },\n    ""scenario"": ""Figure8Scenario"",\n    ""sim"": {\n        ""emission_path"": null,\n        ""lateral_resolution"": null,\n        ""no_step_log"": true,\n        ""num_clients"": 1,\n        ""overtake_right"": false,\n        ""port"": null,\n        ""print_warnings"": true,\n        ""pxpm"": 2,\n        ""render"": false,\n        ""restart_instance"": false,\n        ""save_render"": false,\n        ""seed"": null,\n        ""show_radius"": false,\n        ""sight_radius"": 25,\n        ""sim_step"": 0.1,\n        ""teleport_time"": -1\n    },\n    ""simulator"": ""traci"",\n    ""veh"": [\n        {\n            ""acceleration_controller"": [\n                ""IDMController"",\n                {\n                    ""noise"": 0.2\n                }\n            ],\n            ""car_following_params"": {\n                ""controller_params"": {\n                    ""accel"": 1.0,\n                    ""carFollowModel"": ""IDM"",\n                    ""decel"": 1.5,\n                    ""impatience"": 0.5,\n                    ""maxSpeed"": 30,\n                    ""minGap"": 2.5,\n                    ""sigma"": 0.5,\n                    ""speedDev"": 0.1,\n                    ""speedFactor"": 1.0,\n                    ""tau"": 1.0\n                },\n                ""speed_mode"": 1\n            },\n            ""initial_speed"": 0,\n            ""lane_change_controller"": [\n                ""SimLaneChangeController"",\n                {}\n            ],\n            ""lane_change_params"": {\n                ""controller_params"": {\n                    ""laneChangeModel"": ""LC2013"",\n                    ""lcCooperative"": ""1.0"",\n                    ""lcKeepRight"": ""1.0"",\n                    ""lcSpeedGain"": ""1.0"",\n                    ""lcStrategic"": ""1.0""\n                },\n                ""lane_change_mode"": 512\n            },\n            ""num_vehicles"": 13,\n            ""routing_controller"": [\n                ""ContinuousRouter"",\n                {}\n            ],\n            ""veh_id"": ""human""\n        },\n        {\n            ""acceleration_controller"": [\n                ""RLController"",\n                {}\n            ],\n            ""car_following_params"": {\n                ""controller_params"": {\n                    ""accel"": 1.0,\n                    ""carFollowModel"": ""IDM"",\n                    ""decel"": 1.5,\n                    ""impatience"": 0.5,\n                    ""maxSpeed"": 30,\n                    ""minGap"": 2.5,\n                    ""sigma"": 0.5,\n                    ""speedDev"": 0.1,\n                    ""speedFactor"": 1.0,\n                    ""tau"": 1.0\n                },\n                ""speed_mode"": 1\n            },\n            ""initial_speed"": 0,\n            ""lane_change_controller"": [\n                ""SimLaneChangeController"",\n                {}\n            ],\n            ""lane_change_params"": {\n                ""controller_params"": {\n                    ""laneChangeModel"": ""LC2013"",\n                    ""lcCooperative"": ""1.0"",\n                    ""lcKeepRight"": ""1.0"",\n                    ""lcSpeedGain"": ""1.0"",\n                    ""lcStrategic"": ""1.0""\n                },\n                ""lane_change_mode"": 512\n            },\n            ""num_vehicles"": 1,\n            ""routing_controller"": [\n                ""ContinuousRouter"",\n                {}\n            ],\n            ""veh_id"": ""rl""\n        }\n    ]\n}'}, 'env': 'AccelEnv-v0', 'local_evaluator_tf_session_args': {'inter_op_parallelism_threads': 8, 'intra_op_parallelism_threads': 8}, 'model': {'free_log_std': False, 'custom_options': {}, 'framestack': True, 'channel_major': False, 'max_seq_len': 20, 'lstm_use_prev_action_reward': False, 'squash_to_range': False, 'dim': 84, 'grayscale': False, 'fcnet_hiddens': [100, 50, 25], 'use_lstm': False, 'custom_model': None, 'fcnet_activation': 'tanh', 'conv_filters': None, 'conv_activation': 'relu', 'lstm_cell_size': 256, 'zero_mean': True, 'custom_preprocessor': None}, 'output_compress_columns': ['obs', 'new_obs'], 'monitor': False, 'custom_resources_per_worker': {}, 'output_max_file_size': 67108864, 'num_workers': 1, 'clip_param': 0.3, 'kl_coeff': 0.2, 'multiagent': {'policy_graphs': {}, 'policy_mapping_fn': None, 'policies_to_train': None}, 'input_evaluation': None, 'output': None, 'collect_metrics_timeout': 180, 'num_cpus_per_worker': 1}",169.237.32.118,3,1392.03,9.809306144714355,"{'num_steps_sampled': 771200, 'load_time_ms': 1.18, 'default': {'kl': 0.02414216846227646, 'cur_lr': 0.0005000000237487257, 'total_loss': 1.4359664916992188, 'policy_loss': -0.03801393881440163, 'vf_explained_var': 0.974734365940094, 'entropy': 2.4400177001953125, 'cur_kl_coeff': 0.2502400577068329, 'vf_loss': 1.4679392576217651}, 'sample_time_ms': 9586.437, 'grad_time_ms': 278.135, 'update_time_ms': 4.92, 'num_steps_trained': 771200}",378.6794579226452,2019-04-02_08-56-24,kronos,71,771200,0,4771.078590154648,{},771200,482,482,4771.078590154648,454.74548102342294,1600,1554195384,{},0b32d2eec3344b1fbde4822793b2e447,69.87981902623255
False,585,"{'input': 'sampler', 'callbacks': {'on_train_result': None, 'on_sample_end': None, 'on_episode_step': None, 'on_episode_start': None, 'on_episode_end': None}, 'sample_batch_size': 200, 'clip_actions': False, 'clip_rewards': None, 'tf_session_args': {'inter_op_parallelism_threads': 2, 'intra_op_parallelism_threads': 2, 'device_count': {'CPU': 1}, 'log_device_placement': False, 'allow_soft_placement': True, 'gpu_options': {'allow_growth': True}}, 'kl_target': 0.01, 'horizon': 1500, 'lr': 0.0005, 'sample_async': False, 'simple_optimizer': False, 'compress_observations': False, 'num_envs_per_worker': 1, 'gamma': 0.99, 'sgd_minibatch_size': 128, 'observation_filter': 'NoFilter', 'entropy_coeff': 0.0, 'batch_mode': 'truncate_episodes', 'straggler_mitigation': False, 'vf_share_layers': False, 'num_gpus': 0, 'synchronize_filters': True, 'num_sgd_iter': 10, 'train_batch_size': 1500, 'optimizer': {}, 'num_gpus_per_worker': 0, 'preprocessor_pref': 'deepmind', 'num_cpus_for_driver': 1, 'lr_schedule': None, 'use_gae': True, 'lambda': 0.97, 'vf_loss_coeff': 1.0, 'vf_clip_param': 1000000.0, 'log_level': 'INFO', 'env_config': {'run': 'PPO', 'flow_params': '{\n    ""env"": {\n        ""additional_params"": {\n            ""max_accel"": 3,\n            ""max_decel"": 3,\n            ""sort_vehicles"": false,\n            ""target_velocity"": 20\n        },\n        ""evaluate"": false,\n        ""horizon"": 1500,\n        ""sims_per_step"": 1,\n        ""warmup_steps"": 0\n    },\n    ""env_name"": ""AccelEnv"",\n    ""exp_tag"": ""figure_eight_0"",\n    ""initial"": {\n        ""additional_params"": {},\n        ""bunching"": 0,\n        ""edges_distribution"": ""all"",\n        ""lanes_distribution"": Infinity,\n        ""min_gap"": 0,\n        ""perturbation"": 0.0,\n        ""shuffle"": false,\n        ""spacing"": ""uniform"",\n        ""x0"": 0\n    },\n    ""net"": {\n        ""additional_params"": {\n            ""lanes"": 1,\n            ""radius_ring"": 30,\n            ""resolution"": 40,\n            ""speed_limit"": 30\n        },\n        ""inflows"": {\n            ""_InFlows__flows"": [],\n            ""num_flows"": 0\n        },\n        ""netfile"": null,\n        ""no_internal_links"": false,\n        ""osm_path"": null\n    },\n    ""scenario"": ""Figure8Scenario"",\n    ""sim"": {\n        ""emission_path"": null,\n        ""lateral_resolution"": null,\n        ""no_step_log"": true,\n        ""num_clients"": 1,\n        ""overtake_right"": false,\n        ""port"": null,\n        ""print_warnings"": true,\n        ""pxpm"": 2,\n        ""render"": false,\n        ""restart_instance"": false,\n        ""save_render"": false,\n        ""seed"": null,\n        ""show_radius"": false,\n        ""sight_radius"": 25,\n        ""sim_step"": 0.1,\n        ""teleport_time"": -1\n    },\n    ""simulator"": ""traci"",\n    ""veh"": [\n        {\n            ""acceleration_controller"": [\n                ""IDMController"",\n                {\n                    ""noise"": 0.2\n                }\n            ],\n            ""car_following_params"": {\n                ""controller_params"": {\n                    ""accel"": 1.0,\n                    ""carFollowModel"": ""IDM"",\n                    ""decel"": 1.5,\n                    ""impatience"": 0.5,\n                    ""maxSpeed"": 30,\n                    ""minGap"": 2.5,\n                    ""sigma"": 0.5,\n                    ""speedDev"": 0.1,\n                    ""speedFactor"": 1.0,\n                    ""tau"": 1.0\n                },\n                ""speed_mode"": 1\n            },\n            ""initial_speed"": 0,\n            ""lane_change_controller"": [\n                ""SimLaneChangeController"",\n                {}\n            ],\n            ""lane_change_params"": {\n                ""controller_params"": {\n                    ""laneChangeModel"": ""LC2013"",\n                    ""lcCooperative"": ""1.0"",\n                    ""lcKeepRight"": ""1.0"",\n                    ""lcSpeedGain"": ""1.0"",\n                    ""lcStrategic"": ""1.0""\n                },\n                ""lane_change_mode"": 512\n            },\n            ""num_vehicles"": 13,\n            ""routing_controller"": [\n                ""ContinuousRouter"",\n                {}\n            ],\n            ""veh_id"": ""human""\n        },\n        {\n            ""acceleration_controller"": [\n                ""RLController"",\n                {}\n            ],\n            ""car_following_params"": {\n                ""controller_params"": {\n                    ""accel"": 1.0,\n                    ""carFollowModel"": ""IDM"",\n                    ""decel"": 1.5,\n                    ""impatience"": 0.5,\n                    ""maxSpeed"": 30,\n                    ""minGap"": 2.5,\n                    ""sigma"": 0.5,\n                    ""speedDev"": 0.1,\n                    ""speedFactor"": 1.0,\n                    ""tau"": 1.0\n                },\n                ""speed_mode"": 1\n            },\n            ""initial_speed"": 0,\n            ""lane_change_controller"": [\n                ""SimLaneChangeController"",\n                {}\n            ],\n            ""lane_change_params"": {\n                ""controller_params"": {\n                    ""laneChangeModel"": ""LC2013"",\n                    ""lcCooperative"": ""1.0"",\n                    ""lcKeepRight"": ""1.0"",\n                    ""lcSpeedGain"": ""1.0"",\n                    ""lcStrategic"": ""1.0""\n                },\n                ""lane_change_mode"": 512\n            },\n            ""num_vehicles"": 1,\n            ""routing_controller"": [\n                ""ContinuousRouter"",\n                {}\n            ],\n            ""veh_id"": ""rl""\n        }\n    ]\n}'}, 'env': 'AccelEnv-v0', 'local_evaluator_tf_session_args': {'inter_op_parallelism_threads': 8, 'intra_op_parallelism_threads': 8}, 'model': {'free_log_std': False, 'custom_options': {}, 'framestack': True, 'channel_major': False, 'max_seq_len': 20, 'lstm_use_prev_action_reward': False, 'squash_to_range': False, 'dim': 84, 'grayscale': False, 'fcnet_hiddens': [100, 50, 25], 'use_lstm': False, 'custom_model': None, 'fcnet_activation': 'tanh', 'conv_filters': None, 'conv_activation': 'relu', 'lstm_cell_size': 256, 'zero_mean': True, 'custom_preprocessor': None}, 'output_compress_columns': ['obs', 'new_obs'], 'monitor': False, 'custom_resources_per_worker': {}, 'output_max_file_size': 67108864, 'num_workers': 1, 'clip_param': 0.3, 'kl_coeff': 0.2, 'multiagent': {'policy_graphs': {}, 'policy_mapping_fn': None, 'policies_to_train': None}, 'input_evaluation': None, 'output': None, 'collect_metrics_timeout': 180, 'num_cpus_per_worker': 1}",169.237.32.118,1,1392.03,9.81871771812439,"{'num_steps_sampled': 772800, 'load_time_ms': 1.187, 'default': {'kl': 0.01559207309037447, 'cur_lr': 0.0005000000237487257, 'total_loss': 0.5078161954879761, 'policy_loss': -0.032525431364774704, 'vf_explained_var': 0.9779729843139648, 'entropy': 2.336956739425659, 'cur_kl_coeff': 0.37536004185676575, 'vf_loss': 0.5344889163970947}, 'sample_time_ms': 9586.884, 'grad_time_ms': 279.165, 'update_time_ms': 4.911, 'num_steps_trained': 772800}",378.6866118272137,2019-04-02_08-56-34,kronos,71,772800,0,4780.897307872772,{},772800,483,483,4780.897307872772,454.74548102342294,1600,1554195394,{},0b32d2eec3344b1fbde4822793b2e447,69.87981902623255
False,586,"{'input': 'sampler', 'callbacks': {'on_train_result': None, 'on_sample_end': None, 'on_episode_step': None, 'on_episode_start': None, 'on_episode_end': None}, 'sample_batch_size': 200, 'clip_actions': False, 'clip_rewards': None, 'tf_session_args': {'inter_op_parallelism_threads': 2, 'intra_op_parallelism_threads': 2, 'device_count': {'CPU': 1}, 'log_device_placement': False, 'allow_soft_placement': True, 'gpu_options': {'allow_growth': True}}, 'kl_target': 0.01, 'horizon': 1500, 'lr': 0.0005, 'sample_async': False, 'simple_optimizer': False, 'compress_observations': False, 'num_envs_per_worker': 1, 'gamma': 0.99, 'sgd_minibatch_size': 128, 'observation_filter': 'NoFilter', 'entropy_coeff': 0.0, 'batch_mode': 'truncate_episodes', 'straggler_mitigation': False, 'vf_share_layers': False, 'num_gpus': 0, 'synchronize_filters': True, 'num_sgd_iter': 10, 'train_batch_size': 1500, 'optimizer': {}, 'num_gpus_per_worker': 0, 'preprocessor_pref': 'deepmind', 'num_cpus_for_driver': 1, 'lr_schedule': None, 'use_gae': True, 'lambda': 0.97, 'vf_loss_coeff': 1.0, 'vf_clip_param': 1000000.0, 'log_level': 'INFO', 'env_config': {'run': 'PPO', 'flow_params': '{\n    ""env"": {\n        ""additional_params"": {\n            ""max_accel"": 3,\n            ""max_decel"": 3,\n            ""sort_vehicles"": false,\n            ""target_velocity"": 20\n        },\n        ""evaluate"": false,\n        ""horizon"": 1500,\n        ""sims_per_step"": 1,\n        ""warmup_steps"": 0\n    },\n    ""env_name"": ""AccelEnv"",\n    ""exp_tag"": ""figure_eight_0"",\n    ""initial"": {\n        ""additional_params"": {},\n        ""bunching"": 0,\n        ""edges_distribution"": ""all"",\n        ""lanes_distribution"": Infinity,\n        ""min_gap"": 0,\n        ""perturbation"": 0.0,\n        ""shuffle"": false,\n        ""spacing"": ""uniform"",\n        ""x0"": 0\n    },\n    ""net"": {\n        ""additional_params"": {\n            ""lanes"": 1,\n            ""radius_ring"": 30,\n            ""resolution"": 40,\n            ""speed_limit"": 30\n        },\n        ""inflows"": {\n            ""_InFlows__flows"": [],\n            ""num_flows"": 0\n        },\n        ""netfile"": null,\n        ""no_internal_links"": false,\n        ""osm_path"": null\n    },\n    ""scenario"": ""Figure8Scenario"",\n    ""sim"": {\n        ""emission_path"": null,\n        ""lateral_resolution"": null,\n        ""no_step_log"": true,\n        ""num_clients"": 1,\n        ""overtake_right"": false,\n        ""port"": null,\n        ""print_warnings"": true,\n        ""pxpm"": 2,\n        ""render"": false,\n        ""restart_instance"": false,\n        ""save_render"": false,\n        ""seed"": null,\n        ""show_radius"": false,\n        ""sight_radius"": 25,\n        ""sim_step"": 0.1,\n        ""teleport_time"": -1\n    },\n    ""simulator"": ""traci"",\n    ""veh"": [\n        {\n            ""acceleration_controller"": [\n                ""IDMController"",\n                {\n                    ""noise"": 0.2\n                }\n            ],\n            ""car_following_params"": {\n                ""controller_params"": {\n                    ""accel"": 1.0,\n                    ""carFollowModel"": ""IDM"",\n                    ""decel"": 1.5,\n                    ""impatience"": 0.5,\n                    ""maxSpeed"": 30,\n                    ""minGap"": 2.5,\n                    ""sigma"": 0.5,\n                    ""speedDev"": 0.1,\n                    ""speedFactor"": 1.0,\n                    ""tau"": 1.0\n                },\n                ""speed_mode"": 1\n            },\n            ""initial_speed"": 0,\n            ""lane_change_controller"": [\n                ""SimLaneChangeController"",\n                {}\n            ],\n            ""lane_change_params"": {\n                ""controller_params"": {\n                    ""laneChangeModel"": ""LC2013"",\n                    ""lcCooperative"": ""1.0"",\n                    ""lcKeepRight"": ""1.0"",\n                    ""lcSpeedGain"": ""1.0"",\n                    ""lcStrategic"": ""1.0""\n                },\n                ""lane_change_mode"": 512\n            },\n            ""num_vehicles"": 13,\n            ""routing_controller"": [\n                ""ContinuousRouter"",\n                {}\n            ],\n            ""veh_id"": ""human""\n        },\n        {\n            ""acceleration_controller"": [\n                ""RLController"",\n                {}\n            ],\n            ""car_following_params"": {\n                ""controller_params"": {\n                    ""accel"": 1.0,\n                    ""carFollowModel"": ""IDM"",\n                    ""decel"": 1.5,\n                    ""impatience"": 0.5,\n                    ""maxSpeed"": 30,\n                    ""minGap"": 2.5,\n                    ""sigma"": 0.5,\n                    ""speedDev"": 0.1,\n                    ""speedFactor"": 1.0,\n                    ""tau"": 1.0\n                },\n                ""speed_mode"": 1\n            },\n            ""initial_speed"": 0,\n            ""lane_change_controller"": [\n                ""SimLaneChangeController"",\n                {}\n            ],\n            ""lane_change_params"": {\n                ""controller_params"": {\n                    ""laneChangeModel"": ""LC2013"",\n                    ""lcCooperative"": ""1.0"",\n                    ""lcKeepRight"": ""1.0"",\n                    ""lcSpeedGain"": ""1.0"",\n                    ""lcStrategic"": ""1.0""\n                },\n                ""lane_change_mode"": 512\n            },\n            ""num_vehicles"": 1,\n            ""routing_controller"": [\n                ""ContinuousRouter"",\n                {}\n            ],\n            ""veh_id"": ""rl""\n        }\n    ]\n}'}, 'env': 'AccelEnv-v0', 'local_evaluator_tf_session_args': {'inter_op_parallelism_threads': 8, 'intra_op_parallelism_threads': 8}, 'model': {'free_log_std': False, 'custom_options': {}, 'framestack': True, 'channel_major': False, 'max_seq_len': 20, 'lstm_use_prev_action_reward': False, 'squash_to_range': False, 'dim': 84, 'grayscale': False, 'fcnet_hiddens': [100, 50, 25], 'use_lstm': False, 'custom_model': None, 'fcnet_activation': 'tanh', 'conv_filters': None, 'conv_activation': 'relu', 'lstm_cell_size': 256, 'zero_mean': True, 'custom_preprocessor': None}, 'output_compress_columns': ['obs', 'new_obs'], 'monitor': False, 'custom_resources_per_worker': {}, 'output_max_file_size': 67108864, 'num_workers': 1, 'clip_param': 0.3, 'kl_coeff': 0.2, 'multiagent': {'policy_graphs': {}, 'policy_mapping_fn': None, 'policies_to_train': None}, 'input_evaluation': None, 'output': None, 'collect_metrics_timeout': 180, 'num_cpus_per_worker': 1}",169.237.32.118,1,1392.03,9.98142147064209,"{'num_steps_sampled': 774400, 'load_time_ms': 1.192, 'default': {'kl': 0.012097937054932117, 'cur_lr': 0.0005000000237487257, 'total_loss': 0.3223511278629303, 'policy_loss': -0.01644122786819935, 'vf_explained_var': 0.9912731051445007, 'entropy': 2.560046434402466, 'cur_kl_coeff': 0.37536004185676575, 'vf_loss': 0.3342513144016266}, 'sample_time_ms': 9599.234, 'grad_time_ms': 278.717, 'update_time_ms': 4.797, 'num_steps_trained': 774400}",379.45431046826974,2019-04-02_08-56-44,kronos,71,774400,0,4790.878729343414,{},774400,484,484,4790.878729343414,454.74548102342294,1600,1554195404,{},0b32d2eec3344b1fbde4822793b2e447,69.87981902623255
False,587,"{'input': 'sampler', 'callbacks': {'on_train_result': None, 'on_sample_end': None, 'on_episode_step': None, 'on_episode_start': None, 'on_episode_end': None}, 'sample_batch_size': 200, 'clip_actions': False, 'clip_rewards': None, 'tf_session_args': {'inter_op_parallelism_threads': 2, 'intra_op_parallelism_threads': 2, 'device_count': {'CPU': 1}, 'log_device_placement': False, 'allow_soft_placement': True, 'gpu_options': {'allow_growth': True}}, 'kl_target': 0.01, 'horizon': 1500, 'lr': 0.0005, 'sample_async': False, 'simple_optimizer': False, 'compress_observations': False, 'num_envs_per_worker': 1, 'gamma': 0.99, 'sgd_minibatch_size': 128, 'observation_filter': 'NoFilter', 'entropy_coeff': 0.0, 'batch_mode': 'truncate_episodes', 'straggler_mitigation': False, 'vf_share_layers': False, 'num_gpus': 0, 'synchronize_filters': True, 'num_sgd_iter': 10, 'train_batch_size': 1500, 'optimizer': {}, 'num_gpus_per_worker': 0, 'preprocessor_pref': 'deepmind', 'num_cpus_for_driver': 1, 'lr_schedule': None, 'use_gae': True, 'lambda': 0.97, 'vf_loss_coeff': 1.0, 'vf_clip_param': 1000000.0, 'log_level': 'INFO', 'env_config': {'run': 'PPO', 'flow_params': '{\n    ""env"": {\n        ""additional_params"": {\n            ""max_accel"": 3,\n            ""max_decel"": 3,\n            ""sort_vehicles"": false,\n            ""target_velocity"": 20\n        },\n        ""evaluate"": false,\n        ""horizon"": 1500,\n        ""sims_per_step"": 1,\n        ""warmup_steps"": 0\n    },\n    ""env_name"": ""AccelEnv"",\n    ""exp_tag"": ""figure_eight_0"",\n    ""initial"": {\n        ""additional_params"": {},\n        ""bunching"": 0,\n        ""edges_distribution"": ""all"",\n        ""lanes_distribution"": Infinity,\n        ""min_gap"": 0,\n        ""perturbation"": 0.0,\n        ""shuffle"": false,\n        ""spacing"": ""uniform"",\n        ""x0"": 0\n    },\n    ""net"": {\n        ""additional_params"": {\n            ""lanes"": 1,\n            ""radius_ring"": 30,\n            ""resolution"": 40,\n            ""speed_limit"": 30\n        },\n        ""inflows"": {\n            ""_InFlows__flows"": [],\n            ""num_flows"": 0\n        },\n        ""netfile"": null,\n        ""no_internal_links"": false,\n        ""osm_path"": null\n    },\n    ""scenario"": ""Figure8Scenario"",\n    ""sim"": {\n        ""emission_path"": null,\n        ""lateral_resolution"": null,\n        ""no_step_log"": true,\n        ""num_clients"": 1,\n        ""overtake_right"": false,\n        ""port"": null,\n        ""print_warnings"": true,\n        ""pxpm"": 2,\n        ""render"": false,\n        ""restart_instance"": false,\n        ""save_render"": false,\n        ""seed"": null,\n        ""show_radius"": false,\n        ""sight_radius"": 25,\n        ""sim_step"": 0.1,\n        ""teleport_time"": -1\n    },\n    ""simulator"": ""traci"",\n    ""veh"": [\n        {\n            ""acceleration_controller"": [\n                ""IDMController"",\n                {\n                    ""noise"": 0.2\n                }\n            ],\n            ""car_following_params"": {\n                ""controller_params"": {\n                    ""accel"": 1.0,\n                    ""carFollowModel"": ""IDM"",\n                    ""decel"": 1.5,\n                    ""impatience"": 0.5,\n                    ""maxSpeed"": 30,\n                    ""minGap"": 2.5,\n                    ""sigma"": 0.5,\n                    ""speedDev"": 0.1,\n                    ""speedFactor"": 1.0,\n                    ""tau"": 1.0\n                },\n                ""speed_mode"": 1\n            },\n            ""initial_speed"": 0,\n            ""lane_change_controller"": [\n                ""SimLaneChangeController"",\n                {}\n            ],\n            ""lane_change_params"": {\n                ""controller_params"": {\n                    ""laneChangeModel"": ""LC2013"",\n                    ""lcCooperative"": ""1.0"",\n                    ""lcKeepRight"": ""1.0"",\n                    ""lcSpeedGain"": ""1.0"",\n                    ""lcStrategic"": ""1.0""\n                },\n                ""lane_change_mode"": 512\n            },\n            ""num_vehicles"": 13,\n            ""routing_controller"": [\n                ""ContinuousRouter"",\n                {}\n            ],\n            ""veh_id"": ""human""\n        },\n        {\n            ""acceleration_controller"": [\n                ""RLController"",\n                {}\n            ],\n            ""car_following_params"": {\n                ""controller_params"": {\n                    ""accel"": 1.0,\n                    ""carFollowModel"": ""IDM"",\n                    ""decel"": 1.5,\n                    ""impatience"": 0.5,\n                    ""maxSpeed"": 30,\n                    ""minGap"": 2.5,\n                    ""sigma"": 0.5,\n                    ""speedDev"": 0.1,\n                    ""speedFactor"": 1.0,\n                    ""tau"": 1.0\n                },\n                ""speed_mode"": 1\n            },\n            ""initial_speed"": 0,\n            ""lane_change_controller"": [\n                ""SimLaneChangeController"",\n                {}\n            ],\n            ""lane_change_params"": {\n                ""controller_params"": {\n                    ""laneChangeModel"": ""LC2013"",\n                    ""lcCooperative"": ""1.0"",\n                    ""lcKeepRight"": ""1.0"",\n                    ""lcSpeedGain"": ""1.0"",\n                    ""lcStrategic"": ""1.0""\n                },\n                ""lane_change_mode"": 512\n            },\n            ""num_vehicles"": 1,\n            ""routing_controller"": [\n                ""ContinuousRouter"",\n                {}\n            ],\n            ""veh_id"": ""rl""\n        }\n    ]\n}'}, 'env': 'AccelEnv-v0', 'local_evaluator_tf_session_args': {'inter_op_parallelism_threads': 8, 'intra_op_parallelism_threads': 8}, 'model': {'free_log_std': False, 'custom_options': {}, 'framestack': True, 'channel_major': False, 'max_seq_len': 20, 'lstm_use_prev_action_reward': False, 'squash_to_range': False, 'dim': 84, 'grayscale': False, 'fcnet_hiddens': [100, 50, 25], 'use_lstm': False, 'custom_model': None, 'fcnet_activation': 'tanh', 'conv_filters': None, 'conv_activation': 'relu', 'lstm_cell_size': 256, 'zero_mean': True, 'custom_preprocessor': None}, 'output_compress_columns': ['obs', 'new_obs'], 'monitor': False, 'custom_resources_per_worker': {}, 'output_max_file_size': 67108864, 'num_workers': 1, 'clip_param': 0.3, 'kl_coeff': 0.2, 'multiagent': {'policy_graphs': {}, 'policy_mapping_fn': None, 'policies_to_train': None}, 'input_evaluation': None, 'output': None, 'collect_metrics_timeout': 180, 'num_cpus_per_worker': 1}",169.237.32.118,1,1392.03,10.008352756500244,"{'num_steps_sampled': 776000, 'load_time_ms': 1.198, 'default': {'kl': 0.00715400418266654, 'cur_lr': 0.0005000000237487257, 'total_loss': 0.4227658808231354, 'policy_loss': -0.0042394050396978855, 'vf_explained_var': 0.9908600449562073, 'entropy': 2.4336941242218018, 'cur_kl_coeff': 0.37536004185676575, 'vf_loss': 0.42431995272636414}, 'sample_time_ms': 9614.919, 'grad_time_ms': 280.55, 'update_time_ms': 4.718, 'num_steps_trained': 776000}",379.6217859483872,2019-04-02_08-56-54,kronos,71,776000,0,4800.887082099915,{},776000,485,485,4800.887082099915,454.74548102342294,1600,1554195414,{},0b32d2eec3344b1fbde4822793b2e447,69.87981902623255
False,588,"{'input': 'sampler', 'callbacks': {'on_train_result': None, 'on_sample_end': None, 'on_episode_step': None, 'on_episode_start': None, 'on_episode_end': None}, 'sample_batch_size': 200, 'clip_actions': False, 'clip_rewards': None, 'tf_session_args': {'inter_op_parallelism_threads': 2, 'intra_op_parallelism_threads': 2, 'device_count': {'CPU': 1}, 'log_device_placement': False, 'allow_soft_placement': True, 'gpu_options': {'allow_growth': True}}, 'kl_target': 0.01, 'horizon': 1500, 'lr': 0.0005, 'sample_async': False, 'simple_optimizer': False, 'compress_observations': False, 'num_envs_per_worker': 1, 'gamma': 0.99, 'sgd_minibatch_size': 128, 'observation_filter': 'NoFilter', 'entropy_coeff': 0.0, 'batch_mode': 'truncate_episodes', 'straggler_mitigation': False, 'vf_share_layers': False, 'num_gpus': 0, 'synchronize_filters': True, 'num_sgd_iter': 10, 'train_batch_size': 1500, 'optimizer': {}, 'num_gpus_per_worker': 0, 'preprocessor_pref': 'deepmind', 'num_cpus_for_driver': 1, 'lr_schedule': None, 'use_gae': True, 'lambda': 0.97, 'vf_loss_coeff': 1.0, 'vf_clip_param': 1000000.0, 'log_level': 'INFO', 'env_config': {'run': 'PPO', 'flow_params': '{\n    ""env"": {\n        ""additional_params"": {\n            ""max_accel"": 3,\n            ""max_decel"": 3,\n            ""sort_vehicles"": false,\n            ""target_velocity"": 20\n        },\n        ""evaluate"": false,\n        ""horizon"": 1500,\n        ""sims_per_step"": 1,\n        ""warmup_steps"": 0\n    },\n    ""env_name"": ""AccelEnv"",\n    ""exp_tag"": ""figure_eight_0"",\n    ""initial"": {\n        ""additional_params"": {},\n        ""bunching"": 0,\n        ""edges_distribution"": ""all"",\n        ""lanes_distribution"": Infinity,\n        ""min_gap"": 0,\n        ""perturbation"": 0.0,\n        ""shuffle"": false,\n        ""spacing"": ""uniform"",\n        ""x0"": 0\n    },\n    ""net"": {\n        ""additional_params"": {\n            ""lanes"": 1,\n            ""radius_ring"": 30,\n            ""resolution"": 40,\n            ""speed_limit"": 30\n        },\n        ""inflows"": {\n            ""_InFlows__flows"": [],\n            ""num_flows"": 0\n        },\n        ""netfile"": null,\n        ""no_internal_links"": false,\n        ""osm_path"": null\n    },\n    ""scenario"": ""Figure8Scenario"",\n    ""sim"": {\n        ""emission_path"": null,\n        ""lateral_resolution"": null,\n        ""no_step_log"": true,\n        ""num_clients"": 1,\n        ""overtake_right"": false,\n        ""port"": null,\n        ""print_warnings"": true,\n        ""pxpm"": 2,\n        ""render"": false,\n        ""restart_instance"": false,\n        ""save_render"": false,\n        ""seed"": null,\n        ""show_radius"": false,\n        ""sight_radius"": 25,\n        ""sim_step"": 0.1,\n        ""teleport_time"": -1\n    },\n    ""simulator"": ""traci"",\n    ""veh"": [\n        {\n            ""acceleration_controller"": [\n                ""IDMController"",\n                {\n                    ""noise"": 0.2\n                }\n            ],\n            ""car_following_params"": {\n                ""controller_params"": {\n                    ""accel"": 1.0,\n                    ""carFollowModel"": ""IDM"",\n                    ""decel"": 1.5,\n                    ""impatience"": 0.5,\n                    ""maxSpeed"": 30,\n                    ""minGap"": 2.5,\n                    ""sigma"": 0.5,\n                    ""speedDev"": 0.1,\n                    ""speedFactor"": 1.0,\n                    ""tau"": 1.0\n                },\n                ""speed_mode"": 1\n            },\n            ""initial_speed"": 0,\n            ""lane_change_controller"": [\n                ""SimLaneChangeController"",\n                {}\n            ],\n            ""lane_change_params"": {\n                ""controller_params"": {\n                    ""laneChangeModel"": ""LC2013"",\n                    ""lcCooperative"": ""1.0"",\n                    ""lcKeepRight"": ""1.0"",\n                    ""lcSpeedGain"": ""1.0"",\n                    ""lcStrategic"": ""1.0""\n                },\n                ""lane_change_mode"": 512\n            },\n            ""num_vehicles"": 13,\n            ""routing_controller"": [\n                ""ContinuousRouter"",\n                {}\n            ],\n            ""veh_id"": ""human""\n        },\n        {\n            ""acceleration_controller"": [\n                ""RLController"",\n                {}\n            ],\n            ""car_following_params"": {\n                ""controller_params"": {\n                    ""accel"": 1.0,\n                    ""carFollowModel"": ""IDM"",\n                    ""decel"": 1.5,\n                    ""impatience"": 0.5,\n                    ""maxSpeed"": 30,\n                    ""minGap"": 2.5,\n                    ""sigma"": 0.5,\n                    ""speedDev"": 0.1,\n                    ""speedFactor"": 1.0,\n                    ""tau"": 1.0\n                },\n                ""speed_mode"": 1\n            },\n            ""initial_speed"": 0,\n            ""lane_change_controller"": [\n                ""SimLaneChangeController"",\n                {}\n            ],\n            ""lane_change_params"": {\n                ""controller_params"": {\n                    ""laneChangeModel"": ""LC2013"",\n                    ""lcCooperative"": ""1.0"",\n                    ""lcKeepRight"": ""1.0"",\n                    ""lcSpeedGain"": ""1.0"",\n                    ""lcStrategic"": ""1.0""\n                },\n                ""lane_change_mode"": 512\n            },\n            ""num_vehicles"": 1,\n            ""routing_controller"": [\n                ""ContinuousRouter"",\n                {}\n            ],\n            ""veh_id"": ""rl""\n        }\n    ]\n}'}, 'env': 'AccelEnv-v0', 'local_evaluator_tf_session_args': {'inter_op_parallelism_threads': 8, 'intra_op_parallelism_threads': 8}, 'model': {'free_log_std': False, 'custom_options': {}, 'framestack': True, 'channel_major': False, 'max_seq_len': 20, 'lstm_use_prev_action_reward': False, 'squash_to_range': False, 'dim': 84, 'grayscale': False, 'fcnet_hiddens': [100, 50, 25], 'use_lstm': False, 'custom_model': None, 'fcnet_activation': 'tanh', 'conv_filters': None, 'conv_activation': 'relu', 'lstm_cell_size': 256, 'zero_mean': True, 'custom_preprocessor': None}, 'output_compress_columns': ['obs', 'new_obs'], 'monitor': False, 'custom_resources_per_worker': {}, 'output_max_file_size': 67108864, 'num_workers': 1, 'clip_param': 0.3, 'kl_coeff': 0.2, 'multiagent': {'policy_graphs': {}, 'policy_mapping_fn': None, 'policies_to_train': None}, 'input_evaluation': None, 'output': None, 'collect_metrics_timeout': 180, 'num_cpus_per_worker': 1}",169.237.32.118,1,1404.15,10.050249814987183,"{'num_steps_sampled': 777600, 'load_time_ms': 1.219, 'default': {'kl': 0.009449268691241741, 'cur_lr': 0.0005000000237487257, 'total_loss': 0.4198196828365326, 'policy_loss': -0.010646228678524494, 'vf_explained_var': 0.9948806762695312, 'entropy': 2.5045673847198486, 'cur_kl_coeff': 0.37536004185676575, 'vf_loss': 0.4269190728664398}, 'sample_time_ms': 9624.672, 'grad_time_ms': 279.962, 'update_time_ms': 4.722, 'num_steps_trained': 777600}",382.93079264759007,2019-04-02_08-57-04,kronos,71,777600,0,4810.937331914902,{},777600,486,486,4810.937331914902,454.74548102342294,1600,1554195424,{},0b32d2eec3344b1fbde4822793b2e447,69.87981902623255
False,589,"{'input': 'sampler', 'callbacks': {'on_train_result': None, 'on_sample_end': None, 'on_episode_step': None, 'on_episode_start': None, 'on_episode_end': None}, 'sample_batch_size': 200, 'clip_actions': False, 'clip_rewards': None, 'tf_session_args': {'inter_op_parallelism_threads': 2, 'intra_op_parallelism_threads': 2, 'device_count': {'CPU': 1}, 'log_device_placement': False, 'allow_soft_placement': True, 'gpu_options': {'allow_growth': True}}, 'kl_target': 0.01, 'horizon': 1500, 'lr': 0.0005, 'sample_async': False, 'simple_optimizer': False, 'compress_observations': False, 'num_envs_per_worker': 1, 'gamma': 0.99, 'sgd_minibatch_size': 128, 'observation_filter': 'NoFilter', 'entropy_coeff': 0.0, 'batch_mode': 'truncate_episodes', 'straggler_mitigation': False, 'vf_share_layers': False, 'num_gpus': 0, 'synchronize_filters': True, 'num_sgd_iter': 10, 'train_batch_size': 1500, 'optimizer': {}, 'num_gpus_per_worker': 0, 'preprocessor_pref': 'deepmind', 'num_cpus_for_driver': 1, 'lr_schedule': None, 'use_gae': True, 'lambda': 0.97, 'vf_loss_coeff': 1.0, 'vf_clip_param': 1000000.0, 'log_level': 'INFO', 'env_config': {'run': 'PPO', 'flow_params': '{\n    ""env"": {\n        ""additional_params"": {\n            ""max_accel"": 3,\n            ""max_decel"": 3,\n            ""sort_vehicles"": false,\n            ""target_velocity"": 20\n        },\n        ""evaluate"": false,\n        ""horizon"": 1500,\n        ""sims_per_step"": 1,\n        ""warmup_steps"": 0\n    },\n    ""env_name"": ""AccelEnv"",\n    ""exp_tag"": ""figure_eight_0"",\n    ""initial"": {\n        ""additional_params"": {},\n        ""bunching"": 0,\n        ""edges_distribution"": ""all"",\n        ""lanes_distribution"": Infinity,\n        ""min_gap"": 0,\n        ""perturbation"": 0.0,\n        ""shuffle"": false,\n        ""spacing"": ""uniform"",\n        ""x0"": 0\n    },\n    ""net"": {\n        ""additional_params"": {\n            ""lanes"": 1,\n            ""radius_ring"": 30,\n            ""resolution"": 40,\n            ""speed_limit"": 30\n        },\n        ""inflows"": {\n            ""_InFlows__flows"": [],\n            ""num_flows"": 0\n        },\n        ""netfile"": null,\n        ""no_internal_links"": false,\n        ""osm_path"": null\n    },\n    ""scenario"": ""Figure8Scenario"",\n    ""sim"": {\n        ""emission_path"": null,\n        ""lateral_resolution"": null,\n        ""no_step_log"": true,\n        ""num_clients"": 1,\n        ""overtake_right"": false,\n        ""port"": null,\n        ""print_warnings"": true,\n        ""pxpm"": 2,\n        ""render"": false,\n        ""restart_instance"": false,\n        ""save_render"": false,\n        ""seed"": null,\n        ""show_radius"": false,\n        ""sight_radius"": 25,\n        ""sim_step"": 0.1,\n        ""teleport_time"": -1\n    },\n    ""simulator"": ""traci"",\n    ""veh"": [\n        {\n            ""acceleration_controller"": [\n                ""IDMController"",\n                {\n                    ""noise"": 0.2\n                }\n            ],\n            ""car_following_params"": {\n                ""controller_params"": {\n                    ""accel"": 1.0,\n                    ""carFollowModel"": ""IDM"",\n                    ""decel"": 1.5,\n                    ""impatience"": 0.5,\n                    ""maxSpeed"": 30,\n                    ""minGap"": 2.5,\n                    ""sigma"": 0.5,\n                    ""speedDev"": 0.1,\n                    ""speedFactor"": 1.0,\n                    ""tau"": 1.0\n                },\n                ""speed_mode"": 1\n            },\n            ""initial_speed"": 0,\n            ""lane_change_controller"": [\n                ""SimLaneChangeController"",\n                {}\n            ],\n            ""lane_change_params"": {\n                ""controller_params"": {\n                    ""laneChangeModel"": ""LC2013"",\n                    ""lcCooperative"": ""1.0"",\n                    ""lcKeepRight"": ""1.0"",\n                    ""lcSpeedGain"": ""1.0"",\n                    ""lcStrategic"": ""1.0""\n                },\n                ""lane_change_mode"": 512\n            },\n            ""num_vehicles"": 13,\n            ""routing_controller"": [\n                ""ContinuousRouter"",\n                {}\n            ],\n            ""veh_id"": ""human""\n        },\n        {\n            ""acceleration_controller"": [\n                ""RLController"",\n                {}\n            ],\n            ""car_following_params"": {\n                ""controller_params"": {\n                    ""accel"": 1.0,\n                    ""carFollowModel"": ""IDM"",\n                    ""decel"": 1.5,\n                    ""impatience"": 0.5,\n                    ""maxSpeed"": 30,\n                    ""minGap"": 2.5,\n                    ""sigma"": 0.5,\n                    ""speedDev"": 0.1,\n                    ""speedFactor"": 1.0,\n                    ""tau"": 1.0\n                },\n                ""speed_mode"": 1\n            },\n            ""initial_speed"": 0,\n            ""lane_change_controller"": [\n                ""SimLaneChangeController"",\n                {}\n            ],\n            ""lane_change_params"": {\n                ""controller_params"": {\n                    ""laneChangeModel"": ""LC2013"",\n                    ""lcCooperative"": ""1.0"",\n                    ""lcKeepRight"": ""1.0"",\n                    ""lcSpeedGain"": ""1.0"",\n                    ""lcStrategic"": ""1.0""\n                },\n                ""lane_change_mode"": 512\n            },\n            ""num_vehicles"": 1,\n            ""routing_controller"": [\n                ""ContinuousRouter"",\n                {}\n            ],\n            ""veh_id"": ""rl""\n        }\n    ]\n}'}, 'env': 'AccelEnv-v0', 'local_evaluator_tf_session_args': {'inter_op_parallelism_threads': 8, 'intra_op_parallelism_threads': 8}, 'model': {'free_log_std': False, 'custom_options': {}, 'framestack': True, 'channel_major': False, 'max_seq_len': 20, 'lstm_use_prev_action_reward': False, 'squash_to_range': False, 'dim': 84, 'grayscale': False, 'fcnet_hiddens': [100, 50, 25], 'use_lstm': False, 'custom_model': None, 'fcnet_activation': 'tanh', 'conv_filters': None, 'conv_activation': 'relu', 'lstm_cell_size': 256, 'zero_mean': True, 'custom_preprocessor': None}, 'output_compress_columns': ['obs', 'new_obs'], 'monitor': False, 'custom_resources_per_worker': {}, 'output_max_file_size': 67108864, 'num_workers': 1, 'clip_param': 0.3, 'kl_coeff': 0.2, 'multiagent': {'policy_graphs': {}, 'policy_mapping_fn': None, 'policies_to_train': None}, 'input_evaluation': None, 'output': None, 'collect_metrics_timeout': 180, 'num_cpus_per_worker': 1}",169.237.32.118,1,1404.15,9.864686250686646,"{'num_steps_sampled': 779200, 'load_time_ms': 1.182, 'default': {'kl': 0.019541321322321892, 'cur_lr': 0.0005000000237487257, 'total_loss': 0.6623421311378479, 'policy_loss': -0.0299591775983572, 'vf_explained_var': 0.9877174496650696, 'entropy': 2.3674280643463135, 'cur_kl_coeff': 0.37536004185676575, 'vf_loss': 0.6849663257598877}, 'sample_time_ms': 9637.941, 'grad_time_ms': 277.638, 'update_time_ms': 4.532, 'num_steps_trained': 779200}",383.1800756370563,2019-04-02_08-57-14,kronos,71,779200,0,4820.802018165588,{},779200,487,487,4820.802018165588,454.74548102342294,1600,1554195434,{},0b32d2eec3344b1fbde4822793b2e447,69.87981902623255
False,590,"{'input': 'sampler', 'callbacks': {'on_train_result': None, 'on_sample_end': None, 'on_episode_step': None, 'on_episode_start': None, 'on_episode_end': None}, 'sample_batch_size': 200, 'clip_actions': False, 'clip_rewards': None, 'tf_session_args': {'inter_op_parallelism_threads': 2, 'intra_op_parallelism_threads': 2, 'device_count': {'CPU': 1}, 'log_device_placement': False, 'allow_soft_placement': True, 'gpu_options': {'allow_growth': True}}, 'kl_target': 0.01, 'horizon': 1500, 'lr': 0.0005, 'sample_async': False, 'simple_optimizer': False, 'compress_observations': False, 'num_envs_per_worker': 1, 'gamma': 0.99, 'sgd_minibatch_size': 128, 'observation_filter': 'NoFilter', 'entropy_coeff': 0.0, 'batch_mode': 'truncate_episodes', 'straggler_mitigation': False, 'vf_share_layers': False, 'num_gpus': 0, 'synchronize_filters': True, 'num_sgd_iter': 10, 'train_batch_size': 1500, 'optimizer': {}, 'num_gpus_per_worker': 0, 'preprocessor_pref': 'deepmind', 'num_cpus_for_driver': 1, 'lr_schedule': None, 'use_gae': True, 'lambda': 0.97, 'vf_loss_coeff': 1.0, 'vf_clip_param': 1000000.0, 'log_level': 'INFO', 'env_config': {'run': 'PPO', 'flow_params': '{\n    ""env"": {\n        ""additional_params"": {\n            ""max_accel"": 3,\n            ""max_decel"": 3,\n            ""sort_vehicles"": false,\n            ""target_velocity"": 20\n        },\n        ""evaluate"": false,\n        ""horizon"": 1500,\n        ""sims_per_step"": 1,\n        ""warmup_steps"": 0\n    },\n    ""env_name"": ""AccelEnv"",\n    ""exp_tag"": ""figure_eight_0"",\n    ""initial"": {\n        ""additional_params"": {},\n        ""bunching"": 0,\n        ""edges_distribution"": ""all"",\n        ""lanes_distribution"": Infinity,\n        ""min_gap"": 0,\n        ""perturbation"": 0.0,\n        ""shuffle"": false,\n        ""spacing"": ""uniform"",\n        ""x0"": 0\n    },\n    ""net"": {\n        ""additional_params"": {\n            ""lanes"": 1,\n            ""radius_ring"": 30,\n            ""resolution"": 40,\n            ""speed_limit"": 30\n        },\n        ""inflows"": {\n            ""_InFlows__flows"": [],\n            ""num_flows"": 0\n        },\n        ""netfile"": null,\n        ""no_internal_links"": false,\n        ""osm_path"": null\n    },\n    ""scenario"": ""Figure8Scenario"",\n    ""sim"": {\n        ""emission_path"": null,\n        ""lateral_resolution"": null,\n        ""no_step_log"": true,\n        ""num_clients"": 1,\n        ""overtake_right"": false,\n        ""port"": null,\n        ""print_warnings"": true,\n        ""pxpm"": 2,\n        ""render"": false,\n        ""restart_instance"": false,\n        ""save_render"": false,\n        ""seed"": null,\n        ""show_radius"": false,\n        ""sight_radius"": 25,\n        ""sim_step"": 0.1,\n        ""teleport_time"": -1\n    },\n    ""simulator"": ""traci"",\n    ""veh"": [\n        {\n            ""acceleration_controller"": [\n                ""IDMController"",\n                {\n                    ""noise"": 0.2\n                }\n            ],\n            ""car_following_params"": {\n                ""controller_params"": {\n                    ""accel"": 1.0,\n                    ""carFollowModel"": ""IDM"",\n                    ""decel"": 1.5,\n                    ""impatience"": 0.5,\n                    ""maxSpeed"": 30,\n                    ""minGap"": 2.5,\n                    ""sigma"": 0.5,\n                    ""speedDev"": 0.1,\n                    ""speedFactor"": 1.0,\n                    ""tau"": 1.0\n                },\n                ""speed_mode"": 1\n            },\n            ""initial_speed"": 0,\n            ""lane_change_controller"": [\n                ""SimLaneChangeController"",\n                {}\n            ],\n            ""lane_change_params"": {\n                ""controller_params"": {\n                    ""laneChangeModel"": ""LC2013"",\n                    ""lcCooperative"": ""1.0"",\n                    ""lcKeepRight"": ""1.0"",\n                    ""lcSpeedGain"": ""1.0"",\n                    ""lcStrategic"": ""1.0""\n                },\n                ""lane_change_mode"": 512\n            },\n            ""num_vehicles"": 13,\n            ""routing_controller"": [\n                ""ContinuousRouter"",\n                {}\n            ],\n            ""veh_id"": ""human""\n        },\n        {\n            ""acceleration_controller"": [\n                ""RLController"",\n                {}\n            ],\n            ""car_following_params"": {\n                ""controller_params"": {\n                    ""accel"": 1.0,\n                    ""carFollowModel"": ""IDM"",\n                    ""decel"": 1.5,\n                    ""impatience"": 0.5,\n                    ""maxSpeed"": 30,\n                    ""minGap"": 2.5,\n                    ""sigma"": 0.5,\n                    ""speedDev"": 0.1,\n                    ""speedFactor"": 1.0,\n                    ""tau"": 1.0\n                },\n                ""speed_mode"": 1\n            },\n            ""initial_speed"": 0,\n            ""lane_change_controller"": [\n                ""SimLaneChangeController"",\n                {}\n            ],\n            ""lane_change_params"": {\n                ""controller_params"": {\n                    ""laneChangeModel"": ""LC2013"",\n                    ""lcCooperative"": ""1.0"",\n                    ""lcKeepRight"": ""1.0"",\n                    ""lcSpeedGain"": ""1.0"",\n                    ""lcStrategic"": ""1.0""\n                },\n                ""lane_change_mode"": 512\n            },\n            ""num_vehicles"": 1,\n            ""routing_controller"": [\n                ""ContinuousRouter"",\n                {}\n            ],\n            ""veh_id"": ""rl""\n        }\n    ]\n}'}, 'env': 'AccelEnv-v0', 'local_evaluator_tf_session_args': {'inter_op_parallelism_threads': 8, 'intra_op_parallelism_threads': 8}, 'model': {'free_log_std': False, 'custom_options': {}, 'framestack': True, 'channel_major': False, 'max_seq_len': 20, 'lstm_use_prev_action_reward': False, 'squash_to_range': False, 'dim': 84, 'grayscale': False, 'fcnet_hiddens': [100, 50, 25], 'use_lstm': False, 'custom_model': None, 'fcnet_activation': 'tanh', 'conv_filters': None, 'conv_activation': 'relu', 'lstm_cell_size': 256, 'zero_mean': True, 'custom_preprocessor': None}, 'output_compress_columns': ['obs', 'new_obs'], 'monitor': False, 'custom_resources_per_worker': {}, 'output_max_file_size': 67108864, 'num_workers': 1, 'clip_param': 0.3, 'kl_coeff': 0.2, 'multiagent': {'policy_graphs': {}, 'policy_mapping_fn': None, 'policies_to_train': None}, 'input_evaluation': None, 'output': None, 'collect_metrics_timeout': 180, 'num_cpus_per_worker': 1}",169.237.32.118,1,1412.05,10.036500215530396,"{'num_steps_sampled': 780800, 'load_time_ms': 1.193, 'default': {'kl': 0.01462929043918848, 'cur_lr': 0.0005000000237487257, 'total_loss': 0.6671391129493713, 'policy_loss': -0.014093540608882904, 'vf_explained_var': 0.992889404296875, 'entropy': 2.542149782180786, 'cur_kl_coeff': 0.37536004185676575, 'vf_loss': 0.6757413744926453}, 'sample_time_ms': 9650.692, 'grad_time_ms': 278.088, 'update_time_ms': 4.597, 'num_steps_trained': 780800}",385.5692726135848,2019-04-02_08-57-24,kronos,71,780800,0,4830.838518381119,{},780800,488,488,4830.838518381119,454.74548102342294,1600,1554195444,{},0b32d2eec3344b1fbde4822793b2e447,69.87981902623255
False,591,"{'input': 'sampler', 'callbacks': {'on_train_result': None, 'on_sample_end': None, 'on_episode_step': None, 'on_episode_start': None, 'on_episode_end': None}, 'sample_batch_size': 200, 'clip_actions': False, 'clip_rewards': None, 'tf_session_args': {'inter_op_parallelism_threads': 2, 'intra_op_parallelism_threads': 2, 'device_count': {'CPU': 1}, 'log_device_placement': False, 'allow_soft_placement': True, 'gpu_options': {'allow_growth': True}}, 'kl_target': 0.01, 'horizon': 1500, 'lr': 0.0005, 'sample_async': False, 'simple_optimizer': False, 'compress_observations': False, 'num_envs_per_worker': 1, 'gamma': 0.99, 'sgd_minibatch_size': 128, 'observation_filter': 'NoFilter', 'entropy_coeff': 0.0, 'batch_mode': 'truncate_episodes', 'straggler_mitigation': False, 'vf_share_layers': False, 'num_gpus': 0, 'synchronize_filters': True, 'num_sgd_iter': 10, 'train_batch_size': 1500, 'optimizer': {}, 'num_gpus_per_worker': 0, 'preprocessor_pref': 'deepmind', 'num_cpus_for_driver': 1, 'lr_schedule': None, 'use_gae': True, 'lambda': 0.97, 'vf_loss_coeff': 1.0, 'vf_clip_param': 1000000.0, 'log_level': 'INFO', 'env_config': {'run': 'PPO', 'flow_params': '{\n    ""env"": {\n        ""additional_params"": {\n            ""max_accel"": 3,\n            ""max_decel"": 3,\n            ""sort_vehicles"": false,\n            ""target_velocity"": 20\n        },\n        ""evaluate"": false,\n        ""horizon"": 1500,\n        ""sims_per_step"": 1,\n        ""warmup_steps"": 0\n    },\n    ""env_name"": ""AccelEnv"",\n    ""exp_tag"": ""figure_eight_0"",\n    ""initial"": {\n        ""additional_params"": {},\n        ""bunching"": 0,\n        ""edges_distribution"": ""all"",\n        ""lanes_distribution"": Infinity,\n        ""min_gap"": 0,\n        ""perturbation"": 0.0,\n        ""shuffle"": false,\n        ""spacing"": ""uniform"",\n        ""x0"": 0\n    },\n    ""net"": {\n        ""additional_params"": {\n            ""lanes"": 1,\n            ""radius_ring"": 30,\n            ""resolution"": 40,\n            ""speed_limit"": 30\n        },\n        ""inflows"": {\n            ""_InFlows__flows"": [],\n            ""num_flows"": 0\n        },\n        ""netfile"": null,\n        ""no_internal_links"": false,\n        ""osm_path"": null\n    },\n    ""scenario"": ""Figure8Scenario"",\n    ""sim"": {\n        ""emission_path"": null,\n        ""lateral_resolution"": null,\n        ""no_step_log"": true,\n        ""num_clients"": 1,\n        ""overtake_right"": false,\n        ""port"": null,\n        ""print_warnings"": true,\n        ""pxpm"": 2,\n        ""render"": false,\n        ""restart_instance"": false,\n        ""save_render"": false,\n        ""seed"": null,\n        ""show_radius"": false,\n        ""sight_radius"": 25,\n        ""sim_step"": 0.1,\n        ""teleport_time"": -1\n    },\n    ""simulator"": ""traci"",\n    ""veh"": [\n        {\n            ""acceleration_controller"": [\n                ""IDMController"",\n                {\n                    ""noise"": 0.2\n                }\n            ],\n            ""car_following_params"": {\n                ""controller_params"": {\n                    ""accel"": 1.0,\n                    ""carFollowModel"": ""IDM"",\n                    ""decel"": 1.5,\n                    ""impatience"": 0.5,\n                    ""maxSpeed"": 30,\n                    ""minGap"": 2.5,\n                    ""sigma"": 0.5,\n                    ""speedDev"": 0.1,\n                    ""speedFactor"": 1.0,\n                    ""tau"": 1.0\n                },\n                ""speed_mode"": 1\n            },\n            ""initial_speed"": 0,\n            ""lane_change_controller"": [\n                ""SimLaneChangeController"",\n                {}\n            ],\n            ""lane_change_params"": {\n                ""controller_params"": {\n                    ""laneChangeModel"": ""LC2013"",\n                    ""lcCooperative"": ""1.0"",\n                    ""lcKeepRight"": ""1.0"",\n                    ""lcSpeedGain"": ""1.0"",\n                    ""lcStrategic"": ""1.0""\n                },\n                ""lane_change_mode"": 512\n            },\n            ""num_vehicles"": 13,\n            ""routing_controller"": [\n                ""ContinuousRouter"",\n                {}\n            ],\n            ""veh_id"": ""human""\n        },\n        {\n            ""acceleration_controller"": [\n                ""RLController"",\n                {}\n            ],\n            ""car_following_params"": {\n                ""controller_params"": {\n                    ""accel"": 1.0,\n                    ""carFollowModel"": ""IDM"",\n                    ""decel"": 1.5,\n                    ""impatience"": 0.5,\n                    ""maxSpeed"": 30,\n                    ""minGap"": 2.5,\n                    ""sigma"": 0.5,\n                    ""speedDev"": 0.1,\n                    ""speedFactor"": 1.0,\n                    ""tau"": 1.0\n                },\n                ""speed_mode"": 1\n            },\n            ""initial_speed"": 0,\n            ""lane_change_controller"": [\n                ""SimLaneChangeController"",\n                {}\n            ],\n            ""lane_change_params"": {\n                ""controller_params"": {\n                    ""laneChangeModel"": ""LC2013"",\n                    ""lcCooperative"": ""1.0"",\n                    ""lcKeepRight"": ""1.0"",\n                    ""lcSpeedGain"": ""1.0"",\n                    ""lcStrategic"": ""1.0""\n                },\n                ""lane_change_mode"": 512\n            },\n            ""num_vehicles"": 1,\n            ""routing_controller"": [\n                ""ContinuousRouter"",\n                {}\n            ],\n            ""veh_id"": ""rl""\n        }\n    ]\n}'}, 'env': 'AccelEnv-v0', 'local_evaluator_tf_session_args': {'inter_op_parallelism_threads': 8, 'intra_op_parallelism_threads': 8}, 'model': {'free_log_std': False, 'custom_options': {}, 'framestack': True, 'channel_major': False, 'max_seq_len': 20, 'lstm_use_prev_action_reward': False, 'squash_to_range': False, 'dim': 84, 'grayscale': False, 'fcnet_hiddens': [100, 50, 25], 'use_lstm': False, 'custom_model': None, 'fcnet_activation': 'tanh', 'conv_filters': None, 'conv_activation': 'relu', 'lstm_cell_size': 256, 'zero_mean': True, 'custom_preprocessor': None}, 'output_compress_columns': ['obs', 'new_obs'], 'monitor': False, 'custom_resources_per_worker': {}, 'output_max_file_size': 67108864, 'num_workers': 1, 'clip_param': 0.3, 'kl_coeff': 0.2, 'multiagent': {'policy_graphs': {}, 'policy_mapping_fn': None, 'policies_to_train': None}, 'input_evaluation': None, 'output': None, 'collect_metrics_timeout': 180, 'num_cpus_per_worker': 1}",169.237.32.118,1,1412.05,9.985738754272461,"{'num_steps_sampled': 782400, 'load_time_ms': 1.188, 'default': {'kl': 0.01134782750159502, 'cur_lr': 0.0005000000237487257, 'total_loss': 0.5125018954277039, 'policy_loss': -0.014018538407981396, 'vf_explained_var': 0.9937905669212341, 'entropy': 2.683990716934204, 'cur_kl_coeff': 0.37536004185676575, 'vf_loss': 0.5222609043121338}, 'sample_time_ms': 9663.622, 'grad_time_ms': 279.074, 'update_time_ms': 4.665, 'num_steps_trained': 782400}",385.63153630758455,2019-04-02_08-57-34,kronos,71,782400,0,4840.824257135391,{},782400,489,489,4840.824257135391,454.74548102342294,1600,1554195454,{},0b32d2eec3344b1fbde4822793b2e447,69.87981902623255
False,592,"{'input': 'sampler', 'callbacks': {'on_train_result': None, 'on_sample_end': None, 'on_episode_step': None, 'on_episode_start': None, 'on_episode_end': None}, 'sample_batch_size': 200, 'clip_actions': False, 'clip_rewards': None, 'tf_session_args': {'inter_op_parallelism_threads': 2, 'intra_op_parallelism_threads': 2, 'device_count': {'CPU': 1}, 'log_device_placement': False, 'allow_soft_placement': True, 'gpu_options': {'allow_growth': True}}, 'kl_target': 0.01, 'horizon': 1500, 'lr': 0.0005, 'sample_async': False, 'simple_optimizer': False, 'compress_observations': False, 'num_envs_per_worker': 1, 'gamma': 0.99, 'sgd_minibatch_size': 128, 'observation_filter': 'NoFilter', 'entropy_coeff': 0.0, 'batch_mode': 'truncate_episodes', 'straggler_mitigation': False, 'vf_share_layers': False, 'num_gpus': 0, 'synchronize_filters': True, 'num_sgd_iter': 10, 'train_batch_size': 1500, 'optimizer': {}, 'num_gpus_per_worker': 0, 'preprocessor_pref': 'deepmind', 'num_cpus_for_driver': 1, 'lr_schedule': None, 'use_gae': True, 'lambda': 0.97, 'vf_loss_coeff': 1.0, 'vf_clip_param': 1000000.0, 'log_level': 'INFO', 'env_config': {'run': 'PPO', 'flow_params': '{\n    ""env"": {\n        ""additional_params"": {\n            ""max_accel"": 3,\n            ""max_decel"": 3,\n            ""sort_vehicles"": false,\n            ""target_velocity"": 20\n        },\n        ""evaluate"": false,\n        ""horizon"": 1500,\n        ""sims_per_step"": 1,\n        ""warmup_steps"": 0\n    },\n    ""env_name"": ""AccelEnv"",\n    ""exp_tag"": ""figure_eight_0"",\n    ""initial"": {\n        ""additional_params"": {},\n        ""bunching"": 0,\n        ""edges_distribution"": ""all"",\n        ""lanes_distribution"": Infinity,\n        ""min_gap"": 0,\n        ""perturbation"": 0.0,\n        ""shuffle"": false,\n        ""spacing"": ""uniform"",\n        ""x0"": 0\n    },\n    ""net"": {\n        ""additional_params"": {\n            ""lanes"": 1,\n            ""radius_ring"": 30,\n            ""resolution"": 40,\n            ""speed_limit"": 30\n        },\n        ""inflows"": {\n            ""_InFlows__flows"": [],\n            ""num_flows"": 0\n        },\n        ""netfile"": null,\n        ""no_internal_links"": false,\n        ""osm_path"": null\n    },\n    ""scenario"": ""Figure8Scenario"",\n    ""sim"": {\n        ""emission_path"": null,\n        ""lateral_resolution"": null,\n        ""no_step_log"": true,\n        ""num_clients"": 1,\n        ""overtake_right"": false,\n        ""port"": null,\n        ""print_warnings"": true,\n        ""pxpm"": 2,\n        ""render"": false,\n        ""restart_instance"": false,\n        ""save_render"": false,\n        ""seed"": null,\n        ""show_radius"": false,\n        ""sight_radius"": 25,\n        ""sim_step"": 0.1,\n        ""teleport_time"": -1\n    },\n    ""simulator"": ""traci"",\n    ""veh"": [\n        {\n            ""acceleration_controller"": [\n                ""IDMController"",\n                {\n                    ""noise"": 0.2\n                }\n            ],\n            ""car_following_params"": {\n                ""controller_params"": {\n                    ""accel"": 1.0,\n                    ""carFollowModel"": ""IDM"",\n                    ""decel"": 1.5,\n                    ""impatience"": 0.5,\n                    ""maxSpeed"": 30,\n                    ""minGap"": 2.5,\n                    ""sigma"": 0.5,\n                    ""speedDev"": 0.1,\n                    ""speedFactor"": 1.0,\n                    ""tau"": 1.0\n                },\n                ""speed_mode"": 1\n            },\n            ""initial_speed"": 0,\n            ""lane_change_controller"": [\n                ""SimLaneChangeController"",\n                {}\n            ],\n            ""lane_change_params"": {\n                ""controller_params"": {\n                    ""laneChangeModel"": ""LC2013"",\n                    ""lcCooperative"": ""1.0"",\n                    ""lcKeepRight"": ""1.0"",\n                    ""lcSpeedGain"": ""1.0"",\n                    ""lcStrategic"": ""1.0""\n                },\n                ""lane_change_mode"": 512\n            },\n            ""num_vehicles"": 13,\n            ""routing_controller"": [\n                ""ContinuousRouter"",\n                {}\n            ],\n            ""veh_id"": ""human""\n        },\n        {\n            ""acceleration_controller"": [\n                ""RLController"",\n                {}\n            ],\n            ""car_following_params"": {\n                ""controller_params"": {\n                    ""accel"": 1.0,\n                    ""carFollowModel"": ""IDM"",\n                    ""decel"": 1.5,\n                    ""impatience"": 0.5,\n                    ""maxSpeed"": 30,\n                    ""minGap"": 2.5,\n                    ""sigma"": 0.5,\n                    ""speedDev"": 0.1,\n                    ""speedFactor"": 1.0,\n                    ""tau"": 1.0\n                },\n                ""speed_mode"": 1\n            },\n            ""initial_speed"": 0,\n            ""lane_change_controller"": [\n                ""SimLaneChangeController"",\n                {}\n            ],\n            ""lane_change_params"": {\n                ""controller_params"": {\n                    ""laneChangeModel"": ""LC2013"",\n                    ""lcCooperative"": ""1.0"",\n                    ""lcKeepRight"": ""1.0"",\n                    ""lcSpeedGain"": ""1.0"",\n                    ""lcStrategic"": ""1.0""\n                },\n                ""lane_change_mode"": 512\n            },\n            ""num_vehicles"": 1,\n            ""routing_controller"": [\n                ""ContinuousRouter"",\n                {}\n            ],\n            ""veh_id"": ""rl""\n        }\n    ]\n}'}, 'env': 'AccelEnv-v0', 'local_evaluator_tf_session_args': {'inter_op_parallelism_threads': 8, 'intra_op_parallelism_threads': 8}, 'model': {'free_log_std': False, 'custom_options': {}, 'framestack': True, 'channel_major': False, 'max_seq_len': 20, 'lstm_use_prev_action_reward': False, 'squash_to_range': False, 'dim': 84, 'grayscale': False, 'fcnet_hiddens': [100, 50, 25], 'use_lstm': False, 'custom_model': None, 'fcnet_activation': 'tanh', 'conv_filters': None, 'conv_activation': 'relu', 'lstm_cell_size': 256, 'zero_mean': True, 'custom_preprocessor': None}, 'output_compress_columns': ['obs', 'new_obs'], 'monitor': False, 'custom_resources_per_worker': {}, 'output_max_file_size': 67108864, 'num_workers': 1, 'clip_param': 0.3, 'kl_coeff': 0.2, 'multiagent': {'policy_graphs': {}, 'policy_mapping_fn': None, 'policies_to_train': None}, 'input_evaluation': None, 'output': None, 'collect_metrics_timeout': 180, 'num_cpus_per_worker': 1}",169.237.32.118,1,1412.05,9.785688161849976,"{'num_steps_sampled': 784000, 'load_time_ms': 1.17, 'default': {'kl': 0.0038847464602440596, 'cur_lr': 0.0005000000237487257, 'total_loss': 0.9829087257385254, 'policy_loss': 1.2953455552633386e-05, 'vf_explained_var': 0.9870305061340332, 'entropy': 2.584179162979126, 'cur_kl_coeff': 0.37536004185676575, 'vf_loss': 0.981437623500824}, 'sample_time_ms': 9646.766, 'grad_time_ms': 274.724, 'update_time_ms': 4.755, 'num_steps_trained': 784000}",383.98748430846035,2019-04-02_08-57-44,kronos,71,784000,0,4850.609945297241,{},784000,490,490,4850.609945297241,454.74548102342294,1600,1554195464,{},0b32d2eec3344b1fbde4822793b2e447,69.87981902623255
False,593,"{'input': 'sampler', 'callbacks': {'on_train_result': None, 'on_sample_end': None, 'on_episode_step': None, 'on_episode_start': None, 'on_episode_end': None}, 'sample_batch_size': 200, 'clip_actions': False, 'clip_rewards': None, 'tf_session_args': {'inter_op_parallelism_threads': 2, 'intra_op_parallelism_threads': 2, 'device_count': {'CPU': 1}, 'log_device_placement': False, 'allow_soft_placement': True, 'gpu_options': {'allow_growth': True}}, 'kl_target': 0.01, 'horizon': 1500, 'lr': 0.0005, 'sample_async': False, 'simple_optimizer': False, 'compress_observations': False, 'num_envs_per_worker': 1, 'gamma': 0.99, 'sgd_minibatch_size': 128, 'observation_filter': 'NoFilter', 'entropy_coeff': 0.0, 'batch_mode': 'truncate_episodes', 'straggler_mitigation': False, 'vf_share_layers': False, 'num_gpus': 0, 'synchronize_filters': True, 'num_sgd_iter': 10, 'train_batch_size': 1500, 'optimizer': {}, 'num_gpus_per_worker': 0, 'preprocessor_pref': 'deepmind', 'num_cpus_for_driver': 1, 'lr_schedule': None, 'use_gae': True, 'lambda': 0.97, 'vf_loss_coeff': 1.0, 'vf_clip_param': 1000000.0, 'log_level': 'INFO', 'env_config': {'run': 'PPO', 'flow_params': '{\n    ""env"": {\n        ""additional_params"": {\n            ""max_accel"": 3,\n            ""max_decel"": 3,\n            ""sort_vehicles"": false,\n            ""target_velocity"": 20\n        },\n        ""evaluate"": false,\n        ""horizon"": 1500,\n        ""sims_per_step"": 1,\n        ""warmup_steps"": 0\n    },\n    ""env_name"": ""AccelEnv"",\n    ""exp_tag"": ""figure_eight_0"",\n    ""initial"": {\n        ""additional_params"": {},\n        ""bunching"": 0,\n        ""edges_distribution"": ""all"",\n        ""lanes_distribution"": Infinity,\n        ""min_gap"": 0,\n        ""perturbation"": 0.0,\n        ""shuffle"": false,\n        ""spacing"": ""uniform"",\n        ""x0"": 0\n    },\n    ""net"": {\n        ""additional_params"": {\n            ""lanes"": 1,\n            ""radius_ring"": 30,\n            ""resolution"": 40,\n            ""speed_limit"": 30\n        },\n        ""inflows"": {\n            ""_InFlows__flows"": [],\n            ""num_flows"": 0\n        },\n        ""netfile"": null,\n        ""no_internal_links"": false,\n        ""osm_path"": null\n    },\n    ""scenario"": ""Figure8Scenario"",\n    ""sim"": {\n        ""emission_path"": null,\n        ""lateral_resolution"": null,\n        ""no_step_log"": true,\n        ""num_clients"": 1,\n        ""overtake_right"": false,\n        ""port"": null,\n        ""print_warnings"": true,\n        ""pxpm"": 2,\n        ""render"": false,\n        ""restart_instance"": false,\n        ""save_render"": false,\n        ""seed"": null,\n        ""show_radius"": false,\n        ""sight_radius"": 25,\n        ""sim_step"": 0.1,\n        ""teleport_time"": -1\n    },\n    ""simulator"": ""traci"",\n    ""veh"": [\n        {\n            ""acceleration_controller"": [\n                ""IDMController"",\n                {\n                    ""noise"": 0.2\n                }\n            ],\n            ""car_following_params"": {\n                ""controller_params"": {\n                    ""accel"": 1.0,\n                    ""carFollowModel"": ""IDM"",\n                    ""decel"": 1.5,\n                    ""impatience"": 0.5,\n                    ""maxSpeed"": 30,\n                    ""minGap"": 2.5,\n                    ""sigma"": 0.5,\n                    ""speedDev"": 0.1,\n                    ""speedFactor"": 1.0,\n                    ""tau"": 1.0\n                },\n                ""speed_mode"": 1\n            },\n            ""initial_speed"": 0,\n            ""lane_change_controller"": [\n                ""SimLaneChangeController"",\n                {}\n            ],\n            ""lane_change_params"": {\n                ""controller_params"": {\n                    ""laneChangeModel"": ""LC2013"",\n                    ""lcCooperative"": ""1.0"",\n                    ""lcKeepRight"": ""1.0"",\n                    ""lcSpeedGain"": ""1.0"",\n                    ""lcStrategic"": ""1.0""\n                },\n                ""lane_change_mode"": 512\n            },\n            ""num_vehicles"": 13,\n            ""routing_controller"": [\n                ""ContinuousRouter"",\n                {}\n            ],\n            ""veh_id"": ""human""\n        },\n        {\n            ""acceleration_controller"": [\n                ""RLController"",\n                {}\n            ],\n            ""car_following_params"": {\n                ""controller_params"": {\n                    ""accel"": 1.0,\n                    ""carFollowModel"": ""IDM"",\n                    ""decel"": 1.5,\n                    ""impatience"": 0.5,\n                    ""maxSpeed"": 30,\n                    ""minGap"": 2.5,\n                    ""sigma"": 0.5,\n                    ""speedDev"": 0.1,\n                    ""speedFactor"": 1.0,\n                    ""tau"": 1.0\n                },\n                ""speed_mode"": 1\n            },\n            ""initial_speed"": 0,\n            ""lane_change_controller"": [\n                ""SimLaneChangeController"",\n                {}\n            ],\n            ""lane_change_params"": {\n                ""controller_params"": {\n                    ""laneChangeModel"": ""LC2013"",\n                    ""lcCooperative"": ""1.0"",\n                    ""lcKeepRight"": ""1.0"",\n                    ""lcSpeedGain"": ""1.0"",\n                    ""lcStrategic"": ""1.0""\n                },\n                ""lane_change_mode"": 512\n            },\n            ""num_vehicles"": 1,\n            ""routing_controller"": [\n                ""ContinuousRouter"",\n                {}\n            ],\n            ""veh_id"": ""rl""\n        }\n    ]\n}'}, 'env': 'AccelEnv-v0', 'local_evaluator_tf_session_args': {'inter_op_parallelism_threads': 8, 'intra_op_parallelism_threads': 8}, 'model': {'free_log_std': False, 'custom_options': {}, 'framestack': True, 'channel_major': False, 'max_seq_len': 20, 'lstm_use_prev_action_reward': False, 'squash_to_range': False, 'dim': 84, 'grayscale': False, 'fcnet_hiddens': [100, 50, 25], 'use_lstm': False, 'custom_model': None, 'fcnet_activation': 'tanh', 'conv_filters': None, 'conv_activation': 'relu', 'lstm_cell_size': 256, 'zero_mean': True, 'custom_preprocessor': None}, 'output_compress_columns': ['obs', 'new_obs'], 'monitor': False, 'custom_resources_per_worker': {}, 'output_max_file_size': 67108864, 'num_workers': 1, 'clip_param': 0.3, 'kl_coeff': 0.2, 'multiagent': {'policy_graphs': {}, 'policy_mapping_fn': None, 'policies_to_train': None}, 'input_evaluation': None, 'output': None, 'collect_metrics_timeout': 180, 'num_cpus_per_worker': 1}",169.237.32.118,1,1412.05,10.12116527557373,"{'num_steps_sampled': 785600, 'load_time_ms': 1.141, 'default': {'kl': 0.03429914638400078, 'cur_lr': 0.0005000000237487257, 'total_loss': 0.2595842182636261, 'policy_loss': -0.030848553404211998, 'vf_explained_var': 0.9885491728782654, 'entropy': 2.4274098873138428, 'cur_kl_coeff': 0.18768002092838287, 'vf_loss': 0.28399550914764404}, 'sample_time_ms': 9659.18, 'grad_time_ms': 275.678, 'update_time_ms': 4.673, 'num_steps_trained': 785600}",384.02297470938856,2019-04-02_08-57-54,kronos,71,785600,0,4860.731110572815,{},785600,491,491,4860.731110572815,454.74548102342294,1600,1554195474,{},0b32d2eec3344b1fbde4822793b2e447,69.87981902623255
False,594,"{'input': 'sampler', 'callbacks': {'on_train_result': None, 'on_sample_end': None, 'on_episode_step': None, 'on_episode_start': None, 'on_episode_end': None}, 'sample_batch_size': 200, 'clip_actions': False, 'clip_rewards': None, 'tf_session_args': {'inter_op_parallelism_threads': 2, 'intra_op_parallelism_threads': 2, 'device_count': {'CPU': 1}, 'log_device_placement': False, 'allow_soft_placement': True, 'gpu_options': {'allow_growth': True}}, 'kl_target': 0.01, 'horizon': 1500, 'lr': 0.0005, 'sample_async': False, 'simple_optimizer': False, 'compress_observations': False, 'num_envs_per_worker': 1, 'gamma': 0.99, 'sgd_minibatch_size': 128, 'observation_filter': 'NoFilter', 'entropy_coeff': 0.0, 'batch_mode': 'truncate_episodes', 'straggler_mitigation': False, 'vf_share_layers': False, 'num_gpus': 0, 'synchronize_filters': True, 'num_sgd_iter': 10, 'train_batch_size': 1500, 'optimizer': {}, 'num_gpus_per_worker': 0, 'preprocessor_pref': 'deepmind', 'num_cpus_for_driver': 1, 'lr_schedule': None, 'use_gae': True, 'lambda': 0.97, 'vf_loss_coeff': 1.0, 'vf_clip_param': 1000000.0, 'log_level': 'INFO', 'env_config': {'run': 'PPO', 'flow_params': '{\n    ""env"": {\n        ""additional_params"": {\n            ""max_accel"": 3,\n            ""max_decel"": 3,\n            ""sort_vehicles"": false,\n            ""target_velocity"": 20\n        },\n        ""evaluate"": false,\n        ""horizon"": 1500,\n        ""sims_per_step"": 1,\n        ""warmup_steps"": 0\n    },\n    ""env_name"": ""AccelEnv"",\n    ""exp_tag"": ""figure_eight_0"",\n    ""initial"": {\n        ""additional_params"": {},\n        ""bunching"": 0,\n        ""edges_distribution"": ""all"",\n        ""lanes_distribution"": Infinity,\n        ""min_gap"": 0,\n        ""perturbation"": 0.0,\n        ""shuffle"": false,\n        ""spacing"": ""uniform"",\n        ""x0"": 0\n    },\n    ""net"": {\n        ""additional_params"": {\n            ""lanes"": 1,\n            ""radius_ring"": 30,\n            ""resolution"": 40,\n            ""speed_limit"": 30\n        },\n        ""inflows"": {\n            ""_InFlows__flows"": [],\n            ""num_flows"": 0\n        },\n        ""netfile"": null,\n        ""no_internal_links"": false,\n        ""osm_path"": null\n    },\n    ""scenario"": ""Figure8Scenario"",\n    ""sim"": {\n        ""emission_path"": null,\n        ""lateral_resolution"": null,\n        ""no_step_log"": true,\n        ""num_clients"": 1,\n        ""overtake_right"": false,\n        ""port"": null,\n        ""print_warnings"": true,\n        ""pxpm"": 2,\n        ""render"": false,\n        ""restart_instance"": false,\n        ""save_render"": false,\n        ""seed"": null,\n        ""show_radius"": false,\n        ""sight_radius"": 25,\n        ""sim_step"": 0.1,\n        ""teleport_time"": -1\n    },\n    ""simulator"": ""traci"",\n    ""veh"": [\n        {\n            ""acceleration_controller"": [\n                ""IDMController"",\n                {\n                    ""noise"": 0.2\n                }\n            ],\n            ""car_following_params"": {\n                ""controller_params"": {\n                    ""accel"": 1.0,\n                    ""carFollowModel"": ""IDM"",\n                    ""decel"": 1.5,\n                    ""impatience"": 0.5,\n                    ""maxSpeed"": 30,\n                    ""minGap"": 2.5,\n                    ""sigma"": 0.5,\n                    ""speedDev"": 0.1,\n                    ""speedFactor"": 1.0,\n                    ""tau"": 1.0\n                },\n                ""speed_mode"": 1\n            },\n            ""initial_speed"": 0,\n            ""lane_change_controller"": [\n                ""SimLaneChangeController"",\n                {}\n            ],\n            ""lane_change_params"": {\n                ""controller_params"": {\n                    ""laneChangeModel"": ""LC2013"",\n                    ""lcCooperative"": ""1.0"",\n                    ""lcKeepRight"": ""1.0"",\n                    ""lcSpeedGain"": ""1.0"",\n                    ""lcStrategic"": ""1.0""\n                },\n                ""lane_change_mode"": 512\n            },\n            ""num_vehicles"": 13,\n            ""routing_controller"": [\n                ""ContinuousRouter"",\n                {}\n            ],\n            ""veh_id"": ""human""\n        },\n        {\n            ""acceleration_controller"": [\n                ""RLController"",\n                {}\n            ],\n            ""car_following_params"": {\n                ""controller_params"": {\n                    ""accel"": 1.0,\n                    ""carFollowModel"": ""IDM"",\n                    ""decel"": 1.5,\n                    ""impatience"": 0.5,\n                    ""maxSpeed"": 30,\n                    ""minGap"": 2.5,\n                    ""sigma"": 0.5,\n                    ""speedDev"": 0.1,\n                    ""speedFactor"": 1.0,\n                    ""tau"": 1.0\n                },\n                ""speed_mode"": 1\n            },\n            ""initial_speed"": 0,\n            ""lane_change_controller"": [\n                ""SimLaneChangeController"",\n                {}\n            ],\n            ""lane_change_params"": {\n                ""controller_params"": {\n                    ""laneChangeModel"": ""LC2013"",\n                    ""lcCooperative"": ""1.0"",\n                    ""lcKeepRight"": ""1.0"",\n                    ""lcSpeedGain"": ""1.0"",\n                    ""lcStrategic"": ""1.0""\n                },\n                ""lane_change_mode"": 512\n            },\n            ""num_vehicles"": 1,\n            ""routing_controller"": [\n                ""ContinuousRouter"",\n                {}\n            ],\n            ""veh_id"": ""rl""\n        }\n    ]\n}'}, 'env': 'AccelEnv-v0', 'local_evaluator_tf_session_args': {'inter_op_parallelism_threads': 8, 'intra_op_parallelism_threads': 8}, 'model': {'free_log_std': False, 'custom_options': {}, 'framestack': True, 'channel_major': False, 'max_seq_len': 20, 'lstm_use_prev_action_reward': False, 'squash_to_range': False, 'dim': 84, 'grayscale': False, 'fcnet_hiddens': [100, 50, 25], 'use_lstm': False, 'custom_model': None, 'fcnet_activation': 'tanh', 'conv_filters': None, 'conv_activation': 'relu', 'lstm_cell_size': 256, 'zero_mean': True, 'custom_preprocessor': None}, 'output_compress_columns': ['obs', 'new_obs'], 'monitor': False, 'custom_resources_per_worker': {}, 'output_max_file_size': 67108864, 'num_workers': 1, 'clip_param': 0.3, 'kl_coeff': 0.2, 'multiagent': {'policy_graphs': {}, 'policy_mapping_fn': None, 'policies_to_train': None}, 'input_evaluation': None, 'output': None, 'collect_metrics_timeout': 180, 'num_cpus_per_worker': 1}",169.237.32.118,1,1412.05,9.825990915298462,"{'num_steps_sampled': 787200, 'load_time_ms': 1.111, 'default': {'kl': 0.011068054474890232, 'cur_lr': 0.0005000000237487257, 'total_loss': 0.44185909628868103, 'policy_loss': -0.01703091524541378, 'vf_explained_var': 0.9864082932472229, 'entropy': 2.4640238285064697, 'cur_kl_coeff': 0.28151997923851013, 'vf_loss': 0.45577406883239746}, 'sample_time_ms': 9662.681, 'grad_time_ms': 273.926, 'update_time_ms': 4.703, 'num_steps_trained': 787200}",384.0327479063663,2019-04-02_08-58-04,kronos,71,787200,0,4870.557101488113,{},787200,492,492,4870.557101488113,454.74548102342294,1600,1554195484,{},0b32d2eec3344b1fbde4822793b2e447,69.87981902623255
False,595,"{'input': 'sampler', 'callbacks': {'on_train_result': None, 'on_sample_end': None, 'on_episode_step': None, 'on_episode_start': None, 'on_episode_end': None}, 'sample_batch_size': 200, 'clip_actions': False, 'clip_rewards': None, 'tf_session_args': {'inter_op_parallelism_threads': 2, 'intra_op_parallelism_threads': 2, 'device_count': {'CPU': 1}, 'log_device_placement': False, 'allow_soft_placement': True, 'gpu_options': {'allow_growth': True}}, 'kl_target': 0.01, 'horizon': 1500, 'lr': 0.0005, 'sample_async': False, 'simple_optimizer': False, 'compress_observations': False, 'num_envs_per_worker': 1, 'gamma': 0.99, 'sgd_minibatch_size': 128, 'observation_filter': 'NoFilter', 'entropy_coeff': 0.0, 'batch_mode': 'truncate_episodes', 'straggler_mitigation': False, 'vf_share_layers': False, 'num_gpus': 0, 'synchronize_filters': True, 'num_sgd_iter': 10, 'train_batch_size': 1500, 'optimizer': {}, 'num_gpus_per_worker': 0, 'preprocessor_pref': 'deepmind', 'num_cpus_for_driver': 1, 'lr_schedule': None, 'use_gae': True, 'lambda': 0.97, 'vf_loss_coeff': 1.0, 'vf_clip_param': 1000000.0, 'log_level': 'INFO', 'env_config': {'run': 'PPO', 'flow_params': '{\n    ""env"": {\n        ""additional_params"": {\n            ""max_accel"": 3,\n            ""max_decel"": 3,\n            ""sort_vehicles"": false,\n            ""target_velocity"": 20\n        },\n        ""evaluate"": false,\n        ""horizon"": 1500,\n        ""sims_per_step"": 1,\n        ""warmup_steps"": 0\n    },\n    ""env_name"": ""AccelEnv"",\n    ""exp_tag"": ""figure_eight_0"",\n    ""initial"": {\n        ""additional_params"": {},\n        ""bunching"": 0,\n        ""edges_distribution"": ""all"",\n        ""lanes_distribution"": Infinity,\n        ""min_gap"": 0,\n        ""perturbation"": 0.0,\n        ""shuffle"": false,\n        ""spacing"": ""uniform"",\n        ""x0"": 0\n    },\n    ""net"": {\n        ""additional_params"": {\n            ""lanes"": 1,\n            ""radius_ring"": 30,\n            ""resolution"": 40,\n            ""speed_limit"": 30\n        },\n        ""inflows"": {\n            ""_InFlows__flows"": [],\n            ""num_flows"": 0\n        },\n        ""netfile"": null,\n        ""no_internal_links"": false,\n        ""osm_path"": null\n    },\n    ""scenario"": ""Figure8Scenario"",\n    ""sim"": {\n        ""emission_path"": null,\n        ""lateral_resolution"": null,\n        ""no_step_log"": true,\n        ""num_clients"": 1,\n        ""overtake_right"": false,\n        ""port"": null,\n        ""print_warnings"": true,\n        ""pxpm"": 2,\n        ""render"": false,\n        ""restart_instance"": false,\n        ""save_render"": false,\n        ""seed"": null,\n        ""show_radius"": false,\n        ""sight_radius"": 25,\n        ""sim_step"": 0.1,\n        ""teleport_time"": -1\n    },\n    ""simulator"": ""traci"",\n    ""veh"": [\n        {\n            ""acceleration_controller"": [\n                ""IDMController"",\n                {\n                    ""noise"": 0.2\n                }\n            ],\n            ""car_following_params"": {\n                ""controller_params"": {\n                    ""accel"": 1.0,\n                    ""carFollowModel"": ""IDM"",\n                    ""decel"": 1.5,\n                    ""impatience"": 0.5,\n                    ""maxSpeed"": 30,\n                    ""minGap"": 2.5,\n                    ""sigma"": 0.5,\n                    ""speedDev"": 0.1,\n                    ""speedFactor"": 1.0,\n                    ""tau"": 1.0\n                },\n                ""speed_mode"": 1\n            },\n            ""initial_speed"": 0,\n            ""lane_change_controller"": [\n                ""SimLaneChangeController"",\n                {}\n            ],\n            ""lane_change_params"": {\n                ""controller_params"": {\n                    ""laneChangeModel"": ""LC2013"",\n                    ""lcCooperative"": ""1.0"",\n                    ""lcKeepRight"": ""1.0"",\n                    ""lcSpeedGain"": ""1.0"",\n                    ""lcStrategic"": ""1.0""\n                },\n                ""lane_change_mode"": 512\n            },\n            ""num_vehicles"": 13,\n            ""routing_controller"": [\n                ""ContinuousRouter"",\n                {}\n            ],\n            ""veh_id"": ""human""\n        },\n        {\n            ""acceleration_controller"": [\n                ""RLController"",\n                {}\n            ],\n            ""car_following_params"": {\n                ""controller_params"": {\n                    ""accel"": 1.0,\n                    ""carFollowModel"": ""IDM"",\n                    ""decel"": 1.5,\n                    ""impatience"": 0.5,\n                    ""maxSpeed"": 30,\n                    ""minGap"": 2.5,\n                    ""sigma"": 0.5,\n                    ""speedDev"": 0.1,\n                    ""speedFactor"": 1.0,\n                    ""tau"": 1.0\n                },\n                ""speed_mode"": 1\n            },\n            ""initial_speed"": 0,\n            ""lane_change_controller"": [\n                ""SimLaneChangeController"",\n                {}\n            ],\n            ""lane_change_params"": {\n                ""controller_params"": {\n                    ""laneChangeModel"": ""LC2013"",\n                    ""lcCooperative"": ""1.0"",\n                    ""lcKeepRight"": ""1.0"",\n                    ""lcSpeedGain"": ""1.0"",\n                    ""lcStrategic"": ""1.0""\n                },\n                ""lane_change_mode"": 512\n            },\n            ""num_vehicles"": 1,\n            ""routing_controller"": [\n                ""ContinuousRouter"",\n                {}\n            ],\n            ""veh_id"": ""rl""\n        }\n    ]\n}'}, 'env': 'AccelEnv-v0', 'local_evaluator_tf_session_args': {'inter_op_parallelism_threads': 8, 'intra_op_parallelism_threads': 8}, 'model': {'free_log_std': False, 'custom_options': {}, 'framestack': True, 'channel_major': False, 'max_seq_len': 20, 'lstm_use_prev_action_reward': False, 'squash_to_range': False, 'dim': 84, 'grayscale': False, 'fcnet_hiddens': [100, 50, 25], 'use_lstm': False, 'custom_model': None, 'fcnet_activation': 'tanh', 'conv_filters': None, 'conv_activation': 'relu', 'lstm_cell_size': 256, 'zero_mean': True, 'custom_preprocessor': None}, 'output_compress_columns': ['obs', 'new_obs'], 'monitor': False, 'custom_resources_per_worker': {}, 'output_max_file_size': 67108864, 'num_workers': 1, 'clip_param': 0.3, 'kl_coeff': 0.2, 'multiagent': {'policy_graphs': {}, 'policy_mapping_fn': None, 'policies_to_train': None}, 'input_evaluation': None, 'output': None, 'collect_metrics_timeout': 180, 'num_cpus_per_worker': 1}",169.237.32.118,1,1412.05,9.929330110549927,"{'num_steps_sampled': 788800, 'load_time_ms': 1.097, 'default': {'kl': 0.01728185825049877, 'cur_lr': 0.0005000000237487257, 'total_loss': 0.4052267074584961, 'policy_loss': -0.01839931309223175, 'vf_explained_var': 0.9895487427711487, 'entropy': 2.419308662414551, 'cur_kl_coeff': 0.28151997923851013, 'vf_loss': 0.4187607765197754}, 'sample_time_ms': 9674.236, 'grad_time_ms': 273.409, 'update_time_ms': 4.737, 'num_steps_trained': 788800}",384.1776134444841,2019-04-02_08-58-14,kronos,71,788800,0,4880.486431598663,{},788800,493,493,4880.486431598663,454.74548102342294,1600,1554195494,{},0b32d2eec3344b1fbde4822793b2e447,69.87981902623255
False,596,"{'input': 'sampler', 'callbacks': {'on_train_result': None, 'on_sample_end': None, 'on_episode_step': None, 'on_episode_start': None, 'on_episode_end': None}, 'sample_batch_size': 200, 'clip_actions': False, 'clip_rewards': None, 'tf_session_args': {'inter_op_parallelism_threads': 2, 'intra_op_parallelism_threads': 2, 'device_count': {'CPU': 1}, 'log_device_placement': False, 'allow_soft_placement': True, 'gpu_options': {'allow_growth': True}}, 'kl_target': 0.01, 'horizon': 1500, 'lr': 0.0005, 'sample_async': False, 'simple_optimizer': False, 'compress_observations': False, 'num_envs_per_worker': 1, 'gamma': 0.99, 'sgd_minibatch_size': 128, 'observation_filter': 'NoFilter', 'entropy_coeff': 0.0, 'batch_mode': 'truncate_episodes', 'straggler_mitigation': False, 'vf_share_layers': False, 'num_gpus': 0, 'synchronize_filters': True, 'num_sgd_iter': 10, 'train_batch_size': 1500, 'optimizer': {}, 'num_gpus_per_worker': 0, 'preprocessor_pref': 'deepmind', 'num_cpus_for_driver': 1, 'lr_schedule': None, 'use_gae': True, 'lambda': 0.97, 'vf_loss_coeff': 1.0, 'vf_clip_param': 1000000.0, 'log_level': 'INFO', 'env_config': {'run': 'PPO', 'flow_params': '{\n    ""env"": {\n        ""additional_params"": {\n            ""max_accel"": 3,\n            ""max_decel"": 3,\n            ""sort_vehicles"": false,\n            ""target_velocity"": 20\n        },\n        ""evaluate"": false,\n        ""horizon"": 1500,\n        ""sims_per_step"": 1,\n        ""warmup_steps"": 0\n    },\n    ""env_name"": ""AccelEnv"",\n    ""exp_tag"": ""figure_eight_0"",\n    ""initial"": {\n        ""additional_params"": {},\n        ""bunching"": 0,\n        ""edges_distribution"": ""all"",\n        ""lanes_distribution"": Infinity,\n        ""min_gap"": 0,\n        ""perturbation"": 0.0,\n        ""shuffle"": false,\n        ""spacing"": ""uniform"",\n        ""x0"": 0\n    },\n    ""net"": {\n        ""additional_params"": {\n            ""lanes"": 1,\n            ""radius_ring"": 30,\n            ""resolution"": 40,\n            ""speed_limit"": 30\n        },\n        ""inflows"": {\n            ""_InFlows__flows"": [],\n            ""num_flows"": 0\n        },\n        ""netfile"": null,\n        ""no_internal_links"": false,\n        ""osm_path"": null\n    },\n    ""scenario"": ""Figure8Scenario"",\n    ""sim"": {\n        ""emission_path"": null,\n        ""lateral_resolution"": null,\n        ""no_step_log"": true,\n        ""num_clients"": 1,\n        ""overtake_right"": false,\n        ""port"": null,\n        ""print_warnings"": true,\n        ""pxpm"": 2,\n        ""render"": false,\n        ""restart_instance"": false,\n        ""save_render"": false,\n        ""seed"": null,\n        ""show_radius"": false,\n        ""sight_radius"": 25,\n        ""sim_step"": 0.1,\n        ""teleport_time"": -1\n    },\n    ""simulator"": ""traci"",\n    ""veh"": [\n        {\n            ""acceleration_controller"": [\n                ""IDMController"",\n                {\n                    ""noise"": 0.2\n                }\n            ],\n            ""car_following_params"": {\n                ""controller_params"": {\n                    ""accel"": 1.0,\n                    ""carFollowModel"": ""IDM"",\n                    ""decel"": 1.5,\n                    ""impatience"": 0.5,\n                    ""maxSpeed"": 30,\n                    ""minGap"": 2.5,\n                    ""sigma"": 0.5,\n                    ""speedDev"": 0.1,\n                    ""speedFactor"": 1.0,\n                    ""tau"": 1.0\n                },\n                ""speed_mode"": 1\n            },\n            ""initial_speed"": 0,\n            ""lane_change_controller"": [\n                ""SimLaneChangeController"",\n                {}\n            ],\n            ""lane_change_params"": {\n                ""controller_params"": {\n                    ""laneChangeModel"": ""LC2013"",\n                    ""lcCooperative"": ""1.0"",\n                    ""lcKeepRight"": ""1.0"",\n                    ""lcSpeedGain"": ""1.0"",\n                    ""lcStrategic"": ""1.0""\n                },\n                ""lane_change_mode"": 512\n            },\n            ""num_vehicles"": 13,\n            ""routing_controller"": [\n                ""ContinuousRouter"",\n                {}\n            ],\n            ""veh_id"": ""human""\n        },\n        {\n            ""acceleration_controller"": [\n                ""RLController"",\n                {}\n            ],\n            ""car_following_params"": {\n                ""controller_params"": {\n                    ""accel"": 1.0,\n                    ""carFollowModel"": ""IDM"",\n                    ""decel"": 1.5,\n                    ""impatience"": 0.5,\n                    ""maxSpeed"": 30,\n                    ""minGap"": 2.5,\n                    ""sigma"": 0.5,\n                    ""speedDev"": 0.1,\n                    ""speedFactor"": 1.0,\n                    ""tau"": 1.0\n                },\n                ""speed_mode"": 1\n            },\n            ""initial_speed"": 0,\n            ""lane_change_controller"": [\n                ""SimLaneChangeController"",\n                {}\n            ],\n            ""lane_change_params"": {\n                ""controller_params"": {\n                    ""laneChangeModel"": ""LC2013"",\n                    ""lcCooperative"": ""1.0"",\n                    ""lcKeepRight"": ""1.0"",\n                    ""lcSpeedGain"": ""1.0"",\n                    ""lcStrategic"": ""1.0""\n                },\n                ""lane_change_mode"": 512\n            },\n            ""num_vehicles"": 1,\n            ""routing_controller"": [\n                ""ContinuousRouter"",\n                {}\n            ],\n            ""veh_id"": ""rl""\n        }\n    ]\n}'}, 'env': 'AccelEnv-v0', 'local_evaluator_tf_session_args': {'inter_op_parallelism_threads': 8, 'intra_op_parallelism_threads': 8}, 'model': {'free_log_std': False, 'custom_options': {}, 'framestack': True, 'channel_major': False, 'max_seq_len': 20, 'lstm_use_prev_action_reward': False, 'squash_to_range': False, 'dim': 84, 'grayscale': False, 'fcnet_hiddens': [100, 50, 25], 'use_lstm': False, 'custom_model': None, 'fcnet_activation': 'tanh', 'conv_filters': None, 'conv_activation': 'relu', 'lstm_cell_size': 256, 'zero_mean': True, 'custom_preprocessor': None}, 'output_compress_columns': ['obs', 'new_obs'], 'monitor': False, 'custom_resources_per_worker': {}, 'output_max_file_size': 67108864, 'num_workers': 1, 'clip_param': 0.3, 'kl_coeff': 0.2, 'multiagent': {'policy_graphs': {}, 'policy_mapping_fn': None, 'policies_to_train': None}, 'input_evaluation': None, 'output': None, 'collect_metrics_timeout': 180, 'num_cpus_per_worker': 1}",169.237.32.118,1,1412.05,9.93008017539978,"{'num_steps_sampled': 790400, 'load_time_ms': 1.099, 'default': {'kl': 0.012406316585838795, 'cur_lr': 0.0005000000237487257, 'total_loss': 0.35734954476356506, 'policy_loss': -0.011560209095478058, 'vf_explained_var': 0.9834274649620056, 'entropy': 2.43388295173645, 'cur_kl_coeff': 0.28151997923851013, 'vf_loss': 0.36541715264320374}, 'sample_time_ms': 9668.57, 'grad_time_ms': 273.978, 'update_time_ms': 4.712, 'num_steps_trained': 790400}",384.05772469655267,2019-04-02_08-58-24,kronos,71,790400,0,4890.416511774063,{},790400,494,494,4890.416511774063,454.74548102342294,1600,1554195504,{},0b32d2eec3344b1fbde4822793b2e447,69.87981902623255
False,598,"{'input': 'sampler', 'callbacks': {'on_train_result': None, 'on_sample_end': None, 'on_episode_step': None, 'on_episode_start': None, 'on_episode_end': None}, 'sample_batch_size': 200, 'clip_actions': False, 'clip_rewards': None, 'tf_session_args': {'inter_op_parallelism_threads': 2, 'intra_op_parallelism_threads': 2, 'device_count': {'CPU': 1}, 'log_device_placement': False, 'allow_soft_placement': True, 'gpu_options': {'allow_growth': True}}, 'kl_target': 0.01, 'horizon': 1500, 'lr': 0.0005, 'sample_async': False, 'simple_optimizer': False, 'compress_observations': False, 'num_envs_per_worker': 1, 'gamma': 0.99, 'sgd_minibatch_size': 128, 'observation_filter': 'NoFilter', 'entropy_coeff': 0.0, 'batch_mode': 'truncate_episodes', 'straggler_mitigation': False, 'vf_share_layers': False, 'num_gpus': 0, 'synchronize_filters': True, 'num_sgd_iter': 10, 'train_batch_size': 1500, 'optimizer': {}, 'num_gpus_per_worker': 0, 'preprocessor_pref': 'deepmind', 'num_cpus_for_driver': 1, 'lr_schedule': None, 'use_gae': True, 'lambda': 0.97, 'vf_loss_coeff': 1.0, 'vf_clip_param': 1000000.0, 'log_level': 'INFO', 'env_config': {'run': 'PPO', 'flow_params': '{\n    ""env"": {\n        ""additional_params"": {\n            ""max_accel"": 3,\n            ""max_decel"": 3,\n            ""sort_vehicles"": false,\n            ""target_velocity"": 20\n        },\n        ""evaluate"": false,\n        ""horizon"": 1500,\n        ""sims_per_step"": 1,\n        ""warmup_steps"": 0\n    },\n    ""env_name"": ""AccelEnv"",\n    ""exp_tag"": ""figure_eight_0"",\n    ""initial"": {\n        ""additional_params"": {},\n        ""bunching"": 0,\n        ""edges_distribution"": ""all"",\n        ""lanes_distribution"": Infinity,\n        ""min_gap"": 0,\n        ""perturbation"": 0.0,\n        ""shuffle"": false,\n        ""spacing"": ""uniform"",\n        ""x0"": 0\n    },\n    ""net"": {\n        ""additional_params"": {\n            ""lanes"": 1,\n            ""radius_ring"": 30,\n            ""resolution"": 40,\n            ""speed_limit"": 30\n        },\n        ""inflows"": {\n            ""_InFlows__flows"": [],\n            ""num_flows"": 0\n        },\n        ""netfile"": null,\n        ""no_internal_links"": false,\n        ""osm_path"": null\n    },\n    ""scenario"": ""Figure8Scenario"",\n    ""sim"": {\n        ""emission_path"": null,\n        ""lateral_resolution"": null,\n        ""no_step_log"": true,\n        ""num_clients"": 1,\n        ""overtake_right"": false,\n        ""port"": null,\n        ""print_warnings"": true,\n        ""pxpm"": 2,\n        ""render"": false,\n        ""restart_instance"": false,\n        ""save_render"": false,\n        ""seed"": null,\n        ""show_radius"": false,\n        ""sight_radius"": 25,\n        ""sim_step"": 0.1,\n        ""teleport_time"": -1\n    },\n    ""simulator"": ""traci"",\n    ""veh"": [\n        {\n            ""acceleration_controller"": [\n                ""IDMController"",\n                {\n                    ""noise"": 0.2\n                }\n            ],\n            ""car_following_params"": {\n                ""controller_params"": {\n                    ""accel"": 1.0,\n                    ""carFollowModel"": ""IDM"",\n                    ""decel"": 1.5,\n                    ""impatience"": 0.5,\n                    ""maxSpeed"": 30,\n                    ""minGap"": 2.5,\n                    ""sigma"": 0.5,\n                    ""speedDev"": 0.1,\n                    ""speedFactor"": 1.0,\n                    ""tau"": 1.0\n                },\n                ""speed_mode"": 1\n            },\n            ""initial_speed"": 0,\n            ""lane_change_controller"": [\n                ""SimLaneChangeController"",\n                {}\n            ],\n            ""lane_change_params"": {\n                ""controller_params"": {\n                    ""laneChangeModel"": ""LC2013"",\n                    ""lcCooperative"": ""1.0"",\n                    ""lcKeepRight"": ""1.0"",\n                    ""lcSpeedGain"": ""1.0"",\n                    ""lcStrategic"": ""1.0""\n                },\n                ""lane_change_mode"": 512\n            },\n            ""num_vehicles"": 13,\n            ""routing_controller"": [\n                ""ContinuousRouter"",\n                {}\n            ],\n            ""veh_id"": ""human""\n        },\n        {\n            ""acceleration_controller"": [\n                ""RLController"",\n                {}\n            ],\n            ""car_following_params"": {\n                ""controller_params"": {\n                    ""accel"": 1.0,\n                    ""carFollowModel"": ""IDM"",\n                    ""decel"": 1.5,\n                    ""impatience"": 0.5,\n                    ""maxSpeed"": 30,\n                    ""minGap"": 2.5,\n                    ""sigma"": 0.5,\n                    ""speedDev"": 0.1,\n                    ""speedFactor"": 1.0,\n                    ""tau"": 1.0\n                },\n                ""speed_mode"": 1\n            },\n            ""initial_speed"": 0,\n            ""lane_change_controller"": [\n                ""SimLaneChangeController"",\n                {}\n            ],\n            ""lane_change_params"": {\n                ""controller_params"": {\n                    ""laneChangeModel"": ""LC2013"",\n                    ""lcCooperative"": ""1.0"",\n                    ""lcKeepRight"": ""1.0"",\n                    ""lcSpeedGain"": ""1.0"",\n                    ""lcStrategic"": ""1.0""\n                },\n                ""lane_change_mode"": 512\n            },\n            ""num_vehicles"": 1,\n            ""routing_controller"": [\n                ""ContinuousRouter"",\n                {}\n            ],\n            ""veh_id"": ""rl""\n        }\n    ]\n}'}, 'env': 'AccelEnv-v0', 'local_evaluator_tf_session_args': {'inter_op_parallelism_threads': 8, 'intra_op_parallelism_threads': 8}, 'model': {'free_log_std': False, 'custom_options': {}, 'framestack': True, 'channel_major': False, 'max_seq_len': 20, 'lstm_use_prev_action_reward': False, 'squash_to_range': False, 'dim': 84, 'grayscale': False, 'fcnet_hiddens': [100, 50, 25], 'use_lstm': False, 'custom_model': None, 'fcnet_activation': 'tanh', 'conv_filters': None, 'conv_activation': 'relu', 'lstm_cell_size': 256, 'zero_mean': True, 'custom_preprocessor': None}, 'output_compress_columns': ['obs', 'new_obs'], 'monitor': False, 'custom_resources_per_worker': {}, 'output_max_file_size': 67108864, 'num_workers': 1, 'clip_param': 0.3, 'kl_coeff': 0.2, 'multiagent': {'policy_graphs': {}, 'policy_mapping_fn': None, 'policies_to_train': None}, 'input_evaluation': None, 'output': None, 'collect_metrics_timeout': 180, 'num_cpus_per_worker': 1}",169.237.32.118,2,1400.51,9.808578968048096,"{'num_steps_sampled': 792000, 'load_time_ms': 1.132, 'default': {'kl': 0.01074234303086996, 'cur_lr': 0.0005000000237487257, 'total_loss': 1.9388641119003296, 'policy_loss': -0.022420266643166542, 'vf_explained_var': 0.9468600153923035, 'entropy': 2.4439070224761963, 'cur_kl_coeff': 0.28151997923851013, 'vf_loss': 1.9582600593566895}, 'sample_time_ms': 9647.619, 'grad_time_ms': 274.981, 'update_time_ms': 4.654, 'num_steps_trained': 792000}",381.0538851914298,2019-04-02_08-58-34,kronos,71,792000,0,4900.225090742111,{},792000,495,495,4900.225090742111,454.74548102342294,1600,1554195514,{},0b32d2eec3344b1fbde4822793b2e447,69.87981902623255
False,599,"{'input': 'sampler', 'callbacks': {'on_train_result': None, 'on_sample_end': None, 'on_episode_step': None, 'on_episode_start': None, 'on_episode_end': None}, 'sample_batch_size': 200, 'clip_actions': False, 'clip_rewards': None, 'tf_session_args': {'inter_op_parallelism_threads': 2, 'intra_op_parallelism_threads': 2, 'device_count': {'CPU': 1}, 'log_device_placement': False, 'allow_soft_placement': True, 'gpu_options': {'allow_growth': True}}, 'kl_target': 0.01, 'horizon': 1500, 'lr': 0.0005, 'sample_async': False, 'simple_optimizer': False, 'compress_observations': False, 'num_envs_per_worker': 1, 'gamma': 0.99, 'sgd_minibatch_size': 128, 'observation_filter': 'NoFilter', 'entropy_coeff': 0.0, 'batch_mode': 'truncate_episodes', 'straggler_mitigation': False, 'vf_share_layers': False, 'num_gpus': 0, 'synchronize_filters': True, 'num_sgd_iter': 10, 'train_batch_size': 1500, 'optimizer': {}, 'num_gpus_per_worker': 0, 'preprocessor_pref': 'deepmind', 'num_cpus_for_driver': 1, 'lr_schedule': None, 'use_gae': True, 'lambda': 0.97, 'vf_loss_coeff': 1.0, 'vf_clip_param': 1000000.0, 'log_level': 'INFO', 'env_config': {'run': 'PPO', 'flow_params': '{\n    ""env"": {\n        ""additional_params"": {\n            ""max_accel"": 3,\n            ""max_decel"": 3,\n            ""sort_vehicles"": false,\n            ""target_velocity"": 20\n        },\n        ""evaluate"": false,\n        ""horizon"": 1500,\n        ""sims_per_step"": 1,\n        ""warmup_steps"": 0\n    },\n    ""env_name"": ""AccelEnv"",\n    ""exp_tag"": ""figure_eight_0"",\n    ""initial"": {\n        ""additional_params"": {},\n        ""bunching"": 0,\n        ""edges_distribution"": ""all"",\n        ""lanes_distribution"": Infinity,\n        ""min_gap"": 0,\n        ""perturbation"": 0.0,\n        ""shuffle"": false,\n        ""spacing"": ""uniform"",\n        ""x0"": 0\n    },\n    ""net"": {\n        ""additional_params"": {\n            ""lanes"": 1,\n            ""radius_ring"": 30,\n            ""resolution"": 40,\n            ""speed_limit"": 30\n        },\n        ""inflows"": {\n            ""_InFlows__flows"": [],\n            ""num_flows"": 0\n        },\n        ""netfile"": null,\n        ""no_internal_links"": false,\n        ""osm_path"": null\n    },\n    ""scenario"": ""Figure8Scenario"",\n    ""sim"": {\n        ""emission_path"": null,\n        ""lateral_resolution"": null,\n        ""no_step_log"": true,\n        ""num_clients"": 1,\n        ""overtake_right"": false,\n        ""port"": null,\n        ""print_warnings"": true,\n        ""pxpm"": 2,\n        ""render"": false,\n        ""restart_instance"": false,\n        ""save_render"": false,\n        ""seed"": null,\n        ""show_radius"": false,\n        ""sight_radius"": 25,\n        ""sim_step"": 0.1,\n        ""teleport_time"": -1\n    },\n    ""simulator"": ""traci"",\n    ""veh"": [\n        {\n            ""acceleration_controller"": [\n                ""IDMController"",\n                {\n                    ""noise"": 0.2\n                }\n            ],\n            ""car_following_params"": {\n                ""controller_params"": {\n                    ""accel"": 1.0,\n                    ""carFollowModel"": ""IDM"",\n                    ""decel"": 1.5,\n                    ""impatience"": 0.5,\n                    ""maxSpeed"": 30,\n                    ""minGap"": 2.5,\n                    ""sigma"": 0.5,\n                    ""speedDev"": 0.1,\n                    ""speedFactor"": 1.0,\n                    ""tau"": 1.0\n                },\n                ""speed_mode"": 1\n            },\n            ""initial_speed"": 0,\n            ""lane_change_controller"": [\n                ""SimLaneChangeController"",\n                {}\n            ],\n            ""lane_change_params"": {\n                ""controller_params"": {\n                    ""laneChangeModel"": ""LC2013"",\n                    ""lcCooperative"": ""1.0"",\n                    ""lcKeepRight"": ""1.0"",\n                    ""lcSpeedGain"": ""1.0"",\n                    ""lcStrategic"": ""1.0""\n                },\n                ""lane_change_mode"": 512\n            },\n            ""num_vehicles"": 13,\n            ""routing_controller"": [\n                ""ContinuousRouter"",\n                {}\n            ],\n            ""veh_id"": ""human""\n        },\n        {\n            ""acceleration_controller"": [\n                ""RLController"",\n                {}\n            ],\n            ""car_following_params"": {\n                ""controller_params"": {\n                    ""accel"": 1.0,\n                    ""carFollowModel"": ""IDM"",\n                    ""decel"": 1.5,\n                    ""impatience"": 0.5,\n                    ""maxSpeed"": 30,\n                    ""minGap"": 2.5,\n                    ""sigma"": 0.5,\n                    ""speedDev"": 0.1,\n                    ""speedFactor"": 1.0,\n                    ""tau"": 1.0\n                },\n                ""speed_mode"": 1\n            },\n            ""initial_speed"": 0,\n            ""lane_change_controller"": [\n                ""SimLaneChangeController"",\n                {}\n            ],\n            ""lane_change_params"": {\n                ""controller_params"": {\n                    ""laneChangeModel"": ""LC2013"",\n                    ""lcCooperative"": ""1.0"",\n                    ""lcKeepRight"": ""1.0"",\n                    ""lcSpeedGain"": ""1.0"",\n                    ""lcStrategic"": ""1.0""\n                },\n                ""lane_change_mode"": 512\n            },\n            ""num_vehicles"": 1,\n            ""routing_controller"": [\n                ""ContinuousRouter"",\n                {}\n            ],\n            ""veh_id"": ""rl""\n        }\n    ]\n}'}, 'env': 'AccelEnv-v0', 'local_evaluator_tf_session_args': {'inter_op_parallelism_threads': 8, 'intra_op_parallelism_threads': 8}, 'model': {'free_log_std': False, 'custom_options': {}, 'framestack': True, 'channel_major': False, 'max_seq_len': 20, 'lstm_use_prev_action_reward': False, 'squash_to_range': False, 'dim': 84, 'grayscale': False, 'fcnet_hiddens': [100, 50, 25], 'use_lstm': False, 'custom_model': None, 'fcnet_activation': 'tanh', 'conv_filters': None, 'conv_activation': 'relu', 'lstm_cell_size': 256, 'zero_mean': True, 'custom_preprocessor': None}, 'output_compress_columns': ['obs', 'new_obs'], 'monitor': False, 'custom_resources_per_worker': {}, 'output_max_file_size': 67108864, 'num_workers': 1, 'clip_param': 0.3, 'kl_coeff': 0.2, 'multiagent': {'policy_graphs': {}, 'policy_mapping_fn': None, 'policies_to_train': None}, 'input_evaluation': None, 'output': None, 'collect_metrics_timeout': 180, 'num_cpus_per_worker': 1}",169.237.32.118,1,1400.51,9.89571213722229,"{'num_steps_sampled': 793600, 'load_time_ms': 1.114, 'default': {'kl': 0.023840615525841713, 'cur_lr': 0.0005000000237487257, 'total_loss': 0.7824773192405701, 'policy_loss': -0.008607053197920322, 'vf_explained_var': 0.9754626750946045, 'entropy': 2.550624370574951, 'cur_kl_coeff': 0.28151997923851013, 'vf_loss': 0.7843727469444275}, 'sample_time_ms': 9632.343, 'grad_time_ms': 274.594, 'update_time_ms': 4.898, 'num_steps_trained': 793600}",381.2048442024357,2019-04-02_08-58-44,kronos,71,793600,0,4910.1208028793335,{},793600,496,496,4910.1208028793335,454.74548102342294,1600,1554195524,{},0b32d2eec3344b1fbde4822793b2e447,69.87981902623255
False,600,"{'input': 'sampler', 'callbacks': {'on_train_result': None, 'on_sample_end': None, 'on_episode_step': None, 'on_episode_start': None, 'on_episode_end': None}, 'sample_batch_size': 200, 'clip_actions': False, 'clip_rewards': None, 'tf_session_args': {'inter_op_parallelism_threads': 2, 'intra_op_parallelism_threads': 2, 'device_count': {'CPU': 1}, 'log_device_placement': False, 'allow_soft_placement': True, 'gpu_options': {'allow_growth': True}}, 'kl_target': 0.01, 'horizon': 1500, 'lr': 0.0005, 'sample_async': False, 'simple_optimizer': False, 'compress_observations': False, 'num_envs_per_worker': 1, 'gamma': 0.99, 'sgd_minibatch_size': 128, 'observation_filter': 'NoFilter', 'entropy_coeff': 0.0, 'batch_mode': 'truncate_episodes', 'straggler_mitigation': False, 'vf_share_layers': False, 'num_gpus': 0, 'synchronize_filters': True, 'num_sgd_iter': 10, 'train_batch_size': 1500, 'optimizer': {}, 'num_gpus_per_worker': 0, 'preprocessor_pref': 'deepmind', 'num_cpus_for_driver': 1, 'lr_schedule': None, 'use_gae': True, 'lambda': 0.97, 'vf_loss_coeff': 1.0, 'vf_clip_param': 1000000.0, 'log_level': 'INFO', 'env_config': {'run': 'PPO', 'flow_params': '{\n    ""env"": {\n        ""additional_params"": {\n            ""max_accel"": 3,\n            ""max_decel"": 3,\n            ""sort_vehicles"": false,\n            ""target_velocity"": 20\n        },\n        ""evaluate"": false,\n        ""horizon"": 1500,\n        ""sims_per_step"": 1,\n        ""warmup_steps"": 0\n    },\n    ""env_name"": ""AccelEnv"",\n    ""exp_tag"": ""figure_eight_0"",\n    ""initial"": {\n        ""additional_params"": {},\n        ""bunching"": 0,\n        ""edges_distribution"": ""all"",\n        ""lanes_distribution"": Infinity,\n        ""min_gap"": 0,\n        ""perturbation"": 0.0,\n        ""shuffle"": false,\n        ""spacing"": ""uniform"",\n        ""x0"": 0\n    },\n    ""net"": {\n        ""additional_params"": {\n            ""lanes"": 1,\n            ""radius_ring"": 30,\n            ""resolution"": 40,\n            ""speed_limit"": 30\n        },\n        ""inflows"": {\n            ""_InFlows__flows"": [],\n            ""num_flows"": 0\n        },\n        ""netfile"": null,\n        ""no_internal_links"": false,\n        ""osm_path"": null\n    },\n    ""scenario"": ""Figure8Scenario"",\n    ""sim"": {\n        ""emission_path"": null,\n        ""lateral_resolution"": null,\n        ""no_step_log"": true,\n        ""num_clients"": 1,\n        ""overtake_right"": false,\n        ""port"": null,\n        ""print_warnings"": true,\n        ""pxpm"": 2,\n        ""render"": false,\n        ""restart_instance"": false,\n        ""save_render"": false,\n        ""seed"": null,\n        ""show_radius"": false,\n        ""sight_radius"": 25,\n        ""sim_step"": 0.1,\n        ""teleport_time"": -1\n    },\n    ""simulator"": ""traci"",\n    ""veh"": [\n        {\n            ""acceleration_controller"": [\n                ""IDMController"",\n                {\n                    ""noise"": 0.2\n                }\n            ],\n            ""car_following_params"": {\n                ""controller_params"": {\n                    ""accel"": 1.0,\n                    ""carFollowModel"": ""IDM"",\n                    ""decel"": 1.5,\n                    ""impatience"": 0.5,\n                    ""maxSpeed"": 30,\n                    ""minGap"": 2.5,\n                    ""sigma"": 0.5,\n                    ""speedDev"": 0.1,\n                    ""speedFactor"": 1.0,\n                    ""tau"": 1.0\n                },\n                ""speed_mode"": 1\n            },\n            ""initial_speed"": 0,\n            ""lane_change_controller"": [\n                ""SimLaneChangeController"",\n                {}\n            ],\n            ""lane_change_params"": {\n                ""controller_params"": {\n                    ""laneChangeModel"": ""LC2013"",\n                    ""lcCooperative"": ""1.0"",\n                    ""lcKeepRight"": ""1.0"",\n                    ""lcSpeedGain"": ""1.0"",\n                    ""lcStrategic"": ""1.0""\n                },\n                ""lane_change_mode"": 512\n            },\n            ""num_vehicles"": 13,\n            ""routing_controller"": [\n                ""ContinuousRouter"",\n                {}\n            ],\n            ""veh_id"": ""human""\n        },\n        {\n            ""acceleration_controller"": [\n                ""RLController"",\n                {}\n            ],\n            ""car_following_params"": {\n                ""controller_params"": {\n                    ""accel"": 1.0,\n                    ""carFollowModel"": ""IDM"",\n                    ""decel"": 1.5,\n                    ""impatience"": 0.5,\n                    ""maxSpeed"": 30,\n                    ""minGap"": 2.5,\n                    ""sigma"": 0.5,\n                    ""speedDev"": 0.1,\n                    ""speedFactor"": 1.0,\n                    ""tau"": 1.0\n                },\n                ""speed_mode"": 1\n            },\n            ""initial_speed"": 0,\n            ""lane_change_controller"": [\n                ""SimLaneChangeController"",\n                {}\n            ],\n            ""lane_change_params"": {\n                ""controller_params"": {\n                    ""laneChangeModel"": ""LC2013"",\n                    ""lcCooperative"": ""1.0"",\n                    ""lcKeepRight"": ""1.0"",\n                    ""lcSpeedGain"": ""1.0"",\n                    ""lcStrategic"": ""1.0""\n                },\n                ""lane_change_mode"": 512\n            },\n            ""num_vehicles"": 1,\n            ""routing_controller"": [\n                ""ContinuousRouter"",\n                {}\n            ],\n            ""veh_id"": ""rl""\n        }\n    ]\n}'}, 'env': 'AccelEnv-v0', 'local_evaluator_tf_session_args': {'inter_op_parallelism_threads': 8, 'intra_op_parallelism_threads': 8}, 'model': {'free_log_std': False, 'custom_options': {}, 'framestack': True, 'channel_major': False, 'max_seq_len': 20, 'lstm_use_prev_action_reward': False, 'squash_to_range': False, 'dim': 84, 'grayscale': False, 'fcnet_hiddens': [100, 50, 25], 'use_lstm': False, 'custom_model': None, 'fcnet_activation': 'tanh', 'conv_filters': None, 'conv_activation': 'relu', 'lstm_cell_size': 256, 'zero_mean': True, 'custom_preprocessor': None}, 'output_compress_columns': ['obs', 'new_obs'], 'monitor': False, 'custom_resources_per_worker': {}, 'output_max_file_size': 67108864, 'num_workers': 1, 'clip_param': 0.3, 'kl_coeff': 0.2, 'multiagent': {'policy_graphs': {}, 'policy_mapping_fn': None, 'policies_to_train': None}, 'input_evaluation': None, 'output': None, 'collect_metrics_timeout': 180, 'num_cpus_per_worker': 1}",169.237.32.118,1,1400.51,9.971801996231079,"{'num_steps_sampled': 795200, 'load_time_ms': 1.137, 'default': {'kl': 0.015118826180696487, 'cur_lr': 0.0005000000237487257, 'total_loss': 0.952333390712738, 'policy_loss': -0.018402088433504105, 'vf_explained_var': 0.9660184383392334, 'entropy': 2.4374101161956787, 'cur_kl_coeff': 0.4222799837589264, 'vf_loss': 0.9643509387969971}, 'sample_time_ms': 9642.76, 'grad_time_ms': 274.879, 'update_time_ms': 4.866, 'num_steps_trained': 795200}",381.08982623258817,2019-04-02_08-58-54,kronos,71,795200,0,4920.092604875565,{},795200,497,497,4920.092604875565,454.74548102342294,1600,1554195534,{},0b32d2eec3344b1fbde4822793b2e447,69.87981902623255
False,601,"{'input': 'sampler', 'callbacks': {'on_train_result': None, 'on_sample_end': None, 'on_episode_step': None, 'on_episode_start': None, 'on_episode_end': None}, 'sample_batch_size': 200, 'clip_actions': False, 'clip_rewards': None, 'tf_session_args': {'inter_op_parallelism_threads': 2, 'intra_op_parallelism_threads': 2, 'device_count': {'CPU': 1}, 'log_device_placement': False, 'allow_soft_placement': True, 'gpu_options': {'allow_growth': True}}, 'kl_target': 0.01, 'horizon': 1500, 'lr': 0.0005, 'sample_async': False, 'simple_optimizer': False, 'compress_observations': False, 'num_envs_per_worker': 1, 'gamma': 0.99, 'sgd_minibatch_size': 128, 'observation_filter': 'NoFilter', 'entropy_coeff': 0.0, 'batch_mode': 'truncate_episodes', 'straggler_mitigation': False, 'vf_share_layers': False, 'num_gpus': 0, 'synchronize_filters': True, 'num_sgd_iter': 10, 'train_batch_size': 1500, 'optimizer': {}, 'num_gpus_per_worker': 0, 'preprocessor_pref': 'deepmind', 'num_cpus_for_driver': 1, 'lr_schedule': None, 'use_gae': True, 'lambda': 0.97, 'vf_loss_coeff': 1.0, 'vf_clip_param': 1000000.0, 'log_level': 'INFO', 'env_config': {'run': 'PPO', 'flow_params': '{\n    ""env"": {\n        ""additional_params"": {\n            ""max_accel"": 3,\n            ""max_decel"": 3,\n            ""sort_vehicles"": false,\n            ""target_velocity"": 20\n        },\n        ""evaluate"": false,\n        ""horizon"": 1500,\n        ""sims_per_step"": 1,\n        ""warmup_steps"": 0\n    },\n    ""env_name"": ""AccelEnv"",\n    ""exp_tag"": ""figure_eight_0"",\n    ""initial"": {\n        ""additional_params"": {},\n        ""bunching"": 0,\n        ""edges_distribution"": ""all"",\n        ""lanes_distribution"": Infinity,\n        ""min_gap"": 0,\n        ""perturbation"": 0.0,\n        ""shuffle"": false,\n        ""spacing"": ""uniform"",\n        ""x0"": 0\n    },\n    ""net"": {\n        ""additional_params"": {\n            ""lanes"": 1,\n            ""radius_ring"": 30,\n            ""resolution"": 40,\n            ""speed_limit"": 30\n        },\n        ""inflows"": {\n            ""_InFlows__flows"": [],\n            ""num_flows"": 0\n        },\n        ""netfile"": null,\n        ""no_internal_links"": false,\n        ""osm_path"": null\n    },\n    ""scenario"": ""Figure8Scenario"",\n    ""sim"": {\n        ""emission_path"": null,\n        ""lateral_resolution"": null,\n        ""no_step_log"": true,\n        ""num_clients"": 1,\n        ""overtake_right"": false,\n        ""port"": null,\n        ""print_warnings"": true,\n        ""pxpm"": 2,\n        ""render"": false,\n        ""restart_instance"": false,\n        ""save_render"": false,\n        ""seed"": null,\n        ""show_radius"": false,\n        ""sight_radius"": 25,\n        ""sim_step"": 0.1,\n        ""teleport_time"": -1\n    },\n    ""simulator"": ""traci"",\n    ""veh"": [\n        {\n            ""acceleration_controller"": [\n                ""IDMController"",\n                {\n                    ""noise"": 0.2\n                }\n            ],\n            ""car_following_params"": {\n                ""controller_params"": {\n                    ""accel"": 1.0,\n                    ""carFollowModel"": ""IDM"",\n                    ""decel"": 1.5,\n                    ""impatience"": 0.5,\n                    ""maxSpeed"": 30,\n                    ""minGap"": 2.5,\n                    ""sigma"": 0.5,\n                    ""speedDev"": 0.1,\n                    ""speedFactor"": 1.0,\n                    ""tau"": 1.0\n                },\n                ""speed_mode"": 1\n            },\n            ""initial_speed"": 0,\n            ""lane_change_controller"": [\n                ""SimLaneChangeController"",\n                {}\n            ],\n            ""lane_change_params"": {\n                ""controller_params"": {\n                    ""laneChangeModel"": ""LC2013"",\n                    ""lcCooperative"": ""1.0"",\n                    ""lcKeepRight"": ""1.0"",\n                    ""lcSpeedGain"": ""1.0"",\n                    ""lcStrategic"": ""1.0""\n                },\n                ""lane_change_mode"": 512\n            },\n            ""num_vehicles"": 13,\n            ""routing_controller"": [\n                ""ContinuousRouter"",\n                {}\n            ],\n            ""veh_id"": ""human""\n        },\n        {\n            ""acceleration_controller"": [\n                ""RLController"",\n                {}\n            ],\n            ""car_following_params"": {\n                ""controller_params"": {\n                    ""accel"": 1.0,\n                    ""carFollowModel"": ""IDM"",\n                    ""decel"": 1.5,\n                    ""impatience"": 0.5,\n                    ""maxSpeed"": 30,\n                    ""minGap"": 2.5,\n                    ""sigma"": 0.5,\n                    ""speedDev"": 0.1,\n                    ""speedFactor"": 1.0,\n                    ""tau"": 1.0\n                },\n                ""speed_mode"": 1\n            },\n            ""initial_speed"": 0,\n            ""lane_change_controller"": [\n                ""SimLaneChangeController"",\n                {}\n            ],\n            ""lane_change_params"": {\n                ""controller_params"": {\n                    ""laneChangeModel"": ""LC2013"",\n                    ""lcCooperative"": ""1.0"",\n                    ""lcKeepRight"": ""1.0"",\n                    ""lcSpeedGain"": ""1.0"",\n                    ""lcStrategic"": ""1.0""\n                },\n                ""lane_change_mode"": 512\n            },\n            ""num_vehicles"": 1,\n            ""routing_controller"": [\n                ""ContinuousRouter"",\n                {}\n            ],\n            ""veh_id"": ""rl""\n        }\n    ]\n}'}, 'env': 'AccelEnv-v0', 'local_evaluator_tf_session_args': {'inter_op_parallelism_threads': 8, 'intra_op_parallelism_threads': 8}, 'model': {'free_log_std': False, 'custom_options': {}, 'framestack': True, 'channel_major': False, 'max_seq_len': 20, 'lstm_use_prev_action_reward': False, 'squash_to_range': False, 'dim': 84, 'grayscale': False, 'fcnet_hiddens': [100, 50, 25], 'use_lstm': False, 'custom_model': None, 'fcnet_activation': 'tanh', 'conv_filters': None, 'conv_activation': 'relu', 'lstm_cell_size': 256, 'zero_mean': True, 'custom_preprocessor': None}, 'output_compress_columns': ['obs', 'new_obs'], 'monitor': False, 'custom_resources_per_worker': {}, 'output_max_file_size': 67108864, 'num_workers': 1, 'clip_param': 0.3, 'kl_coeff': 0.2, 'multiagent': {'policy_graphs': {}, 'policy_mapping_fn': None, 'policies_to_train': None}, 'input_evaluation': None, 'output': None, 'collect_metrics_timeout': 180, 'num_cpus_per_worker': 1}",169.237.32.118,1,1400.51,10.000601291656494,"{'num_steps_sampled': 796800, 'load_time_ms': 1.153, 'default': {'kl': 0.016085296869277954, 'cur_lr': 0.0005000000237487257, 'total_loss': 0.4987894594669342, 'policy_loss': -0.0374101959168911, 'vf_explained_var': 0.9874526858329773, 'entropy': 2.5796267986297607, 'cur_kl_coeff': 0.4222799837589264, 'vf_loss': 0.5294071435928345}, 'sample_time_ms': 9638.358, 'grad_time_ms': 275.638, 'update_time_ms': 4.802, 'num_steps_trained': 796800}",381.0052123285849,2019-04-02_08-59-04,kronos,71,796800,0,4930.093206167221,{},796800,498,498,4930.093206167221,454.74548102342294,1600,1554195544,{},0b32d2eec3344b1fbde4822793b2e447,69.87981902623255
False,602,"{'input': 'sampler', 'callbacks': {'on_train_result': None, 'on_sample_end': None, 'on_episode_step': None, 'on_episode_start': None, 'on_episode_end': None}, 'sample_batch_size': 200, 'clip_actions': False, 'clip_rewards': None, 'tf_session_args': {'inter_op_parallelism_threads': 2, 'intra_op_parallelism_threads': 2, 'device_count': {'CPU': 1}, 'log_device_placement': False, 'allow_soft_placement': True, 'gpu_options': {'allow_growth': True}}, 'kl_target': 0.01, 'horizon': 1500, 'lr': 0.0005, 'sample_async': False, 'simple_optimizer': False, 'compress_observations': False, 'num_envs_per_worker': 1, 'gamma': 0.99, 'sgd_minibatch_size': 128, 'observation_filter': 'NoFilter', 'entropy_coeff': 0.0, 'batch_mode': 'truncate_episodes', 'straggler_mitigation': False, 'vf_share_layers': False, 'num_gpus': 0, 'synchronize_filters': True, 'num_sgd_iter': 10, 'train_batch_size': 1500, 'optimizer': {}, 'num_gpus_per_worker': 0, 'preprocessor_pref': 'deepmind', 'num_cpus_for_driver': 1, 'lr_schedule': None, 'use_gae': True, 'lambda': 0.97, 'vf_loss_coeff': 1.0, 'vf_clip_param': 1000000.0, 'log_level': 'INFO', 'env_config': {'run': 'PPO', 'flow_params': '{\n    ""env"": {\n        ""additional_params"": {\n            ""max_accel"": 3,\n            ""max_decel"": 3,\n            ""sort_vehicles"": false,\n            ""target_velocity"": 20\n        },\n        ""evaluate"": false,\n        ""horizon"": 1500,\n        ""sims_per_step"": 1,\n        ""warmup_steps"": 0\n    },\n    ""env_name"": ""AccelEnv"",\n    ""exp_tag"": ""figure_eight_0"",\n    ""initial"": {\n        ""additional_params"": {},\n        ""bunching"": 0,\n        ""edges_distribution"": ""all"",\n        ""lanes_distribution"": Infinity,\n        ""min_gap"": 0,\n        ""perturbation"": 0.0,\n        ""shuffle"": false,\n        ""spacing"": ""uniform"",\n        ""x0"": 0\n    },\n    ""net"": {\n        ""additional_params"": {\n            ""lanes"": 1,\n            ""radius_ring"": 30,\n            ""resolution"": 40,\n            ""speed_limit"": 30\n        },\n        ""inflows"": {\n            ""_InFlows__flows"": [],\n            ""num_flows"": 0\n        },\n        ""netfile"": null,\n        ""no_internal_links"": false,\n        ""osm_path"": null\n    },\n    ""scenario"": ""Figure8Scenario"",\n    ""sim"": {\n        ""emission_path"": null,\n        ""lateral_resolution"": null,\n        ""no_step_log"": true,\n        ""num_clients"": 1,\n        ""overtake_right"": false,\n        ""port"": null,\n        ""print_warnings"": true,\n        ""pxpm"": 2,\n        ""render"": false,\n        ""restart_instance"": false,\n        ""save_render"": false,\n        ""seed"": null,\n        ""show_radius"": false,\n        ""sight_radius"": 25,\n        ""sim_step"": 0.1,\n        ""teleport_time"": -1\n    },\n    ""simulator"": ""traci"",\n    ""veh"": [\n        {\n            ""acceleration_controller"": [\n                ""IDMController"",\n                {\n                    ""noise"": 0.2\n                }\n            ],\n            ""car_following_params"": {\n                ""controller_params"": {\n                    ""accel"": 1.0,\n                    ""carFollowModel"": ""IDM"",\n                    ""decel"": 1.5,\n                    ""impatience"": 0.5,\n                    ""maxSpeed"": 30,\n                    ""minGap"": 2.5,\n                    ""sigma"": 0.5,\n                    ""speedDev"": 0.1,\n                    ""speedFactor"": 1.0,\n                    ""tau"": 1.0\n                },\n                ""speed_mode"": 1\n            },\n            ""initial_speed"": 0,\n            ""lane_change_controller"": [\n                ""SimLaneChangeController"",\n                {}\n            ],\n            ""lane_change_params"": {\n                ""controller_params"": {\n                    ""laneChangeModel"": ""LC2013"",\n                    ""lcCooperative"": ""1.0"",\n                    ""lcKeepRight"": ""1.0"",\n                    ""lcSpeedGain"": ""1.0"",\n                    ""lcStrategic"": ""1.0""\n                },\n                ""lane_change_mode"": 512\n            },\n            ""num_vehicles"": 13,\n            ""routing_controller"": [\n                ""ContinuousRouter"",\n                {}\n            ],\n            ""veh_id"": ""human""\n        },\n        {\n            ""acceleration_controller"": [\n                ""RLController"",\n                {}\n            ],\n            ""car_following_params"": {\n                ""controller_params"": {\n                    ""accel"": 1.0,\n                    ""carFollowModel"": ""IDM"",\n                    ""decel"": 1.5,\n                    ""impatience"": 0.5,\n                    ""maxSpeed"": 30,\n                    ""minGap"": 2.5,\n                    ""sigma"": 0.5,\n                    ""speedDev"": 0.1,\n                    ""speedFactor"": 1.0,\n                    ""tau"": 1.0\n                },\n                ""speed_mode"": 1\n            },\n            ""initial_speed"": 0,\n            ""lane_change_controller"": [\n                ""SimLaneChangeController"",\n                {}\n            ],\n            ""lane_change_params"": {\n                ""controller_params"": {\n                    ""laneChangeModel"": ""LC2013"",\n                    ""lcCooperative"": ""1.0"",\n                    ""lcKeepRight"": ""1.0"",\n                    ""lcSpeedGain"": ""1.0"",\n                    ""lcStrategic"": ""1.0""\n                },\n                ""lane_change_mode"": 512\n            },\n            ""num_vehicles"": 1,\n            ""routing_controller"": [\n                ""ContinuousRouter"",\n                {}\n            ],\n            ""veh_id"": ""rl""\n        }\n    ]\n}'}, 'env': 'AccelEnv-v0', 'local_evaluator_tf_session_args': {'inter_op_parallelism_threads': 8, 'intra_op_parallelism_threads': 8}, 'model': {'free_log_std': False, 'custom_options': {}, 'framestack': True, 'channel_major': False, 'max_seq_len': 20, 'lstm_use_prev_action_reward': False, 'squash_to_range': False, 'dim': 84, 'grayscale': False, 'fcnet_hiddens': [100, 50, 25], 'use_lstm': False, 'custom_model': None, 'fcnet_activation': 'tanh', 'conv_filters': None, 'conv_activation': 'relu', 'lstm_cell_size': 256, 'zero_mean': True, 'custom_preprocessor': None}, 'output_compress_columns': ['obs', 'new_obs'], 'monitor': False, 'custom_resources_per_worker': {}, 'output_max_file_size': 67108864, 'num_workers': 1, 'clip_param': 0.3, 'kl_coeff': 0.2, 'multiagent': {'policy_graphs': {}, 'policy_mapping_fn': None, 'policies_to_train': None}, 'input_evaluation': None, 'output': None, 'collect_metrics_timeout': 180, 'num_cpus_per_worker': 1}",169.237.32.118,1,1400.51,9.945518016815186,"{'num_steps_sampled': 798400, 'load_time_ms': 1.123, 'default': {'kl': 0.014238824136555195, 'cur_lr': 0.0005000000237487257, 'total_loss': 0.7823605537414551, 'policy_loss': -0.011243791319429874, 'vf_explained_var': 0.9843395352363586, 'entropy': 2.731349229812622, 'cur_kl_coeff': 0.4222799837589264, 'vf_loss': 0.7875916361808777}, 'sample_time_ms': 9635.594, 'grad_time_ms': 274.297, 'update_time_ms': 4.835, 'num_steps_trained': 798400}",381.0203455664019,2019-04-02_08-59-14,kronos,71,798400,0,4940.038724184036,{},798400,499,499,4940.038724184036,454.74548102342294,1600,1554195554,{},0b32d2eec3344b1fbde4822793b2e447,69.87981902623255
True,603,"{'input': 'sampler', 'callbacks': {'on_train_result': None, 'on_sample_end': None, 'on_episode_step': None, 'on_episode_start': None, 'on_episode_end': None}, 'sample_batch_size': 200, 'clip_actions': False, 'clip_rewards': None, 'tf_session_args': {'inter_op_parallelism_threads': 2, 'intra_op_parallelism_threads': 2, 'device_count': {'CPU': 1}, 'log_device_placement': False, 'allow_soft_placement': True, 'gpu_options': {'allow_growth': True}}, 'kl_target': 0.01, 'horizon': 1500, 'lr': 0.0005, 'sample_async': False, 'simple_optimizer': False, 'compress_observations': False, 'num_envs_per_worker': 1, 'gamma': 0.99, 'sgd_minibatch_size': 128, 'observation_filter': 'NoFilter', 'entropy_coeff': 0.0, 'batch_mode': 'truncate_episodes', 'straggler_mitigation': False, 'vf_share_layers': False, 'num_gpus': 0, 'synchronize_filters': True, 'num_sgd_iter': 10, 'train_batch_size': 1500, 'optimizer': {}, 'num_gpus_per_worker': 0, 'preprocessor_pref': 'deepmind', 'num_cpus_for_driver': 1, 'lr_schedule': None, 'use_gae': True, 'lambda': 0.97, 'vf_loss_coeff': 1.0, 'vf_clip_param': 1000000.0, 'log_level': 'INFO', 'env_config': {'run': 'PPO', 'flow_params': '{\n    ""env"": {\n        ""additional_params"": {\n            ""max_accel"": 3,\n            ""max_decel"": 3,\n            ""sort_vehicles"": false,\n            ""target_velocity"": 20\n        },\n        ""evaluate"": false,\n        ""horizon"": 1500,\n        ""sims_per_step"": 1,\n        ""warmup_steps"": 0\n    },\n    ""env_name"": ""AccelEnv"",\n    ""exp_tag"": ""figure_eight_0"",\n    ""initial"": {\n        ""additional_params"": {},\n        ""bunching"": 0,\n        ""edges_distribution"": ""all"",\n        ""lanes_distribution"": Infinity,\n        ""min_gap"": 0,\n        ""perturbation"": 0.0,\n        ""shuffle"": false,\n        ""spacing"": ""uniform"",\n        ""x0"": 0\n    },\n    ""net"": {\n        ""additional_params"": {\n            ""lanes"": 1,\n            ""radius_ring"": 30,\n            ""resolution"": 40,\n            ""speed_limit"": 30\n        },\n        ""inflows"": {\n            ""_InFlows__flows"": [],\n            ""num_flows"": 0\n        },\n        ""netfile"": null,\n        ""no_internal_links"": false,\n        ""osm_path"": null\n    },\n    ""scenario"": ""Figure8Scenario"",\n    ""sim"": {\n        ""emission_path"": null,\n        ""lateral_resolution"": null,\n        ""no_step_log"": true,\n        ""num_clients"": 1,\n        ""overtake_right"": false,\n        ""port"": null,\n        ""print_warnings"": true,\n        ""pxpm"": 2,\n        ""render"": false,\n        ""restart_instance"": false,\n        ""save_render"": false,\n        ""seed"": null,\n        ""show_radius"": false,\n        ""sight_radius"": 25,\n        ""sim_step"": 0.1,\n        ""teleport_time"": -1\n    },\n    ""simulator"": ""traci"",\n    ""veh"": [\n        {\n            ""acceleration_controller"": [\n                ""IDMController"",\n                {\n                    ""noise"": 0.2\n                }\n            ],\n            ""car_following_params"": {\n                ""controller_params"": {\n                    ""accel"": 1.0,\n                    ""carFollowModel"": ""IDM"",\n                    ""decel"": 1.5,\n                    ""impatience"": 0.5,\n                    ""maxSpeed"": 30,\n                    ""minGap"": 2.5,\n                    ""sigma"": 0.5,\n                    ""speedDev"": 0.1,\n                    ""speedFactor"": 1.0,\n                    ""tau"": 1.0\n                },\n                ""speed_mode"": 1\n            },\n            ""initial_speed"": 0,\n            ""lane_change_controller"": [\n                ""SimLaneChangeController"",\n                {}\n            ],\n            ""lane_change_params"": {\n                ""controller_params"": {\n                    ""laneChangeModel"": ""LC2013"",\n                    ""lcCooperative"": ""1.0"",\n                    ""lcKeepRight"": ""1.0"",\n                    ""lcSpeedGain"": ""1.0"",\n                    ""lcStrategic"": ""1.0""\n                },\n                ""lane_change_mode"": 512\n            },\n            ""num_vehicles"": 13,\n            ""routing_controller"": [\n                ""ContinuousRouter"",\n                {}\n            ],\n            ""veh_id"": ""human""\n        },\n        {\n            ""acceleration_controller"": [\n                ""RLController"",\n                {}\n            ],\n            ""car_following_params"": {\n                ""controller_params"": {\n                    ""accel"": 1.0,\n                    ""carFollowModel"": ""IDM"",\n                    ""decel"": 1.5,\n                    ""impatience"": 0.5,\n                    ""maxSpeed"": 30,\n                    ""minGap"": 2.5,\n                    ""sigma"": 0.5,\n                    ""speedDev"": 0.1,\n                    ""speedFactor"": 1.0,\n                    ""tau"": 1.0\n                },\n                ""speed_mode"": 1\n            },\n            ""initial_speed"": 0,\n            ""lane_change_controller"": [\n                ""SimLaneChangeController"",\n                {}\n            ],\n            ""lane_change_params"": {\n                ""controller_params"": {\n                    ""laneChangeModel"": ""LC2013"",\n                    ""lcCooperative"": ""1.0"",\n                    ""lcKeepRight"": ""1.0"",\n                    ""lcSpeedGain"": ""1.0"",\n                    ""lcStrategic"": ""1.0""\n                },\n                ""lane_change_mode"": 512\n            },\n            ""num_vehicles"": 1,\n            ""routing_controller"": [\n                ""ContinuousRouter"",\n                {}\n            ],\n            ""veh_id"": ""rl""\n        }\n    ]\n}'}, 'env': 'AccelEnv-v0', 'local_evaluator_tf_session_args': {'inter_op_parallelism_threads': 8, 'intra_op_parallelism_threads': 8}, 'model': {'free_log_std': False, 'custom_options': {}, 'framestack': True, 'channel_major': False, 'max_seq_len': 20, 'lstm_use_prev_action_reward': False, 'squash_to_range': False, 'dim': 84, 'grayscale': False, 'fcnet_hiddens': [100, 50, 25], 'use_lstm': False, 'custom_model': None, 'fcnet_activation': 'tanh', 'conv_filters': None, 'conv_activation': 'relu', 'lstm_cell_size': 256, 'zero_mean': True, 'custom_preprocessor': None}, 'output_compress_columns': ['obs', 'new_obs'], 'monitor': False, 'custom_resources_per_worker': {}, 'output_max_file_size': 67108864, 'num_workers': 1, 'clip_param': 0.3, 'kl_coeff': 0.2, 'multiagent': {'policy_graphs': {}, 'policy_mapping_fn': None, 'policies_to_train': None}, 'input_evaluation': None, 'output': None, 'collect_metrics_timeout': 180, 'num_cpus_per_worker': 1}",169.237.32.118,1,1405.6,9.927343368530273,"{'num_steps_sampled': 800000, 'load_time_ms': 1.148, 'default': {'kl': 0.025475898757576942, 'cur_lr': 0.0005000000237487257, 'total_loss': 0.5619068741798401, 'policy_loss': -0.0026023145765066147, 'vf_explained_var': 0.9911288619041443, 'entropy': 2.5618059635162354, 'cur_kl_coeff': 0.4222799837589264, 'vf_loss': 0.5537512898445129}, 'sample_time_ms': 9644.9, 'grad_time_ms': 279.095, 'update_time_ms': 4.782, 'num_steps_trained': 800000}",383.31697066713843,2019-04-02_08-59-24,kronos,71,800000,0,4949.9660675525665,{},800000,500,500,4949.9660675525665,454.74548102342294,1600,1554195564,{},0b32d2eec3344b1fbde4822793b2e447,69.87981902623255
